1.1752690000000001
1.1752690000000001
1.1752690000000001
1.1752690000000001
1.1752690000000001
1.1752690000000001
1.1752690000000001
1.1752690000000001
1.1752690000000001
1.1752690000000001
1.1752690000000001
1.1752690000000001
1.1752690000000001
1.1752690000000001
1.1752690000000001
1.1752690000000001
1.1752690000000001
1.1752690000000001
1.1752690000000001
1.1752690000000001
1.1752690000000001
1.1752690000000001
1.1752690000000001
1.1752690000000001
1.1752690000000001
1.1752690000000001
1.1752690000000001
1.1752690000000001
1.1752690000000001
1.1752690000000001
1.1752690000000001
1.1752690000000001
1.1752690000000001
1.1752690000000001
1.1752690000000001
1.1752690000000001
1.1752690000000001
1.1752690000000001
1.1752690000000001
1.1752690000000001
1.1752690000000001
1.1752690000000001
1.1752690000000001
1.1752690000000001
1.1752690000000001
1.1752690000000001
1.1752690000000001
1.1752690000000001
1.1752690000000001
1.1752690000000001
1.1752690000000001
1.1752690000000001
1.1752690000000001
1.1752690000000001
1.1752690000000001
1.1752690000000001
1.1752690000000001
1.1752690000000001
1.1752690000000001
1.1752690000000001
1.1752690000000001
1.1752690000000001
1.1752690000000001
1.1752690000000001
1.1752690000000001
1.1752690000000001
1.1752690000000001
1.1752690000000001
1.1752690000000001
1.1752690000000001
1.1752690000000001
1.1752690000000001
1.1752690000000001
1.1752690000000001
1.1752690000000001
1.1752690000000001
1.1752690000000001
1.1752690000000001
1.1752690000000001
1.1752690000000001
1.1752690000000001
1.1752690000000001
1.1752690000000001
1.1752690000000001
1.1752690000000001
1.1752690000000001
1.1752690000000001
1.1752690000000001
1.1752690000000001
1.1752690000000001
-1.175268
-1.1752690000000001
-1.175268
-1.1752690000000001
-1.175268
-1.1752690000000001
-1.175268
-1.1752690000000001
-1.175268
-1.1752690000000001
-1.175268
-1.1752690000000001
-1.175268
-1.1752690000000001
-1.175268
-1.1752690000000001
-1.175268
-1.1752690000000001
-1.175268
-1.1752690000000001
-1.175268
-1.1752690000000001
-1.175268
-1.1752690000000001
-1.175268
-1.1752690000000001
-1.175268
-1.1752690000000001
-1.175268
-1.1752690000000001
-1.175268
-1.1752690000000001
-1.175268
-1.1752690000000001
-1.175268
-1.1752690000000001
-1.175268
-1.1752690000000001
-1.175268
-1.1752690000000001
-1.175268
-1.1752690000000001
-1.175268
-1.1752690000000001
-1.175268
-1.1752690000000001
-1.175268
-1.1752690000000001
-1.175268
-1.1752690000000001
-1.175268
-1.1752690000000001
-1.175268
-1.1752690000000001
-1.175268
-1.1752690000000001
-1.175268
-1.1752690000000001
-1.175268
-1.1752690000000001
-1.175268
-1.1752690000000001
-1.175268
-1.1752690000000001
-1.175268
-1.1752690000000001
-1.175268
-1.1752690000000001
-1.175268
-1.1752690000000001
-1.175268
-1.1752690000000001
-1.175268
-1.1752690000000001
-1.175268
-1.1752690000000001
-1.175268
-1.1752690000000001
-1.175268
-1.1752690000000001
-1.175268
-1.1752690000000001
-1.175268
-1.1752690000000001
-1.175268
-1.1752690000000001
-1.175268
-1.1752690000000001
-1.175268
-1.1752690000000001
