0.8464120000000008
0.8464120000000008
0.8464120000000008
0.8464120000000008
0.8464120000000008
0.8464120000000008
0.8464120000000008
0.8464120000000008
0.8464120000000008
0.8464120000000008
0.8464120000000008
0.8464120000000008
0.8464120000000008
0.8464120000000008
0.8464120000000008
0.8464120000000008
0.8464120000000008
0.8464120000000008
0.8464120000000008
0.8464120000000008
0.8464120000000008
0.8464120000000008
0.8464120000000008
0.8464120000000008
0.8464120000000008
0.8464120000000008
0.8464120000000008
0.8464120000000008
0.8464120000000008
0.8464120000000008
0.8464120000000008
0.8464120000000008
0.8464120000000008
0.8464120000000008
0.8464120000000008
0.8464120000000008
0.8464120000000008
0.8464120000000008
0.8464120000000008
0.8464120000000008
0.8464120000000008
0.8464120000000008
0.8464120000000008
0.8464120000000008
0.8464120000000008
0.8464120000000008
0.8464120000000008
0.8464120000000008
0.8464120000000008
0.8464120000000008
0.8464120000000008
0.8464120000000008
0.8464120000000008
0.8464120000000008
0.8464120000000008
0.8464120000000008
0.8464120000000008
0.8464120000000008
0.8464120000000008
0.8464120000000008
0.8464120000000008
0.8464120000000008
0.8464120000000008
0.8464120000000008
-0.8464109999999998
-0.8464109999999998
-0.8464109999999998
-0.8464109999999998
-0.8464109999999998
-0.8464109999999998
-0.8464109999999998
-0.8464109999999998
-0.8464109999999998
-0.8464109999999998
-0.8464109999999998
-0.8464109999999998
-0.8464109999999998
-0.8464109999999998
-0.8464109999999998
-0.8464109999999998
-0.8464109999999998
-0.8464109999999998
-0.8464109999999998
-0.8464109999999998
-0.8464109999999998
-0.8464109999999998
-0.8464109999999998
-0.8464109999999998
-0.8464109999999998
-0.8464109999999998
-0.8464109999999998
-0.8464109999999998
-0.8464109999999998
-0.8464109999999998
-0.8464109999999998
-0.8464109999999998
-0.8464109999999998
-0.8464109999999998
-0.8464109999999998
-0.8464109999999998
-0.8464109999999998
-0.8464109999999998
-0.8464109999999998
-0.8464109999999998
-0.8464109999999998
-0.8464109999999998
-0.8464109999999998
-0.8464109999999998
-0.8464109999999998
-0.8464109999999998
-0.8464109999999998
-0.8464109999999998
-0.8464109999999998
-0.8464109999999998
-0.8464109999999998
-0.8464109999999998
-0.8464109999999998
-0.8464109999999998
-0.8464109999999998
-0.8464109999999998
-0.8464109999999998
-0.8464109999999998
-0.8464109999999998
-0.8464109999999998
-0.8464109999999998
-0.8464109999999998
-0.8464109999999998
-0.8464109999999998
