1.3684370000000001
1.3684370000000001
1.3684370000000001
1.3684370000000001
1.3684370000000001
1.3684370000000001
1.3684370000000001
1.3684370000000001
1.3684370000000001
1.3684370000000001
1.3684370000000001
1.3684370000000001
1.3684370000000001
1.3684370000000001
1.3684370000000001
1.3684370000000001
1.3684370000000001
1.3684370000000001
1.3684370000000001
1.3684370000000001
1.3684370000000001
1.3684370000000001
1.3684370000000001
1.3684370000000001
1.3684370000000001
1.3684370000000001
1.3684370000000001
1.3684370000000001
1.3684370000000001
1.3684370000000001
1.3684370000000001
1.3684370000000001
1.3684370000000001
1.3684370000000001
1.3684370000000001
1.3684370000000001
1.3684370000000001
1.3684370000000001
1.3684370000000001
1.3684370000000001
1.3684370000000001
1.3684370000000001
1.3684370000000001
1.3684370000000001
1.3684370000000001
1.3684370000000001
1.3684370000000001
1.3684370000000001
1.3684370000000001
1.3684370000000001
1.3684370000000001
1.3684370000000001
1.3684370000000001
1.3684370000000001
1.3684370000000001
1.3684370000000001
1.3684370000000001
1.3684370000000001
1.3684370000000001
1.3684370000000001
1.3684370000000001
1.3684370000000001
1.3684370000000001
1.3684370000000001
-1.368436
-1.368436
-1.368436
-1.368436
-1.368436
-1.368436
-1.368436
-1.368436
-1.368436
-1.368436
-1.368436
-1.368436
-1.368436
-1.368436
-1.368436
-1.368436
-1.368436
-1.368436
-1.368436
-1.368436
-1.368436
-1.368436
-1.368436
-1.368436
-1.368436
-1.368436
-1.368436
-1.368436
-1.368436
-1.368436
-1.368436
-1.368436
-1.368436
-1.368436
-1.368436
-1.368436
-1.368436
-1.368436
-1.368436
-1.368436
-1.368436
-1.368436
-1.368436
-1.368436
-1.368436
-1.368436
-1.368436
-1.368436
-1.368436
-1.368436
-1.368436
-1.368436
-1.368436
-1.368436
-1.368436
-1.368436
-1.368436
-1.368436
-1.368436
-1.368436
-1.368436
-1.368436
-1.368436
-1.368436
