1.1053160000000002
1.1053160000000002
1.1053160000000002
1.1053160000000002
1.1053160000000002
1.1053160000000002
1.1053160000000002
1.1053160000000002
1.1053160000000002
1.1053160000000002
1.1053160000000002
1.1053160000000002
1.1053160000000002
1.1053160000000002
1.1053160000000002
1.1053160000000002
1.1053160000000002
1.1053160000000002
1.1053160000000002
1.1053160000000002
1.1053160000000002
1.1053160000000002
1.1053160000000002
1.1053160000000002
1.1053160000000002
1.1053160000000002
1.1053160000000002
-1.105315
-1.105315
-1.105315
-1.105315
-1.105315
-1.105315
-1.105315
-1.105315
-1.105315
-1.105315
-1.105315
-1.105315
-1.105315
-1.105315
-1.105315
-1.105315
-1.105315
-1.105315
-1.105315
-1.105315
-1.105315
-1.105315
-1.105315
-1.105315
-1.105315
-1.105315
-1.105315
