1.4317740000000008
1.4314809999999998
1.4297900000000006
1.4320450000000005
1.4317740000000008
1.4314809999999998
1.4297900000000006
1.4320450000000005
1.4317740000000008
1.4314809999999998
1.4297900000000006
1.4320450000000005
1.4317740000000008
1.4314809999999998
1.4297900000000006
1.4320450000000005
1.4317740000000008
1.4314809999999998
1.4297900000000006
1.4320450000000005
1.4317740000000008
1.4314809999999998
1.4297900000000006
1.4320450000000005
1.4317740000000008
1.4314809999999998
1.4297900000000006
1.4320450000000005
1.4317740000000008
1.4314809999999998
1.4297900000000006
1.4320450000000005
1.4317740000000008
1.4314809999999998
1.4297900000000006
1.4320450000000005
1.4317740000000008
1.4314809999999998
1.4297900000000006
1.4320450000000005
1.4317740000000008
1.4314809999999998
1.4297900000000006
1.4320450000000005
1.4317740000000008
1.4314809999999998
1.4297900000000006
1.4320450000000005
1.4317740000000008
1.4314809999999998
1.4297900000000006
1.4320450000000005
1.4317740000000008
1.4314809999999998
1.4297900000000006
1.4320450000000005
1.4317740000000008
1.4314809999999998
1.4297900000000006
1.4320450000000005
1.4317740000000008
1.4314809999999998
1.4297900000000006
1.4320450000000005
1.4317740000000008
1.4314809999999998
1.4297900000000006
1.4320450000000005
1.4317740000000008
1.4314809999999998
1.4297900000000006
1.4320450000000005
1.4317740000000008
1.4314809999999998
1.4297900000000006
1.4320450000000005
1.4317740000000008
1.4314809999999998
1.4297900000000006
1.4320450000000005
1.4317740000000008
1.4314809999999998
1.4297900000000006
1.4320450000000005
1.4317740000000008
1.4314809999999998
1.4297900000000006
1.4320450000000005
1.4317740000000008
1.4314809999999998
1.4297900000000006
1.4320450000000005
1.4317740000000008
1.4314809999999998
1.4297900000000006
1.4320450000000005
1.4317740000000008
1.4314809999999998
1.4297900000000006
1.4320450000000005
1.4317740000000008
1.4314809999999998
1.4297900000000006
1.4320450000000005
1.4317740000000008
1.4314809999999998
1.4297900000000006
1.4320450000000005
1.4317740000000008
1.4314809999999998
1.4297900000000006
1.4320450000000005
1.4317740000000008
1.4314809999999998
1.4297900000000006
1.4320450000000005
1.4317740000000008
1.4314809999999998
1.4297900000000006
1.4320450000000005
1.4317740000000008
1.4314809999999998
1.4297900000000006
1.4320450000000005
1.4317740000000008
1.4314809999999998
1.4297900000000006
1.4320450000000005
1.4317740000000008
1.4314809999999998
1.4297900000000006
1.4320450000000005
1.4317740000000008
1.4314809999999998
1.4297900000000006
1.4320450000000005
1.4317740000000008
1.4314809999999998
1.4297900000000006
1.4320450000000005
1.4317740000000008
1.4314809999999998
1.4297900000000006
1.4320450000000005
-1.4318099999999996
-1.4311379999999998
-1.4303340000000002
-1.4318049999999998
-1.4318099999999996
-1.4311379999999998
-1.4303340000000002
-1.4318049999999998
-1.4318099999999996
-1.4311379999999998
-1.4303340000000002
-1.4318049999999998
-1.4318099999999996
-1.4311379999999998
-1.4303340000000002
-1.4318049999999998
-1.4318099999999996
-1.4311379999999998
-1.4303340000000002
-1.4318049999999998
-1.4318099999999996
-1.4311379999999998
-1.4303340000000002
-1.4318049999999998
-1.4318099999999996
-1.4311379999999998
-1.4303340000000002
-1.4318049999999998
-1.4318099999999996
-1.4311379999999998
-1.4303340000000002
-1.4318049999999998
-1.4318099999999996
-1.4311379999999998
-1.4303340000000002
-1.4318049999999998
-1.4318099999999996
-1.4311379999999998
-1.4303340000000002
-1.4318049999999998
-1.4318099999999996
-1.4311379999999998
-1.4303340000000002
-1.4318049999999998
-1.4318099999999996
-1.4311379999999998
-1.4303340000000002
-1.4318049999999998
-1.4318099999999996
-1.4311379999999998
-1.4303340000000002
-1.4318049999999998
-1.4318099999999996
-1.4311379999999998
-1.4303340000000002
-1.4318049999999998
-1.4318099999999996
-1.4311379999999998
-1.4303340000000002
-1.4318049999999998
-1.4318099999999996
-1.4311379999999998
-1.4303340000000002
-1.4318049999999998
-1.4318099999999996
-1.4311379999999998
-1.4303340000000002
-1.4318049999999998
-1.4318099999999996
-1.4311379999999998
-1.4303340000000002
-1.4318049999999998
-1.4318099999999996
-1.4311379999999998
-1.4303340000000002
-1.4318049999999998
-1.4318099999999996
-1.4311379999999998
-1.4303340000000002
-1.4318049999999998
-1.4318099999999996
-1.4311379999999998
-1.4303340000000002
-1.4318049999999998
-1.4318099999999996
-1.4311379999999998
-1.4303340000000002
-1.4318049999999998
-1.4318099999999996
-1.4311379999999998
-1.4303340000000002
-1.4318049999999998
-1.4318099999999996
-1.4311379999999998
-1.4303340000000002
-1.4318049999999998
-1.4318099999999996
-1.4311379999999998
-1.4303340000000002
-1.4318049999999998
-1.4318099999999996
-1.4311379999999998
-1.4303340000000002
-1.4318049999999998
-1.4318099999999996
-1.4311379999999998
-1.4303340000000002
-1.4318049999999998
-1.4318099999999996
-1.4311379999999998
-1.4303340000000002
-1.4318049999999998
-1.4318099999999996
-1.4311379999999998
-1.4303340000000002
-1.4318049999999998
-1.4318099999999996
-1.4311379999999998
-1.4303340000000002
-1.4318049999999998
-1.4318099999999996
-1.4311379999999998
-1.4303340000000002
-1.4318049999999998
-1.4318099999999996
-1.4311379999999998
-1.4303340000000002
-1.4318049999999998
-1.4318099999999996
-1.4311379999999998
-1.4303340000000002
-1.4318049999999998
-1.4318099999999996
-1.4311379999999998
-1.4303340000000002
-1.4318049999999998
-1.4318099999999996
-1.4311379999999998
-1.4303340000000002
-1.4318049999999998
-1.4318099999999996
-1.4311379999999998
-1.4303340000000002
-1.4318049999999998
