1.4080619999999993
1.3912580000000005
1.4080619999999993
1.3912580000000005
1.4080619999999993
1.3912580000000005
1.4080619999999993
1.3912580000000005
1.4080619999999993
1.3912580000000005
1.4080619999999993
1.3912580000000005
1.4080619999999993
1.3912580000000005
1.4080619999999993
1.3912580000000005
1.4080619999999993
1.3912580000000005
1.4080619999999993
1.3912580000000005
1.4080619999999993
1.3912580000000005
1.4080619999999993
1.3912580000000005
1.4080619999999993
1.3912580000000005
1.4080619999999993
1.3912580000000005
1.4080619999999993
1.3912580000000005
1.4080619999999993
1.3912580000000005
1.4080619999999993
1.3912580000000005
1.4080619999999993
1.3912580000000005
1.4080619999999993
1.3912580000000005
1.4080619999999993
1.3912580000000005
1.4080619999999993
1.3912580000000005
1.4080619999999993
1.3912580000000005
1.4080619999999993
1.3912580000000005
1.4080619999999993
1.3912580000000005
1.4080619999999993
1.3912580000000005
1.4080619999999993
1.3912580000000005
1.4080619999999993
1.3912580000000005
1.4080619999999993
1.3912580000000005
1.4080619999999993
1.3912580000000005
1.4080619999999993
1.3912580000000005
1.4080619999999993
1.3912580000000005
1.4080619999999993
1.3912580000000005
1.4080619999999993
1.3912580000000005
1.4080619999999993
1.3912580000000005
1.4080619999999993
1.3912580000000005
1.4080619999999993
1.3912580000000005
-1.400843
-1.3984779999999999
-1.400843
-1.3984779999999999
-1.400843
-1.3984779999999999
-1.400843
-1.3984779999999999
-1.400843
-1.3984779999999999
-1.400843
-1.3984779999999999
-1.400843
-1.3984779999999999
-1.400843
-1.3984779999999999
-1.400843
-1.3984779999999999
-1.400843
-1.3984779999999999
-1.400843
-1.3984779999999999
-1.400843
-1.3984779999999999
-1.400843
-1.3984779999999999
-1.400843
-1.3984779999999999
-1.400843
-1.3984779999999999
-1.400843
-1.3984779999999999
-1.400843
-1.3984779999999999
-1.400843
-1.3984779999999999
-1.400843
-1.3984779999999999
-1.400843
-1.3984779999999999
-1.400843
-1.3984779999999999
-1.400843
-1.3984779999999999
-1.400843
-1.3984779999999999
-1.400843
-1.3984779999999999
-1.400843
-1.3984779999999999
-1.400843
-1.3984779999999999
-1.400843
-1.3984779999999999
-1.400843
-1.3984779999999999
-1.400843
-1.3984779999999999
-1.400843
-1.3984779999999999
-1.400843
-1.3984779999999999
-1.400843
-1.3984779999999999
-1.400843
-1.3984779999999999
-1.400843
-1.3984779999999999
-1.400843
-1.3984779999999999
-1.400843
-1.3984779999999999
