1.4382520000000003
1.4385899999999996
1.4401499999999992
1.4398599999999995
1.4382520000000003
1.4385899999999996
1.4401499999999992
1.4398599999999995
1.4382520000000003
1.4385899999999996
1.4401499999999992
1.4398599999999995
1.4382520000000003
1.4385899999999996
1.4401499999999992
1.4398599999999995
1.4382520000000003
1.4385899999999996
1.4401499999999992
1.4398599999999995
1.4382520000000003
1.4385899999999996
1.4401499999999992
1.4398599999999995
1.4382520000000003
1.4385899999999996
1.4401499999999992
1.4398599999999995
1.4382520000000003
1.4385899999999996
1.4401499999999992
1.4398599999999995
1.4382520000000003
1.4385899999999996
1.4401499999999992
1.4398599999999995
1.4382520000000003
1.4385899999999996
1.4401499999999992
1.4398599999999995
1.4382520000000003
1.4385899999999996
1.4401499999999992
1.4398599999999995
1.4382520000000003
1.4385899999999996
1.4401499999999992
1.4398599999999995
1.4382520000000003
1.4385899999999996
1.4401499999999992
1.4398599999999995
1.4382520000000003
1.4385899999999996
1.4401499999999992
1.4398599999999995
1.4382520000000003
1.4385899999999996
1.4401499999999992
1.4398599999999995
1.4382520000000003
1.4385899999999996
1.4401499999999992
1.4398599999999995
1.4382520000000003
1.4385899999999996
1.4401499999999992
1.4398599999999995
1.4382520000000003
1.4385899999999996
1.4401499999999992
1.4398599999999995
1.4382520000000003
1.4385899999999996
1.4401499999999992
1.4398599999999995
1.4382520000000003
1.4385899999999996
1.4401499999999992
1.4398599999999995
1.4382520000000003
1.4385899999999996
1.4401499999999992
1.4398599999999995
1.4382520000000003
1.4385899999999996
1.4401499999999992
1.4398599999999995
1.4382520000000003
1.4385899999999996
1.4401499999999992
1.4398599999999995
1.4382520000000003
1.4385899999999996
1.4401499999999992
1.4398599999999995
1.4382520000000003
1.4385899999999996
1.4401499999999992
1.4398599999999995
1.4382520000000003
1.4385899999999996
1.4401499999999992
1.4398599999999995
1.4382520000000003
1.4385899999999996
1.4401499999999992
1.4398599999999995
1.4382520000000003
1.4385899999999996
1.4401499999999992
1.4398599999999995
1.4382520000000003
1.4385899999999996
1.4401499999999992
1.4398599999999995
1.4382520000000003
1.4385899999999996
1.4401499999999992
1.4398599999999995
1.4382520000000003
1.4385899999999996
1.4401499999999992
1.4398599999999995
1.4382520000000003
1.4385899999999996
1.4401499999999992
1.4398599999999995
1.4382520000000003
1.4385899999999996
1.4401499999999992
1.4398599999999995
1.4382520000000003
1.4385899999999996
1.4401499999999992
1.4398599999999995
1.4382520000000003
1.4385899999999996
1.4401499999999992
1.4398599999999995
1.4382520000000003
1.4385899999999996
1.4401499999999992
1.4398599999999995
-1.439286
-1.438955
-1.4388880000000004
-1.4397260000000003
-1.439286
-1.438955
-1.4388880000000004
-1.4397260000000003
-1.439286
-1.438955
-1.4388880000000004
-1.4397260000000003
-1.439286
-1.438955
-1.4388880000000004
-1.4397260000000003
-1.439286
-1.438955
-1.4388880000000004
-1.4397260000000003
-1.439286
-1.438955
-1.4388880000000004
-1.4397260000000003
-1.439286
-1.438955
-1.4388880000000004
-1.4397260000000003
-1.439286
-1.438955
-1.4388880000000004
-1.4397260000000003
-1.439286
-1.438955
-1.4388880000000004
-1.4397260000000003
-1.439286
-1.438955
-1.4388880000000004
-1.4397260000000003
-1.439286
-1.438955
-1.4388880000000004
-1.4397260000000003
-1.439286
-1.438955
-1.4388880000000004
-1.4397260000000003
-1.439286
-1.438955
-1.4388880000000004
-1.4397260000000003
-1.439286
-1.438955
-1.4388880000000004
-1.4397260000000003
-1.439286
-1.438955
-1.4388880000000004
-1.4397260000000003
-1.439286
-1.438955
-1.4388880000000004
-1.4397260000000003
-1.439286
-1.438955
-1.4388880000000004
-1.4397260000000003
-1.439286
-1.438955
-1.4388880000000004
-1.4397260000000003
-1.439286
-1.438955
-1.4388880000000004
-1.4397260000000003
-1.439286
-1.438955
-1.4388880000000004
-1.4397260000000003
-1.439286
-1.438955
-1.4388880000000004
-1.4397260000000003
-1.439286
-1.438955
-1.4388880000000004
-1.4397260000000003
-1.439286
-1.438955
-1.4388880000000004
-1.4397260000000003
-1.439286
-1.438955
-1.4388880000000004
-1.4397260000000003
-1.439286
-1.438955
-1.4388880000000004
-1.4397260000000003
-1.439286
-1.438955
-1.4388880000000004
-1.4397260000000003
-1.439286
-1.438955
-1.4388880000000004
-1.4397260000000003
-1.439286
-1.438955
-1.4388880000000004
-1.4397260000000003
-1.439286
-1.438955
-1.4388880000000004
-1.4397260000000003
-1.439286
-1.438955
-1.4388880000000004
-1.4397260000000003
-1.439286
-1.438955
-1.4388880000000004
-1.4397260000000003
-1.439286
-1.438955
-1.4388880000000004
-1.4397260000000003
-1.439286
-1.438955
-1.4388880000000004
-1.4397260000000003
-1.439286
-1.438955
-1.4388880000000004
-1.4397260000000003
-1.439286
-1.438955
-1.4388880000000004
-1.4397260000000003
-1.439286
-1.438955
-1.4388880000000004
-1.4397260000000003
