1.251887
1.2458159999999996
1.251887
1.2458159999999996
1.251887
1.2458159999999996
1.251887
1.2458159999999996
1.251887
1.2458159999999996
1.251887
1.2458159999999996
1.251887
1.2458159999999996
1.251887
1.2458159999999996
1.251887
1.2458159999999996
1.251887
1.2458159999999996
1.251887
1.2458159999999996
1.251887
1.2458159999999996
1.251887
1.2458159999999996
1.251887
1.2458159999999996
1.251887
1.2458159999999996
1.251887
1.2458159999999996
1.251887
1.2458159999999996
1.251887
1.2458159999999996
1.251887
1.2458159999999996
1.251887
1.2458159999999996
1.251887
1.2458159999999996
1.251887
1.2458159999999996
1.251887
1.2458159999999996
1.251887
1.2458159999999996
1.251887
1.2458159999999996
1.251887
1.2458159999999996
1.251887
1.2458159999999996
1.251887
1.2458159999999996
1.251887
1.2458159999999996
1.251887
1.2458159999999996
1.251887
1.2458159999999996
1.251887
1.2458159999999996
1.251887
1.2458159999999996
1.251887
1.2458159999999996
1.251887
1.2458159999999996
1.251887
1.2458159999999996
1.251887
1.2458159999999996
1.251887
1.2458159999999996
1.251887
1.2458159999999996
1.251887
1.2458159999999996
1.251887
1.2458159999999996
1.251887
1.2458159999999996
1.251887
1.2458159999999996
1.251887
1.2458159999999996
1.251887
1.2458159999999996
1.251887
1.2458159999999996
1.251887
1.2458159999999996
1.251887
1.2458159999999996
1.251887
1.2458159999999996
1.251887
1.2458159999999996
1.251887
1.2458159999999996
1.251887
1.2458159999999996
1.251887
1.2458159999999996
1.251887
1.2458159999999996
-1.2493800000000004
-1.248323
-1.2493800000000004
-1.248323
-1.2493800000000004
-1.248323
-1.2493800000000004
-1.248323
-1.2493800000000004
-1.248323
-1.2493800000000004
-1.248323
-1.2493800000000004
-1.248323
-1.2493800000000004
-1.248323
-1.2493800000000004
-1.248323
-1.2493800000000004
-1.248323
-1.2493800000000004
-1.248323
-1.2493800000000004
-1.248323
-1.2493800000000004
-1.248323
-1.2493800000000004
-1.248323
-1.2493800000000004
-1.248323
-1.2493800000000004
-1.248323
-1.2493800000000004
-1.248323
-1.2493800000000004
-1.248323
-1.2493800000000004
-1.248323
-1.2493800000000004
-1.248323
-1.2493800000000004
-1.248323
-1.2493800000000004
-1.248323
-1.2493800000000004
-1.248323
-1.2493800000000004
-1.248323
-1.2493800000000004
-1.248323
-1.2493800000000004
-1.248323
-1.2493800000000004
-1.248323
-1.2493800000000004
-1.248323
-1.2493800000000004
-1.248323
-1.2493800000000004
-1.248323
-1.2493800000000004
-1.248323
-1.2493800000000004
-1.248323
-1.2493800000000004
-1.248323
-1.2493800000000004
-1.248323
-1.2493800000000004
-1.248323
-1.2493800000000004
-1.248323
-1.2493800000000004
-1.248323
-1.2493800000000004
-1.248323
-1.2493800000000004
-1.248323
-1.2493800000000004
-1.248323
-1.2493800000000004
-1.248323
-1.2493800000000004
-1.248323
-1.2493800000000004
-1.248323
-1.2493800000000004
-1.248323
-1.2493800000000004
-1.248323
-1.2493800000000004
-1.248323
-1.2493800000000004
-1.248323
-1.2493800000000004
-1.248323
-1.2493800000000004
-1.248323
-1.2493800000000004
-1.248323
-1.2493800000000004
-1.248323
-1.2493800000000004
-1.248323
-1.2493800000000004
-1.248323
-1.2493800000000004
-1.248323
