1.3878799999999991
1.3913499999999992
1.3878799999999991
1.3913499999999992
1.3878799999999991
1.3913499999999992
1.3878799999999991
1.3913499999999992
1.3878799999999991
1.3913499999999992
1.3878799999999991
1.3913499999999992
1.3878799999999991
1.3913499999999992
1.3878799999999991
1.3913499999999992
1.3878799999999991
1.3913499999999992
1.3878799999999991
1.3913499999999992
1.3878799999999991
1.3913499999999992
1.3878799999999991
1.3913499999999992
1.3878799999999991
1.3913499999999992
1.3878799999999991
1.3913499999999992
1.3878799999999991
1.3913499999999992
1.3878799999999991
1.3913499999999992
1.3878799999999991
1.3913499999999992
1.3878799999999991
1.3913499999999992
1.3878799999999991
1.3913499999999992
1.3878799999999991
1.3913499999999992
1.3878799999999991
1.3913499999999992
1.3878799999999991
1.3913499999999992
1.3878799999999991
1.3913499999999992
1.3878799999999991
1.3913499999999992
1.3878799999999991
1.3913499999999992
1.3878799999999991
1.3913499999999992
1.3878799999999991
1.3913499999999992
1.3878799999999991
1.3913499999999992
1.3878799999999991
1.3913499999999992
1.3878799999999991
1.3913499999999992
1.3878799999999991
1.3913499999999992
1.3878799999999991
1.3913499999999992
1.3878799999999991
1.3913499999999992
1.3878799999999991
1.3913499999999992
1.3878799999999991
1.3913499999999992
1.3878799999999991
1.3913499999999992
1.3878799999999991
1.3913499999999992
1.3878799999999991
1.3913499999999992
1.3878799999999991
1.3913499999999992
1.3878799999999991
1.3913499999999992
1.3878799999999991
1.3913499999999992
1.3878799999999991
1.3913499999999992
1.3878799999999991
1.3913499999999992
1.3878799999999991
1.3913499999999992
1.3878799999999991
1.3913499999999992
1.3878799999999991
1.3913499999999992
1.3878799999999991
1.3913499999999992
1.3878799999999991
1.3913499999999992
1.3878799999999991
1.3913499999999992
1.3878799999999991
1.3913499999999992
1.3878799999999991
1.3913499999999992
1.3878799999999991
1.3913499999999992
1.3878799999999991
1.3913499999999992
1.3878799999999991
1.3913499999999992
1.3878799999999991
1.3913499999999992
1.3878799999999991
1.3913499999999992
1.3878799999999991
1.3913499999999992
1.3878799999999991
1.3913499999999992
1.3878799999999991
1.3913499999999992
1.3878799999999991
1.3913499999999992
-1.3896439999999997
-1.3895840000000002
-1.3896439999999997
-1.3895840000000002
-1.3896439999999997
-1.3895840000000002
-1.3896439999999997
-1.3895840000000002
-1.3896439999999997
-1.3895840000000002
-1.3896439999999997
-1.3895840000000002
-1.3896439999999997
-1.3895840000000002
-1.3896439999999997
-1.3895840000000002
-1.3896439999999997
-1.3895840000000002
-1.3896439999999997
-1.3895840000000002
-1.3896439999999997
-1.3895840000000002
-1.3896439999999997
-1.3895840000000002
-1.3896439999999997
-1.3895840000000002
-1.3896439999999997
-1.3895840000000002
-1.3896439999999997
-1.3895840000000002
-1.3896439999999997
-1.3895840000000002
-1.3896439999999997
-1.3895840000000002
-1.3896439999999997
-1.3895840000000002
-1.3896439999999997
-1.3895840000000002
-1.3896439999999997
-1.3895840000000002
-1.3896439999999997
-1.3895840000000002
-1.3896439999999997
-1.3895840000000002
-1.3896439999999997
-1.3895840000000002
-1.3896439999999997
-1.3895840000000002
-1.3896439999999997
-1.3895840000000002
-1.3896439999999997
-1.3895840000000002
-1.3896439999999997
-1.3895840000000002
-1.3896439999999997
-1.3895840000000002
-1.3896439999999997
-1.3895840000000002
-1.3896439999999997
-1.3895840000000002
-1.3896439999999997
-1.3895840000000002
-1.3896439999999997
-1.3895840000000002
-1.3896439999999997
-1.3895840000000002
-1.3896439999999997
-1.3895840000000002
-1.3896439999999997
-1.3895840000000002
-1.3896439999999997
-1.3895840000000002
-1.3896439999999997
-1.3895840000000002
-1.3896439999999997
-1.3895840000000002
-1.3896439999999997
-1.3895840000000002
-1.3896439999999997
-1.3895840000000002
-1.3896439999999997
-1.3895840000000002
-1.3896439999999997
-1.3895840000000002
-1.3896439999999997
-1.3895840000000002
-1.3896439999999997
-1.3895840000000002
-1.3896439999999997
-1.3895840000000002
-1.3896439999999997
-1.3895840000000002
-1.3896439999999997
-1.3895840000000002
-1.3896439999999997
-1.3895840000000002
-1.3896439999999997
-1.3895840000000002
-1.3896439999999997
-1.3895840000000002
-1.3896439999999997
-1.3895840000000002
-1.3896439999999997
-1.3895840000000002
-1.3896439999999997
-1.3895840000000002
-1.3896439999999997
-1.3895840000000002
-1.3896439999999997
-1.3895840000000002
-1.3896439999999997
-1.3895840000000002
-1.3896439999999997
-1.3895840000000002
-1.3896439999999997
-1.3895840000000002
-1.3896439999999997
-1.3895840000000002
-1.3896439999999997
-1.3895840000000002
