1.4416150000000005
1.4444280000000003
1.4399979999999992
1.441103
1.4416150000000005
1.4444280000000003
1.4399979999999992
1.441103
1.4416150000000005
1.4444280000000003
1.4399979999999992
1.441103
1.4416150000000005
1.4444280000000003
1.4399979999999992
1.441103
1.4416150000000005
1.4444280000000003
1.4399979999999992
1.441103
1.4416150000000005
1.4444280000000003
1.4399979999999992
1.441103
1.4416150000000005
1.4444280000000003
1.4399979999999992
1.441103
1.4416150000000005
1.4444280000000003
1.4399979999999992
1.441103
1.4416150000000005
1.4444280000000003
1.4399979999999992
1.441103
1.4416150000000005
1.4444280000000003
1.4399979999999992
1.441103
1.4416150000000005
1.4444280000000003
1.4399979999999992
1.441103
1.4416150000000005
1.4444280000000003
1.4399979999999992
1.441103
1.4416150000000005
1.4444280000000003
1.4399979999999992
1.441103
1.4416150000000005
1.4444280000000003
1.4399979999999992
1.441103
1.4416150000000005
1.4444280000000003
1.4399979999999992
1.441103
1.4416150000000005
1.4444280000000003
1.4399979999999992
1.441103
1.4416150000000005
1.4444280000000003
1.4399979999999992
1.441103
1.4416150000000005
1.4444280000000003
1.4399979999999992
1.441103
1.4416150000000005
1.4444280000000003
1.4399979999999992
1.441103
1.4416150000000005
1.4444280000000003
1.4399979999999992
1.441103
1.4416150000000005
1.4444280000000003
1.4399979999999992
1.441103
1.4416150000000005
1.4444280000000003
1.4399979999999992
1.441103
1.4416150000000005
1.4444280000000003
1.4399979999999992
1.441103
1.4416150000000005
1.4444280000000003
1.4399979999999992
1.441103
1.4416150000000005
1.4444280000000003
1.4399979999999992
1.441103
1.4416150000000005
1.4444280000000003
1.4399979999999992
1.441103
1.4416150000000005
1.4444280000000003
1.4399979999999992
1.441103
1.4416150000000005
1.4444280000000003
1.4399979999999992
1.441103
1.4416150000000005
1.4444280000000003
1.4399979999999992
1.441103
1.4416150000000005
1.4444280000000003
1.4399979999999992
1.441103
1.4416150000000005
1.4444280000000003
1.4399979999999992
1.441103
1.4416150000000005
1.4444280000000003
1.4399979999999992
1.441103
1.4416150000000005
1.4444280000000003
1.4399979999999992
1.441103
1.4416150000000005
1.4444280000000003
1.4399979999999992
1.441103
1.4416150000000005
1.4444280000000003
1.4399979999999992
1.441103
1.4416150000000005
1.4444280000000003
1.4399979999999992
1.441103
-1.4414470000000001
-1.4414110000000004
-1.442901
-1.4413850000000004
-1.4414470000000001
-1.4414110000000004
-1.442901
-1.4413850000000004
-1.4414470000000001
-1.4414110000000004
-1.442901
-1.4413850000000004
-1.4414470000000001
-1.4414110000000004
-1.442901
-1.4413850000000004
-1.4414470000000001
-1.4414110000000004
-1.442901
-1.4413850000000004
-1.4414470000000001
-1.4414110000000004
-1.442901
-1.4413850000000004
-1.4414470000000001
-1.4414110000000004
-1.442901
-1.4413850000000004
-1.4414470000000001
-1.4414110000000004
-1.442901
-1.4413850000000004
-1.4414470000000001
-1.4414110000000004
-1.442901
-1.4413850000000004
-1.4414470000000001
-1.4414110000000004
-1.442901
-1.4413850000000004
-1.4414470000000001
-1.4414110000000004
-1.442901
-1.4413850000000004
-1.4414470000000001
-1.4414110000000004
-1.442901
-1.4413850000000004
-1.4414470000000001
-1.4414110000000004
-1.442901
-1.4413850000000004
-1.4414470000000001
-1.4414110000000004
-1.442901
-1.4413850000000004
-1.4414470000000001
-1.4414110000000004
-1.442901
-1.4413850000000004
-1.4414470000000001
-1.4414110000000004
-1.442901
-1.4413850000000004
-1.4414470000000001
-1.4414110000000004
-1.442901
-1.4413850000000004
-1.4414470000000001
-1.4414110000000004
-1.442901
-1.4413850000000004
-1.4414470000000001
-1.4414110000000004
-1.442901
-1.4413850000000004
-1.4414470000000001
-1.4414110000000004
-1.442901
-1.4413850000000004
-1.4414470000000001
-1.4414110000000004
-1.442901
-1.4413850000000004
-1.4414470000000001
-1.4414110000000004
-1.442901
-1.4413850000000004
-1.4414470000000001
-1.4414110000000004
-1.442901
-1.4413850000000004
-1.4414470000000001
-1.4414110000000004
-1.442901
-1.4413850000000004
-1.4414470000000001
-1.4414110000000004
-1.442901
-1.4413850000000004
-1.4414470000000001
-1.4414110000000004
-1.442901
-1.4413850000000004
-1.4414470000000001
-1.4414110000000004
-1.442901
-1.4413850000000004
-1.4414470000000001
-1.4414110000000004
-1.442901
-1.4413850000000004
-1.4414470000000001
-1.4414110000000004
-1.442901
-1.4413850000000004
-1.4414470000000001
-1.4414110000000004
-1.442901
-1.4413850000000004
-1.4414470000000001
-1.4414110000000004
-1.442901
-1.4413850000000004
-1.4414470000000001
-1.4414110000000004
-1.442901
-1.4413850000000004
-1.4414470000000001
-1.4414110000000004
-1.442901
-1.4413850000000004
-1.4414470000000001
-1.4414110000000004
-1.442901
-1.4413850000000004
-1.4414470000000001
-1.4414110000000004
-1.442901
-1.4413850000000004
-1.4414470000000001
-1.4414110000000004
-1.442901
-1.4413850000000004
