1.4373710000000006
1.446859
1.4398020000000002
1.4510079999999999
1.4411000000000005
1.4438499999999994
1.4393779999999996
1.4385290000000008
1.4464659999999991
1.435447
1.4433729999999994
1.436667
1.4453069999999997
1.4420199999999994
1.4423779999999997
1.4418919999999993
1.4373710000000006
1.446859
1.4398020000000002
1.4510079999999999
1.4411000000000005
1.4438499999999994
1.4393779999999996
1.4385290000000008
1.4464659999999991
1.435447
1.4433729999999994
1.436667
1.4453069999999997
1.4420199999999994
1.4423779999999997
1.4418919999999993
1.4373710000000006
1.446859
1.4398020000000002
1.4510079999999999
1.4411000000000005
1.4438499999999994
1.4393779999999996
1.4385290000000008
1.4464659999999991
1.435447
1.4433729999999994
1.436667
1.4453069999999997
1.4420199999999994
1.4423779999999997
1.4418919999999993
1.4373710000000006
1.446859
1.4398020000000002
1.4510079999999999
1.4411000000000005
1.4438499999999994
1.4393779999999996
1.4385290000000008
1.4464659999999991
1.435447
1.4433729999999994
1.436667
1.4453069999999997
1.4420199999999994
1.4423779999999997
1.4418919999999993
1.4373710000000006
1.446859
1.4398020000000002
1.4510079999999999
1.4411000000000005
1.4438499999999994
1.4393779999999996
1.4385290000000008
1.4464659999999991
1.435447
1.4433729999999994
1.436667
1.4453069999999997
1.4420199999999994
1.4423779999999997
1.4418919999999993
1.4373710000000006
1.446859
1.4398020000000002
1.4510079999999999
1.4411000000000005
1.4438499999999994
1.4393779999999996
1.4385290000000008
1.4464659999999991
1.435447
1.4433729999999994
1.436667
1.4453069999999997
1.4420199999999994
1.4423779999999997
1.4418919999999993
1.4373710000000006
1.446859
1.4398020000000002
1.4510079999999999
1.4411000000000005
1.4438499999999994
1.4393779999999996
1.4385290000000008
1.4464659999999991
1.435447
1.4433729999999994
1.436667
1.4453069999999997
1.4420199999999994
1.4423779999999997
1.4418919999999993
1.4373710000000006
1.446859
1.4398020000000002
1.4510079999999999
1.4411000000000005
1.4438499999999994
1.4393779999999996
1.4385290000000008
1.4464659999999991
1.435447
1.4433729999999994
1.436667
1.4453069999999997
1.4420199999999994
1.4423779999999997
1.4418919999999993
1.4373710000000006
1.446859
1.4398020000000002
1.4510079999999999
1.4411000000000005
1.4438499999999994
1.4393779999999996
1.4385290000000008
1.4464659999999991
1.435447
1.4433729999999994
1.436667
1.4453069999999997
1.4420199999999994
1.4423779999999997
1.4418919999999993
1.4373710000000006
1.446859
1.4398020000000002
1.4510079999999999
1.4411000000000005
1.4438499999999994
1.4393779999999996
1.4385290000000008
1.4464659999999991
1.435447
1.4433729999999994
1.436667
1.4453069999999997
1.4420199999999994
1.4423779999999997
1.4418919999999993
1.4373710000000006
1.446859
1.4398020000000002
1.4510079999999999
1.4411000000000005
1.4438499999999994
1.4393779999999996
1.4385290000000008
1.4464659999999991
1.435447
1.4433729999999994
1.436667
1.4453069999999997
1.4420199999999994
1.4423779999999997
1.4418919999999993
1.4373710000000006
1.446859
1.4398020000000002
1.4510079999999999
1.4411000000000005
1.4438499999999994
1.4393779999999996
1.4385290000000008
1.4464659999999991
1.435447
1.4433729999999994
1.436667
1.4453069999999997
1.4420199999999994
1.4423779999999997
1.4418919999999993
-1.4397830000000003
-1.44067
-1.44036
-1.4411779999999998
-1.4418160000000002
-1.440493
-1.4411370000000003
-1.442069
-1.4441889999999997
-1.441217
-1.4437540000000002
-1.4413330000000002
-1.443123
-1.4450310000000002
-1.441668
-1.4436280000000004
-1.4397830000000003
-1.44067
-1.44036
-1.4411779999999998
-1.4418160000000002
-1.440493
-1.4411370000000003
-1.442069
-1.4441889999999997
-1.441217
-1.4437540000000002
-1.4413330000000002
-1.443123
-1.4450310000000002
-1.441668
-1.4436280000000004
-1.4397830000000003
-1.44067
-1.44036
-1.4411779999999998
-1.4418160000000002
-1.440493
-1.4411370000000003
-1.442069
-1.4441889999999997
-1.441217
-1.4437540000000002
-1.4413330000000002
-1.443123
-1.4450310000000002
-1.441668
-1.4436280000000004
-1.4397830000000003
-1.44067
-1.44036
-1.4411779999999998
-1.4418160000000002
-1.440493
-1.4411370000000003
-1.442069
-1.4441889999999997
-1.441217
-1.4437540000000002
-1.4413330000000002
-1.443123
-1.4450310000000002
-1.441668
-1.4436280000000004
-1.4397830000000003
-1.44067
-1.44036
-1.4411779999999998
-1.4418160000000002
-1.440493
-1.4411370000000003
-1.442069
-1.4441889999999997
-1.441217
-1.4437540000000002
-1.4413330000000002
-1.443123
-1.4450310000000002
-1.441668
-1.4436280000000004
-1.4397830000000003
-1.44067
-1.44036
-1.4411779999999998
-1.4418160000000002
-1.440493
-1.4411370000000003
-1.442069
-1.4441889999999997
-1.441217
-1.4437540000000002
-1.4413330000000002
-1.443123
-1.4450310000000002
-1.441668
-1.4436280000000004
-1.4397830000000003
-1.44067
-1.44036
-1.4411779999999998
-1.4418160000000002
-1.440493
-1.4411370000000003
-1.442069
-1.4441889999999997
-1.441217
-1.4437540000000002
-1.4413330000000002
-1.443123
-1.4450310000000002
-1.441668
-1.4436280000000004
-1.4397830000000003
-1.44067
-1.44036
-1.4411779999999998
-1.4418160000000002
-1.440493
-1.4411370000000003
-1.442069
-1.4441889999999997
-1.441217
-1.4437540000000002
-1.4413330000000002
-1.443123
-1.4450310000000002
-1.441668
-1.4436280000000004
-1.4397830000000003
-1.44067
-1.44036
-1.4411779999999998
-1.4418160000000002
-1.440493
-1.4411370000000003
-1.442069
-1.4441889999999997
-1.441217
-1.4437540000000002
-1.4413330000000002
-1.443123
-1.4450310000000002
-1.441668
-1.4436280000000004
-1.4397830000000003
-1.44067
-1.44036
-1.4411779999999998
-1.4418160000000002
-1.440493
-1.4411370000000003
-1.442069
-1.4441889999999997
-1.441217
-1.4437540000000002
-1.4413330000000002
-1.443123
-1.4450310000000002
-1.441668
-1.4436280000000004
-1.4397830000000003
-1.44067
-1.44036
-1.4411779999999998
-1.4418160000000002
-1.440493
-1.4411370000000003
-1.442069
-1.4441889999999997
-1.441217
-1.4437540000000002
-1.4413330000000002
-1.443123
-1.4450310000000002
-1.441668
-1.4436280000000004
-1.4397830000000003
-1.44067
-1.44036
-1.4411779999999998
-1.4418160000000002
-1.440493
-1.4411370000000003
-1.442069
-1.4441889999999997
-1.441217
-1.4437540000000002
-1.4413330000000002
-1.443123
-1.4450310000000002
-1.441668
-1.4436280000000004
