1.3765590000000003
1.4072399999999998
1.3765590000000003
1.4072399999999998
1.3765590000000003
1.4072399999999998
1.3765590000000003
1.4072399999999998
1.3765590000000003
1.4072399999999998
1.3765590000000003
1.4072399999999998
1.3765590000000003
1.4072399999999998
1.3765590000000003
1.4072399999999998
1.3765590000000003
1.4072399999999998
1.3765590000000003
1.4072399999999998
1.3765590000000003
1.4072399999999998
1.3765590000000003
1.4072399999999998
1.3765590000000003
1.4072399999999998
1.3765590000000003
1.4072399999999998
1.3765590000000003
1.4072399999999998
1.3765590000000003
1.4072399999999998
1.3765590000000003
1.4072399999999998
1.3765590000000003
1.4072399999999998
1.3765590000000003
1.4072399999999998
1.3765590000000003
1.4072399999999998
1.3765590000000003
1.4072399999999998
1.3765590000000003
1.4072399999999998
1.3765590000000003
1.4072399999999998
1.3765590000000003
1.4072399999999998
1.3765590000000003
1.4072399999999998
1.3765590000000003
1.4072399999999998
1.3765590000000003
1.4072399999999998
1.3765590000000003
1.4072399999999998
1.3765590000000003
1.4072399999999998
1.3765590000000003
1.4072399999999998
1.3765590000000003
1.4072399999999998
1.3765590000000003
1.4072399999999998
1.3765590000000003
1.4072399999999998
1.3765590000000003
1.4072399999999998
1.3765590000000003
1.4072399999999998
1.3765590000000003
1.4072399999999998
1.3765590000000003
1.4072399999999998
1.3765590000000003
1.4072399999999998
1.3765590000000003
1.4072399999999998
1.3765590000000003
1.4072399999999998
1.3765590000000003
1.4072399999999998
1.3765590000000003
1.4072399999999998
1.3765590000000003
1.4072399999999998
1.3765590000000003
1.4072399999999998
1.3765590000000003
1.4072399999999998
1.3765590000000003
1.4072399999999998
1.3765590000000003
1.4072399999999998
1.3765590000000003
1.4072399999999998
1.3765590000000003
1.4072399999999998
1.3765590000000003
1.4072399999999998
1.3765590000000003
1.4072399999999998
1.3765590000000003
1.4072399999999998
1.3765590000000003
1.4072399999999998
1.3765590000000003
1.4072399999999998
1.3765590000000003
1.4072399999999998
1.3765590000000003
1.4072399999999998
1.3765590000000003
1.4072399999999998
1.3765590000000003
1.4072399999999998
1.3765590000000003
1.4072399999999998
1.3765590000000003
1.4072399999999998
-1.3922889999999999
-1.3915119999999996
-1.3922889999999999
-1.3915119999999996
-1.3922889999999999
-1.3915119999999996
-1.3922889999999999
-1.3915119999999996
-1.3922889999999999
-1.3915119999999996
-1.3922889999999999
-1.3915119999999996
-1.3922889999999999
-1.3915119999999996
-1.3922889999999999
-1.3915119999999996
-1.3922889999999999
-1.3915119999999996
-1.3922889999999999
-1.3915119999999996
-1.3922889999999999
-1.3915119999999996
-1.3922889999999999
-1.3915119999999996
-1.3922889999999999
-1.3915119999999996
-1.3922889999999999
-1.3915119999999996
-1.3922889999999999
-1.3915119999999996
-1.3922889999999999
-1.3915119999999996
-1.3922889999999999
-1.3915119999999996
-1.3922889999999999
-1.3915119999999996
-1.3922889999999999
-1.3915119999999996
-1.3922889999999999
-1.3915119999999996
-1.3922889999999999
-1.3915119999999996
-1.3922889999999999
-1.3915119999999996
-1.3922889999999999
-1.3915119999999996
-1.3922889999999999
-1.3915119999999996
-1.3922889999999999
-1.3915119999999996
-1.3922889999999999
-1.3915119999999996
-1.3922889999999999
-1.3915119999999996
-1.3922889999999999
-1.3915119999999996
-1.3922889999999999
-1.3915119999999996
-1.3922889999999999
-1.3915119999999996
-1.3922889999999999
-1.3915119999999996
-1.3922889999999999
-1.3915119999999996
-1.3922889999999999
-1.3915119999999996
-1.3922889999999999
-1.3915119999999996
-1.3922889999999999
-1.3915119999999996
-1.3922889999999999
-1.3915119999999996
-1.3922889999999999
-1.3915119999999996
-1.3922889999999999
-1.3915119999999996
-1.3922889999999999
-1.3915119999999996
-1.3922889999999999
-1.3915119999999996
-1.3922889999999999
-1.3915119999999996
-1.3922889999999999
-1.3915119999999996
-1.3922889999999999
-1.3915119999999996
-1.3922889999999999
-1.3915119999999996
-1.3922889999999999
-1.3915119999999996
-1.3922889999999999
-1.3915119999999996
-1.3922889999999999
-1.3915119999999996
-1.3922889999999999
-1.3915119999999996
-1.3922889999999999
-1.3915119999999996
-1.3922889999999999
-1.3915119999999996
-1.3922889999999999
-1.3915119999999996
-1.3922889999999999
-1.3915119999999996
-1.3922889999999999
-1.3915119999999996
-1.3922889999999999
-1.3915119999999996
-1.3922889999999999
-1.3915119999999996
-1.3922889999999999
-1.3915119999999996
-1.3922889999999999
-1.3915119999999996
-1.3922889999999999
-1.3915119999999996
-1.3922889999999999
-1.3915119999999996
-1.3922889999999999
-1.3915119999999996
