1.3309680000000004
1.4022129999999997
1.3309680000000004
1.4022129999999997
1.3309680000000004
1.4022129999999997
1.3309680000000004
1.4022129999999997
1.3309680000000004
1.4022129999999997
1.3309680000000004
1.4022129999999997
1.3309680000000004
1.4022129999999997
1.3309680000000004
1.4022129999999997
1.3309680000000004
1.4022129999999997
1.3309680000000004
1.4022129999999997
1.3309680000000004
1.4022129999999997
1.3309680000000004
1.4022129999999997
1.3309680000000004
1.4022129999999997
1.3309680000000004
1.4022129999999997
1.3309680000000004
1.4022129999999997
1.3309680000000004
1.4022129999999997
1.3309680000000004
1.4022129999999997
1.3309680000000004
1.4022129999999997
1.3309680000000004
1.4022129999999997
1.3309680000000004
1.4022129999999997
1.3309680000000004
1.4022129999999997
1.3309680000000004
1.4022129999999997
1.3309680000000004
1.4022129999999997
1.3309680000000004
1.4022129999999997
1.3309680000000004
1.4022129999999997
1.3309680000000004
1.4022129999999997
1.3309680000000004
1.4022129999999997
1.3309680000000004
1.4022129999999997
1.3309680000000004
1.4022129999999997
1.3309680000000004
1.4022129999999997
1.3309680000000004
1.4022129999999997
1.3309680000000004
1.4022129999999997
1.3309680000000004
1.4022129999999997
1.3309680000000004
1.4022129999999997
1.3309680000000004
1.4022129999999997
1.3309680000000004
1.4022129999999997
1.3309680000000004
1.4022129999999997
1.3309680000000004
1.4022129999999997
1.3309680000000004
1.4022129999999997
1.3309680000000004
1.4022129999999997
1.3309680000000004
1.4022129999999997
1.3309680000000004
1.4022129999999997
1.3309680000000004
1.4022129999999997
1.3309680000000004
1.4022129999999997
1.3309680000000004
1.4022129999999997
1.3309680000000004
1.4022129999999997
1.3309680000000004
1.4022129999999997
1.3309680000000004
1.4022129999999997
-1.3847649999999998
-1.3484150000000001
-1.3847649999999998
-1.3484150000000001
-1.3847649999999998
-1.3484150000000001
-1.3847649999999998
-1.3484150000000001
-1.3847649999999998
-1.3484150000000001
-1.3847649999999998
-1.3484150000000001
-1.3847649999999998
-1.3484150000000001
-1.3847649999999998
-1.3484150000000001
-1.3847649999999998
-1.3484150000000001
-1.3847649999999998
-1.3484150000000001
-1.3847649999999998
-1.3484150000000001
-1.3847649999999998
-1.3484150000000001
-1.3847649999999998
-1.3484150000000001
-1.3847649999999998
-1.3484150000000001
-1.3847649999999998
-1.3484150000000001
-1.3847649999999998
-1.3484150000000001
-1.3847649999999998
-1.3484150000000001
-1.3847649999999998
-1.3484150000000001
-1.3847649999999998
-1.3484150000000001
-1.3847649999999998
-1.3484150000000001
-1.3847649999999998
-1.3484150000000001
-1.3847649999999998
-1.3484150000000001
-1.3847649999999998
-1.3484150000000001
-1.3847649999999998
-1.3484150000000001
-1.3847649999999998
-1.3484150000000001
-1.3847649999999998
-1.3484150000000001
-1.3847649999999998
-1.3484150000000001
-1.3847649999999998
-1.3484150000000001
-1.3847649999999998
-1.3484150000000001
-1.3847649999999998
-1.3484150000000001
-1.3847649999999998
-1.3484150000000001
-1.3847649999999998
-1.3484150000000001
-1.3847649999999998
-1.3484150000000001
-1.3847649999999998
-1.3484150000000001
-1.3847649999999998
-1.3484150000000001
-1.3847649999999998
-1.3484150000000001
-1.3847649999999998
-1.3484150000000001
-1.3847649999999998
-1.3484150000000001
-1.3847649999999998
-1.3484150000000001
-1.3847649999999998
-1.3484150000000001
-1.3847649999999998
-1.3484150000000001
-1.3847649999999998
-1.3484150000000001
-1.3847649999999998
-1.3484150000000001
-1.3847649999999998
-1.3484150000000001
-1.3847649999999998
-1.3484150000000001
-1.3847649999999998
-1.3484150000000001
-1.3847649999999998
-1.3484150000000001
-1.3847649999999998
-1.3484150000000001
