1.4297570000000004
1.4327819999999996
1.4238219999999995
1.4285340000000009
1.4297570000000004
1.4327819999999996
1.4238219999999995
1.4285340000000009
1.4297570000000004
1.4327819999999996
1.4238219999999995
1.4285340000000009
1.4297570000000004
1.4327819999999996
1.4238219999999995
1.4285340000000009
1.4297570000000004
1.4327819999999996
1.4238219999999995
1.4285340000000009
1.4297570000000004
1.4327819999999996
1.4238219999999995
1.4285340000000009
1.4297570000000004
1.4327819999999996
1.4238219999999995
1.4285340000000009
1.4297570000000004
1.4327819999999996
1.4238219999999995
1.4285340000000009
1.4297570000000004
1.4327819999999996
1.4238219999999995
1.4285340000000009
1.4297570000000004
1.4327819999999996
1.4238219999999995
1.4285340000000009
1.4297570000000004
1.4327819999999996
1.4238219999999995
1.4285340000000009
1.4297570000000004
1.4327819999999996
1.4238219999999995
1.4285340000000009
1.4297570000000004
1.4327819999999996
1.4238219999999995
1.4285340000000009
1.4297570000000004
1.4327819999999996
1.4238219999999995
1.4285340000000009
1.4297570000000004
1.4327819999999996
1.4238219999999995
1.4285340000000009
1.4297570000000004
1.4327819999999996
1.4238219999999995
1.4285340000000009
1.4297570000000004
1.4327819999999996
1.4238219999999995
1.4285340000000009
1.4297570000000004
1.4327819999999996
1.4238219999999995
1.4285340000000009
1.4297570000000004
1.4327819999999996
1.4238219999999995
1.4285340000000009
1.4297570000000004
1.4327819999999996
1.4238219999999995
1.4285340000000009
1.4297570000000004
1.4327819999999996
1.4238219999999995
1.4285340000000009
1.4297570000000004
1.4327819999999996
1.4238219999999995
1.4285340000000009
1.4297570000000004
1.4327819999999996
1.4238219999999995
1.4285340000000009
1.4297570000000004
1.4327819999999996
1.4238219999999995
1.4285340000000009
1.4297570000000004
1.4327819999999996
1.4238219999999995
1.4285340000000009
1.4297570000000004
1.4327819999999996
1.4238219999999995
1.4285340000000009
1.4297570000000004
1.4327819999999996
1.4238219999999995
1.4285340000000009
1.4297570000000004
1.4327819999999996
1.4238219999999995
1.4285340000000009
1.4297570000000004
1.4327819999999996
1.4238219999999995
1.4285340000000009
1.4297570000000004
1.4327819999999996
1.4238219999999995
1.4285340000000009
1.4297570000000004
1.4327819999999996
1.4238219999999995
1.4285340000000009
1.4297570000000004
1.4327819999999996
1.4238219999999995
1.4285340000000009
1.4297570000000004
1.4327819999999996
1.4238219999999995
1.4285340000000009
1.4297570000000004
1.4327819999999996
1.4238219999999995
1.4285340000000009
1.4297570000000004
1.4327819999999996
1.4238219999999995
1.4285340000000009
1.4297570000000004
1.4327819999999996
1.4238219999999995
1.4285340000000009
-1.430504
-1.4305649999999996
-1.428338
-1.4254889999999998
-1.430504
-1.4305649999999996
-1.428338
-1.4254889999999998
-1.430504
-1.4305649999999996
-1.428338
-1.4254889999999998
-1.430504
-1.4305649999999996
-1.428338
-1.4254889999999998
-1.430504
-1.4305649999999996
-1.428338
-1.4254889999999998
-1.430504
-1.4305649999999996
-1.428338
-1.4254889999999998
-1.430504
-1.4305649999999996
-1.428338
-1.4254889999999998
-1.430504
-1.4305649999999996
-1.428338
-1.4254889999999998
-1.430504
-1.4305649999999996
-1.428338
-1.4254889999999998
-1.430504
-1.4305649999999996
-1.428338
-1.4254889999999998
-1.430504
-1.4305649999999996
-1.428338
-1.4254889999999998
-1.430504
-1.4305649999999996
-1.428338
-1.4254889999999998
-1.430504
-1.4305649999999996
-1.428338
-1.4254889999999998
-1.430504
-1.4305649999999996
-1.428338
-1.4254889999999998
-1.430504
-1.4305649999999996
-1.428338
-1.4254889999999998
-1.430504
-1.4305649999999996
-1.428338
-1.4254889999999998
-1.430504
-1.4305649999999996
-1.428338
-1.4254889999999998
-1.430504
-1.4305649999999996
-1.428338
-1.4254889999999998
-1.430504
-1.4305649999999996
-1.428338
-1.4254889999999998
-1.430504
-1.4305649999999996
-1.428338
-1.4254889999999998
-1.430504
-1.4305649999999996
-1.428338
-1.4254889999999998
-1.430504
-1.4305649999999996
-1.428338
-1.4254889999999998
-1.430504
-1.4305649999999996
-1.428338
-1.4254889999999998
-1.430504
-1.4305649999999996
-1.428338
-1.4254889999999998
-1.430504
-1.4305649999999996
-1.428338
-1.4254889999999998
-1.430504
-1.4305649999999996
-1.428338
-1.4254889999999998
-1.430504
-1.4305649999999996
-1.428338
-1.4254889999999998
-1.430504
-1.4305649999999996
-1.428338
-1.4254889999999998
-1.430504
-1.4305649999999996
-1.428338
-1.4254889999999998
-1.430504
-1.4305649999999996
-1.428338
-1.4254889999999998
-1.430504
-1.4305649999999996
-1.428338
-1.4254889999999998
-1.430504
-1.4305649999999996
-1.428338
-1.4254889999999998
-1.430504
-1.4305649999999996
-1.428338
-1.4254889999999998
-1.430504
-1.4305649999999996
-1.428338
-1.4254889999999998
-1.430504
-1.4305649999999996
-1.428338
-1.4254889999999998
-1.430504
-1.4305649999999996
-1.428338
-1.4254889999999998
