1.4197790000000001
1.4197790000000001
1.4197790000000001
1.4197790000000001
1.4197790000000001
1.4197790000000001
1.4197790000000001
1.4197790000000001
1.4197790000000001
1.4197790000000001
1.4197790000000001
1.4197790000000001
1.4197790000000001
1.4197790000000001
1.4197790000000001
1.4197790000000001
1.4197790000000001
1.4197790000000001
1.4197790000000001
1.4197790000000001
1.4197790000000001
1.4197790000000001
1.4197790000000001
1.4197790000000001
1.4197790000000001
1.4197790000000001
1.4197790000000001
1.4197790000000001
1.4197790000000001
1.4197790000000001
1.4197790000000001
1.4197790000000001
1.4197790000000001
1.4197790000000001
1.4197790000000001
1.4197790000000001
1.4197790000000001
1.4197790000000001
1.4197790000000001
1.4197790000000001
1.4197790000000001
1.4197790000000001
1.4197790000000001
1.4197790000000001
1.4197790000000001
1.4197790000000001
1.4197790000000001
1.4197790000000001
1.4197790000000001
1.4197790000000001
1.4197790000000001
1.4197790000000001
1.4197790000000001
1.4197790000000001
1.4197790000000001
1.4197790000000001
1.4197790000000001
1.4197790000000001
1.4197790000000001
1.4197790000000001
1.4197790000000001
1.4197790000000001
1.4197790000000001
1.4197790000000001
-1.4197790000000001
-1.4197790000000001
-1.4197790000000001
-1.4197790000000001
-1.4197790000000001
-1.4197790000000001
-1.4197790000000001
-1.4197790000000001
-1.4197790000000001
-1.4197790000000001
-1.4197790000000001
-1.4197790000000001
-1.4197790000000001
-1.4197790000000001
-1.4197790000000001
-1.4197790000000001
-1.4197790000000001
-1.4197790000000001
-1.4197790000000001
-1.4197790000000001
-1.4197790000000001
-1.4197790000000001
-1.4197790000000001
-1.4197790000000001
-1.4197790000000001
-1.4197790000000001
-1.4197790000000001
-1.4197790000000001
-1.4197790000000001
-1.4197790000000001
-1.4197790000000001
-1.4197790000000001
-1.4197790000000001
-1.4197790000000001
-1.4197790000000001
-1.4197790000000001
-1.4197790000000001
-1.4197790000000001
-1.4197790000000001
-1.4197790000000001
-1.4197790000000001
-1.4197790000000001
-1.4197790000000001
-1.4197790000000001
-1.4197790000000001
-1.4197790000000001
-1.4197790000000001
-1.4197790000000001
-1.4197790000000001
-1.4197790000000001
-1.4197790000000001
-1.4197790000000001
-1.4197790000000001
-1.4197790000000001
-1.4197790000000001
-1.4197790000000001
-1.4197790000000001
-1.4197790000000001
-1.4197790000000001
-1.4197790000000001
-1.4197790000000001
-1.4197790000000001
-1.4197790000000001
-1.4197790000000001
