1.4054300000000008
1.40165
1.4120670000000004
1.4140060000000005
1.4054300000000008
1.40165
1.4120670000000004
1.4140060000000005
1.4054300000000008
1.40165
1.4120670000000004
1.4140060000000005
1.4054300000000008
1.40165
1.4120670000000004
1.4140060000000005
1.4054300000000008
1.40165
1.4120670000000004
1.4140060000000005
1.4054300000000008
1.40165
1.4120670000000004
1.4140060000000005
1.4054300000000008
1.40165
1.4120670000000004
1.4140060000000005
1.4054300000000008
1.40165
1.4120670000000004
1.4140060000000005
1.4054300000000008
1.40165
1.4120670000000004
1.4140060000000005
1.4054300000000008
1.40165
1.4120670000000004
1.4140060000000005
1.4054300000000008
1.40165
1.4120670000000004
1.4140060000000005
1.4054300000000008
1.40165
1.4120670000000004
1.4140060000000005
1.4054300000000008
1.40165
1.4120670000000004
1.4140060000000005
1.4054300000000008
1.40165
1.4120670000000004
1.4140060000000005
1.4054300000000008
1.40165
1.4120670000000004
1.4140060000000005
1.4054300000000008
1.40165
1.4120670000000004
1.4140060000000005
1.4054300000000008
1.40165
1.4120670000000004
1.4140060000000005
1.4054300000000008
1.40165
1.4120670000000004
1.4140060000000005
1.4054300000000008
1.40165
1.4120670000000004
1.4140060000000005
1.4054300000000008
1.40165
1.4120670000000004
1.4140060000000005
1.4054300000000008
1.40165
1.4120670000000004
1.4140060000000005
1.4054300000000008
1.40165
1.4120670000000004
1.4140060000000005
1.4054300000000008
1.40165
1.4120670000000004
1.4140060000000005
1.4054300000000008
1.40165
1.4120670000000004
1.4140060000000005
1.4054300000000008
1.40165
1.4120670000000004
1.4140060000000005
1.4054300000000008
1.40165
1.4120670000000004
1.4140060000000005
1.4054300000000008
1.40165
1.4120670000000004
1.4140060000000005
1.4054300000000008
1.40165
1.4120670000000004
1.4140060000000005
1.4054300000000008
1.40165
1.4120670000000004
1.4140060000000005
1.4054300000000008
1.40165
1.4120670000000004
1.4140060000000005
1.4054300000000008
1.40165
1.4120670000000004
1.4140060000000005
1.4054300000000008
1.40165
1.4120670000000004
1.4140060000000005
1.4054300000000008
1.40165
1.4120670000000004
1.4140060000000005
1.4054300000000008
1.40165
1.4120670000000004
1.4140060000000005
1.4054300000000008
1.40165
1.4120670000000004
1.4140060000000005
1.4054300000000008
1.40165
1.4120670000000004
1.4140060000000005
-1.4090879999999997
-1.4050539999999998
-1.4082980000000003
-1.4107120000000002
-1.4090879999999997
-1.4050539999999998
-1.4082980000000003
-1.4107120000000002
-1.4090879999999997
-1.4050539999999998
-1.4082980000000003
-1.4107120000000002
-1.4090879999999997
-1.4050539999999998
-1.4082980000000003
-1.4107120000000002
-1.4090879999999997
-1.4050539999999998
-1.4082980000000003
-1.4107120000000002
-1.4090879999999997
-1.4050539999999998
-1.4082980000000003
-1.4107120000000002
-1.4090879999999997
-1.4050539999999998
-1.4082980000000003
-1.4107120000000002
-1.4090879999999997
-1.4050539999999998
-1.4082980000000003
-1.4107120000000002
-1.4090879999999997
-1.4050539999999998
-1.4082980000000003
-1.4107120000000002
-1.4090879999999997
-1.4050539999999998
-1.4082980000000003
-1.4107120000000002
-1.4090879999999997
-1.4050539999999998
-1.4082980000000003
-1.4107120000000002
-1.4090879999999997
-1.4050539999999998
-1.4082980000000003
-1.4107120000000002
-1.4090879999999997
-1.4050539999999998
-1.4082980000000003
-1.4107120000000002
-1.4090879999999997
-1.4050539999999998
-1.4082980000000003
-1.4107120000000002
-1.4090879999999997
-1.4050539999999998
-1.4082980000000003
-1.4107120000000002
-1.4090879999999997
-1.4050539999999998
-1.4082980000000003
-1.4107120000000002
-1.4090879999999997
-1.4050539999999998
-1.4082980000000003
-1.4107120000000002
-1.4090879999999997
-1.4050539999999998
-1.4082980000000003
-1.4107120000000002
-1.4090879999999997
-1.4050539999999998
-1.4082980000000003
-1.4107120000000002
-1.4090879999999997
-1.4050539999999998
-1.4082980000000003
-1.4107120000000002
-1.4090879999999997
-1.4050539999999998
-1.4082980000000003
-1.4107120000000002
-1.4090879999999997
-1.4050539999999998
-1.4082980000000003
-1.4107120000000002
-1.4090879999999997
-1.4050539999999998
-1.4082980000000003
-1.4107120000000002
-1.4090879999999997
-1.4050539999999998
-1.4082980000000003
-1.4107120000000002
-1.4090879999999997
-1.4050539999999998
-1.4082980000000003
-1.4107120000000002
-1.4090879999999997
-1.4050539999999998
-1.4082980000000003
-1.4107120000000002
-1.4090879999999997
-1.4050539999999998
-1.4082980000000003
-1.4107120000000002
-1.4090879999999997
-1.4050539999999998
-1.4082980000000003
-1.4107120000000002
-1.4090879999999997
-1.4050539999999998
-1.4082980000000003
-1.4107120000000002
-1.4090879999999997
-1.4050539999999998
-1.4082980000000003
-1.4107120000000002
-1.4090879999999997
-1.4050539999999998
-1.4082980000000003
-1.4107120000000002
-1.4090879999999997
-1.4050539999999998
-1.4082980000000003
-1.4107120000000002
-1.4090879999999997
-1.4050539999999998
-1.4082980000000003
-1.4107120000000002
-1.4090879999999997
-1.4050539999999998
-1.4082980000000003
-1.4107120000000002
-1.4090879999999997
-1.4050539999999998
-1.4082980000000003
-1.4107120000000002
-1.4090879999999997
-1.4050539999999998
-1.4082980000000003
-1.4107120000000002
