1.0797089999999994
1.0797089999999994
1.0797089999999994
1.0797089999999994
1.0797089999999994
1.0797089999999994
1.0797089999999994
1.0797089999999994
1.0797089999999994
1.0797089999999994
1.0797089999999994
1.0797089999999994
1.0797089999999994
1.0797089999999994
1.0797089999999994
1.0797089999999994
1.0797089999999994
1.0797089999999994
1.0797089999999994
1.0797089999999994
1.0797089999999994
1.0797089999999994
1.0797089999999994
1.0797089999999994
1.0797089999999994
1.0797089999999994
1.0797089999999994
1.0797089999999994
1.0797089999999994
1.0797089999999994
1.0797089999999994
1.0797089999999994
1.0797089999999994
1.0797089999999994
1.0797089999999994
1.0797089999999994
1.0797089999999994
1.0797089999999994
1.0797089999999994
1.0797089999999994
1.0797089999999994
1.0797089999999994
1.0797089999999994
1.0797089999999994
1.0797089999999994
1.0797089999999994
1.0797089999999994
1.0797089999999994
1.0797089999999994
1.0797089999999994
1.0797089999999994
1.0797089999999994
1.0797089999999994
1.0797089999999994
1.0797089999999994
1.0797089999999994
1.0797089999999994
1.0797089999999994
1.0797089999999994
1.0797089999999994
1.0797089999999994
1.0797089999999994
1.0797089999999994
1.0797089999999994
1.0797089999999994
1.0797089999999994
1.0797089999999994
1.0797089999999994
1.0797089999999994
1.0797089999999994
1.0797089999999994
1.0797089999999994
1.0797089999999994
1.0797089999999994
1.0797089999999994
1.0797089999999994
1.0797089999999994
1.0797089999999994
1.0797089999999994
1.0797089999999994
1.0797089999999994
1.0797089999999994
1.0797089999999994
1.0797089999999994
1.0797089999999994
1.0797089999999994
1.0797089999999994
1.0797089999999994
1.0797089999999994
1.0797089999999994
-1.0797239999999997
-1.0796919999999997
-1.0797239999999997
-1.0796919999999997
-1.0797239999999997
-1.0796919999999997
-1.0797239999999997
-1.0796919999999997
-1.0797239999999997
-1.0796919999999997
-1.0797239999999997
-1.0796919999999997
-1.0797239999999997
-1.0796919999999997
-1.0797239999999997
-1.0796919999999997
-1.0797239999999997
-1.0796919999999997
-1.0797239999999997
-1.0796919999999997
-1.0797239999999997
-1.0796919999999997
-1.0797239999999997
-1.0796919999999997
-1.0797239999999997
-1.0796919999999997
-1.0797239999999997
-1.0796919999999997
-1.0797239999999997
-1.0796919999999997
-1.0797239999999997
-1.0796919999999997
-1.0797239999999997
-1.0796919999999997
-1.0797239999999997
-1.0796919999999997
-1.0797239999999997
-1.0796919999999997
-1.0797239999999997
-1.0796919999999997
-1.0797239999999997
-1.0796919999999997
-1.0797239999999997
-1.0796919999999997
-1.0797239999999997
-1.0796919999999997
-1.0797239999999997
-1.0796919999999997
-1.0797239999999997
-1.0796919999999997
-1.0797239999999997
-1.0796919999999997
-1.0797239999999997
-1.0796919999999997
-1.0797239999999997
-1.0796919999999997
-1.0797239999999997
-1.0796919999999997
-1.0797239999999997
-1.0796919999999997
-1.0797239999999997
-1.0796919999999997
-1.0797239999999997
-1.0796919999999997
-1.0797239999999997
-1.0796919999999997
-1.0797239999999997
-1.0796919999999997
-1.0797239999999997
-1.0796919999999997
-1.0797239999999997
-1.0796919999999997
-1.0797239999999997
-1.0796919999999997
-1.0797239999999997
-1.0796919999999997
-1.0797239999999997
-1.0796919999999997
-1.0797239999999997
-1.0796919999999997
-1.0797239999999997
-1.0796919999999997
-1.0797239999999997
-1.0796919999999997
-1.0797239999999997
-1.0796919999999997
-1.0797239999999997
-1.0796919999999997
-1.0797239999999997
-1.0796919999999997
