1.4409670000000006
1.4407630000000005
1.4406160000000003
1.4406160000000003
1.4409670000000006
1.4407630000000005
1.4406160000000003
1.4406160000000003
1.4409670000000006
1.4407630000000005
1.4406160000000003
1.4406160000000003
1.4409670000000006
1.4407630000000005
1.4406160000000003
1.4406160000000003
1.4409670000000006
1.4407630000000005
1.4406160000000003
1.4406160000000003
1.4409670000000006
1.4407630000000005
1.4406160000000003
1.4406160000000003
1.4409670000000006
1.4407630000000005
1.4406160000000003
1.4406160000000003
1.4409670000000006
1.4407630000000005
1.4406160000000003
1.4406160000000003
1.4409670000000006
1.4407630000000005
1.4406160000000003
1.4406160000000003
1.4409670000000006
1.4407630000000005
1.4406160000000003
1.4406160000000003
1.4409670000000006
1.4407630000000005
1.4406160000000003
1.4406160000000003
1.4409670000000006
1.4407630000000005
1.4406160000000003
1.4406160000000003
1.4409670000000006
1.4407630000000005
1.4406160000000003
1.4406160000000003
1.4409670000000006
1.4407630000000005
1.4406160000000003
1.4406160000000003
1.4409670000000006
1.4407630000000005
1.4406160000000003
1.4406160000000003
1.4409670000000006
1.4407630000000005
1.4406160000000003
1.4406160000000003
1.4409670000000006
1.4407630000000005
1.4406160000000003
1.4406160000000003
1.4409670000000006
1.4407630000000005
1.4406160000000003
1.4406160000000003
1.4409670000000006
1.4407630000000005
1.4406160000000003
1.4406160000000003
1.4409670000000006
1.4407630000000005
1.4406160000000003
1.4406160000000003
1.4409670000000006
1.4407630000000005
1.4406160000000003
1.4406160000000003
1.4409670000000006
1.4407630000000005
1.4406160000000003
1.4406160000000003
1.4409670000000006
1.4407630000000005
1.4406160000000003
1.4406160000000003
1.4409670000000006
1.4407630000000005
1.4406160000000003
1.4406160000000003
1.4409670000000006
1.4407630000000005
1.4406160000000003
1.4406160000000003
1.4409670000000006
1.4407630000000005
1.4406160000000003
1.4406160000000003
1.4409670000000006
1.4407630000000005
1.4406160000000003
1.4406160000000003
-1.440665
-1.4408899999999996
-1.4406280000000002
-1.440778
-1.440665
-1.4408899999999996
-1.4406280000000002
-1.440778
-1.440665
-1.4408899999999996
-1.4406280000000002
-1.440778
-1.440665
-1.4408899999999996
-1.4406280000000002
-1.440778
-1.440665
-1.4408899999999996
-1.4406280000000002
-1.440778
-1.440665
-1.4408899999999996
-1.4406280000000002
-1.440778
-1.440665
-1.4408899999999996
-1.4406280000000002
-1.440778
-1.440665
-1.4408899999999996
-1.4406280000000002
-1.440778
-1.440665
-1.4408899999999996
-1.4406280000000002
-1.440778
-1.440665
-1.4408899999999996
-1.4406280000000002
-1.440778
-1.440665
-1.4408899999999996
-1.4406280000000002
-1.440778
-1.440665
-1.4408899999999996
-1.4406280000000002
-1.440778
-1.440665
-1.4408899999999996
-1.4406280000000002
-1.440778
-1.440665
-1.4408899999999996
-1.4406280000000002
-1.440778
-1.440665
-1.4408899999999996
-1.4406280000000002
-1.440778
-1.440665
-1.4408899999999996
-1.4406280000000002
-1.440778
-1.440665
-1.4408899999999996
-1.4406280000000002
-1.440778
-1.440665
-1.4408899999999996
-1.4406280000000002
-1.440778
-1.440665
-1.4408899999999996
-1.4406280000000002
-1.440778
-1.440665
-1.4408899999999996
-1.4406280000000002
-1.440778
-1.440665
-1.4408899999999996
-1.4406280000000002
-1.440778
-1.440665
-1.4408899999999996
-1.4406280000000002
-1.440778
-1.440665
-1.4408899999999996
-1.4406280000000002
-1.440778
-1.440665
-1.4408899999999996
-1.4406280000000002
-1.440778
-1.440665
-1.4408899999999996
-1.4406280000000002
-1.440778
-1.440665
-1.4408899999999996
-1.4406280000000002
-1.440778
-1.440665
-1.4408899999999996
-1.4406280000000002
-1.440778
