0.8943080000000005
0.8943080000000005
0.8943080000000005
0.8943080000000005
0.8943080000000005
0.8943080000000005
0.8943080000000005
0.8943080000000005
0.8943080000000005
0.8943080000000005
0.8943080000000005
0.8943080000000005
0.8943080000000005
0.8943080000000005
0.8943080000000005
0.8943080000000005
0.8943080000000005
0.8943080000000005
0.8943080000000005
0.8943080000000005
0.8943080000000005
0.8943080000000005
0.8943080000000005
0.8943080000000005
0.8943080000000005
0.8943080000000005
0.8943080000000005
0.8943080000000005
0.8943080000000005
0.8943080000000005
0.8943080000000005
0.8943080000000005
0.8943080000000005
0.8943080000000005
0.8943080000000005
0.8943080000000005
0.8943080000000005
0.8943080000000005
0.8943080000000005
0.8943080000000005
0.8943080000000005
0.8943080000000005
0.8943080000000005
0.8943080000000005
0.8943080000000005
0.8943080000000005
0.8943080000000005
0.8943080000000005
0.8943080000000005
0.8943080000000005
0.8943080000000005
0.8943080000000005
0.8943080000000005
0.8943080000000005
0.8943080000000005
0.8943080000000005
0.8943080000000005
0.8943080000000005
0.8943080000000005
0.8943080000000005
0.8943080000000005
0.8943080000000005
0.8943080000000005
0.8943080000000005
-0.8943079999999997
-0.8943079999999997
-0.8943079999999997
-0.8943079999999997
-0.8943079999999997
-0.8943079999999997
-0.8943079999999997
-0.8943079999999997
-0.8943079999999997
-0.8943079999999997
-0.8943079999999997
-0.8943079999999997
-0.8943079999999997
-0.8943079999999997
-0.8943079999999997
-0.8943079999999997
-0.8943079999999997
-0.8943079999999997
-0.8943079999999997
-0.8943079999999997
-0.8943079999999997
-0.8943079999999997
-0.8943079999999997
-0.8943079999999997
-0.8943079999999997
-0.8943079999999997
-0.8943079999999997
-0.8943079999999997
-0.8943079999999997
-0.8943079999999997
-0.8943079999999997
-0.8943079999999997
-0.8943079999999997
-0.8943079999999997
-0.8943079999999997
-0.8943079999999997
-0.8943079999999997
-0.8943079999999997
-0.8943079999999997
-0.8943079999999997
-0.8943079999999997
-0.8943079999999997
-0.8943079999999997
-0.8943079999999997
-0.8943079999999997
-0.8943079999999997
-0.8943079999999997
-0.8943079999999997
-0.8943079999999997
-0.8943079999999997
-0.8943079999999997
-0.8943079999999997
-0.8943079999999997
-0.8943079999999997
-0.8943079999999997
-0.8943079999999997
-0.8943079999999997
-0.8943079999999997
-0.8943079999999997
-0.8943079999999997
-0.8943079999999997
-0.8943079999999997
-0.8943079999999997
-0.8943079999999997
