1.3856800000000007
1.4141820000000003
1.3856800000000007
1.4141820000000003
1.3856800000000007
1.4141820000000003
1.3856800000000007
1.4141820000000003
1.3856800000000007
1.4141820000000003
1.3856800000000007
1.4141820000000003
1.3856800000000007
1.4141820000000003
1.3856800000000007
1.4141820000000003
1.3856800000000007
1.4141820000000003
1.3856800000000007
1.4141820000000003
1.3856800000000007
1.4141820000000003
1.3856800000000007
1.4141820000000003
1.3856800000000007
1.4141820000000003
1.3856800000000007
1.4141820000000003
1.3856800000000007
1.4141820000000003
1.3856800000000007
1.4141820000000003
1.3856800000000007
1.4141820000000003
1.3856800000000007
1.4141820000000003
1.3856800000000007
1.4141820000000003
1.3856800000000007
1.4141820000000003
1.3856800000000007
1.4141820000000003
1.3856800000000007
1.4141820000000003
1.3856800000000007
1.4141820000000003
1.3856800000000007
1.4141820000000003
1.3856800000000007
1.4141820000000003
1.3856800000000007
1.4141820000000003
1.3856800000000007
1.4141820000000003
1.3856800000000007
1.4141820000000003
1.3856800000000007
1.4141820000000003
1.3856800000000007
1.4141820000000003
1.3856800000000007
1.4141820000000003
1.3856800000000007
1.4141820000000003
1.3856800000000007
1.4141820000000003
1.3856800000000007
1.4141820000000003
1.3856800000000007
1.4141820000000003
1.3856800000000007
1.4141820000000003
1.3856800000000007
1.4141820000000003
1.3856800000000007
1.4141820000000003
1.3856800000000007
1.4141820000000003
1.3856800000000007
1.4141820000000003
1.3856800000000007
1.4141820000000003
1.3856800000000007
1.4141820000000003
1.3856800000000007
1.4141820000000003
1.3856800000000007
1.4141820000000003
1.3856800000000007
1.4141820000000003
1.3856800000000007
1.4141820000000003
1.3856800000000007
1.4141820000000003
1.3856800000000007
1.4141820000000003
-1.394578
-1.4052860000000003
-1.394578
-1.4052860000000003
-1.394578
-1.4052860000000003
-1.394578
-1.4052860000000003
-1.394578
-1.4052860000000003
-1.394578
-1.4052860000000003
-1.394578
-1.4052860000000003
-1.394578
-1.4052860000000003
-1.394578
-1.4052860000000003
-1.394578
-1.4052860000000003
-1.394578
-1.4052860000000003
-1.394578
-1.4052860000000003
-1.394578
-1.4052860000000003
-1.394578
-1.4052860000000003
-1.394578
-1.4052860000000003
-1.394578
-1.4052860000000003
-1.394578
-1.4052860000000003
-1.394578
-1.4052860000000003
-1.394578
-1.4052860000000003
-1.394578
-1.4052860000000003
-1.394578
-1.4052860000000003
-1.394578
-1.4052860000000003
-1.394578
-1.4052860000000003
-1.394578
-1.4052860000000003
-1.394578
-1.4052860000000003
-1.394578
-1.4052860000000003
-1.394578
-1.4052860000000003
-1.394578
-1.4052860000000003
-1.394578
-1.4052860000000003
-1.394578
-1.4052860000000003
-1.394578
-1.4052860000000003
-1.394578
-1.4052860000000003
-1.394578
-1.4052860000000003
-1.394578
-1.4052860000000003
-1.394578
-1.4052860000000003
-1.394578
-1.4052860000000003
-1.394578
-1.4052860000000003
-1.394578
-1.4052860000000003
-1.394578
-1.4052860000000003
-1.394578
-1.4052860000000003
-1.394578
-1.4052860000000003
-1.394578
-1.4052860000000003
-1.394578
-1.4052860000000003
-1.394578
-1.4052860000000003
-1.394578
-1.4052860000000003
-1.394578
-1.4052860000000003
-1.394578
-1.4052860000000003
-1.394578
-1.4052860000000003
