1.3450489999999995
1.3263639999999999
1.3450489999999995
1.3263639999999999
1.3450489999999995
1.3263639999999999
1.3450489999999995
1.3263639999999999
1.3450489999999995
1.3263639999999999
1.3450489999999995
1.3263639999999999
1.3450489999999995
1.3263639999999999
1.3450489999999995
1.3263639999999999
1.3450489999999995
1.3263639999999999
1.3450489999999995
1.3263639999999999
1.3450489999999995
1.3263639999999999
1.3450489999999995
1.3263639999999999
1.3450489999999995
1.3263639999999999
1.3450489999999995
1.3263639999999999
1.3450489999999995
1.3263639999999999
1.3450489999999995
1.3263639999999999
1.3450489999999995
1.3263639999999999
1.3450489999999995
1.3263639999999999
1.3450489999999995
1.3263639999999999
1.3450489999999995
1.3263639999999999
1.3450489999999995
1.3263639999999999
1.3450489999999995
1.3263639999999999
1.3450489999999995
1.3263639999999999
1.3450489999999995
1.3263639999999999
1.3450489999999995
1.3263639999999999
1.3450489999999995
1.3263639999999999
1.3450489999999995
1.3263639999999999
1.3450489999999995
1.3263639999999999
1.3450489999999995
1.3263639999999999
1.3450489999999995
1.3263639999999999
1.3450489999999995
1.3263639999999999
1.3450489999999995
1.3263639999999999
1.3450489999999995
1.3263639999999999
1.3450489999999995
1.3263639999999999
1.3450489999999995
1.3263639999999999
1.3450489999999995
1.3263639999999999
1.3450489999999995
1.3263639999999999
1.3450489999999995
1.3263639999999999
1.3450489999999995
1.3263639999999999
1.3450489999999995
1.3263639999999999
1.3450489999999995
1.3263639999999999
1.3450489999999995
1.3263639999999999
1.3450489999999995
1.3263639999999999
1.3450489999999995
1.3263639999999999
1.3450489999999995
1.3263639999999999
1.3450489999999995
1.3263639999999999
1.3450489999999995
1.3263639999999999
1.3450489999999995
1.3263639999999999
1.3450489999999995
1.3263639999999999
1.3450489999999995
1.3263639999999999
1.3450489999999995
1.3263639999999999
1.3450489999999995
1.3263639999999999
1.3450489999999995
1.3263639999999999
1.3450489999999995
1.3263639999999999
1.3450489999999995
1.3263639999999999
1.3450489999999995
1.3263639999999999
1.3450489999999995
1.3263639999999999
1.3450489999999995
1.3263639999999999
1.3450489999999995
1.3263639999999999
1.3450489999999995
1.3263639999999999
-1.329568
-1.3418450000000002
-1.329568
-1.3418450000000002
-1.329568
-1.3418450000000002
-1.329568
-1.3418450000000002
-1.329568
-1.3418450000000002
-1.329568
-1.3418450000000002
-1.329568
-1.3418450000000002
-1.329568
-1.3418450000000002
-1.329568
-1.3418450000000002
-1.329568
-1.3418450000000002
-1.329568
-1.3418450000000002
-1.329568
-1.3418450000000002
-1.329568
-1.3418450000000002
-1.329568
-1.3418450000000002
-1.329568
-1.3418450000000002
-1.329568
-1.3418450000000002
-1.329568
-1.3418450000000002
-1.329568
-1.3418450000000002
-1.329568
-1.3418450000000002
-1.329568
-1.3418450000000002
-1.329568
-1.3418450000000002
-1.329568
-1.3418450000000002
-1.329568
-1.3418450000000002
-1.329568
-1.3418450000000002
-1.329568
-1.3418450000000002
-1.329568
-1.3418450000000002
-1.329568
-1.3418450000000002
-1.329568
-1.3418450000000002
-1.329568
-1.3418450000000002
-1.329568
-1.3418450000000002
-1.329568
-1.3418450000000002
-1.329568
-1.3418450000000002
-1.329568
-1.3418450000000002
-1.329568
-1.3418450000000002
-1.329568
-1.3418450000000002
-1.329568
-1.3418450000000002
-1.329568
-1.3418450000000002
-1.329568
-1.3418450000000002
-1.329568
-1.3418450000000002
-1.329568
-1.3418450000000002
-1.329568
-1.3418450000000002
-1.329568
-1.3418450000000002
-1.329568
-1.3418450000000002
-1.329568
-1.3418450000000002
-1.329568
-1.3418450000000002
-1.329568
-1.3418450000000002
-1.329568
-1.3418450000000002
-1.329568
-1.3418450000000002
-1.329568
-1.3418450000000002
-1.329568
-1.3418450000000002
-1.329568
-1.3418450000000002
-1.329568
-1.3418450000000002
-1.329568
-1.3418450000000002
-1.329568
-1.3418450000000002
-1.329568
-1.3418450000000002
-1.329568
-1.3418450000000002
-1.329568
-1.3418450000000002
-1.329568
-1.3418450000000002
-1.329568
-1.3418450000000002
-1.329568
-1.3418450000000002
