1.3970219999999998
1.3961380000000005
1.3970219999999998
1.3961380000000005
1.3970219999999998
1.3961380000000005
1.3970219999999998
1.3961380000000005
1.3970219999999998
1.3961380000000005
1.3970219999999998
1.3961380000000005
1.3970219999999998
1.3961380000000005
1.3970219999999998
1.3961380000000005
1.3970219999999998
1.3961380000000005
1.3970219999999998
1.3961380000000005
1.3970219999999998
1.3961380000000005
1.3970219999999998
1.3961380000000005
1.3970219999999998
1.3961380000000005
1.3970219999999998
1.3961380000000005
1.3970219999999998
1.3961380000000005
1.3970219999999998
1.3961380000000005
1.3970219999999998
1.3961380000000005
1.3970219999999998
1.3961380000000005
1.3970219999999998
1.3961380000000005
1.3970219999999998
1.3961380000000005
1.3970219999999998
1.3961380000000005
1.3970219999999998
1.3961380000000005
1.3970219999999998
1.3961380000000005
1.3970219999999998
1.3961380000000005
1.3970219999999998
1.3961380000000005
1.3970219999999998
1.3961380000000005
1.3970219999999998
1.3961380000000005
1.3970219999999998
1.3961380000000005
1.3970219999999998
1.3961380000000005
1.3970219999999998
1.3961380000000005
1.3970219999999998
1.3961380000000005
1.3970219999999998
1.3961380000000005
1.3970219999999998
1.3961380000000005
1.3970219999999998
1.3961380000000005
1.3970219999999998
1.3961380000000005
1.3970219999999998
1.3961380000000005
1.3970219999999998
1.3961380000000005
1.3970219999999998
1.3961380000000005
1.3970219999999998
1.3961380000000005
1.3970219999999998
1.3961380000000005
1.3970219999999998
1.3961380000000005
1.3970219999999998
1.3961380000000005
1.3970219999999998
1.3961380000000005
1.3970219999999998
1.3961380000000005
1.3970219999999998
1.3961380000000005
1.3970219999999998
1.3961380000000005
1.3970219999999998
1.3961380000000005
1.3970219999999998
1.3961380000000005
1.3970219999999998
1.3961380000000005
1.3970219999999998
1.3961380000000005
1.3970219999999998
1.3961380000000005
1.3970219999999998
1.3961380000000005
1.3970219999999998
1.3961380000000005
1.3970219999999998
1.3961380000000005
1.3970219999999998
1.3961380000000005
1.3970219999999998
1.3961380000000005
1.3970219999999998
1.3961380000000005
1.3970219999999998
1.3961380000000005
1.3970219999999998
1.3961380000000005
1.3970219999999998
1.3961380000000005
-1.3972480000000003
-1.395912
-1.3972480000000003
-1.395912
-1.3972480000000003
-1.395912
-1.3972480000000003
-1.395912
-1.3972480000000003
-1.395912
-1.3972480000000003
-1.395912
-1.3972480000000003
-1.395912
-1.3972480000000003
-1.395912
-1.3972480000000003
-1.395912
-1.3972480000000003
-1.395912
-1.3972480000000003
-1.395912
-1.3972480000000003
-1.395912
-1.3972480000000003
-1.395912
-1.3972480000000003
-1.395912
-1.3972480000000003
-1.395912
-1.3972480000000003
-1.395912
-1.3972480000000003
-1.395912
-1.3972480000000003
-1.395912
-1.3972480000000003
-1.395912
-1.3972480000000003
-1.395912
-1.3972480000000003
-1.395912
-1.3972480000000003
-1.395912
-1.3972480000000003
-1.395912
-1.3972480000000003
-1.395912
-1.3972480000000003
-1.395912
-1.3972480000000003
-1.395912
-1.3972480000000003
-1.395912
-1.3972480000000003
-1.395912
-1.3972480000000003
-1.395912
-1.3972480000000003
-1.395912
-1.3972480000000003
-1.395912
-1.3972480000000003
-1.395912
-1.3972480000000003
-1.395912
-1.3972480000000003
-1.395912
-1.3972480000000003
-1.395912
-1.3972480000000003
-1.395912
-1.3972480000000003
-1.395912
-1.3972480000000003
-1.395912
-1.3972480000000003
-1.395912
-1.3972480000000003
-1.395912
-1.3972480000000003
-1.395912
-1.3972480000000003
-1.395912
-1.3972480000000003
-1.395912
-1.3972480000000003
-1.395912
-1.3972480000000003
-1.395912
-1.3972480000000003
-1.395912
-1.3972480000000003
-1.395912
-1.3972480000000003
-1.395912
-1.3972480000000003
-1.395912
-1.3972480000000003
-1.395912
-1.3972480000000003
-1.395912
-1.3972480000000003
-1.395912
-1.3972480000000003
-1.395912
-1.3972480000000003
-1.395912
-1.3972480000000003
-1.395912
-1.3972480000000003
-1.395912
-1.3972480000000003
-1.395912
-1.3972480000000003
-1.395912
-1.3972480000000003
-1.395912
-1.3972480000000003
-1.395912
