1.249129
1.249129
1.249129
1.249129
1.249129
1.249129
1.249129
1.249129
1.249129
1.249129
1.249129
1.249129
1.249129
1.249129
1.249129
1.249129
1.249129
1.249129
1.249129
1.249129
1.249129
1.249129
1.249129
1.249129
1.249129
1.249129
1.249129
1.249129
1.249129
1.249129
1.249129
1.249129
1.249129
1.249129
1.249129
1.249129
1.249129
1.249129
1.249129
1.249129
1.249129
1.249129
1.249129
1.249129
1.249129
1.249129
1.249129
1.249129
1.249129
1.249129
1.249129
1.249129
1.249129
1.249129
1.249129
1.249129
1.249129
1.249129
1.249129
1.249129
1.249129
1.249129
1.249129
1.249129
1.249129
1.249129
1.249129
1.249129
1.249129
1.249129
1.249129
1.249129
1.249129
1.249129
1.249129
1.249129
1.249129
1.249129
1.249129
1.249129
1.249129
1.249129
1.249129
1.249129
1.249129
1.249129
1.249129
1.249129
1.249129
1.249129
-1.2491310000000002
-1.2491260000000004
-1.2491310000000002
-1.2491260000000004
-1.2491310000000002
-1.2491260000000004
-1.2491310000000002
-1.2491260000000004
-1.2491310000000002
-1.2491260000000004
-1.2491310000000002
-1.2491260000000004
-1.2491310000000002
-1.2491260000000004
-1.2491310000000002
-1.2491260000000004
-1.2491310000000002
-1.2491260000000004
-1.2491310000000002
-1.2491260000000004
-1.2491310000000002
-1.2491260000000004
-1.2491310000000002
-1.2491260000000004
-1.2491310000000002
-1.2491260000000004
-1.2491310000000002
-1.2491260000000004
-1.2491310000000002
-1.2491260000000004
-1.2491310000000002
-1.2491260000000004
-1.2491310000000002
-1.2491260000000004
-1.2491310000000002
-1.2491260000000004
-1.2491310000000002
-1.2491260000000004
-1.2491310000000002
-1.2491260000000004
-1.2491310000000002
-1.2491260000000004
-1.2491310000000002
-1.2491260000000004
-1.2491310000000002
-1.2491260000000004
-1.2491310000000002
-1.2491260000000004
-1.2491310000000002
-1.2491260000000004
-1.2491310000000002
-1.2491260000000004
-1.2491310000000002
-1.2491260000000004
-1.2491310000000002
-1.2491260000000004
-1.2491310000000002
-1.2491260000000004
-1.2491310000000002
-1.2491260000000004
-1.2491310000000002
-1.2491260000000004
-1.2491310000000002
-1.2491260000000004
-1.2491310000000002
-1.2491260000000004
-1.2491310000000002
-1.2491260000000004
-1.2491310000000002
-1.2491260000000004
-1.2491310000000002
-1.2491260000000004
-1.2491310000000002
-1.2491260000000004
-1.2491310000000002
-1.2491260000000004
-1.2491310000000002
-1.2491260000000004
-1.2491310000000002
-1.2491260000000004
-1.2491310000000002
-1.2491260000000004
-1.2491310000000002
-1.2491260000000004
-1.2491310000000002
-1.2491260000000004
-1.2491310000000002
-1.2491260000000004
-1.2491310000000002
-1.2491260000000004
