1.4132350000000002
1.4132350000000002
1.4132350000000002
1.4132350000000002
1.4132350000000002
1.4132350000000002
1.4132350000000002
1.4132350000000002
1.4132350000000002
1.4132350000000002
1.4132350000000002
1.4132350000000002
1.4132350000000002
1.4132350000000002
1.4132350000000002
1.4132350000000002
1.4132350000000002
1.4132350000000002
1.4132350000000002
1.4132350000000002
1.4132350000000002
1.4132350000000002
1.4132350000000002
1.4132350000000002
1.4132350000000002
1.4132350000000002
1.4132350000000002
1.4132350000000002
1.4132350000000002
1.4132350000000002
1.4132350000000002
1.4132350000000002
1.4132350000000002
1.4132350000000002
1.4132350000000002
1.4132350000000002
1.4132350000000002
1.4132350000000002
1.4132350000000002
1.4132350000000002
1.4132350000000002
1.4132350000000002
1.4132350000000002
1.4132350000000002
1.4132350000000002
1.4132350000000002
1.4132350000000002
1.4132350000000002
1.4132350000000002
1.4132350000000002
1.4132350000000002
1.4132350000000002
1.4132350000000002
1.4132350000000002
1.4132350000000002
1.4132350000000002
1.4132350000000002
1.4132350000000002
1.4132350000000002
1.4132350000000002
1.4132350000000002
1.4132350000000002
1.4132350000000002
1.4132350000000002
-1.413234
-1.413234
-1.413234
-1.413234
-1.413234
-1.413234
-1.413234
-1.413234
-1.413234
-1.413234
-1.413234
-1.413234
-1.413234
-1.413234
-1.413234
-1.413234
-1.413234
-1.413234
-1.413234
-1.413234
-1.413234
-1.413234
-1.413234
-1.413234
-1.413234
-1.413234
-1.413234
-1.413234
-1.413234
-1.413234
-1.413234
-1.413234
-1.413234
-1.413234
-1.413234
-1.413234
-1.413234
-1.413234
-1.413234
-1.413234
-1.413234
-1.413234
-1.413234
-1.413234
-1.413234
-1.413234
-1.413234
-1.413234
-1.413234
-1.413234
-1.413234
-1.413234
-1.413234
-1.413234
-1.413234
-1.413234
-1.413234
-1.413234
-1.413234
-1.413234
-1.413234
-1.413234
-1.413234
-1.413234
