1.4272950000000009
1.4272950000000009
1.4272950000000009
1.4272950000000009
1.4272950000000009
1.4272950000000009
1.4272950000000009
1.4272950000000009
1.4272950000000009
1.4272950000000009
1.4272950000000009
1.4272950000000009
1.4272950000000009
1.4272950000000009
1.4272950000000009
1.4272950000000009
1.4272950000000009
1.4272950000000009
1.4272950000000009
1.4272950000000009
1.4272950000000009
1.4272950000000009
1.4272950000000009
1.4272950000000009
1.4272950000000009
1.4272950000000009
1.4272950000000009
1.4272950000000009
1.4272950000000009
1.4272950000000009
1.4272950000000009
1.4272950000000009
1.4272950000000009
1.4272950000000009
1.4272950000000009
1.4272950000000009
1.4272950000000009
1.4272950000000009
1.4272950000000009
1.4272950000000009
1.4272950000000009
1.4272950000000009
1.4272950000000009
1.4272950000000009
1.4272950000000009
1.4272950000000009
1.4272950000000009
1.4272950000000009
1.4272950000000009
1.4272950000000009
1.4272950000000009
1.4272950000000009
1.4272950000000009
1.4272950000000009
-1.4272960000000001
-1.4272960000000001
-1.4272960000000001
-1.4272960000000001
-1.4272960000000001
-1.4272960000000001
-1.4272960000000001
-1.4272960000000001
-1.4272960000000001
-1.4272960000000001
-1.4272960000000001
-1.4272960000000001
-1.4272960000000001
-1.4272960000000001
-1.4272960000000001
-1.4272960000000001
-1.4272960000000001
-1.4272960000000001
-1.4272960000000001
-1.4272960000000001
-1.4272960000000001
-1.4272960000000001
-1.4272960000000001
-1.4272960000000001
-1.4272960000000001
-1.4272960000000001
-1.4272960000000001
-1.4272960000000001
-1.4272960000000001
-1.4272960000000001
-1.4272960000000001
-1.4272960000000001
-1.4272960000000001
-1.4272960000000001
-1.4272960000000001
-1.4272960000000001
-1.4272960000000001
-1.4272960000000001
-1.4272960000000001
-1.4272960000000001
-1.4272960000000001
-1.4272960000000001
-1.4272960000000001
-1.4272960000000001
-1.4272960000000001
-1.4272960000000001
-1.4272960000000001
-1.4272960000000001
-1.4272960000000001
-1.4272960000000001
-1.4272960000000001
-1.4272960000000001
-1.4272960000000001
-1.4272960000000001
