1.3820150000000009
1.3071929999999998
1.3820150000000009
1.3071929999999998
1.3820150000000009
1.3071929999999998
1.3820150000000009
1.3071929999999998
1.3820150000000009
1.3071929999999998
1.3820150000000009
1.3071929999999998
1.3820150000000009
1.3071929999999998
1.3820150000000009
1.3071929999999998
1.3820150000000009
1.3071929999999998
1.3820150000000009
1.3071929999999998
1.3820150000000009
1.3071929999999998
1.3820150000000009
1.3071929999999998
1.3820150000000009
1.3071929999999998
1.3820150000000009
1.3071929999999998
1.3820150000000009
1.3071929999999998
1.3820150000000009
1.3071929999999998
1.3820150000000009
1.3071929999999998
1.3820150000000009
1.3071929999999998
1.3820150000000009
1.3071929999999998
1.3820150000000009
1.3071929999999998
1.3820150000000009
1.3071929999999998
1.3820150000000009
1.3071929999999998
1.3820150000000009
1.3071929999999998
1.3820150000000009
1.3071929999999998
1.3820150000000009
1.3071929999999998
1.3820150000000009
1.3071929999999998
1.3820150000000009
1.3071929999999998
1.3820150000000009
1.3071929999999998
1.3820150000000009
1.3071929999999998
1.3820150000000009
1.3071929999999998
1.3820150000000009
1.3071929999999998
1.3820150000000009
1.3071929999999998
1.3820150000000009
1.3071929999999998
1.3820150000000009
1.3071929999999998
1.3820150000000009
1.3071929999999998
1.3820150000000009
1.3071929999999998
1.3820150000000009
1.3071929999999998
1.3820150000000009
1.3071929999999998
1.3820150000000009
1.3071929999999998
1.3820150000000009
1.3071929999999998
1.3820150000000009
1.3071929999999998
1.3820150000000009
1.3071929999999998
1.3820150000000009
1.3071929999999998
1.3820150000000009
1.3071929999999998
1.3820150000000009
1.3071929999999998
1.3820150000000009
1.3071929999999998
1.3820150000000009
1.3071929999999998
1.3820150000000009
1.3071929999999998
-1.3636869999999996
-1.3255220000000003
-1.3636869999999996
-1.3255220000000003
-1.3636869999999996
-1.3255220000000003
-1.3636869999999996
-1.3255220000000003
-1.3636869999999996
-1.3255220000000003
-1.3636869999999996
-1.3255220000000003
-1.3636869999999996
-1.3255220000000003
-1.3636869999999996
-1.3255220000000003
-1.3636869999999996
-1.3255220000000003
-1.3636869999999996
-1.3255220000000003
-1.3636869999999996
-1.3255220000000003
-1.3636869999999996
-1.3255220000000003
-1.3636869999999996
-1.3255220000000003
-1.3636869999999996
-1.3255220000000003
-1.3636869999999996
-1.3255220000000003
-1.3636869999999996
-1.3255220000000003
-1.3636869999999996
-1.3255220000000003
-1.3636869999999996
-1.3255220000000003
-1.3636869999999996
-1.3255220000000003
-1.3636869999999996
-1.3255220000000003
-1.3636869999999996
-1.3255220000000003
-1.3636869999999996
-1.3255220000000003
-1.3636869999999996
-1.3255220000000003
-1.3636869999999996
-1.3255220000000003
-1.3636869999999996
-1.3255220000000003
-1.3636869999999996
-1.3255220000000003
-1.3636869999999996
-1.3255220000000003
-1.3636869999999996
-1.3255220000000003
-1.3636869999999996
-1.3255220000000003
-1.3636869999999996
-1.3255220000000003
-1.3636869999999996
-1.3255220000000003
-1.3636869999999996
-1.3255220000000003
-1.3636869999999996
-1.3255220000000003
-1.3636869999999996
-1.3255220000000003
-1.3636869999999996
-1.3255220000000003
-1.3636869999999996
-1.3255220000000003
-1.3636869999999996
-1.3255220000000003
-1.3636869999999996
-1.3255220000000003
-1.3636869999999996
-1.3255220000000003
-1.3636869999999996
-1.3255220000000003
-1.3636869999999996
-1.3255220000000003
-1.3636869999999996
-1.3255220000000003
-1.3636869999999996
-1.3255220000000003
-1.3636869999999996
-1.3255220000000003
-1.3636869999999996
-1.3255220000000003
-1.3636869999999996
-1.3255220000000003
-1.3636869999999996
-1.3255220000000003
-1.3636869999999996
-1.3255220000000003
