1.2232020000000006
1.2232020000000006
1.2232020000000006
1.2232020000000006
1.2232020000000006
1.2232020000000006
1.2232020000000006
1.2232020000000006
1.2232020000000006
1.2232020000000006
1.2232020000000006
1.2232020000000006
1.2232020000000006
1.2232020000000006
1.2232020000000006
1.2232020000000006
1.2232020000000006
1.2232020000000006
1.2232020000000006
1.2232020000000006
1.2232020000000006
1.2232020000000006
1.2232020000000006
1.2232020000000006
1.2232020000000006
1.2232020000000006
1.2232020000000006
-1.223204
-1.223204
-1.223204
-1.223204
-1.223204
-1.223204
-1.223204
-1.223204
-1.223204
-1.223204
-1.223204
-1.223204
-1.223204
-1.223204
-1.223204
-1.223204
-1.223204
-1.223204
-1.223204
-1.223204
-1.223204
-1.223204
-1.223204
-1.223204
-1.223204
-1.223204
-1.223204
