1.3987339999999993
1.4230979999999995
1.4149650000000005
1.41371
1.3987339999999993
1.4230979999999995
1.4149650000000005
1.41371
1.3987339999999993
1.4230979999999995
1.4149650000000005
1.41371
1.3987339999999993
1.4230979999999995
1.4149650000000005
1.41371
1.3987339999999993
1.4230979999999995
1.4149650000000005
1.41371
1.3987339999999993
1.4230979999999995
1.4149650000000005
1.41371
1.3987339999999993
1.4230979999999995
1.4149650000000005
1.41371
1.3987339999999993
1.4230979999999995
1.4149650000000005
1.41371
1.3987339999999993
1.4230979999999995
1.4149650000000005
1.41371
1.3987339999999993
1.4230979999999995
1.4149650000000005
1.41371
1.3987339999999993
1.4230979999999995
1.4149650000000005
1.41371
1.3987339999999993
1.4230979999999995
1.4149650000000005
1.41371
1.3987339999999993
1.4230979999999995
1.4149650000000005
1.41371
1.3987339999999993
1.4230979999999995
1.4149650000000005
1.41371
1.3987339999999993
1.4230979999999995
1.4149650000000005
1.41371
1.3987339999999993
1.4230979999999995
1.4149650000000005
1.41371
1.3987339999999993
1.4230979999999995
1.4149650000000005
1.41371
1.3987339999999993
1.4230979999999995
1.4149650000000005
1.41371
1.3987339999999993
1.4230979999999995
1.4149650000000005
1.41371
1.3987339999999993
1.4230979999999995
1.4149650000000005
1.41371
1.3987339999999993
1.4230979999999995
1.4149650000000005
1.41371
1.3987339999999993
1.4230979999999995
1.4149650000000005
1.41371
1.3987339999999993
1.4230979999999995
1.4149650000000005
1.41371
1.3987339999999993
1.4230979999999995
1.4149650000000005
1.41371
1.3987339999999993
1.4230979999999995
1.4149650000000005
1.41371
1.3987339999999993
1.4230979999999995
1.4149650000000005
1.41371
1.3987339999999993
1.4230979999999995
1.4149650000000005
1.41371
1.3987339999999993
1.4230979999999995
1.4149650000000005
1.41371
1.3987339999999993
1.4230979999999995
1.4149650000000005
1.41371
1.3987339999999993
1.4230979999999995
1.4149650000000005
1.41371
1.3987339999999993
1.4230979999999995
1.4149650000000005
1.41371
1.3987339999999993
1.4230979999999995
1.4149650000000005
1.41371
1.3987339999999993
1.4230979999999995
1.4149650000000005
1.41371
1.3987339999999993
1.4230979999999995
1.4149650000000005
1.41371
1.3987339999999993
1.4230979999999995
1.4149650000000005
1.41371
1.3987339999999993
1.4230979999999995
1.4149650000000005
1.41371
1.3987339999999993
1.4230979999999995
1.4149650000000005
1.41371
1.3987339999999993
1.4230979999999995
1.4149650000000005
1.41371
1.3987339999999993
1.4230979999999995
1.4149650000000005
1.41371
1.3987339999999993
1.4230979999999995
1.4149650000000005
1.41371
1.3987339999999993
1.4230979999999995
1.4149650000000005
1.41371
1.3987339999999993
1.4230979999999995
1.4149650000000005
1.41371
1.3987339999999993
1.4230979999999995
1.4149650000000005
1.41371
1.3987339999999993
1.4230979999999995
1.4149650000000005
1.41371
1.3987339999999993
1.4230979999999995
1.4149650000000005
1.41371
1.3987339999999993
1.4230979999999995
1.4149650000000005
1.41371
1.3987339999999993
1.4230979999999995
1.4149650000000005
1.41371
1.3987339999999993
1.4230979999999995
1.4149650000000005
1.41371
-1.4151680000000004
-1.4116080000000002
-1.4113749999999996
-1.4123549999999998
-1.4151680000000004
-1.4116080000000002
-1.4113749999999996
-1.4123549999999998
-1.4151680000000004
-1.4116080000000002
-1.4113749999999996
-1.4123549999999998
-1.4151680000000004
-1.4116080000000002
-1.4113749999999996
-1.4123549999999998
-1.4151680000000004
-1.4116080000000002
-1.4113749999999996
-1.4123549999999998
-1.4151680000000004
-1.4116080000000002
-1.4113749999999996
-1.4123549999999998
-1.4151680000000004
-1.4116080000000002
-1.4113749999999996
-1.4123549999999998
-1.4151680000000004
-1.4116080000000002
-1.4113749999999996
-1.4123549999999998
-1.4151680000000004
-1.4116080000000002
-1.4113749999999996
-1.4123549999999998
-1.4151680000000004
-1.4116080000000002
-1.4113749999999996
-1.4123549999999998
-1.4151680000000004
-1.4116080000000002
-1.4113749999999996
-1.4123549999999998
-1.4151680000000004
-1.4116080000000002
-1.4113749999999996
-1.4123549999999998
-1.4151680000000004
-1.4116080000000002
-1.4113749999999996
-1.4123549999999998
-1.4151680000000004
-1.4116080000000002
-1.4113749999999996
-1.4123549999999998
-1.4151680000000004
-1.4116080000000002
-1.4113749999999996
-1.4123549999999998
-1.4151680000000004
-1.4116080000000002
-1.4113749999999996
-1.4123549999999998
-1.4151680000000004
-1.4116080000000002
-1.4113749999999996
-1.4123549999999998
-1.4151680000000004
-1.4116080000000002
-1.4113749999999996
-1.4123549999999998
-1.4151680000000004
-1.4116080000000002
-1.4113749999999996
-1.4123549999999998
-1.4151680000000004
-1.4116080000000002
-1.4113749999999996
-1.4123549999999998
-1.4151680000000004
-1.4116080000000002
-1.4113749999999996
-1.4123549999999998
-1.4151680000000004
-1.4116080000000002
-1.4113749999999996
-1.4123549999999998
-1.4151680000000004
-1.4116080000000002
-1.4113749999999996
-1.4123549999999998
-1.4151680000000004
-1.4116080000000002
-1.4113749999999996
-1.4123549999999998
-1.4151680000000004
-1.4116080000000002
-1.4113749999999996
-1.4123549999999998
-1.4151680000000004
-1.4116080000000002
-1.4113749999999996
-1.4123549999999998
-1.4151680000000004
-1.4116080000000002
-1.4113749999999996
-1.4123549999999998
-1.4151680000000004
-1.4116080000000002
-1.4113749999999996
-1.4123549999999998
-1.4151680000000004
-1.4116080000000002
-1.4113749999999996
-1.4123549999999998
-1.4151680000000004
-1.4116080000000002
-1.4113749999999996
-1.4123549999999998
-1.4151680000000004
-1.4116080000000002
-1.4113749999999996
-1.4123549999999998
-1.4151680000000004
-1.4116080000000002
-1.4113749999999996
-1.4123549999999998
-1.4151680000000004
-1.4116080000000002
-1.4113749999999996
-1.4123549999999998
-1.4151680000000004
-1.4116080000000002
-1.4113749999999996
-1.4123549999999998
-1.4151680000000004
-1.4116080000000002
-1.4113749999999996
-1.4123549999999998
-1.4151680000000004
-1.4116080000000002
-1.4113749999999996
-1.4123549999999998
-1.4151680000000004
-1.4116080000000002
-1.4113749999999996
-1.4123549999999998
-1.4151680000000004
-1.4116080000000002
-1.4113749999999996
-1.4123549999999998
-1.4151680000000004
-1.4116080000000002
-1.4113749999999996
-1.4123549999999998
-1.4151680000000004
-1.4116080000000002
-1.4113749999999996
-1.4123549999999998
-1.4151680000000004
-1.4116080000000002
-1.4113749999999996
-1.4123549999999998
-1.4151680000000004
-1.4116080000000002
-1.4113749999999996
-1.4123549999999998
-1.4151680000000004
-1.4116080000000002
-1.4113749999999996
-1.4123549999999998
-1.4151680000000004
-1.4116080000000002
-1.4113749999999996
-1.4123549999999998
-1.4151680000000004
-1.4116080000000002
-1.4113749999999996
-1.4123549999999998
-1.4151680000000004
-1.4116080000000002
-1.4113749999999996
-1.4123549999999998
-1.4151680000000004
-1.4116080000000002
-1.4113749999999996
-1.4123549999999998
-1.4151680000000004
-1.4116080000000002
-1.4113749999999996
-1.4123549999999998
