1.2403289999999991
1.2662630000000004
1.2403289999999991
1.2662630000000004
1.2403289999999991
1.2662630000000004
1.2403289999999991
1.2662630000000004
1.2403289999999991
1.2662630000000004
1.2403289999999991
1.2662630000000004
1.2403289999999991
1.2662630000000004
1.2403289999999991
1.2662630000000004
1.2403289999999991
1.2662630000000004
1.2403289999999991
1.2662630000000004
1.2403289999999991
1.2662630000000004
1.2403289999999991
1.2662630000000004
1.2403289999999991
1.2662630000000004
1.2403289999999991
1.2662630000000004
1.2403289999999991
1.2662630000000004
1.2403289999999991
1.2662630000000004
1.2403289999999991
1.2662630000000004
1.2403289999999991
1.2662630000000004
1.2403289999999991
1.2662630000000004
1.2403289999999991
1.2662630000000004
1.2403289999999991
1.2662630000000004
1.2403289999999991
1.2662630000000004
1.2403289999999991
1.2662630000000004
1.2403289999999991
1.2662630000000004
1.2403289999999991
1.2662630000000004
1.2403289999999991
1.2662630000000004
1.2403289999999991
1.2662630000000004
1.2403289999999991
1.2662630000000004
1.2403289999999991
1.2662630000000004
1.2403289999999991
1.2662630000000004
1.2403289999999991
1.2662630000000004
1.2403289999999991
1.2662630000000004
1.2403289999999991
1.2662630000000004
1.2403289999999991
1.2662630000000004
1.2403289999999991
1.2662630000000004
1.2403289999999991
1.2662630000000004
1.2403289999999991
1.2662630000000004
1.2403289999999991
1.2662630000000004
1.2403289999999991
1.2662630000000004
1.2403289999999991
1.2662630000000004
1.2403289999999991
1.2662630000000004
1.2403289999999991
1.2662630000000004
1.2403289999999991
1.2662630000000004
1.2403289999999991
1.2662630000000004
1.2403289999999991
1.2662630000000004
1.2403289999999991
1.2662630000000004
1.2403289999999991
1.2662630000000004
1.2403289999999991
1.2662630000000004
1.2403289999999991
1.2662630000000004
1.2403289999999991
1.2662630000000004
1.2403289999999991
1.2662630000000004
1.2403289999999991
1.2662630000000004
1.2403289999999991
1.2662630000000004
1.2403289999999991
1.2662630000000004
-1.2576710000000002
-1.2489210000000002
-1.2576710000000002
-1.2489210000000002
-1.2576710000000002
-1.2489210000000002
-1.2576710000000002
-1.2489210000000002
-1.2576710000000002
-1.2489210000000002
-1.2576710000000002
-1.2489210000000002
-1.2576710000000002
-1.2489210000000002
-1.2576710000000002
-1.2489210000000002
-1.2576710000000002
-1.2489210000000002
-1.2576710000000002
-1.2489210000000002
-1.2576710000000002
-1.2489210000000002
-1.2576710000000002
-1.2489210000000002
-1.2576710000000002
-1.2489210000000002
-1.2576710000000002
-1.2489210000000002
-1.2576710000000002
-1.2489210000000002
-1.2576710000000002
-1.2489210000000002
-1.2576710000000002
-1.2489210000000002
-1.2576710000000002
-1.2489210000000002
-1.2576710000000002
-1.2489210000000002
-1.2576710000000002
-1.2489210000000002
-1.2576710000000002
-1.2489210000000002
-1.2576710000000002
-1.2489210000000002
-1.2576710000000002
-1.2489210000000002
-1.2576710000000002
-1.2489210000000002
-1.2576710000000002
-1.2489210000000002
-1.2576710000000002
-1.2489210000000002
-1.2576710000000002
-1.2489210000000002
-1.2576710000000002
-1.2489210000000002
-1.2576710000000002
-1.2489210000000002
-1.2576710000000002
-1.2489210000000002
-1.2576710000000002
-1.2489210000000002
-1.2576710000000002
-1.2489210000000002
-1.2576710000000002
-1.2489210000000002
-1.2576710000000002
-1.2489210000000002
-1.2576710000000002
-1.2489210000000002
-1.2576710000000002
-1.2489210000000002
-1.2576710000000002
-1.2489210000000002
-1.2576710000000002
-1.2489210000000002
-1.2576710000000002
-1.2489210000000002
-1.2576710000000002
-1.2489210000000002
-1.2576710000000002
-1.2489210000000002
-1.2576710000000002
-1.2489210000000002
-1.2576710000000002
-1.2489210000000002
-1.2576710000000002
-1.2489210000000002
-1.2576710000000002
-1.2489210000000002
-1.2576710000000002
-1.2489210000000002
-1.2576710000000002
-1.2489210000000002
-1.2576710000000002
-1.2489210000000002
-1.2576710000000002
-1.2489210000000002
-1.2576710000000002
-1.2489210000000002
-1.2576710000000002
-1.2489210000000002
-1.2576710000000002
-1.2489210000000002
-1.2576710000000002
-1.2489210000000002
-1.2576710000000002
-1.2489210000000002
