1.4442249999999994
1.4453029999999991
1.4462539999999997
1.4448860000000003
1.4442249999999994
1.4453029999999991
1.4462539999999997
1.4448860000000003
1.4442249999999994
1.4453029999999991
1.4462539999999997
1.4448860000000003
1.4442249999999994
1.4453029999999991
1.4462539999999997
1.4448860000000003
1.4442249999999994
1.4453029999999991
1.4462539999999997
1.4448860000000003
1.4442249999999994
1.4453029999999991
1.4462539999999997
1.4448860000000003
1.4442249999999994
1.4453029999999991
1.4462539999999997
1.4448860000000003
1.4442249999999994
1.4453029999999991
1.4462539999999997
1.4448860000000003
1.4442249999999994
1.4453029999999991
1.4462539999999997
1.4448860000000003
1.4442249999999994
1.4453029999999991
1.4462539999999997
1.4448860000000003
1.4442249999999994
1.4453029999999991
1.4462539999999997
1.4448860000000003
1.4442249999999994
1.4453029999999991
1.4462539999999997
1.4448860000000003
1.4442249999999994
1.4453029999999991
1.4462539999999997
1.4448860000000003
1.4442249999999994
1.4453029999999991
1.4462539999999997
1.4448860000000003
1.4442249999999994
1.4453029999999991
1.4462539999999997
1.4448860000000003
1.4442249999999994
1.4453029999999991
1.4462539999999997
1.4448860000000003
1.4442249999999994
1.4453029999999991
1.4462539999999997
1.4448860000000003
1.4442249999999994
1.4453029999999991
1.4462539999999997
1.4448860000000003
1.4442249999999994
1.4453029999999991
1.4462539999999997
1.4448860000000003
1.4442249999999994
1.4453029999999991
1.4462539999999997
1.4448860000000003
1.4442249999999994
1.4453029999999991
1.4462539999999997
1.4448860000000003
1.4442249999999994
1.4453029999999991
1.4462539999999997
1.4448860000000003
1.4442249999999994
1.4453029999999991
1.4462539999999997
1.4448860000000003
1.4442249999999994
1.4453029999999991
1.4462539999999997
1.4448860000000003
1.4442249999999994
1.4453029999999991
1.4462539999999997
1.4448860000000003
1.4442249999999994
1.4453029999999991
1.4462539999999997
1.4448860000000003
1.4442249999999994
1.4453029999999991
1.4462539999999997
1.4448860000000003
-1.4446940000000001
-1.4450779999999996
-1.4451460000000003
-1.445748
-1.4446940000000001
-1.4450779999999996
-1.4451460000000003
-1.445748
-1.4446940000000001
-1.4450779999999996
-1.4451460000000003
-1.445748
-1.4446940000000001
-1.4450779999999996
-1.4451460000000003
-1.445748
-1.4446940000000001
-1.4450779999999996
-1.4451460000000003
-1.445748
-1.4446940000000001
-1.4450779999999996
-1.4451460000000003
-1.445748
-1.4446940000000001
-1.4450779999999996
-1.4451460000000003
-1.445748
-1.4446940000000001
-1.4450779999999996
-1.4451460000000003
-1.445748
-1.4446940000000001
-1.4450779999999996
-1.4451460000000003
-1.445748
-1.4446940000000001
-1.4450779999999996
-1.4451460000000003
-1.445748
-1.4446940000000001
-1.4450779999999996
-1.4451460000000003
-1.445748
-1.4446940000000001
-1.4450779999999996
-1.4451460000000003
-1.445748
-1.4446940000000001
-1.4450779999999996
-1.4451460000000003
-1.445748
-1.4446940000000001
-1.4450779999999996
-1.4451460000000003
-1.445748
-1.4446940000000001
-1.4450779999999996
-1.4451460000000003
-1.445748
-1.4446940000000001
-1.4450779999999996
-1.4451460000000003
-1.445748
-1.4446940000000001
-1.4450779999999996
-1.4451460000000003
-1.445748
-1.4446940000000001
-1.4450779999999996
-1.4451460000000003
-1.445748
-1.4446940000000001
-1.4450779999999996
-1.4451460000000003
-1.445748
-1.4446940000000001
-1.4450779999999996
-1.4451460000000003
-1.445748
-1.4446940000000001
-1.4450779999999996
-1.4451460000000003
-1.445748
-1.4446940000000001
-1.4450779999999996
-1.4451460000000003
-1.445748
-1.4446940000000001
-1.4450779999999996
-1.4451460000000003
-1.445748
-1.4446940000000001
-1.4450779999999996
-1.4451460000000003
-1.445748
-1.4446940000000001
-1.4450779999999996
-1.4451460000000003
-1.445748
-1.4446940000000001
-1.4450779999999996
-1.4451460000000003
-1.445748
-1.4446940000000001
-1.4450779999999996
-1.4451460000000003
-1.445748
