1.3752379999999995
1.3785729999999994
1.3752379999999995
1.3785729999999994
1.3752379999999995
1.3785729999999994
1.3752379999999995
1.3785729999999994
1.3752379999999995
1.3785729999999994
1.3752379999999995
1.3785729999999994
1.3752379999999995
1.3785729999999994
1.3752379999999995
1.3785729999999994
1.3752379999999995
1.3785729999999994
1.3752379999999995
1.3785729999999994
1.3752379999999995
1.3785729999999994
1.3752379999999995
1.3785729999999994
1.3752379999999995
1.3785729999999994
1.3752379999999995
1.3785729999999994
1.3752379999999995
1.3785729999999994
1.3752379999999995
1.3785729999999994
1.3752379999999995
1.3785729999999994
1.3752379999999995
1.3785729999999994
1.3752379999999995
1.3785729999999994
1.3752379999999995
1.3785729999999994
1.3752379999999995
1.3785729999999994
1.3752379999999995
1.3785729999999994
1.3752379999999995
1.3785729999999994
1.3752379999999995
1.3785729999999994
1.3752379999999995
1.3785729999999994
1.3752379999999995
1.3785729999999994
1.3752379999999995
1.3785729999999994
1.3752379999999995
1.3785729999999994
1.3752379999999995
1.3785729999999994
1.3752379999999995
1.3785729999999994
1.3752379999999995
1.3785729999999994
1.3752379999999995
1.3785729999999994
1.3752379999999995
1.3785729999999994
1.3752379999999995
1.3785729999999994
1.3752379999999995
1.3785729999999994
1.3752379999999995
1.3785729999999994
1.3752379999999995
1.3785729999999994
1.3752379999999995
1.3785729999999994
1.3752379999999995
1.3785729999999994
1.3752379999999995
1.3785729999999994
1.3752379999999995
1.3785729999999994
1.3752379999999995
1.3785729999999994
1.3752379999999995
1.3785729999999994
1.3752379999999995
1.3785729999999994
1.3752379999999995
1.3785729999999994
1.3752379999999995
1.3785729999999994
1.3752379999999995
1.3785729999999994
1.3752379999999995
1.3785729999999994
1.3752379999999995
1.3785729999999994
1.3752379999999995
1.3785729999999994
1.3752379999999995
1.3785729999999994
1.3752379999999995
1.3785729999999994
1.3752379999999995
1.3785729999999994
1.3752379999999995
1.3785729999999994
1.3752379999999995
1.3785729999999994
1.3752379999999995
1.3785729999999994
1.3752379999999995
1.3785729999999994
1.3752379999999995
1.3785729999999994
1.3752379999999995
1.3785729999999994
1.3752379999999995
1.3785729999999994
-1.378019
-1.3757919999999997
-1.378019
-1.3757919999999997
-1.378019
-1.3757919999999997
-1.378019
-1.3757919999999997
-1.378019
-1.3757919999999997
-1.378019
-1.3757919999999997
-1.378019
-1.3757919999999997
-1.378019
-1.3757919999999997
-1.378019
-1.3757919999999997
-1.378019
-1.3757919999999997
-1.378019
-1.3757919999999997
-1.378019
-1.3757919999999997
-1.378019
-1.3757919999999997
-1.378019
-1.3757919999999997
-1.378019
-1.3757919999999997
-1.378019
-1.3757919999999997
-1.378019
-1.3757919999999997
-1.378019
-1.3757919999999997
-1.378019
-1.3757919999999997
-1.378019
-1.3757919999999997
-1.378019
-1.3757919999999997
-1.378019
-1.3757919999999997
-1.378019
-1.3757919999999997
-1.378019
-1.3757919999999997
-1.378019
-1.3757919999999997
-1.378019
-1.3757919999999997
-1.378019
-1.3757919999999997
-1.378019
-1.3757919999999997
-1.378019
-1.3757919999999997
-1.378019
-1.3757919999999997
-1.378019
-1.3757919999999997
-1.378019
-1.3757919999999997
-1.378019
-1.3757919999999997
-1.378019
-1.3757919999999997
-1.378019
-1.3757919999999997
-1.378019
-1.3757919999999997
-1.378019
-1.3757919999999997
-1.378019
-1.3757919999999997
-1.378019
-1.3757919999999997
-1.378019
-1.3757919999999997
-1.378019
-1.3757919999999997
-1.378019
-1.3757919999999997
-1.378019
-1.3757919999999997
-1.378019
-1.3757919999999997
-1.378019
-1.3757919999999997
-1.378019
-1.3757919999999997
-1.378019
-1.3757919999999997
-1.378019
-1.3757919999999997
-1.378019
-1.3757919999999997
-1.378019
-1.3757919999999997
-1.378019
-1.3757919999999997
-1.378019
-1.3757919999999997
-1.378019
-1.3757919999999997
-1.378019
-1.3757919999999997
-1.378019
-1.3757919999999997
-1.378019
-1.3757919999999997
-1.378019
-1.3757919999999997
-1.378019
-1.3757919999999997
-1.378019
-1.3757919999999997
-1.378019
-1.3757919999999997
