1.364656
1.3245550000000001
1.364656
1.3245550000000001
1.364656
1.3245550000000001
1.364656
1.3245550000000001
1.364656
1.3245550000000001
1.364656
1.3245550000000001
1.364656
1.3245550000000001
1.364656
1.3245550000000001
1.364656
1.3245550000000001
1.364656
1.3245550000000001
1.364656
1.3245550000000001
1.364656
1.3245550000000001
1.364656
1.3245550000000001
1.364656
1.3245550000000001
1.364656
1.3245550000000001
1.364656
1.3245550000000001
1.364656
1.3245550000000001
1.364656
1.3245550000000001
1.364656
1.3245550000000001
1.364656
1.3245550000000001
1.364656
1.3245550000000001
1.364656
1.3245550000000001
1.364656
1.3245550000000001
1.364656
1.3245550000000001
1.364656
1.3245550000000001
1.364656
1.3245550000000001
1.364656
1.3245550000000001
1.364656
1.3245550000000001
1.364656
1.3245550000000001
1.364656
1.3245550000000001
1.364656
1.3245550000000001
1.364656
1.3245550000000001
1.364656
1.3245550000000001
1.364656
1.3245550000000001
1.364656
1.3245550000000001
1.364656
1.3245550000000001
1.364656
1.3245550000000001
1.364656
1.3245550000000001
1.364656
1.3245550000000001
1.364656
1.3245550000000001
1.364656
1.3245550000000001
1.364656
1.3245550000000001
1.364656
1.3245550000000001
1.364656
1.3245550000000001
1.364656
1.3245550000000001
1.364656
1.3245550000000001
1.364656
1.3245550000000001
1.364656
1.3245550000000001
1.364656
1.3245550000000001
1.364656
1.3245550000000001
1.364656
1.3245550000000001
1.364656
1.3245550000000001
1.364656
1.3245550000000001
1.364656
1.3245550000000001
1.364656
1.3245550000000001
1.364656
1.3245550000000001
1.364656
1.3245550000000001
1.364656
1.3245550000000001
1.364656
1.3245550000000001
1.364656
1.3245550000000001
-1.3410089999999997
-1.3482019999999997
-1.3410089999999997
-1.3482019999999997
-1.3410089999999997
-1.3482019999999997
-1.3410089999999997
-1.3482019999999997
-1.3410089999999997
-1.3482019999999997
-1.3410089999999997
-1.3482019999999997
-1.3410089999999997
-1.3482019999999997
-1.3410089999999997
-1.3482019999999997
-1.3410089999999997
-1.3482019999999997
-1.3410089999999997
-1.3482019999999997
-1.3410089999999997
-1.3482019999999997
-1.3410089999999997
-1.3482019999999997
-1.3410089999999997
-1.3482019999999997
-1.3410089999999997
-1.3482019999999997
-1.3410089999999997
-1.3482019999999997
-1.3410089999999997
-1.3482019999999997
-1.3410089999999997
-1.3482019999999997
-1.3410089999999997
-1.3482019999999997
-1.3410089999999997
-1.3482019999999997
-1.3410089999999997
-1.3482019999999997
-1.3410089999999997
-1.3482019999999997
-1.3410089999999997
-1.3482019999999997
-1.3410089999999997
-1.3482019999999997
-1.3410089999999997
-1.3482019999999997
-1.3410089999999997
-1.3482019999999997
-1.3410089999999997
-1.3482019999999997
-1.3410089999999997
-1.3482019999999997
-1.3410089999999997
-1.3482019999999997
-1.3410089999999997
-1.3482019999999997
-1.3410089999999997
-1.3482019999999997
-1.3410089999999997
-1.3482019999999997
-1.3410089999999997
-1.3482019999999997
-1.3410089999999997
-1.3482019999999997
-1.3410089999999997
-1.3482019999999997
-1.3410089999999997
-1.3482019999999997
-1.3410089999999997
-1.3482019999999997
-1.3410089999999997
-1.3482019999999997
-1.3410089999999997
-1.3482019999999997
-1.3410089999999997
-1.3482019999999997
-1.3410089999999997
-1.3482019999999997
-1.3410089999999997
-1.3482019999999997
-1.3410089999999997
-1.3482019999999997
-1.3410089999999997
-1.3482019999999997
-1.3410089999999997
-1.3482019999999997
-1.3410089999999997
-1.3482019999999997
-1.3410089999999997
-1.3482019999999997
-1.3410089999999997
-1.3482019999999997
-1.3410089999999997
-1.3482019999999997
-1.3410089999999997
-1.3482019999999997
-1.3410089999999997
-1.3482019999999997
-1.3410089999999997
-1.3482019999999997
-1.3410089999999997
-1.3482019999999997
-1.3410089999999997
-1.3482019999999997
-1.3410089999999997
-1.3482019999999997
-1.3410089999999997
-1.3482019999999997
-1.3410089999999997
-1.3482019999999997
-1.3410089999999997
-1.3482019999999997
-1.3410089999999997
-1.3482019999999997
-1.3410089999999997
-1.3482019999999997
-1.3410089999999997
-1.3482019999999997
