1.4187270000000005
1.4187270000000005
1.4187270000000005
1.4187270000000005
1.4187270000000005
1.4187270000000005
1.4187270000000005
1.4187270000000005
1.4187270000000005
1.4187270000000005
1.4187270000000005
1.4187270000000005
1.4187270000000005
1.4187270000000005
1.4187270000000005
1.4187270000000005
1.4187270000000005
1.4187270000000005
1.4187270000000005
1.4187270000000005
1.4187270000000005
1.4187270000000005
1.4187270000000005
1.4187270000000005
1.4187270000000005
1.4187270000000005
1.4187270000000005
1.4187270000000005
1.4187270000000005
1.4187270000000005
1.4187270000000005
1.4187270000000005
1.4187270000000005
1.4187270000000005
1.4187270000000005
1.4187270000000005
1.4187270000000005
1.4187270000000005
1.4187270000000005
1.4187270000000005
1.4187270000000005
1.4187270000000005
1.4187270000000005
1.4187270000000005
1.4187270000000005
1.4187270000000005
1.4187270000000005
1.4187270000000005
1.4187270000000005
1.4187270000000005
1.4187270000000005
1.4187270000000005
1.4187270000000005
1.4187270000000005
1.4187270000000005
1.4187270000000005
1.4187270000000005
1.4187270000000005
1.4187270000000005
1.4187270000000005
1.4187270000000005
1.4187270000000005
1.4187270000000005
1.4187270000000005
-1.4187260000000004
-1.4187260000000004
-1.4187260000000004
-1.4187260000000004
-1.4187260000000004
-1.4187260000000004
-1.4187260000000004
-1.4187260000000004
-1.4187260000000004
-1.4187260000000004
-1.4187260000000004
-1.4187260000000004
-1.4187260000000004
-1.4187260000000004
-1.4187260000000004
-1.4187260000000004
-1.4187260000000004
-1.4187260000000004
-1.4187260000000004
-1.4187260000000004
-1.4187260000000004
-1.4187260000000004
-1.4187260000000004
-1.4187260000000004
-1.4187260000000004
-1.4187260000000004
-1.4187260000000004
-1.4187260000000004
-1.4187260000000004
-1.4187260000000004
-1.4187260000000004
-1.4187260000000004
-1.4187260000000004
-1.4187260000000004
-1.4187260000000004
-1.4187260000000004
-1.4187260000000004
-1.4187260000000004
-1.4187260000000004
-1.4187260000000004
-1.4187260000000004
-1.4187260000000004
-1.4187260000000004
-1.4187260000000004
-1.4187260000000004
-1.4187260000000004
-1.4187260000000004
-1.4187260000000004
-1.4187260000000004
-1.4187260000000004
-1.4187260000000004
-1.4187260000000004
-1.4187260000000004
-1.4187260000000004
-1.4187260000000004
-1.4187260000000004
-1.4187260000000004
-1.4187260000000004
-1.4187260000000004
-1.4187260000000004
-1.4187260000000004
-1.4187260000000004
-1.4187260000000004
-1.4187260000000004
