1.3831629999999997
1.3760589999999997
1.3831629999999997
1.3760589999999997
1.3831629999999997
1.3760589999999997
1.3831629999999997
1.3760589999999997
1.3831629999999997
1.3760589999999997
1.3831629999999997
1.3760589999999997
1.3831629999999997
1.3760589999999997
1.3831629999999997
1.3760589999999997
1.3831629999999997
1.3760589999999997
1.3831629999999997
1.3760589999999997
1.3831629999999997
1.3760589999999997
1.3831629999999997
1.3760589999999997
1.3831629999999997
1.3760589999999997
1.3831629999999997
1.3760589999999997
1.3831629999999997
1.3760589999999997
1.3831629999999997
1.3760589999999997
1.3831629999999997
1.3760589999999997
1.3831629999999997
1.3760589999999997
1.3831629999999997
1.3760589999999997
1.3831629999999997
1.3760589999999997
1.3831629999999997
1.3760589999999997
1.3831629999999997
1.3760589999999997
1.3831629999999997
1.3760589999999997
1.3831629999999997
1.3760589999999997
1.3831629999999997
1.3760589999999997
1.3831629999999997
1.3760589999999997
1.3831629999999997
1.3760589999999997
1.3831629999999997
1.3760589999999997
1.3831629999999997
1.3760589999999997
1.3831629999999997
1.3760589999999997
1.3831629999999997
1.3760589999999997
1.3831629999999997
1.3760589999999997
1.3831629999999997
1.3760589999999997
1.3831629999999997
1.3760589999999997
1.3831629999999997
1.3760589999999997
1.3831629999999997
1.3760589999999997
1.3831629999999997
1.3760589999999997
1.3831629999999997
1.3760589999999997
1.3831629999999997
1.3760589999999997
1.3831629999999997
1.3760589999999997
1.3831629999999997
1.3760589999999997
1.3831629999999997
1.3760589999999997
1.3831629999999997
1.3760589999999997
1.3831629999999997
1.3760589999999997
1.3831629999999997
1.3760589999999997
1.3831629999999997
1.3760589999999997
1.3831629999999997
1.3760589999999997
1.3831629999999997
1.3760589999999997
1.3831629999999997
1.3760589999999997
1.3831629999999997
1.3760589999999997
1.3831629999999997
1.3760589999999997
1.3831629999999997
1.3760589999999997
1.3831629999999997
1.3760589999999997
1.3831629999999997
1.3760589999999997
1.3831629999999997
1.3760589999999997
1.3831629999999997
1.3760589999999997
1.3831629999999997
1.3760589999999997
1.3831629999999997
1.3760589999999997
1.3831629999999997
1.3760589999999997
1.3831629999999997
1.3760589999999997
-1.3783789999999998
-1.3808420000000003
-1.3783789999999998
-1.3808420000000003
-1.3783789999999998
-1.3808420000000003
-1.3783789999999998
-1.3808420000000003
-1.3783789999999998
-1.3808420000000003
-1.3783789999999998
-1.3808420000000003
-1.3783789999999998
-1.3808420000000003
-1.3783789999999998
-1.3808420000000003
-1.3783789999999998
-1.3808420000000003
-1.3783789999999998
-1.3808420000000003
-1.3783789999999998
-1.3808420000000003
-1.3783789999999998
-1.3808420000000003
-1.3783789999999998
-1.3808420000000003
-1.3783789999999998
-1.3808420000000003
-1.3783789999999998
-1.3808420000000003
-1.3783789999999998
-1.3808420000000003
-1.3783789999999998
-1.3808420000000003
-1.3783789999999998
-1.3808420000000003
-1.3783789999999998
-1.3808420000000003
-1.3783789999999998
-1.3808420000000003
-1.3783789999999998
-1.3808420000000003
-1.3783789999999998
-1.3808420000000003
-1.3783789999999998
-1.3808420000000003
-1.3783789999999998
-1.3808420000000003
-1.3783789999999998
-1.3808420000000003
-1.3783789999999998
-1.3808420000000003
-1.3783789999999998
-1.3808420000000003
-1.3783789999999998
-1.3808420000000003
-1.3783789999999998
-1.3808420000000003
-1.3783789999999998
-1.3808420000000003
-1.3783789999999998
-1.3808420000000003
-1.3783789999999998
-1.3808420000000003
-1.3783789999999998
-1.3808420000000003
-1.3783789999999998
-1.3808420000000003
-1.3783789999999998
-1.3808420000000003
-1.3783789999999998
-1.3808420000000003
-1.3783789999999998
-1.3808420000000003
-1.3783789999999998
-1.3808420000000003
-1.3783789999999998
-1.3808420000000003
-1.3783789999999998
-1.3808420000000003
-1.3783789999999998
-1.3808420000000003
-1.3783789999999998
-1.3808420000000003
-1.3783789999999998
-1.3808420000000003
-1.3783789999999998
-1.3808420000000003
-1.3783789999999998
-1.3808420000000003
-1.3783789999999998
-1.3808420000000003
-1.3783789999999998
-1.3808420000000003
-1.3783789999999998
-1.3808420000000003
-1.3783789999999998
-1.3808420000000003
-1.3783789999999998
-1.3808420000000003
-1.3783789999999998
-1.3808420000000003
-1.3783789999999998
-1.3808420000000003
-1.3783789999999998
-1.3808420000000003
-1.3783789999999998
-1.3808420000000003
-1.3783789999999998
-1.3808420000000003
-1.3783789999999998
-1.3808420000000003
-1.3783789999999998
-1.3808420000000003
-1.3783789999999998
-1.3808420000000003
-1.3783789999999998
-1.3808420000000003
-1.3783789999999998
-1.3808420000000003
