1.2561219999999995
1.2561219999999995
1.2561219999999995
1.2561219999999995
1.2561219999999995
1.2561219999999995
1.2561219999999995
1.2561219999999995
1.2561219999999995
1.2561219999999995
1.2561219999999995
1.2561219999999995
1.2561219999999995
1.2561219999999995
1.2561219999999995
1.2561219999999995
1.2561219999999995
1.2561219999999995
1.2561219999999995
1.2561219999999995
1.2561219999999995
1.2561219999999995
1.2561219999999995
1.2561219999999995
1.2561219999999995
1.2561219999999995
1.2561219999999995
1.2561219999999995
1.2561219999999995
1.2561219999999995
1.2561219999999995
1.2561219999999995
1.2561219999999995
1.2561219999999995
1.2561219999999995
1.2561219999999995
1.2561219999999995
1.2561219999999995
1.2561219999999995
1.2561219999999995
1.2561219999999995
1.2561219999999995
1.2561219999999995
1.2561219999999995
1.2561219999999995
1.2561219999999995
1.2561219999999995
1.2561219999999995
1.2561219999999995
1.2561219999999995
1.2561219999999995
1.2561219999999995
1.2561219999999995
1.2561219999999995
1.2561219999999995
1.2561219999999995
1.2561219999999995
1.2561219999999995
1.2561219999999995
1.2561219999999995
1.2561219999999995
1.2561219999999995
1.2561219999999995
1.2561219999999995
1.2561219999999995
1.2561219999999995
1.2561219999999995
1.2561219999999995
1.2561219999999995
1.2561219999999995
1.2561219999999995
1.2561219999999995
1.2561219999999995
1.2561219999999995
1.2561219999999995
1.2561219999999995
1.2561219999999995
1.2561219999999995
1.2561219999999995
1.2561219999999995
1.2561219999999995
1.2561219999999995
1.2561219999999995
1.2561219999999995
1.2561219999999995
1.2561219999999995
1.2561219999999995
1.2561219999999995
1.2561219999999995
1.2561219999999995
-1.2561229999999997
-1.256119
-1.2561229999999997
-1.256119
-1.2561229999999997
-1.256119
-1.2561229999999997
-1.256119
-1.2561229999999997
-1.256119
-1.2561229999999997
-1.256119
-1.2561229999999997
-1.256119
-1.2561229999999997
-1.256119
-1.2561229999999997
-1.256119
-1.2561229999999997
-1.256119
-1.2561229999999997
-1.256119
-1.2561229999999997
-1.256119
-1.2561229999999997
-1.256119
-1.2561229999999997
-1.256119
-1.2561229999999997
-1.256119
-1.2561229999999997
-1.256119
-1.2561229999999997
-1.256119
-1.2561229999999997
-1.256119
-1.2561229999999997
-1.256119
-1.2561229999999997
-1.256119
-1.2561229999999997
-1.256119
-1.2561229999999997
-1.256119
-1.2561229999999997
-1.256119
-1.2561229999999997
-1.256119
-1.2561229999999997
-1.256119
-1.2561229999999997
-1.256119
-1.2561229999999997
-1.256119
-1.2561229999999997
-1.256119
-1.2561229999999997
-1.256119
-1.2561229999999997
-1.256119
-1.2561229999999997
-1.256119
-1.2561229999999997
-1.256119
-1.2561229999999997
-1.256119
-1.2561229999999997
-1.256119
-1.2561229999999997
-1.256119
-1.2561229999999997
-1.256119
-1.2561229999999997
-1.256119
-1.2561229999999997
-1.256119
-1.2561229999999997
-1.256119
-1.2561229999999997
-1.256119
-1.2561229999999997
-1.256119
-1.2561229999999997
-1.256119
-1.2561229999999997
-1.256119
-1.2561229999999997
-1.256119
-1.2561229999999997
-1.256119
