1.4455779999999994
1.4448310000000006
1.4440819999999999
1.444998
1.4455779999999994
1.4448310000000006
1.4440819999999999
1.444998
1.4455779999999994
1.4448310000000006
1.4440819999999999
1.444998
1.4455779999999994
1.4448310000000006
1.4440819999999999
1.444998
1.4455779999999994
1.4448310000000006
1.4440819999999999
1.444998
1.4455779999999994
1.4448310000000006
1.4440819999999999
1.444998
1.4455779999999994
1.4448310000000006
1.4440819999999999
1.444998
1.4455779999999994
1.4448310000000006
1.4440819999999999
1.444998
1.4455779999999994
1.4448310000000006
1.4440819999999999
1.444998
1.4455779999999994
1.4448310000000006
1.4440819999999999
1.444998
1.4455779999999994
1.4448310000000006
1.4440819999999999
1.444998
1.4455779999999994
1.4448310000000006
1.4440819999999999
1.444998
1.4455779999999994
1.4448310000000006
1.4440819999999999
1.444998
1.4455779999999994
1.4448310000000006
1.4440819999999999
1.444998
1.4455779999999994
1.4448310000000006
1.4440819999999999
1.444998
1.4455779999999994
1.4448310000000006
1.4440819999999999
1.444998
1.4455779999999994
1.4448310000000006
1.4440819999999999
1.444998
1.4455779999999994
1.4448310000000006
1.4440819999999999
1.444998
1.4455779999999994
1.4448310000000006
1.4440819999999999
1.444998
1.4455779999999994
1.4448310000000006
1.4440819999999999
1.444998
1.4455779999999994
1.4448310000000006
1.4440819999999999
1.444998
1.4455779999999994
1.4448310000000006
1.4440819999999999
1.444998
1.4455779999999994
1.4448310000000006
1.4440819999999999
1.444998
1.4455779999999994
1.4448310000000006
1.4440819999999999
1.444998
1.4455779999999994
1.4448310000000006
1.4440819999999999
1.444998
1.4455779999999994
1.4448310000000006
1.4440819999999999
1.444998
1.4455779999999994
1.4448310000000006
1.4440819999999999
1.444998
-1.4446029999999999
-1.444826
-1.4450890000000003
-1.444972
-1.4446029999999999
-1.444826
-1.4450890000000003
-1.444972
-1.4446029999999999
-1.444826
-1.4450890000000003
-1.444972
-1.4446029999999999
-1.444826
-1.4450890000000003
-1.444972
-1.4446029999999999
-1.444826
-1.4450890000000003
-1.444972
-1.4446029999999999
-1.444826
-1.4450890000000003
-1.444972
-1.4446029999999999
-1.444826
-1.4450890000000003
-1.444972
-1.4446029999999999
-1.444826
-1.4450890000000003
-1.444972
-1.4446029999999999
-1.444826
-1.4450890000000003
-1.444972
-1.4446029999999999
-1.444826
-1.4450890000000003
-1.444972
-1.4446029999999999
-1.444826
-1.4450890000000003
-1.444972
-1.4446029999999999
-1.444826
-1.4450890000000003
-1.444972
-1.4446029999999999
-1.444826
-1.4450890000000003
-1.444972
-1.4446029999999999
-1.444826
-1.4450890000000003
-1.444972
-1.4446029999999999
-1.444826
-1.4450890000000003
-1.444972
-1.4446029999999999
-1.444826
-1.4450890000000003
-1.444972
-1.4446029999999999
-1.444826
-1.4450890000000003
-1.444972
-1.4446029999999999
-1.444826
-1.4450890000000003
-1.444972
-1.4446029999999999
-1.444826
-1.4450890000000003
-1.444972
-1.4446029999999999
-1.444826
-1.4450890000000003
-1.444972
-1.4446029999999999
-1.444826
-1.4450890000000003
-1.444972
-1.4446029999999999
-1.444826
-1.4450890000000003
-1.444972
-1.4446029999999999
-1.444826
-1.4450890000000003
-1.444972
-1.4446029999999999
-1.444826
-1.4450890000000003
-1.444972
-1.4446029999999999
-1.444826
-1.4450890000000003
-1.444972
-1.4446029999999999
-1.444826
-1.4450890000000003
-1.444972
-1.4446029999999999
-1.444826
-1.4450890000000003
-1.444972
