1.4410229999999995
1.4425919999999994
1.4417200000000001
1.4414929999999995
1.4410229999999995
1.4425919999999994
1.4417200000000001
1.4414929999999995
1.4410229999999995
1.4425919999999994
1.4417200000000001
1.4414929999999995
1.4410229999999995
1.4425919999999994
1.4417200000000001
1.4414929999999995
1.4410229999999995
1.4425919999999994
1.4417200000000001
1.4414929999999995
1.4410229999999995
1.4425919999999994
1.4417200000000001
1.4414929999999995
1.4410229999999995
1.4425919999999994
1.4417200000000001
1.4414929999999995
1.4410229999999995
1.4425919999999994
1.4417200000000001
1.4414929999999995
1.4410229999999995
1.4425919999999994
1.4417200000000001
1.4414929999999995
1.4410229999999995
1.4425919999999994
1.4417200000000001
1.4414929999999995
1.4410229999999995
1.4425919999999994
1.4417200000000001
1.4414929999999995
1.4410229999999995
1.4425919999999994
1.4417200000000001
1.4414929999999995
1.4410229999999995
1.4425919999999994
1.4417200000000001
1.4414929999999995
1.4410229999999995
1.4425919999999994
1.4417200000000001
1.4414929999999995
1.4410229999999995
1.4425919999999994
1.4417200000000001
1.4414929999999995
1.4410229999999995
1.4425919999999994
1.4417200000000001
1.4414929999999995
1.4410229999999995
1.4425919999999994
1.4417200000000001
1.4414929999999995
1.4410229999999995
1.4425919999999994
1.4417200000000001
1.4414929999999995
1.4410229999999995
1.4425919999999994
1.4417200000000001
1.4414929999999995
1.4410229999999995
1.4425919999999994
1.4417200000000001
1.4414929999999995
1.4410229999999995
1.4425919999999994
1.4417200000000001
1.4414929999999995
1.4410229999999995
1.4425919999999994
1.4417200000000001
1.4414929999999995
1.4410229999999995
1.4425919999999994
1.4417200000000001
1.4414929999999995
1.4410229999999995
1.4425919999999994
1.4417200000000001
1.4414929999999995
1.4410229999999995
1.4425919999999994
1.4417200000000001
1.4414929999999995
1.4410229999999995
1.4425919999999994
1.4417200000000001
1.4414929999999995
1.4410229999999995
1.4425919999999994
1.4417200000000001
1.4414929999999995
-1.441834
-1.441694
-1.4412859999999998
-1.4420149999999996
-1.441834
-1.441694
-1.4412859999999998
-1.4420149999999996
-1.441834
-1.441694
-1.4412859999999998
-1.4420149999999996
-1.441834
-1.441694
-1.4412859999999998
-1.4420149999999996
-1.441834
-1.441694
-1.4412859999999998
-1.4420149999999996
-1.441834
-1.441694
-1.4412859999999998
-1.4420149999999996
-1.441834
-1.441694
-1.4412859999999998
-1.4420149999999996
-1.441834
-1.441694
-1.4412859999999998
-1.4420149999999996
-1.441834
-1.441694
-1.4412859999999998
-1.4420149999999996
-1.441834
-1.441694
-1.4412859999999998
-1.4420149999999996
-1.441834
-1.441694
-1.4412859999999998
-1.4420149999999996
-1.441834
-1.441694
-1.4412859999999998
-1.4420149999999996
-1.441834
-1.441694
-1.4412859999999998
-1.4420149999999996
-1.441834
-1.441694
-1.4412859999999998
-1.4420149999999996
-1.441834
-1.441694
-1.4412859999999998
-1.4420149999999996
-1.441834
-1.441694
-1.4412859999999998
-1.4420149999999996
-1.441834
-1.441694
-1.4412859999999998
-1.4420149999999996
-1.441834
-1.441694
-1.4412859999999998
-1.4420149999999996
-1.441834
-1.441694
-1.4412859999999998
-1.4420149999999996
-1.441834
-1.441694
-1.4412859999999998
-1.4420149999999996
-1.441834
-1.441694
-1.4412859999999998
-1.4420149999999996
-1.441834
-1.441694
-1.4412859999999998
-1.4420149999999996
-1.441834
-1.441694
-1.4412859999999998
-1.4420149999999996
-1.441834
-1.441694
-1.4412859999999998
-1.4420149999999996
-1.441834
-1.441694
-1.4412859999999998
-1.4420149999999996
-1.441834
-1.441694
-1.4412859999999998
-1.4420149999999996
-1.441834
-1.441694
-1.4412859999999998
-1.4420149999999996
