1.197882
1.1625940000000003
1.197882
1.1625940000000003
1.197882
1.1625940000000003
1.197882
1.1625940000000003
1.197882
1.1625940000000003
1.197882
1.1625940000000003
1.197882
1.1625940000000003
1.197882
1.1625940000000003
1.197882
1.1625940000000003
1.197882
1.1625940000000003
1.197882
1.1625940000000003
1.197882
1.1625940000000003
1.197882
1.1625940000000003
1.197882
1.1625940000000003
1.197882
1.1625940000000003
1.197882
1.1625940000000003
1.197882
1.1625940000000003
1.197882
1.1625940000000003
1.197882
1.1625940000000003
1.197882
1.1625940000000003
1.197882
1.1625940000000003
1.197882
1.1625940000000003
1.197882
1.1625940000000003
1.197882
1.1625940000000003
1.197882
1.1625940000000003
1.197882
1.1625940000000003
1.197882
1.1625940000000003
1.197882
1.1625940000000003
1.197882
1.1625940000000003
1.197882
1.1625940000000003
1.197882
1.1625940000000003
1.197882
1.1625940000000003
1.197882
1.1625940000000003
1.197882
1.1625940000000003
1.197882
1.1625940000000003
1.197882
1.1625940000000003
1.197882
1.1625940000000003
1.197882
1.1625940000000003
1.197882
1.1625940000000003
1.197882
1.1625940000000003
1.197882
1.1625940000000003
1.197882
1.1625940000000003
1.197882
1.1625940000000003
1.197882
1.1625940000000003
1.197882
1.1625940000000003
1.197882
1.1625940000000003
1.197882
1.1625940000000003
1.197882
1.1625940000000003
1.197882
1.1625940000000003
1.197882
1.1625940000000003
1.197882
1.1625940000000003
1.197882
1.1625940000000003
1.197882
1.1625940000000003
1.197882
1.1625940000000003
1.197882
1.1625940000000003
1.197882
1.1625940000000003
1.197882
1.1625940000000003
1.197882
1.1625940000000003
1.197882
1.1625940000000003
1.197882
1.1625940000000003
-1.1786269999999996
-1.1818489999999997
-1.1786269999999996
-1.1818489999999997
-1.1786269999999996
-1.1818489999999997
-1.1786269999999996
-1.1818489999999997
-1.1786269999999996
-1.1818489999999997
-1.1786269999999996
-1.1818489999999997
-1.1786269999999996
-1.1818489999999997
-1.1786269999999996
-1.1818489999999997
-1.1786269999999996
-1.1818489999999997
-1.1786269999999996
-1.1818489999999997
-1.1786269999999996
-1.1818489999999997
-1.1786269999999996
-1.1818489999999997
-1.1786269999999996
-1.1818489999999997
-1.1786269999999996
-1.1818489999999997
-1.1786269999999996
-1.1818489999999997
-1.1786269999999996
-1.1818489999999997
-1.1786269999999996
-1.1818489999999997
-1.1786269999999996
-1.1818489999999997
-1.1786269999999996
-1.1818489999999997
-1.1786269999999996
-1.1818489999999997
-1.1786269999999996
-1.1818489999999997
-1.1786269999999996
-1.1818489999999997
-1.1786269999999996
-1.1818489999999997
-1.1786269999999996
-1.1818489999999997
-1.1786269999999996
-1.1818489999999997
-1.1786269999999996
-1.1818489999999997
-1.1786269999999996
-1.1818489999999997
-1.1786269999999996
-1.1818489999999997
-1.1786269999999996
-1.1818489999999997
-1.1786269999999996
-1.1818489999999997
-1.1786269999999996
-1.1818489999999997
-1.1786269999999996
-1.1818489999999997
-1.1786269999999996
-1.1818489999999997
-1.1786269999999996
-1.1818489999999997
-1.1786269999999996
-1.1818489999999997
-1.1786269999999996
-1.1818489999999997
-1.1786269999999996
-1.1818489999999997
-1.1786269999999996
-1.1818489999999997
-1.1786269999999996
-1.1818489999999997
-1.1786269999999996
-1.1818489999999997
-1.1786269999999996
-1.1818489999999997
-1.1786269999999996
-1.1818489999999997
-1.1786269999999996
-1.1818489999999997
-1.1786269999999996
-1.1818489999999997
-1.1786269999999996
-1.1818489999999997
-1.1786269999999996
-1.1818489999999997
-1.1786269999999996
-1.1818489999999997
-1.1786269999999996
-1.1818489999999997
-1.1786269999999996
-1.1818489999999997
-1.1786269999999996
-1.1818489999999997
-1.1786269999999996
-1.1818489999999997
-1.1786269999999996
-1.1818489999999997
-1.1786269999999996
-1.1818489999999997
-1.1786269999999996
-1.1818489999999997
-1.1786269999999996
-1.1818489999999997
-1.1786269999999996
-1.1818489999999997
-1.1786269999999996
-1.1818489999999997
-1.1786269999999996
-1.1818489999999997
-1.1786269999999996
-1.1818489999999997
-1.1786269999999996
-1.1818489999999997
