1.3372530000000005
1.3372530000000005
1.3372530000000005
1.3372530000000005
1.3372530000000005
1.3372530000000005
1.3372530000000005
1.3372530000000005
1.3372530000000005
1.3372530000000005
1.3372530000000005
1.3372530000000005
1.3372530000000005
1.3372530000000005
1.3372530000000005
1.3372530000000005
1.3372530000000005
1.3372530000000005
1.3372530000000005
1.3372530000000005
1.3372530000000005
1.3372530000000005
1.3372530000000005
1.3372530000000005
1.3372530000000005
1.3372530000000005
1.3372530000000005
1.3372530000000005
1.3372530000000005
1.3372530000000005
1.3372530000000005
1.3372530000000005
1.3372530000000005
1.3372530000000005
1.3372530000000005
1.3372530000000005
1.3372530000000005
1.3372530000000005
1.3372530000000005
1.3372530000000005
1.3372530000000005
1.3372530000000005
1.3372530000000005
1.3372530000000005
1.3372530000000005
1.3372530000000005
1.3372530000000005
1.3372530000000005
1.3372530000000005
1.3372530000000005
1.3372530000000005
1.3372530000000005
1.3372530000000005
1.3372530000000005
1.3372530000000005
1.3372530000000005
1.3372530000000005
1.3372530000000005
1.3372530000000005
1.3372530000000005
1.3372530000000005
1.3372530000000005
1.3372530000000005
1.3372530000000005
-1.3372539999999997
-1.3372539999999997
-1.3372539999999997
-1.3372539999999997
-1.3372539999999997
-1.3372539999999997
-1.3372539999999997
-1.3372539999999997
-1.3372539999999997
-1.3372539999999997
-1.3372539999999997
-1.3372539999999997
-1.3372539999999997
-1.3372539999999997
-1.3372539999999997
-1.3372539999999997
-1.3372539999999997
-1.3372539999999997
-1.3372539999999997
-1.3372539999999997
-1.3372539999999997
-1.3372539999999997
-1.3372539999999997
-1.3372539999999997
-1.3372539999999997
-1.3372539999999997
-1.3372539999999997
-1.3372539999999997
-1.3372539999999997
-1.3372539999999997
-1.3372539999999997
-1.3372539999999997
-1.3372539999999997
-1.3372539999999997
-1.3372539999999997
-1.3372539999999997
-1.3372539999999997
-1.3372539999999997
-1.3372539999999997
-1.3372539999999997
-1.3372539999999997
-1.3372539999999997
-1.3372539999999997
-1.3372539999999997
-1.3372539999999997
-1.3372539999999997
-1.3372539999999997
-1.3372539999999997
-1.3372539999999997
-1.3372539999999997
-1.3372539999999997
-1.3372539999999997
-1.3372539999999997
-1.3372539999999997
-1.3372539999999997
-1.3372539999999997
-1.3372539999999997
-1.3372539999999997
-1.3372539999999997
-1.3372539999999997
-1.3372539999999997
-1.3372539999999997
-1.3372539999999997
-1.3372539999999997
