1.4489099999999997
1.44693
1.4431770000000004
1.4496230000000008
1.4489099999999997
1.44693
1.4431770000000004
1.4496230000000008
1.4489099999999997
1.44693
1.4431770000000004
1.4496230000000008
1.4489099999999997
1.44693
1.4431770000000004
1.4496230000000008
1.4489099999999997
1.44693
1.4431770000000004
1.4496230000000008
1.4489099999999997
1.44693
1.4431770000000004
1.4496230000000008
1.4489099999999997
1.44693
1.4431770000000004
1.4496230000000008
1.4489099999999997
1.44693
1.4431770000000004
1.4496230000000008
1.4489099999999997
1.44693
1.4431770000000004
1.4496230000000008
1.4489099999999997
1.44693
1.4431770000000004
1.4496230000000008
1.4489099999999997
1.44693
1.4431770000000004
1.4496230000000008
1.4489099999999997
1.44693
1.4431770000000004
1.4496230000000008
1.4489099999999997
1.44693
1.4431770000000004
1.4496230000000008
1.4489099999999997
1.44693
1.4431770000000004
1.4496230000000008
1.4489099999999997
1.44693
1.4431770000000004
1.4496230000000008
1.4489099999999997
1.44693
1.4431770000000004
1.4496230000000008
1.4489099999999997
1.44693
1.4431770000000004
1.4496230000000008
1.4489099999999997
1.44693
1.4431770000000004
1.4496230000000008
1.4489099999999997
1.44693
1.4431770000000004
1.4496230000000008
1.4489099999999997
1.44693
1.4431770000000004
1.4496230000000008
1.4489099999999997
1.44693
1.4431770000000004
1.4496230000000008
1.4489099999999997
1.44693
1.4431770000000004
1.4496230000000008
1.4489099999999997
1.44693
1.4431770000000004
1.4496230000000008
1.4489099999999997
1.44693
1.4431770000000004
1.4496230000000008
1.4489099999999997
1.44693
1.4431770000000004
1.4496230000000008
1.4489099999999997
1.44693
1.4431770000000004
1.4496230000000008
1.4489099999999997
1.44693
1.4431770000000004
1.4496230000000008
-1.4467910000000002
-1.4472490000000002
-1.4468180000000004
-1.4477820000000001
-1.4467910000000002
-1.4472490000000002
-1.4468180000000004
-1.4477820000000001
-1.4467910000000002
-1.4472490000000002
-1.4468180000000004
-1.4477820000000001
-1.4467910000000002
-1.4472490000000002
-1.4468180000000004
-1.4477820000000001
-1.4467910000000002
-1.4472490000000002
-1.4468180000000004
-1.4477820000000001
-1.4467910000000002
-1.4472490000000002
-1.4468180000000004
-1.4477820000000001
-1.4467910000000002
-1.4472490000000002
-1.4468180000000004
-1.4477820000000001
-1.4467910000000002
-1.4472490000000002
-1.4468180000000004
-1.4477820000000001
-1.4467910000000002
-1.4472490000000002
-1.4468180000000004
-1.4477820000000001
-1.4467910000000002
-1.4472490000000002
-1.4468180000000004
-1.4477820000000001
-1.4467910000000002
-1.4472490000000002
-1.4468180000000004
-1.4477820000000001
-1.4467910000000002
-1.4472490000000002
-1.4468180000000004
-1.4477820000000001
-1.4467910000000002
-1.4472490000000002
-1.4468180000000004
-1.4477820000000001
-1.4467910000000002
-1.4472490000000002
-1.4468180000000004
-1.4477820000000001
-1.4467910000000002
-1.4472490000000002
-1.4468180000000004
-1.4477820000000001
-1.4467910000000002
-1.4472490000000002
-1.4468180000000004
-1.4477820000000001
-1.4467910000000002
-1.4472490000000002
-1.4468180000000004
-1.4477820000000001
-1.4467910000000002
-1.4472490000000002
-1.4468180000000004
-1.4477820000000001
-1.4467910000000002
-1.4472490000000002
-1.4468180000000004
-1.4477820000000001
-1.4467910000000002
-1.4472490000000002
-1.4468180000000004
-1.4477820000000001
-1.4467910000000002
-1.4472490000000002
-1.4468180000000004
-1.4477820000000001
-1.4467910000000002
-1.4472490000000002
-1.4468180000000004
-1.4477820000000001
-1.4467910000000002
-1.4472490000000002
-1.4468180000000004
-1.4477820000000001
-1.4467910000000002
-1.4472490000000002
-1.4468180000000004
-1.4477820000000001
-1.4467910000000002
-1.4472490000000002
-1.4468180000000004
-1.4477820000000001
-1.4467910000000002
-1.4472490000000002
-1.4468180000000004
-1.4477820000000001
-1.4467910000000002
-1.4472490000000002
-1.4468180000000004
-1.4477820000000001
