1.3647600000000004
1.334842
1.2878419999999995
1.3643769999999993
1.3647600000000004
1.334842
1.2878419999999995
1.3643769999999993
1.3647600000000004
1.334842
1.2878419999999995
1.3643769999999993
1.3647600000000004
1.334842
1.2878419999999995
1.3643769999999993
1.3647600000000004
1.334842
1.2878419999999995
1.3643769999999993
1.3647600000000004
1.334842
1.2878419999999995
1.3643769999999993
1.3647600000000004
1.334842
1.2878419999999995
1.3643769999999993
1.3647600000000004
1.334842
1.2878419999999995
1.3643769999999993
1.3647600000000004
1.334842
1.2878419999999995
1.3643769999999993
1.3647600000000004
1.334842
1.2878419999999995
1.3643769999999993
1.3647600000000004
1.334842
1.2878419999999995
1.3643769999999993
1.3647600000000004
1.334842
1.2878419999999995
1.3643769999999993
1.3647600000000004
1.334842
1.2878419999999995
1.3643769999999993
1.3647600000000004
1.334842
1.2878419999999995
1.3643769999999993
1.3647600000000004
1.334842
1.2878419999999995
1.3643769999999993
1.3647600000000004
1.334842
1.2878419999999995
1.3643769999999993
1.3647600000000004
1.334842
1.2878419999999995
1.3643769999999993
1.3647600000000004
1.334842
1.2878419999999995
1.3643769999999993
1.3647600000000004
1.334842
1.2878419999999995
1.3643769999999993
1.3647600000000004
1.334842
1.2878419999999995
1.3643769999999993
1.3647600000000004
1.334842
1.2878419999999995
1.3643769999999993
1.3647600000000004
1.334842
1.2878419999999995
1.3643769999999993
1.3647600000000004
1.334842
1.2878419999999995
1.3643769999999993
1.3647600000000004
1.334842
1.2878419999999995
1.3643769999999993
1.3647600000000004
1.334842
1.2878419999999995
1.3643769999999993
1.3647600000000004
1.334842
1.2878419999999995
1.3643769999999993
1.3647600000000004
1.334842
1.2878419999999995
1.3643769999999993
1.3647600000000004
1.334842
1.2878419999999995
1.3643769999999993
1.3647600000000004
1.334842
1.2878419999999995
1.3643769999999993
1.3647600000000004
1.334842
1.2878419999999995
1.3643769999999993
1.3647600000000004
1.334842
1.2878419999999995
1.3643769999999993
1.3647600000000004
1.334842
1.2878419999999995
1.3643769999999993
1.3647600000000004
1.334842
1.2878419999999995
1.3643769999999993
1.3647600000000004
1.334842
1.2878419999999995
1.3643769999999993
1.3647600000000004
1.334842
1.2878419999999995
1.3643769999999993
1.3647600000000004
1.334842
1.2878419999999995
1.3643769999999993
-1.3552660000000003
-1.3408189999999998
-1.310473
-1.345262
-1.3552660000000003
-1.3408189999999998
-1.310473
-1.345262
-1.3552660000000003
-1.3408189999999998
-1.310473
-1.345262
-1.3552660000000003
-1.3408189999999998
-1.310473
-1.345262
-1.3552660000000003
-1.3408189999999998
-1.310473
-1.345262
-1.3552660000000003
-1.3408189999999998
-1.310473
-1.345262
-1.3552660000000003
-1.3408189999999998
-1.310473
-1.345262
-1.3552660000000003
-1.3408189999999998
-1.310473
-1.345262
-1.3552660000000003
-1.3408189999999998
-1.310473
-1.345262
-1.3552660000000003
-1.3408189999999998
-1.310473
-1.345262
-1.3552660000000003
-1.3408189999999998
-1.310473
-1.345262
-1.3552660000000003
-1.3408189999999998
-1.310473
-1.345262
-1.3552660000000003
-1.3408189999999998
-1.310473
-1.345262
-1.3552660000000003
-1.3408189999999998
-1.310473
-1.345262
-1.3552660000000003
-1.3408189999999998
-1.310473
-1.345262
-1.3552660000000003
-1.3408189999999998
-1.310473
-1.345262
-1.3552660000000003
-1.3408189999999998
-1.310473
-1.345262
-1.3552660000000003
-1.3408189999999998
-1.310473
-1.345262
-1.3552660000000003
-1.3408189999999998
-1.310473
-1.345262
-1.3552660000000003
-1.3408189999999998
-1.310473
-1.345262
-1.3552660000000003
-1.3408189999999998
-1.310473
-1.345262
-1.3552660000000003
-1.3408189999999998
-1.310473
-1.345262
-1.3552660000000003
-1.3408189999999998
-1.310473
-1.345262
-1.3552660000000003
-1.3408189999999998
-1.310473
-1.345262
-1.3552660000000003
-1.3408189999999998
-1.310473
-1.345262
-1.3552660000000003
-1.3408189999999998
-1.310473
-1.345262
-1.3552660000000003
-1.3408189999999998
-1.310473
-1.345262
-1.3552660000000003
-1.3408189999999998
-1.310473
-1.345262
-1.3552660000000003
-1.3408189999999998
-1.310473
-1.345262
-1.3552660000000003
-1.3408189999999998
-1.310473
-1.345262
-1.3552660000000003
-1.3408189999999998
-1.310473
-1.345262
-1.3552660000000003
-1.3408189999999998
-1.310473
-1.345262
-1.3552660000000003
-1.3408189999999998
-1.310473
-1.345262
-1.3552660000000003
-1.3408189999999998
-1.310473
-1.345262
-1.3552660000000003
-1.3408189999999998
-1.310473
-1.345262
-1.3552660000000003
-1.3408189999999998
-1.310473
-1.345262
