1.433707
1.432772
1.4331460000000007
1.4279569999999993
1.433707
1.432772
1.4331460000000007
1.4279569999999993
1.433707
1.432772
1.4331460000000007
1.4279569999999993
1.433707
1.432772
1.4331460000000007
1.4279569999999993
1.433707
1.432772
1.4331460000000007
1.4279569999999993
1.433707
1.432772
1.4331460000000007
1.4279569999999993
1.433707
1.432772
1.4331460000000007
1.4279569999999993
1.433707
1.432772
1.4331460000000007
1.4279569999999993
1.433707
1.432772
1.4331460000000007
1.4279569999999993
1.433707
1.432772
1.4331460000000007
1.4279569999999993
1.433707
1.432772
1.4331460000000007
1.4279569999999993
1.433707
1.432772
1.4331460000000007
1.4279569999999993
1.433707
1.432772
1.4331460000000007
1.4279569999999993
1.433707
1.432772
1.4331460000000007
1.4279569999999993
1.433707
1.432772
1.4331460000000007
1.4279569999999993
1.433707
1.432772
1.4331460000000007
1.4279569999999993
1.433707
1.432772
1.4331460000000007
1.4279569999999993
1.433707
1.432772
1.4331460000000007
1.4279569999999993
1.433707
1.432772
1.4331460000000007
1.4279569999999993
1.433707
1.432772
1.4331460000000007
1.4279569999999993
1.433707
1.432772
1.4331460000000007
1.4279569999999993
1.433707
1.432772
1.4331460000000007
1.4279569999999993
1.433707
1.432772
1.4331460000000007
1.4279569999999993
1.433707
1.432772
1.4331460000000007
1.4279569999999993
1.433707
1.432772
1.4331460000000007
1.4279569999999993
1.433707
1.432772
1.4331460000000007
1.4279569999999993
1.433707
1.432772
1.4331460000000007
1.4279569999999993
1.433707
1.432772
1.4331460000000007
1.4279569999999993
1.433707
1.432772
1.4331460000000007
1.4279569999999993
1.433707
1.432772
1.4331460000000007
1.4279569999999993
1.433707
1.432772
1.4331460000000007
1.4279569999999993
1.433707
1.432772
1.4331460000000007
1.4279569999999993
1.433707
1.432772
1.4331460000000007
1.4279569999999993
1.433707
1.432772
1.4331460000000007
1.4279569999999993
1.433707
1.432772
1.4331460000000007
1.4279569999999993
1.433707
1.432772
1.4331460000000007
1.4279569999999993
-1.4330610000000004
-1.4301259999999996
-1.4332649999999996
-1.4311299999999996
-1.4330610000000004
-1.4301259999999996
-1.4332649999999996
-1.4311299999999996
-1.4330610000000004
-1.4301259999999996
-1.4332649999999996
-1.4311299999999996
-1.4330610000000004
-1.4301259999999996
-1.4332649999999996
-1.4311299999999996
-1.4330610000000004
-1.4301259999999996
-1.4332649999999996
-1.4311299999999996
-1.4330610000000004
-1.4301259999999996
-1.4332649999999996
-1.4311299999999996
-1.4330610000000004
-1.4301259999999996
-1.4332649999999996
-1.4311299999999996
-1.4330610000000004
-1.4301259999999996
-1.4332649999999996
-1.4311299999999996
-1.4330610000000004
-1.4301259999999996
-1.4332649999999996
-1.4311299999999996
-1.4330610000000004
-1.4301259999999996
-1.4332649999999996
-1.4311299999999996
-1.4330610000000004
-1.4301259999999996
-1.4332649999999996
-1.4311299999999996
-1.4330610000000004
-1.4301259999999996
-1.4332649999999996
-1.4311299999999996
-1.4330610000000004
-1.4301259999999996
-1.4332649999999996
-1.4311299999999996
-1.4330610000000004
-1.4301259999999996
-1.4332649999999996
-1.4311299999999996
-1.4330610000000004
-1.4301259999999996
-1.4332649999999996
-1.4311299999999996
-1.4330610000000004
-1.4301259999999996
-1.4332649999999996
-1.4311299999999996
-1.4330610000000004
-1.4301259999999996
-1.4332649999999996
-1.4311299999999996
-1.4330610000000004
-1.4301259999999996
-1.4332649999999996
-1.4311299999999996
-1.4330610000000004
-1.4301259999999996
-1.4332649999999996
-1.4311299999999996
-1.4330610000000004
-1.4301259999999996
-1.4332649999999996
-1.4311299999999996
-1.4330610000000004
-1.4301259999999996
-1.4332649999999996
-1.4311299999999996
-1.4330610000000004
-1.4301259999999996
-1.4332649999999996
-1.4311299999999996
-1.4330610000000004
-1.4301259999999996
-1.4332649999999996
-1.4311299999999996
-1.4330610000000004
-1.4301259999999996
-1.4332649999999996
-1.4311299999999996
-1.4330610000000004
-1.4301259999999996
-1.4332649999999996
-1.4311299999999996
-1.4330610000000004
-1.4301259999999996
-1.4332649999999996
-1.4311299999999996
-1.4330610000000004
-1.4301259999999996
-1.4332649999999996
-1.4311299999999996
-1.4330610000000004
-1.4301259999999996
-1.4332649999999996
-1.4311299999999996
-1.4330610000000004
-1.4301259999999996
-1.4332649999999996
-1.4311299999999996
-1.4330610000000004
-1.4301259999999996
-1.4332649999999996
-1.4311299999999996
-1.4330610000000004
-1.4301259999999996
-1.4332649999999996
-1.4311299999999996
-1.4330610000000004
-1.4301259999999996
-1.4332649999999996
-1.4311299999999996
-1.4330610000000004
-1.4301259999999996
-1.4332649999999996
-1.4311299999999996
-1.4330610000000004
-1.4301259999999996
-1.4332649999999996
-1.4311299999999996
-1.4330610000000004
-1.4301259999999996
-1.4332649999999996
-1.4311299999999996
-1.4330610000000004
-1.4301259999999996
-1.4332649999999996
-1.4311299999999996
