1.4714039999999997
1.4714039999999997
1.4714039999999997
1.4714039999999997
1.4714039999999997
1.4714039999999997
1.4714039999999997
1.4714039999999997
1.4714039999999997
1.4714039999999997
1.4714039999999997
1.4714039999999997
1.4714039999999997
1.4714039999999997
1.4714039999999997
1.4714039999999997
1.4714039999999997
1.4714039999999997
1.4714039999999997
1.4714039999999997
1.4714039999999997
1.4714039999999997
1.4714039999999997
1.4714039999999997
1.4714039999999997
1.4714039999999997
1.4714039999999997
1.4714039999999997
1.4714039999999997
1.4714039999999997
1.4714039999999997
1.4714039999999997
1.4714039999999997
1.4714039999999997
1.4714039999999997
1.4714039999999997
1.4714039999999997
1.4714039999999997
1.4714039999999997
1.4714039999999997
1.4714039999999997
1.4714039999999997
1.4714039999999997
1.4714039999999997
1.4714039999999997
1.4714039999999997
1.4714039999999997
1.4714039999999997
1.4714039999999997
1.4714039999999997
1.4714039999999997
1.4714039999999997
1.4714039999999997
1.4714039999999997
1.4714039999999997
1.4714039999999997
1.4714039999999997
1.4714039999999997
1.4714039999999997
1.4714039999999997
1.4714039999999997
1.4714039999999997
1.4714039999999997
1.4714039999999997
1.4714039999999997
1.4714039999999997
1.4714039999999997
1.4714039999999997
1.4714039999999997
1.4714039999999997
1.4714039999999997
1.4714039999999997
-1.4714029999999996
-1.4714029999999996
-1.4714029999999996
-1.4714029999999996
-1.4714029999999996
-1.4714029999999996
-1.4714029999999996
-1.4714029999999996
-1.4714029999999996
-1.4714029999999996
-1.4714029999999996
-1.4714029999999996
-1.4714029999999996
-1.4714029999999996
-1.4714029999999996
-1.4714029999999996
-1.4714029999999996
-1.4714029999999996
-1.4714029999999996
-1.4714029999999996
-1.4714029999999996
-1.4714029999999996
-1.4714029999999996
-1.4714029999999996
-1.4714029999999996
-1.4714029999999996
-1.4714029999999996
-1.4714029999999996
-1.4714029999999996
-1.4714029999999996
-1.4714029999999996
-1.4714029999999996
-1.4714029999999996
-1.4714029999999996
-1.4714029999999996
-1.4714029999999996
-1.4714029999999996
-1.4714029999999996
-1.4714029999999996
-1.4714029999999996
-1.4714029999999996
-1.4714029999999996
-1.4714029999999996
-1.4714029999999996
-1.4714029999999996
-1.4714029999999996
-1.4714029999999996
-1.4714029999999996
-1.4714029999999996
-1.4714029999999996
-1.4714029999999996
-1.4714029999999996
-1.4714029999999996
-1.4714029999999996
-1.4714029999999996
-1.4714029999999996
-1.4714029999999996
-1.4714029999999996
-1.4714029999999996
-1.4714029999999996
-1.4714029999999996
-1.4714029999999996
-1.4714029999999996
-1.4714029999999996
-1.4714029999999996
-1.4714029999999996
-1.4714029999999996
-1.4714029999999996
-1.4714029999999996
-1.4714029999999996
-1.4714029999999996
-1.4714029999999996
