1.3827390000000008
1.378577
1.3827390000000008
1.378577
1.3827390000000008
1.378577
1.3827390000000008
1.378577
1.3827390000000008
1.378577
1.3827390000000008
1.378577
1.3827390000000008
1.378577
1.3827390000000008
1.378577
1.3827390000000008
1.378577
1.3827390000000008
1.378577
1.3827390000000008
1.378577
1.3827390000000008
1.378577
1.3827390000000008
1.378577
1.3827390000000008
1.378577
1.3827390000000008
1.378577
1.3827390000000008
1.378577
1.3827390000000008
1.378577
1.3827390000000008
1.378577
1.3827390000000008
1.378577
1.3827390000000008
1.378577
1.3827390000000008
1.378577
1.3827390000000008
1.378577
1.3827390000000008
1.378577
1.3827390000000008
1.378577
1.3827390000000008
1.378577
1.3827390000000008
1.378577
1.3827390000000008
1.378577
1.3827390000000008
1.378577
1.3827390000000008
1.378577
1.3827390000000008
1.378577
1.3827390000000008
1.378577
1.3827390000000008
1.378577
1.3827390000000008
1.378577
1.3827390000000008
1.378577
1.3827390000000008
1.378577
1.3827390000000008
1.378577
1.3827390000000008
1.378577
1.3827390000000008
1.378577
1.3827390000000008
1.378577
1.3827390000000008
1.378577
1.3827390000000008
1.378577
1.3827390000000008
1.378577
1.3827390000000008
1.378577
1.3827390000000008
1.378577
1.3827390000000008
1.378577
1.3827390000000008
1.378577
1.3827390000000008
1.378577
1.3827390000000008
1.378577
1.3827390000000008
1.378577
1.3827390000000008
1.378577
1.3827390000000008
1.378577
1.3827390000000008
1.378577
1.3827390000000008
1.378577
1.3827390000000008
1.378577
1.3827390000000008
1.378577
1.3827390000000008
1.378577
1.3827390000000008
1.378577
1.3827390000000008
1.378577
1.3827390000000008
1.378577
1.3827390000000008
1.378577
-1.3771649999999998
-1.3841489999999999
-1.3771649999999998
-1.3841489999999999
-1.3771649999999998
-1.3841489999999999
-1.3771649999999998
-1.3841489999999999
-1.3771649999999998
-1.3841489999999999
-1.3771649999999998
-1.3841489999999999
-1.3771649999999998
-1.3841489999999999
-1.3771649999999998
-1.3841489999999999
-1.3771649999999998
-1.3841489999999999
-1.3771649999999998
-1.3841489999999999
-1.3771649999999998
-1.3841489999999999
-1.3771649999999998
-1.3841489999999999
-1.3771649999999998
-1.3841489999999999
-1.3771649999999998
-1.3841489999999999
-1.3771649999999998
-1.3841489999999999
-1.3771649999999998
-1.3841489999999999
-1.3771649999999998
-1.3841489999999999
-1.3771649999999998
-1.3841489999999999
-1.3771649999999998
-1.3841489999999999
-1.3771649999999998
-1.3841489999999999
-1.3771649999999998
-1.3841489999999999
-1.3771649999999998
-1.3841489999999999
-1.3771649999999998
-1.3841489999999999
-1.3771649999999998
-1.3841489999999999
-1.3771649999999998
-1.3841489999999999
-1.3771649999999998
-1.3841489999999999
-1.3771649999999998
-1.3841489999999999
-1.3771649999999998
-1.3841489999999999
-1.3771649999999998
-1.3841489999999999
-1.3771649999999998
-1.3841489999999999
-1.3771649999999998
-1.3841489999999999
-1.3771649999999998
-1.3841489999999999
-1.3771649999999998
-1.3841489999999999
-1.3771649999999998
-1.3841489999999999
-1.3771649999999998
-1.3841489999999999
-1.3771649999999998
-1.3841489999999999
-1.3771649999999998
-1.3841489999999999
-1.3771649999999998
-1.3841489999999999
-1.3771649999999998
-1.3841489999999999
-1.3771649999999998
-1.3841489999999999
-1.3771649999999998
-1.3841489999999999
-1.3771649999999998
-1.3841489999999999
-1.3771649999999998
-1.3841489999999999
-1.3771649999999998
-1.3841489999999999
-1.3771649999999998
-1.3841489999999999
-1.3771649999999998
-1.3841489999999999
-1.3771649999999998
-1.3841489999999999
-1.3771649999999998
-1.3841489999999999
-1.3771649999999998
-1.3841489999999999
-1.3771649999999998
-1.3841489999999999
-1.3771649999999998
-1.3841489999999999
-1.3771649999999998
-1.3841489999999999
-1.3771649999999998
-1.3841489999999999
-1.3771649999999998
-1.3841489999999999
-1.3771649999999998
-1.3841489999999999
-1.3771649999999998
-1.3841489999999999
-1.3771649999999998
-1.3841489999999999
-1.3771649999999998
-1.3841489999999999
-1.3771649999999998
-1.3841489999999999
-1.3771649999999998
-1.3841489999999999
