1.4526059999999994
1.4526059999999994
1.4526059999999994
1.4526059999999994
1.4526059999999994
1.4526059999999994
1.4526059999999994
1.4526059999999994
1.4526059999999994
1.4526059999999994
1.4526059999999994
1.4526059999999994
1.4526059999999994
1.4526059999999994
1.4526059999999994
1.4526059999999994
1.4526059999999994
1.4526059999999994
1.4526059999999994
1.4526059999999994
1.4526059999999994
1.4526059999999994
1.4526059999999994
1.4526059999999994
1.4526059999999994
1.4526059999999994
1.4526059999999994
1.4526059999999994
1.4526059999999994
1.4526059999999994
1.4526059999999994
1.4526059999999994
1.4526059999999994
1.4526059999999994
1.4526059999999994
1.4526059999999994
1.4526059999999994
1.4526059999999994
1.4526059999999994
1.4526059999999994
1.4526059999999994
1.4526059999999994
1.4526059999999994
1.4526059999999994
1.4526059999999994
1.4526059999999994
1.4526059999999994
1.4526059999999994
1.4526059999999994
1.4526059999999994
1.4526059999999994
1.4526059999999994
1.4526059999999994
1.4526059999999994
1.4526059999999994
1.4526059999999994
1.4526059999999994
1.4526059999999994
1.4526059999999994
1.4526059999999994
1.4526059999999994
1.4526059999999994
1.4526059999999994
1.4526059999999994
-1.4526070000000004
-1.4526070000000004
-1.4526070000000004
-1.4526070000000004
-1.4526070000000004
-1.4526070000000004
-1.4526070000000004
-1.4526070000000004
-1.4526070000000004
-1.4526070000000004
-1.4526070000000004
-1.4526070000000004
-1.4526070000000004
-1.4526070000000004
-1.4526070000000004
-1.4526070000000004
-1.4526070000000004
-1.4526070000000004
-1.4526070000000004
-1.4526070000000004
-1.4526070000000004
-1.4526070000000004
-1.4526070000000004
-1.4526070000000004
-1.4526070000000004
-1.4526070000000004
-1.4526070000000004
-1.4526070000000004
-1.4526070000000004
-1.4526070000000004
-1.4526070000000004
-1.4526070000000004
-1.4526070000000004
-1.4526070000000004
-1.4526070000000004
-1.4526070000000004
-1.4526070000000004
-1.4526070000000004
-1.4526070000000004
-1.4526070000000004
-1.4526070000000004
-1.4526070000000004
-1.4526070000000004
-1.4526070000000004
-1.4526070000000004
-1.4526070000000004
-1.4526070000000004
-1.4526070000000004
-1.4526070000000004
-1.4526070000000004
-1.4526070000000004
-1.4526070000000004
-1.4526070000000004
-1.4526070000000004
-1.4526070000000004
-1.4526070000000004
-1.4526070000000004
-1.4526070000000004
-1.4526070000000004
-1.4526070000000004
-1.4526070000000004
-1.4526070000000004
-1.4526070000000004
-1.4526070000000004
