1.3008179999999996
1.3340440000000005
1.3280080000000005
1.3179230000000004
1.3008179999999996
1.3340440000000005
1.3280080000000005
1.3179230000000004
1.3008179999999996
1.3340440000000005
1.3280080000000005
1.3179230000000004
1.3008179999999996
1.3340440000000005
1.3280080000000005
1.3179230000000004
1.3008179999999996
1.3340440000000005
1.3280080000000005
1.3179230000000004
1.3008179999999996
1.3340440000000005
1.3280080000000005
1.3179230000000004
1.3008179999999996
1.3340440000000005
1.3280080000000005
1.3179230000000004
1.3008179999999996
1.3340440000000005
1.3280080000000005
1.3179230000000004
1.3008179999999996
1.3340440000000005
1.3280080000000005
1.3179230000000004
1.3008179999999996
1.3340440000000005
1.3280080000000005
1.3179230000000004
1.3008179999999996
1.3340440000000005
1.3280080000000005
1.3179230000000004
1.3008179999999996
1.3340440000000005
1.3280080000000005
1.3179230000000004
1.3008179999999996
1.3340440000000005
1.3280080000000005
1.3179230000000004
1.3008179999999996
1.3340440000000005
1.3280080000000005
1.3179230000000004
1.3008179999999996
1.3340440000000005
1.3280080000000005
1.3179230000000004
1.3008179999999996
1.3340440000000005
1.3280080000000005
1.3179230000000004
1.3008179999999996
1.3340440000000005
1.3280080000000005
1.3179230000000004
1.3008179999999996
1.3340440000000005
1.3280080000000005
1.3179230000000004
1.3008179999999996
1.3340440000000005
1.3280080000000005
1.3179230000000004
1.3008179999999996
1.3340440000000005
1.3280080000000005
1.3179230000000004
1.3008179999999996
1.3340440000000005
1.3280080000000005
1.3179230000000004
1.3008179999999996
1.3340440000000005
1.3280080000000005
1.3179230000000004
1.3008179999999996
1.3340440000000005
1.3280080000000005
1.3179230000000004
1.3008179999999996
1.3340440000000005
1.3280080000000005
1.3179230000000004
1.3008179999999996
1.3340440000000005
1.3280080000000005
1.3179230000000004
1.3008179999999996
1.3340440000000005
1.3280080000000005
1.3179230000000004
1.3008179999999996
1.3340440000000005
1.3280080000000005
1.3179230000000004
1.3008179999999996
1.3340440000000005
1.3280080000000005
1.3179230000000004
1.3008179999999996
1.3340440000000005
1.3280080000000005
1.3179230000000004
1.3008179999999996
1.3340440000000005
1.3280080000000005
1.3179230000000004
1.3008179999999996
1.3340440000000005
1.3280080000000005
1.3179230000000004
1.3008179999999996
1.3340440000000005
1.3280080000000005
1.3179230000000004
1.3008179999999996
1.3340440000000005
1.3280080000000005
1.3179230000000004
1.3008179999999996
1.3340440000000005
1.3280080000000005
1.3179230000000004
1.3008179999999996
1.3340440000000005
1.3280080000000005
1.3179230000000004
1.3008179999999996
1.3340440000000005
1.3280080000000005
1.3179230000000004
1.3008179999999996
1.3340440000000005
1.3280080000000005
1.3179230000000004
1.3008179999999996
1.3340440000000005
1.3280080000000005
1.3179230000000004
1.3008179999999996
1.3340440000000005
1.3280080000000005
1.3179230000000004
1.3008179999999996
1.3340440000000005
1.3280080000000005
1.3179230000000004
1.3008179999999996
1.3340440000000005
1.3280080000000005
1.3179230000000004
1.3008179999999996
1.3340440000000005
1.3280080000000005
1.3179230000000004
1.3008179999999996
1.3340440000000005
1.3280080000000005
1.3179230000000004
1.3008179999999996
1.3340440000000005
1.3280080000000005
1.3179230000000004
1.3008179999999996
1.3340440000000005
1.3280080000000005
1.3179230000000004
1.3008179999999996
1.3340440000000005
1.3280080000000005
1.3179230000000004
1.3008179999999996
1.3340440000000005
1.3280080000000005
1.3179230000000004
1.3008179999999996
1.3340440000000005
1.3280080000000005
1.3179230000000004
-1.3409639999999996
-1.3144
-1.3109349999999997
-1.314495
-1.3409639999999996
-1.3144
-1.3109349999999997
-1.314495
-1.3409639999999996
-1.3144
-1.3109349999999997
-1.314495
-1.3409639999999996
-1.3144
-1.3109349999999997
-1.314495
-1.3409639999999996
-1.3144
-1.3109349999999997
-1.314495
-1.3409639999999996
-1.3144
-1.3109349999999997
-1.314495
-1.3409639999999996
-1.3144
-1.3109349999999997
-1.314495
-1.3409639999999996
-1.3144
-1.3109349999999997
-1.314495
-1.3409639999999996
-1.3144
-1.3109349999999997
-1.314495
-1.3409639999999996
-1.3144
-1.3109349999999997
-1.314495
-1.3409639999999996
-1.3144
-1.3109349999999997
-1.314495
-1.3409639999999996
-1.3144
-1.3109349999999997
-1.314495
-1.3409639999999996
-1.3144
-1.3109349999999997
-1.314495
-1.3409639999999996
-1.3144
-1.3109349999999997
-1.314495
-1.3409639999999996
-1.3144
-1.3109349999999997
-1.314495
-1.3409639999999996
-1.3144
-1.3109349999999997
-1.314495
-1.3409639999999996
-1.3144
-1.3109349999999997
-1.314495
-1.3409639999999996
-1.3144
-1.3109349999999997
-1.314495
-1.3409639999999996
-1.3144
-1.3109349999999997
-1.314495
-1.3409639999999996
-1.3144
-1.3109349999999997
-1.314495
-1.3409639999999996
-1.3144
-1.3109349999999997
-1.314495
-1.3409639999999996
-1.3144
-1.3109349999999997
-1.314495
-1.3409639999999996
-1.3144
-1.3109349999999997
-1.314495
-1.3409639999999996
-1.3144
-1.3109349999999997
-1.314495
-1.3409639999999996
-1.3144
-1.3109349999999997
-1.314495
-1.3409639999999996
-1.3144
-1.3109349999999997
-1.314495
-1.3409639999999996
-1.3144
-1.3109349999999997
-1.314495
-1.3409639999999996
-1.3144
-1.3109349999999997
-1.314495
-1.3409639999999996
-1.3144
-1.3109349999999997
-1.314495
-1.3409639999999996
-1.3144
-1.3109349999999997
-1.314495
-1.3409639999999996
-1.3144
-1.3109349999999997
-1.314495
-1.3409639999999996
-1.3144
-1.3109349999999997
-1.314495
-1.3409639999999996
-1.3144
-1.3109349999999997
-1.314495
-1.3409639999999996
-1.3144
-1.3109349999999997
-1.314495
-1.3409639999999996
-1.3144
-1.3109349999999997
-1.314495
-1.3409639999999996
-1.3144
-1.3109349999999997
-1.314495
-1.3409639999999996
-1.3144
-1.3109349999999997
-1.314495
-1.3409639999999996
-1.3144
-1.3109349999999997
-1.314495
-1.3409639999999996
-1.3144
-1.3109349999999997
-1.314495
-1.3409639999999996
-1.3144
-1.3109349999999997
-1.314495
-1.3409639999999996
-1.3144
-1.3109349999999997
-1.314495
-1.3409639999999996
-1.3144
-1.3109349999999997
-1.314495
-1.3409639999999996
-1.3144
-1.3109349999999997
-1.314495
-1.3409639999999996
-1.3144
-1.3109349999999997
-1.314495
-1.3409639999999996
-1.3144
-1.3109349999999997
-1.314495
-1.3409639999999996
-1.3144
-1.3109349999999997
-1.314495
-1.3409639999999996
-1.3144
-1.3109349999999997
-1.314495
-1.3409639999999996
-1.3144
-1.3109349999999997
-1.314495
