1.371779
1.3805340000000008
1.371779
1.3805340000000008
1.371779
1.3805340000000008
1.371779
1.3805340000000008
1.371779
1.3805340000000008
1.371779
1.3805340000000008
1.371779
1.3805340000000008
1.371779
1.3805340000000008
1.371779
1.3805340000000008
1.371779
1.3805340000000008
1.371779
1.3805340000000008
1.371779
1.3805340000000008
1.371779
1.3805340000000008
1.371779
1.3805340000000008
1.371779
1.3805340000000008
1.371779
1.3805340000000008
1.371779
1.3805340000000008
1.371779
1.3805340000000008
1.371779
1.3805340000000008
1.371779
1.3805340000000008
1.371779
1.3805340000000008
1.371779
1.3805340000000008
1.371779
1.3805340000000008
1.371779
1.3805340000000008
1.371779
1.3805340000000008
1.371779
1.3805340000000008
1.371779
1.3805340000000008
1.371779
1.3805340000000008
1.371779
1.3805340000000008
1.371779
1.3805340000000008
1.371779
1.3805340000000008
1.371779
1.3805340000000008
1.371779
1.3805340000000008
1.371779
1.3805340000000008
1.371779
1.3805340000000008
1.371779
1.3805340000000008
1.371779
1.3805340000000008
1.371779
1.3805340000000008
1.371779
1.3805340000000008
1.371779
1.3805340000000008
1.371779
1.3805340000000008
1.371779
1.3805340000000008
1.371779
1.3805340000000008
1.371779
1.3805340000000008
1.371779
1.3805340000000008
1.371779
1.3805340000000008
1.371779
1.3805340000000008
1.371779
1.3805340000000008
1.371779
1.3805340000000008
1.371779
1.3805340000000008
1.371779
1.3805340000000008
1.371779
1.3805340000000008
1.371779
1.3805340000000008
1.371779
1.3805340000000008
1.371779
1.3805340000000008
1.371779
1.3805340000000008
1.371779
1.3805340000000008
1.371779
1.3805340000000008
1.371779
1.3805340000000008
1.371779
1.3805340000000008
-1.3741510000000003
-1.3781600000000003
-1.3741510000000003
-1.3781600000000003
-1.3741510000000003
-1.3781600000000003
-1.3741510000000003
-1.3781600000000003
-1.3741510000000003
-1.3781600000000003
-1.3741510000000003
-1.3781600000000003
-1.3741510000000003
-1.3781600000000003
-1.3741510000000003
-1.3781600000000003
-1.3741510000000003
-1.3781600000000003
-1.3741510000000003
-1.3781600000000003
-1.3741510000000003
-1.3781600000000003
-1.3741510000000003
-1.3781600000000003
-1.3741510000000003
-1.3781600000000003
-1.3741510000000003
-1.3781600000000003
-1.3741510000000003
-1.3781600000000003
-1.3741510000000003
-1.3781600000000003
-1.3741510000000003
-1.3781600000000003
-1.3741510000000003
-1.3781600000000003
-1.3741510000000003
-1.3781600000000003
-1.3741510000000003
-1.3781600000000003
-1.3741510000000003
-1.3781600000000003
-1.3741510000000003
-1.3781600000000003
-1.3741510000000003
-1.3781600000000003
-1.3741510000000003
-1.3781600000000003
-1.3741510000000003
-1.3781600000000003
-1.3741510000000003
-1.3781600000000003
-1.3741510000000003
-1.3781600000000003
-1.3741510000000003
-1.3781600000000003
-1.3741510000000003
-1.3781600000000003
-1.3741510000000003
-1.3781600000000003
-1.3741510000000003
-1.3781600000000003
-1.3741510000000003
-1.3781600000000003
-1.3741510000000003
-1.3781600000000003
-1.3741510000000003
-1.3781600000000003
-1.3741510000000003
-1.3781600000000003
-1.3741510000000003
-1.3781600000000003
-1.3741510000000003
-1.3781600000000003
-1.3741510000000003
-1.3781600000000003
-1.3741510000000003
-1.3781600000000003
-1.3741510000000003
-1.3781600000000003
-1.3741510000000003
-1.3781600000000003
-1.3741510000000003
-1.3781600000000003
-1.3741510000000003
-1.3781600000000003
-1.3741510000000003
-1.3781600000000003
-1.3741510000000003
-1.3781600000000003
-1.3741510000000003
-1.3781600000000003
-1.3741510000000003
-1.3781600000000003
-1.3741510000000003
-1.3781600000000003
-1.3741510000000003
-1.3781600000000003
-1.3741510000000003
-1.3781600000000003
-1.3741510000000003
-1.3781600000000003
-1.3741510000000003
-1.3781600000000003
-1.3741510000000003
-1.3781600000000003
-1.3741510000000003
-1.3781600000000003
-1.3741510000000003
-1.3781600000000003
-1.3741510000000003
-1.3781600000000003
-1.3741510000000003
-1.3781600000000003
-1.3741510000000003
-1.3781600000000003
-1.3741510000000003
-1.3781600000000003
-1.3741510000000003
-1.3781600000000003
