1.4347549999999991
1.4347549999999991
1.4347549999999991
1.4347549999999991
1.4347549999999991
1.4347549999999991
1.4347549999999991
1.4347549999999991
1.4347549999999991
1.4347549999999991
1.4347549999999991
1.4347549999999991
1.4347549999999991
1.4347549999999991
1.4347549999999991
1.4347549999999991
1.4347549999999991
1.4347549999999991
1.4347549999999991
1.4347549999999991
1.4347549999999991
1.4347549999999991
1.4347549999999991
1.4347549999999991
1.4347549999999991
1.4347549999999991
1.4347549999999991
1.4347549999999991
1.4347549999999991
1.4347549999999991
1.4347549999999991
1.4347549999999991
1.4347549999999991
1.4347549999999991
1.4347549999999991
1.4347549999999991
1.4347549999999991
1.4347549999999991
1.4347549999999991
1.4347549999999991
1.4347549999999991
1.4347549999999991
1.4347549999999991
1.4347549999999991
1.4347549999999991
1.4347549999999991
1.4347549999999991
1.4347549999999991
1.4347549999999991
1.4347549999999991
1.4347549999999991
1.4347549999999991
1.4347549999999991
1.4347549999999991
-1.4347560000000001
-1.4347560000000001
-1.4347560000000001
-1.4347560000000001
-1.4347560000000001
-1.4347560000000001
-1.4347560000000001
-1.4347560000000001
-1.4347560000000001
-1.4347560000000001
-1.4347560000000001
-1.4347560000000001
-1.4347560000000001
-1.4347560000000001
-1.4347560000000001
-1.4347560000000001
-1.4347560000000001
-1.4347560000000001
-1.4347560000000001
-1.4347560000000001
-1.4347560000000001
-1.4347560000000001
-1.4347560000000001
-1.4347560000000001
-1.4347560000000001
-1.4347560000000001
-1.4347560000000001
-1.4347560000000001
-1.4347560000000001
-1.4347560000000001
-1.4347560000000001
-1.4347560000000001
-1.4347560000000001
-1.4347560000000001
-1.4347560000000001
-1.4347560000000001
-1.4347560000000001
-1.4347560000000001
-1.4347560000000001
-1.4347560000000001
-1.4347560000000001
-1.4347560000000001
-1.4347560000000001
-1.4347560000000001
-1.4347560000000001
-1.4347560000000001
-1.4347560000000001
-1.4347560000000001
-1.4347560000000001
-1.4347560000000001
-1.4347560000000001
-1.4347560000000001
-1.4347560000000001
-1.4347560000000001
