1.4432430000000007
1.4433299999999996
1.4430239999999994
1.4422709999999999
1.4432430000000007
1.4433299999999996
1.4430239999999994
1.4422709999999999
1.4432430000000007
1.4433299999999996
1.4430239999999994
1.4422709999999999
1.4432430000000007
1.4433299999999996
1.4430239999999994
1.4422709999999999
1.4432430000000007
1.4433299999999996
1.4430239999999994
1.4422709999999999
1.4432430000000007
1.4433299999999996
1.4430239999999994
1.4422709999999999
1.4432430000000007
1.4433299999999996
1.4430239999999994
1.4422709999999999
1.4432430000000007
1.4433299999999996
1.4430239999999994
1.4422709999999999
1.4432430000000007
1.4433299999999996
1.4430239999999994
1.4422709999999999
1.4432430000000007
1.4433299999999996
1.4430239999999994
1.4422709999999999
1.4432430000000007
1.4433299999999996
1.4430239999999994
1.4422709999999999
1.4432430000000007
1.4433299999999996
1.4430239999999994
1.4422709999999999
1.4432430000000007
1.4433299999999996
1.4430239999999994
1.4422709999999999
1.4432430000000007
1.4433299999999996
1.4430239999999994
1.4422709999999999
1.4432430000000007
1.4433299999999996
1.4430239999999994
1.4422709999999999
1.4432430000000007
1.4433299999999996
1.4430239999999994
1.4422709999999999
1.4432430000000007
1.4433299999999996
1.4430239999999994
1.4422709999999999
1.4432430000000007
1.4433299999999996
1.4430239999999994
1.4422709999999999
1.4432430000000007
1.4433299999999996
1.4430239999999994
1.4422709999999999
1.4432430000000007
1.4433299999999996
1.4430239999999994
1.4422709999999999
1.4432430000000007
1.4433299999999996
1.4430239999999994
1.4422709999999999
1.4432430000000007
1.4433299999999996
1.4430239999999994
1.4422709999999999
1.4432430000000007
1.4433299999999996
1.4430239999999994
1.4422709999999999
1.4432430000000007
1.4433299999999996
1.4430239999999994
1.4422709999999999
1.4432430000000007
1.4433299999999996
1.4430239999999994
1.4422709999999999
1.4432430000000007
1.4433299999999996
1.4430239999999994
1.4422709999999999
1.4432430000000007
1.4433299999999996
1.4430239999999994
1.4422709999999999
-1.4421340000000002
-1.4435399999999996
-1.4433100000000003
-1.4428840000000003
-1.4421340000000002
-1.4435399999999996
-1.4433100000000003
-1.4428840000000003
-1.4421340000000002
-1.4435399999999996
-1.4433100000000003
-1.4428840000000003
-1.4421340000000002
-1.4435399999999996
-1.4433100000000003
-1.4428840000000003
-1.4421340000000002
-1.4435399999999996
-1.4433100000000003
-1.4428840000000003
-1.4421340000000002
-1.4435399999999996
-1.4433100000000003
-1.4428840000000003
-1.4421340000000002
-1.4435399999999996
-1.4433100000000003
-1.4428840000000003
-1.4421340000000002
-1.4435399999999996
-1.4433100000000003
-1.4428840000000003
-1.4421340000000002
-1.4435399999999996
-1.4433100000000003
-1.4428840000000003
-1.4421340000000002
-1.4435399999999996
-1.4433100000000003
-1.4428840000000003
-1.4421340000000002
-1.4435399999999996
-1.4433100000000003
-1.4428840000000003
-1.4421340000000002
-1.4435399999999996
-1.4433100000000003
-1.4428840000000003
-1.4421340000000002
-1.4435399999999996
-1.4433100000000003
-1.4428840000000003
-1.4421340000000002
-1.4435399999999996
-1.4433100000000003
-1.4428840000000003
-1.4421340000000002
-1.4435399999999996
-1.4433100000000003
-1.4428840000000003
-1.4421340000000002
-1.4435399999999996
-1.4433100000000003
-1.4428840000000003
-1.4421340000000002
-1.4435399999999996
-1.4433100000000003
-1.4428840000000003
-1.4421340000000002
-1.4435399999999996
-1.4433100000000003
-1.4428840000000003
-1.4421340000000002
-1.4435399999999996
-1.4433100000000003
-1.4428840000000003
-1.4421340000000002
-1.4435399999999996
-1.4433100000000003
-1.4428840000000003
-1.4421340000000002
-1.4435399999999996
-1.4433100000000003
-1.4428840000000003
-1.4421340000000002
-1.4435399999999996
-1.4433100000000003
-1.4428840000000003
-1.4421340000000002
-1.4435399999999996
-1.4433100000000003
-1.4428840000000003
-1.4421340000000002
-1.4435399999999996
-1.4433100000000003
-1.4428840000000003
-1.4421340000000002
-1.4435399999999996
-1.4433100000000003
-1.4428840000000003
-1.4421340000000002
-1.4435399999999996
-1.4433100000000003
-1.4428840000000003
-1.4421340000000002
-1.4435399999999996
-1.4433100000000003
-1.4428840000000003
