1.4406490000000005
1.4400019999999998
1.4404629999999994
1.4422409999999992
1.4406490000000005
1.4400019999999998
1.4404629999999994
1.4422409999999992
1.4406490000000005
1.4400019999999998
1.4404629999999994
1.4422409999999992
1.4406490000000005
1.4400019999999998
1.4404629999999994
1.4422409999999992
1.4406490000000005
1.4400019999999998
1.4404629999999994
1.4422409999999992
1.4406490000000005
1.4400019999999998
1.4404629999999994
1.4422409999999992
1.4406490000000005
1.4400019999999998
1.4404629999999994
1.4422409999999992
1.4406490000000005
1.4400019999999998
1.4404629999999994
1.4422409999999992
1.4406490000000005
1.4400019999999998
1.4404629999999994
1.4422409999999992
1.4406490000000005
1.4400019999999998
1.4404629999999994
1.4422409999999992
1.4406490000000005
1.4400019999999998
1.4404629999999994
1.4422409999999992
1.4406490000000005
1.4400019999999998
1.4404629999999994
1.4422409999999992
1.4406490000000005
1.4400019999999998
1.4404629999999994
1.4422409999999992
1.4406490000000005
1.4400019999999998
1.4404629999999994
1.4422409999999992
1.4406490000000005
1.4400019999999998
1.4404629999999994
1.4422409999999992
1.4406490000000005
1.4400019999999998
1.4404629999999994
1.4422409999999992
1.4406490000000005
1.4400019999999998
1.4404629999999994
1.4422409999999992
1.4406490000000005
1.4400019999999998
1.4404629999999994
1.4422409999999992
1.4406490000000005
1.4400019999999998
1.4404629999999994
1.4422409999999992
1.4406490000000005
1.4400019999999998
1.4404629999999994
1.4422409999999992
1.4406490000000005
1.4400019999999998
1.4404629999999994
1.4422409999999992
1.4406490000000005
1.4400019999999998
1.4404629999999994
1.4422409999999992
1.4406490000000005
1.4400019999999998
1.4404629999999994
1.4422409999999992
1.4406490000000005
1.4400019999999998
1.4404629999999994
1.4422409999999992
1.4406490000000005
1.4400019999999998
1.4404629999999994
1.4422409999999992
1.4406490000000005
1.4400019999999998
1.4404629999999994
1.4422409999999992
1.4406490000000005
1.4400019999999998
1.4404629999999994
1.4422409999999992
1.4406490000000005
1.4400019999999998
1.4404629999999994
1.4422409999999992
1.4406490000000005
1.4400019999999998
1.4404629999999994
1.4422409999999992
1.4406490000000005
1.4400019999999998
1.4404629999999994
1.4422409999999992
1.4406490000000005
1.4400019999999998
1.4404629999999994
1.4422409999999992
1.4406490000000005
1.4400019999999998
1.4404629999999994
1.4422409999999992
1.4406490000000005
1.4400019999999998
1.4404629999999994
1.4422409999999992
1.4406490000000005
1.4400019999999998
1.4404629999999994
1.4422409999999992
1.4406490000000005
1.4400019999999998
1.4404629999999994
1.4422409999999992
1.4406490000000005
1.4400019999999998
1.4404629999999994
1.4422409999999992
-1.440442
-1.4416010000000004
-1.440454
-1.4408570000000003
-1.440442
-1.4416010000000004
-1.440454
-1.4408570000000003
-1.440442
-1.4416010000000004
-1.440454
-1.4408570000000003
-1.440442
-1.4416010000000004
-1.440454
-1.4408570000000003
-1.440442
-1.4416010000000004
-1.440454
-1.4408570000000003
-1.440442
-1.4416010000000004
-1.440454
-1.4408570000000003
-1.440442
-1.4416010000000004
-1.440454
-1.4408570000000003
-1.440442
-1.4416010000000004
-1.440454
-1.4408570000000003
-1.440442
-1.4416010000000004
-1.440454
-1.4408570000000003
-1.440442
-1.4416010000000004
-1.440454
-1.4408570000000003
-1.440442
-1.4416010000000004
-1.440454
-1.4408570000000003
-1.440442
-1.4416010000000004
-1.440454
-1.4408570000000003
-1.440442
-1.4416010000000004
-1.440454
-1.4408570000000003
-1.440442
-1.4416010000000004
-1.440454
-1.4408570000000003
-1.440442
-1.4416010000000004
-1.440454
-1.4408570000000003
-1.440442
-1.4416010000000004
-1.440454
-1.4408570000000003
-1.440442
-1.4416010000000004
-1.440454
-1.4408570000000003
-1.440442
-1.4416010000000004
-1.440454
-1.4408570000000003
-1.440442
-1.4416010000000004
-1.440454
-1.4408570000000003
-1.440442
-1.4416010000000004
-1.440454
-1.4408570000000003
-1.440442
-1.4416010000000004
-1.440454
-1.4408570000000003
-1.440442
-1.4416010000000004
-1.440454
-1.4408570000000003
-1.440442
-1.4416010000000004
-1.440454
-1.4408570000000003
-1.440442
-1.4416010000000004
-1.440454
-1.4408570000000003
-1.440442
-1.4416010000000004
-1.440454
-1.4408570000000003
-1.440442
-1.4416010000000004
-1.440454
-1.4408570000000003
-1.440442
-1.4416010000000004
-1.440454
-1.4408570000000003
-1.440442
-1.4416010000000004
-1.440454
-1.4408570000000003
-1.440442
-1.4416010000000004
-1.440454
-1.4408570000000003
-1.440442
-1.4416010000000004
-1.440454
-1.4408570000000003
-1.440442
-1.4416010000000004
-1.440454
-1.4408570000000003
-1.440442
-1.4416010000000004
-1.440454
-1.4408570000000003
-1.440442
-1.4416010000000004
-1.440454
-1.4408570000000003
-1.440442
-1.4416010000000004
-1.440454
-1.4408570000000003
-1.440442
-1.4416010000000004
-1.440454
-1.4408570000000003
-1.440442
-1.4416010000000004
-1.440454
-1.4408570000000003
