1.424016
1.423159
1.423216
1.4226860000000006
1.424016
1.423159
1.423216
1.4226860000000006
1.424016
1.423159
1.423216
1.4226860000000006
1.424016
1.423159
1.423216
1.4226860000000006
1.424016
1.423159
1.423216
1.4226860000000006
1.424016
1.423159
1.423216
1.4226860000000006
1.424016
1.423159
1.423216
1.4226860000000006
1.424016
1.423159
1.423216
1.4226860000000006
1.424016
1.423159
1.423216
1.4226860000000006
1.424016
1.423159
1.423216
1.4226860000000006
1.424016
1.423159
1.423216
1.4226860000000006
1.424016
1.423159
1.423216
1.4226860000000006
1.424016
1.423159
1.423216
1.4226860000000006
1.424016
1.423159
1.423216
1.4226860000000006
1.424016
1.423159
1.423216
1.4226860000000006
1.424016
1.423159
1.423216
1.4226860000000006
1.424016
1.423159
1.423216
1.4226860000000006
1.424016
1.423159
1.423216
1.4226860000000006
1.424016
1.423159
1.423216
1.4226860000000006
1.424016
1.423159
1.423216
1.4226860000000006
1.424016
1.423159
1.423216
1.4226860000000006
1.424016
1.423159
1.423216
1.4226860000000006
1.424016
1.423159
1.423216
1.4226860000000006
1.424016
1.423159
1.423216
1.4226860000000006
1.424016
1.423159
1.423216
1.4226860000000006
1.424016
1.423159
1.423216
1.4226860000000006
1.424016
1.423159
1.423216
1.4226860000000006
1.424016
1.423159
1.423216
1.4226860000000006
1.424016
1.423159
1.423216
1.4226860000000006
1.424016
1.423159
1.423216
1.4226860000000006
1.424016
1.423159
1.423216
1.4226860000000006
1.424016
1.423159
1.423216
1.4226860000000006
1.424016
1.423159
1.423216
1.4226860000000006
1.424016
1.423159
1.423216
1.4226860000000006
1.424016
1.423159
1.423216
1.4226860000000006
1.424016
1.423159
1.423216
1.4226860000000006
-1.423126
-1.4244089999999998
-1.4241520000000003
-1.4213940000000003
-1.423126
-1.4244089999999998
-1.4241520000000003
-1.4213940000000003
-1.423126
-1.4244089999999998
-1.4241520000000003
-1.4213940000000003
-1.423126
-1.4244089999999998
-1.4241520000000003
-1.4213940000000003
-1.423126
-1.4244089999999998
-1.4241520000000003
-1.4213940000000003
-1.423126
-1.4244089999999998
-1.4241520000000003
-1.4213940000000003
-1.423126
-1.4244089999999998
-1.4241520000000003
-1.4213940000000003
-1.423126
-1.4244089999999998
-1.4241520000000003
-1.4213940000000003
-1.423126
-1.4244089999999998
-1.4241520000000003
-1.4213940000000003
-1.423126
-1.4244089999999998
-1.4241520000000003
-1.4213940000000003
-1.423126
-1.4244089999999998
-1.4241520000000003
-1.4213940000000003
-1.423126
-1.4244089999999998
-1.4241520000000003
-1.4213940000000003
-1.423126
-1.4244089999999998
-1.4241520000000003
-1.4213940000000003
-1.423126
-1.4244089999999998
-1.4241520000000003
-1.4213940000000003
-1.423126
-1.4244089999999998
-1.4241520000000003
-1.4213940000000003
-1.423126
-1.4244089999999998
-1.4241520000000003
-1.4213940000000003
-1.423126
-1.4244089999999998
-1.4241520000000003
-1.4213940000000003
-1.423126
-1.4244089999999998
-1.4241520000000003
-1.4213940000000003
-1.423126
-1.4244089999999998
-1.4241520000000003
-1.4213940000000003
-1.423126
-1.4244089999999998
-1.4241520000000003
-1.4213940000000003
-1.423126
-1.4244089999999998
-1.4241520000000003
-1.4213940000000003
-1.423126
-1.4244089999999998
-1.4241520000000003
-1.4213940000000003
-1.423126
-1.4244089999999998
-1.4241520000000003
-1.4213940000000003
-1.423126
-1.4244089999999998
-1.4241520000000003
-1.4213940000000003
-1.423126
-1.4244089999999998
-1.4241520000000003
-1.4213940000000003
-1.423126
-1.4244089999999998
-1.4241520000000003
-1.4213940000000003
-1.423126
-1.4244089999999998
-1.4241520000000003
-1.4213940000000003
-1.423126
-1.4244089999999998
-1.4241520000000003
-1.4213940000000003
-1.423126
-1.4244089999999998
-1.4241520000000003
-1.4213940000000003
-1.423126
-1.4244089999999998
-1.4241520000000003
-1.4213940000000003
-1.423126
-1.4244089999999998
-1.4241520000000003
-1.4213940000000003
-1.423126
-1.4244089999999998
-1.4241520000000003
-1.4213940000000003
-1.423126
-1.4244089999999998
-1.4241520000000003
-1.4213940000000003
-1.423126
-1.4244089999999998
-1.4241520000000003
-1.4213940000000003
-1.423126
-1.4244089999999998
-1.4241520000000003
-1.4213940000000003
-1.423126
-1.4244089999999998
-1.4241520000000003
-1.4213940000000003
