1.4225569999999994
1.415953
1.424194
1.420871
1.4225569999999994
1.415953
1.424194
1.420871
1.4225569999999994
1.415953
1.424194
1.420871
1.4225569999999994
1.415953
1.424194
1.420871
1.4225569999999994
1.415953
1.424194
1.420871
1.4225569999999994
1.415953
1.424194
1.420871
1.4225569999999994
1.415953
1.424194
1.420871
1.4225569999999994
1.415953
1.424194
1.420871
1.4225569999999994
1.415953
1.424194
1.420871
1.4225569999999994
1.415953
1.424194
1.420871
1.4225569999999994
1.415953
1.424194
1.420871
1.4225569999999994
1.415953
1.424194
1.420871
1.4225569999999994
1.415953
1.424194
1.420871
1.4225569999999994
1.415953
1.424194
1.420871
1.4225569999999994
1.415953
1.424194
1.420871
1.4225569999999994
1.415953
1.424194
1.420871
1.4225569999999994
1.415953
1.424194
1.420871
1.4225569999999994
1.415953
1.424194
1.420871
1.4225569999999994
1.415953
1.424194
1.420871
1.4225569999999994
1.415953
1.424194
1.420871
1.4225569999999994
1.415953
1.424194
1.420871
1.4225569999999994
1.415953
1.424194
1.420871
1.4225569999999994
1.415953
1.424194
1.420871
1.4225569999999994
1.415953
1.424194
1.420871
1.4225569999999994
1.415953
1.424194
1.420871
1.4225569999999994
1.415953
1.424194
1.420871
1.4225569999999994
1.415953
1.424194
1.420871
1.4225569999999994
1.415953
1.424194
1.420871
1.4225569999999994
1.415953
1.424194
1.420871
1.4225569999999994
1.415953
1.424194
1.420871
1.4225569999999994
1.415953
1.424194
1.420871
1.4225569999999994
1.415953
1.424194
1.420871
1.4225569999999994
1.415953
1.424194
1.420871
1.4225569999999994
1.415953
1.424194
1.420871
1.4225569999999994
1.415953
1.424194
1.420871
1.4225569999999994
1.415953
1.424194
1.420871
1.4225569999999994
1.415953
1.424194
1.420871
1.4225569999999994
1.415953
1.424194
1.420871
1.4225569999999994
1.415953
1.424194
1.420871
1.4225569999999994
1.415953
1.424194
1.420871
1.4225569999999994
1.415953
1.424194
1.420871
1.4225569999999994
1.415953
1.424194
1.420871
1.4225569999999994
1.415953
1.424194
1.420871
1.4225569999999994
1.415953
1.424194
1.420871
1.4225569999999994
1.415953
1.424194
1.420871
1.4225569999999994
1.415953
1.424194
1.420871
1.4225569999999994
1.415953
1.424194
1.420871
1.4225569999999994
1.415953
1.424194
1.420871
-1.4224670000000001
-1.424506
-1.4151860000000003
-1.4214140000000004
-1.4224670000000001
-1.424506
-1.4151860000000003
-1.4214140000000004
-1.4224670000000001
-1.424506
-1.4151860000000003
-1.4214140000000004
-1.4224670000000001
-1.424506
-1.4151860000000003
-1.4214140000000004
-1.4224670000000001
-1.424506
-1.4151860000000003
-1.4214140000000004
-1.4224670000000001
-1.424506
-1.4151860000000003
-1.4214140000000004
-1.4224670000000001
-1.424506
-1.4151860000000003
-1.4214140000000004
-1.4224670000000001
-1.424506
-1.4151860000000003
-1.4214140000000004
-1.4224670000000001
-1.424506
-1.4151860000000003
-1.4214140000000004
-1.4224670000000001
-1.424506
-1.4151860000000003
-1.4214140000000004
-1.4224670000000001
-1.424506
-1.4151860000000003
-1.4214140000000004
-1.4224670000000001
-1.424506
-1.4151860000000003
-1.4214140000000004
-1.4224670000000001
-1.424506
-1.4151860000000003
-1.4214140000000004
-1.4224670000000001
-1.424506
-1.4151860000000003
-1.4214140000000004
-1.4224670000000001
-1.424506
-1.4151860000000003
-1.4214140000000004
-1.4224670000000001
-1.424506
-1.4151860000000003
-1.4214140000000004
-1.4224670000000001
-1.424506
-1.4151860000000003
-1.4214140000000004
-1.4224670000000001
-1.424506
-1.4151860000000003
-1.4214140000000004
-1.4224670000000001
-1.424506
-1.4151860000000003
-1.4214140000000004
-1.4224670000000001
-1.424506
-1.4151860000000003
-1.4214140000000004
-1.4224670000000001
-1.424506
-1.4151860000000003
-1.4214140000000004
-1.4224670000000001
-1.424506
-1.4151860000000003
-1.4214140000000004
-1.4224670000000001
-1.424506
-1.4151860000000003
-1.4214140000000004
-1.4224670000000001
-1.424506
-1.4151860000000003
-1.4214140000000004
-1.4224670000000001
-1.424506
-1.4151860000000003
-1.4214140000000004
-1.4224670000000001
-1.424506
-1.4151860000000003
-1.4214140000000004
-1.4224670000000001
-1.424506
-1.4151860000000003
-1.4214140000000004
-1.4224670000000001
-1.424506
-1.4151860000000003
-1.4214140000000004
-1.4224670000000001
-1.424506
-1.4151860000000003
-1.4214140000000004
-1.4224670000000001
-1.424506
-1.4151860000000003
-1.4214140000000004
-1.4224670000000001
-1.424506
-1.4151860000000003
-1.4214140000000004
-1.4224670000000001
-1.424506
-1.4151860000000003
-1.4214140000000004
-1.4224670000000001
-1.424506
-1.4151860000000003
-1.4214140000000004
-1.4224670000000001
-1.424506
-1.4151860000000003
-1.4214140000000004
-1.4224670000000001
-1.424506
-1.4151860000000003
-1.4214140000000004
-1.4224670000000001
-1.424506
-1.4151860000000003
-1.4214140000000004
-1.4224670000000001
-1.424506
-1.4151860000000003
-1.4214140000000004
-1.4224670000000001
-1.424506
-1.4151860000000003
-1.4214140000000004
-1.4224670000000001
-1.424506
-1.4151860000000003
-1.4214140000000004
-1.4224670000000001
-1.424506
-1.4151860000000003
-1.4214140000000004
-1.4224670000000001
-1.424506
-1.4151860000000003
-1.4214140000000004
-1.4224670000000001
-1.424506
-1.4151860000000003
-1.4214140000000004
-1.4224670000000001
-1.424506
-1.4151860000000003
-1.4214140000000004
-1.4224670000000001
-1.424506
-1.4151860000000003
-1.4214140000000004
-1.4224670000000001
-1.424506
-1.4151860000000003
-1.4214140000000004
-1.4224670000000001
-1.424506
-1.4151860000000003
-1.4214140000000004
-1.4224670000000001
-1.424506
-1.4151860000000003
-1.4214140000000004
-1.4224670000000001
-1.424506
-1.4151860000000003
-1.4214140000000004
