1.3056059999999992
1.3177640000000004
1.3056059999999992
1.3177640000000004
1.3056059999999992
1.3177640000000004
1.3056059999999992
1.3177640000000004
1.3056059999999992
1.3177640000000004
1.3056059999999992
1.3177640000000004
1.3056059999999992
1.3177640000000004
1.3056059999999992
1.3177640000000004
1.3056059999999992
1.3177640000000004
1.3056059999999992
1.3177640000000004
1.3056059999999992
1.3177640000000004
1.3056059999999992
1.3177640000000004
1.3056059999999992
1.3177640000000004
1.3056059999999992
1.3177640000000004
1.3056059999999992
1.3177640000000004
1.3056059999999992
1.3177640000000004
1.3056059999999992
1.3177640000000004
1.3056059999999992
1.3177640000000004
1.3056059999999992
1.3177640000000004
1.3056059999999992
1.3177640000000004
1.3056059999999992
1.3177640000000004
1.3056059999999992
1.3177640000000004
1.3056059999999992
1.3177640000000004
1.3056059999999992
1.3177640000000004
1.3056059999999992
1.3177640000000004
1.3056059999999992
1.3177640000000004
1.3056059999999992
1.3177640000000004
1.3056059999999992
1.3177640000000004
1.3056059999999992
1.3177640000000004
1.3056059999999992
1.3177640000000004
1.3056059999999992
1.3177640000000004
1.3056059999999992
1.3177640000000004
1.3056059999999992
1.3177640000000004
1.3056059999999992
1.3177640000000004
1.3056059999999992
1.3177640000000004
1.3056059999999992
1.3177640000000004
1.3056059999999992
1.3177640000000004
1.3056059999999992
1.3177640000000004
1.3056059999999992
1.3177640000000004
1.3056059999999992
1.3177640000000004
1.3056059999999992
1.3177640000000004
1.3056059999999992
1.3177640000000004
1.3056059999999992
1.3177640000000004
1.3056059999999992
1.3177640000000004
1.3056059999999992
1.3177640000000004
1.3056059999999992
1.3177640000000004
1.3056059999999992
1.3177640000000004
1.3056059999999992
1.3177640000000004
1.3056059999999992
1.3177640000000004
1.3056059999999992
1.3177640000000004
1.3056059999999992
1.3177640000000004
1.3056059999999992
1.3177640000000004
1.3056059999999992
1.3177640000000004
1.3056059999999992
1.3177640000000004
1.3056059999999992
1.3177640000000004
1.3056059999999992
1.3177640000000004
1.3056059999999992
1.3177640000000004
1.3056059999999992
1.3177640000000004
1.3056059999999992
1.3177640000000004
1.3056059999999992
1.3177640000000004
-1.3020560000000003
-1.3213150000000002
-1.3020560000000003
-1.3213150000000002
-1.3020560000000003
-1.3213150000000002
-1.3020560000000003
-1.3213150000000002
-1.3020560000000003
-1.3213150000000002
-1.3020560000000003
-1.3213150000000002
-1.3020560000000003
-1.3213150000000002
-1.3020560000000003
-1.3213150000000002
-1.3020560000000003
-1.3213150000000002
-1.3020560000000003
-1.3213150000000002
-1.3020560000000003
-1.3213150000000002
-1.3020560000000003
-1.3213150000000002
-1.3020560000000003
-1.3213150000000002
-1.3020560000000003
-1.3213150000000002
-1.3020560000000003
-1.3213150000000002
-1.3020560000000003
-1.3213150000000002
-1.3020560000000003
-1.3213150000000002
-1.3020560000000003
-1.3213150000000002
-1.3020560000000003
-1.3213150000000002
-1.3020560000000003
-1.3213150000000002
-1.3020560000000003
-1.3213150000000002
-1.3020560000000003
-1.3213150000000002
-1.3020560000000003
-1.3213150000000002
-1.3020560000000003
-1.3213150000000002
-1.3020560000000003
-1.3213150000000002
-1.3020560000000003
-1.3213150000000002
-1.3020560000000003
-1.3213150000000002
-1.3020560000000003
-1.3213150000000002
-1.3020560000000003
-1.3213150000000002
-1.3020560000000003
-1.3213150000000002
-1.3020560000000003
-1.3213150000000002
-1.3020560000000003
-1.3213150000000002
-1.3020560000000003
-1.3213150000000002
-1.3020560000000003
-1.3213150000000002
-1.3020560000000003
-1.3213150000000002
-1.3020560000000003
-1.3213150000000002
-1.3020560000000003
-1.3213150000000002
-1.3020560000000003
-1.3213150000000002
-1.3020560000000003
-1.3213150000000002
-1.3020560000000003
-1.3213150000000002
-1.3020560000000003
-1.3213150000000002
-1.3020560000000003
-1.3213150000000002
-1.3020560000000003
-1.3213150000000002
-1.3020560000000003
-1.3213150000000002
-1.3020560000000003
-1.3213150000000002
-1.3020560000000003
-1.3213150000000002
-1.3020560000000003
-1.3213150000000002
-1.3020560000000003
-1.3213150000000002
-1.3020560000000003
-1.3213150000000002
-1.3020560000000003
-1.3213150000000002
-1.3020560000000003
-1.3213150000000002
-1.3020560000000003
-1.3213150000000002
-1.3020560000000003
-1.3213150000000002
-1.3020560000000003
-1.3213150000000002
-1.3020560000000003
-1.3213150000000002
-1.3020560000000003
-1.3213150000000002
-1.3020560000000003
-1.3213150000000002
-1.3020560000000003
-1.3213150000000002
-1.3020560000000003
-1.3213150000000002
-1.3020560000000003
-1.3213150000000002
