1.4392460000000007
1.4392209999999999
1.4388489999999994
1.4382260000000002
1.4392460000000007
1.4392209999999999
1.4388489999999994
1.4382260000000002
1.4392460000000007
1.4392209999999999
1.4388489999999994
1.4382260000000002
1.4392460000000007
1.4392209999999999
1.4388489999999994
1.4382260000000002
1.4392460000000007
1.4392209999999999
1.4388489999999994
1.4382260000000002
1.4392460000000007
1.4392209999999999
1.4388489999999994
1.4382260000000002
1.4392460000000007
1.4392209999999999
1.4388489999999994
1.4382260000000002
1.4392460000000007
1.4392209999999999
1.4388489999999994
1.4382260000000002
1.4392460000000007
1.4392209999999999
1.4388489999999994
1.4382260000000002
1.4392460000000007
1.4392209999999999
1.4388489999999994
1.4382260000000002
1.4392460000000007
1.4392209999999999
1.4388489999999994
1.4382260000000002
1.4392460000000007
1.4392209999999999
1.4388489999999994
1.4382260000000002
1.4392460000000007
1.4392209999999999
1.4388489999999994
1.4382260000000002
1.4392460000000007
1.4392209999999999
1.4388489999999994
1.4382260000000002
1.4392460000000007
1.4392209999999999
1.4388489999999994
1.4382260000000002
1.4392460000000007
1.4392209999999999
1.4388489999999994
1.4382260000000002
1.4392460000000007
1.4392209999999999
1.4388489999999994
1.4382260000000002
1.4392460000000007
1.4392209999999999
1.4388489999999994
1.4382260000000002
1.4392460000000007
1.4392209999999999
1.4388489999999994
1.4382260000000002
1.4392460000000007
1.4392209999999999
1.4388489999999994
1.4382260000000002
1.4392460000000007
1.4392209999999999
1.4388489999999994
1.4382260000000002
1.4392460000000007
1.4392209999999999
1.4388489999999994
1.4382260000000002
1.4392460000000007
1.4392209999999999
1.4388489999999994
1.4382260000000002
1.4392460000000007
1.4392209999999999
1.4388489999999994
1.4382260000000002
1.4392460000000007
1.4392209999999999
1.4388489999999994
1.4382260000000002
1.4392460000000007
1.4392209999999999
1.4388489999999994
1.4382260000000002
1.4392460000000007
1.4392209999999999
1.4388489999999994
1.4382260000000002
-1.4387689999999997
-1.4387369999999997
-1.4389589999999997
-1.4390770000000002
-1.4387689999999997
-1.4387369999999997
-1.4389589999999997
-1.4390770000000002
-1.4387689999999997
-1.4387369999999997
-1.4389589999999997
-1.4390770000000002
-1.4387689999999997
-1.4387369999999997
-1.4389589999999997
-1.4390770000000002
-1.4387689999999997
-1.4387369999999997
-1.4389589999999997
-1.4390770000000002
-1.4387689999999997
-1.4387369999999997
-1.4389589999999997
-1.4390770000000002
-1.4387689999999997
-1.4387369999999997
-1.4389589999999997
-1.4390770000000002
-1.4387689999999997
-1.4387369999999997
-1.4389589999999997
-1.4390770000000002
-1.4387689999999997
-1.4387369999999997
-1.4389589999999997
-1.4390770000000002
-1.4387689999999997
-1.4387369999999997
-1.4389589999999997
-1.4390770000000002
-1.4387689999999997
-1.4387369999999997
-1.4389589999999997
-1.4390770000000002
-1.4387689999999997
-1.4387369999999997
-1.4389589999999997
-1.4390770000000002
-1.4387689999999997
-1.4387369999999997
-1.4389589999999997
-1.4390770000000002
-1.4387689999999997
-1.4387369999999997
-1.4389589999999997
-1.4390770000000002
-1.4387689999999997
-1.4387369999999997
-1.4389589999999997
-1.4390770000000002
-1.4387689999999997
-1.4387369999999997
-1.4389589999999997
-1.4390770000000002
-1.4387689999999997
-1.4387369999999997
-1.4389589999999997
-1.4390770000000002
-1.4387689999999997
-1.4387369999999997
-1.4389589999999997
-1.4390770000000002
-1.4387689999999997
-1.4387369999999997
-1.4389589999999997
-1.4390770000000002
-1.4387689999999997
-1.4387369999999997
-1.4389589999999997
-1.4390770000000002
-1.4387689999999997
-1.4387369999999997
-1.4389589999999997
-1.4390770000000002
-1.4387689999999997
-1.4387369999999997
-1.4389589999999997
-1.4390770000000002
-1.4387689999999997
-1.4387369999999997
-1.4389589999999997
-1.4390770000000002
-1.4387689999999997
-1.4387369999999997
-1.4389589999999997
-1.4390770000000002
-1.4387689999999997
-1.4387369999999997
-1.4389589999999997
-1.4390770000000002
-1.4387689999999997
-1.4387369999999997
-1.4389589999999997
-1.4390770000000002
-1.4387689999999997
-1.4387369999999997
-1.4389589999999997
-1.4390770000000002
