1.4320819999999994
1.4322940000000006
1.4331759999999996
1.4314999999999998
1.4320819999999994
1.4322940000000006
1.4331759999999996
1.4314999999999998
1.4320819999999994
1.4322940000000006
1.4331759999999996
1.4314999999999998
1.4320819999999994
1.4322940000000006
1.4331759999999996
1.4314999999999998
1.4320819999999994
1.4322940000000006
1.4331759999999996
1.4314999999999998
1.4320819999999994
1.4322940000000006
1.4331759999999996
1.4314999999999998
1.4320819999999994
1.4322940000000006
1.4331759999999996
1.4314999999999998
1.4320819999999994
1.4322940000000006
1.4331759999999996
1.4314999999999998
1.4320819999999994
1.4322940000000006
1.4331759999999996
1.4314999999999998
1.4320819999999994
1.4322940000000006
1.4331759999999996
1.4314999999999998
1.4320819999999994
1.4322940000000006
1.4331759999999996
1.4314999999999998
1.4320819999999994
1.4322940000000006
1.4331759999999996
1.4314999999999998
1.4320819999999994
1.4322940000000006
1.4331759999999996
1.4314999999999998
1.4320819999999994
1.4322940000000006
1.4331759999999996
1.4314999999999998
1.4320819999999994
1.4322940000000006
1.4331759999999996
1.4314999999999998
1.4320819999999994
1.4322940000000006
1.4331759999999996
1.4314999999999998
1.4320819999999994
1.4322940000000006
1.4331759999999996
1.4314999999999998
1.4320819999999994
1.4322940000000006
1.4331759999999996
1.4314999999999998
1.4320819999999994
1.4322940000000006
1.4331759999999996
1.4314999999999998
1.4320819999999994
1.4322940000000006
1.4331759999999996
1.4314999999999998
1.4320819999999994
1.4322940000000006
1.4331759999999996
1.4314999999999998
1.4320819999999994
1.4322940000000006
1.4331759999999996
1.4314999999999998
1.4320819999999994
1.4322940000000006
1.4331759999999996
1.4314999999999998
1.4320819999999994
1.4322940000000006
1.4331759999999996
1.4314999999999998
1.4320819999999994
1.4322940000000006
1.4331759999999996
1.4314999999999998
1.4320819999999994
1.4322940000000006
1.4331759999999996
1.4314999999999998
1.4320819999999994
1.4322940000000006
1.4331759999999996
1.4314999999999998
1.4320819999999994
1.4322940000000006
1.4331759999999996
1.4314999999999998
1.4320819999999994
1.4322940000000006
1.4331759999999996
1.4314999999999998
1.4320819999999994
1.4322940000000006
1.4331759999999996
1.4314999999999998
1.4320819999999994
1.4322940000000006
1.4331759999999996
1.4314999999999998
1.4320819999999994
1.4322940000000006
1.4331759999999996
1.4314999999999998
1.4320819999999994
1.4322940000000006
1.4331759999999996
1.4314999999999998
1.4320819999999994
1.4322940000000006
1.4331759999999996
1.4314999999999998
1.4320819999999994
1.4322940000000006
1.4331759999999996
1.4314999999999998
1.4320819999999994
1.4322940000000006
1.4331759999999996
1.4314999999999998
-1.4319889999999997
-1.431445
-1.4324139999999996
-1.4332079999999996
-1.4319889999999997
-1.431445
-1.4324139999999996
-1.4332079999999996
-1.4319889999999997
-1.431445
-1.4324139999999996
-1.4332079999999996
-1.4319889999999997
-1.431445
-1.4324139999999996
-1.4332079999999996
-1.4319889999999997
-1.431445
-1.4324139999999996
-1.4332079999999996
-1.4319889999999997
-1.431445
-1.4324139999999996
-1.4332079999999996
-1.4319889999999997
-1.431445
-1.4324139999999996
-1.4332079999999996
-1.4319889999999997
-1.431445
-1.4324139999999996
-1.4332079999999996
-1.4319889999999997
-1.431445
-1.4324139999999996
-1.4332079999999996
-1.4319889999999997
-1.431445
-1.4324139999999996
-1.4332079999999996
-1.4319889999999997
-1.431445
-1.4324139999999996
-1.4332079999999996
-1.4319889999999997
-1.431445
-1.4324139999999996
-1.4332079999999996
-1.4319889999999997
-1.431445
-1.4324139999999996
-1.4332079999999996
-1.4319889999999997
-1.431445
-1.4324139999999996
-1.4332079999999996
-1.4319889999999997
-1.431445
-1.4324139999999996
-1.4332079999999996
-1.4319889999999997
-1.431445
-1.4324139999999996
-1.4332079999999996
-1.4319889999999997
-1.431445
-1.4324139999999996
-1.4332079999999996
-1.4319889999999997
-1.431445
-1.4324139999999996
-1.4332079999999996
-1.4319889999999997
-1.431445
-1.4324139999999996
-1.4332079999999996
-1.4319889999999997
-1.431445
-1.4324139999999996
-1.4332079999999996
-1.4319889999999997
-1.431445
-1.4324139999999996
-1.4332079999999996
-1.4319889999999997
-1.431445
-1.4324139999999996
-1.4332079999999996
-1.4319889999999997
-1.431445
-1.4324139999999996
-1.4332079999999996
-1.4319889999999997
-1.431445
-1.4324139999999996
-1.4332079999999996
-1.4319889999999997
-1.431445
-1.4324139999999996
-1.4332079999999996
-1.4319889999999997
-1.431445
-1.4324139999999996
-1.4332079999999996
-1.4319889999999997
-1.431445
-1.4324139999999996
-1.4332079999999996
-1.4319889999999997
-1.431445
-1.4324139999999996
-1.4332079999999996
-1.4319889999999997
-1.431445
-1.4324139999999996
-1.4332079999999996
-1.4319889999999997
-1.431445
-1.4324139999999996
-1.4332079999999996
-1.4319889999999997
-1.431445
-1.4324139999999996
-1.4332079999999996
-1.4319889999999997
-1.431445
-1.4324139999999996
-1.4332079999999996
-1.4319889999999997
-1.431445
-1.4324139999999996
-1.4332079999999996
-1.4319889999999997
-1.431445
-1.4324139999999996
-1.4332079999999996
-1.4319889999999997
-1.431445
-1.4324139999999996
-1.4332079999999996
-1.4319889999999997
-1.431445
-1.4324139999999996
-1.4332079999999996
