1.4445180000000004
1.4445180000000004
1.4445180000000004
1.4445180000000004
1.4445180000000004
1.4445180000000004
1.4445180000000004
1.4445180000000004
1.4445180000000004
1.4445180000000004
1.4445180000000004
1.4445180000000004
1.4445180000000004
1.4445180000000004
1.4445180000000004
1.4445180000000004
1.4445180000000004
1.4445180000000004
1.4445180000000004
1.4445180000000004
1.4445180000000004
1.4445180000000004
1.4445180000000004
1.4445180000000004
1.4445180000000004
1.4445180000000004
1.4445180000000004
1.4445180000000004
1.4445180000000004
1.4445180000000004
1.4445180000000004
1.4445180000000004
1.4445180000000004
1.4445180000000004
1.4445180000000004
1.4445180000000004
1.4445180000000004
1.4445180000000004
1.4445180000000004
1.4445180000000004
1.4445180000000004
1.4445180000000004
1.4445180000000004
1.4445180000000004
1.4445180000000004
1.4445180000000004
1.4445180000000004
1.4445180000000004
1.4445180000000004
1.4445180000000004
1.4445180000000004
1.4445180000000004
1.4445180000000004
1.4445180000000004
1.4445180000000004
1.4445180000000004
1.4445180000000004
1.4445180000000004
1.4445180000000004
1.4445180000000004
1.4445180000000004
1.4445180000000004
1.4445180000000004
1.4445180000000004
-1.4445160000000001
-1.4445160000000001
-1.4445160000000001
-1.4445160000000001
-1.4445160000000001
-1.4445160000000001
-1.4445160000000001
-1.4445160000000001
-1.4445160000000001
-1.4445160000000001
-1.4445160000000001
-1.4445160000000001
-1.4445160000000001
-1.4445160000000001
-1.4445160000000001
-1.4445160000000001
-1.4445160000000001
-1.4445160000000001
-1.4445160000000001
-1.4445160000000001
-1.4445160000000001
-1.4445160000000001
-1.4445160000000001
-1.4445160000000001
-1.4445160000000001
-1.4445160000000001
-1.4445160000000001
-1.4445160000000001
-1.4445160000000001
-1.4445160000000001
-1.4445160000000001
-1.4445160000000001
-1.4445160000000001
-1.4445160000000001
-1.4445160000000001
-1.4445160000000001
-1.4445160000000001
-1.4445160000000001
-1.4445160000000001
-1.4445160000000001
-1.4445160000000001
-1.4445160000000001
-1.4445160000000001
-1.4445160000000001
-1.4445160000000001
-1.4445160000000001
-1.4445160000000001
-1.4445160000000001
-1.4445160000000001
-1.4445160000000001
-1.4445160000000001
-1.4445160000000001
-1.4445160000000001
-1.4445160000000001
-1.4445160000000001
-1.4445160000000001
-1.4445160000000001
-1.4445160000000001
-1.4445160000000001
-1.4445160000000001
-1.4445160000000001
-1.4445160000000001
-1.4445160000000001
-1.4445160000000001
