1.4294539999999998
1.4271700000000003
1.428058
1.4269119999999997
1.4294539999999998
1.4271700000000003
1.428058
1.4269119999999997
1.4294539999999998
1.4271700000000003
1.428058
1.4269119999999997
1.4294539999999998
1.4271700000000003
1.428058
1.4269119999999997
1.4294539999999998
1.4271700000000003
1.428058
1.4269119999999997
1.4294539999999998
1.4271700000000003
1.428058
1.4269119999999997
1.4294539999999998
1.4271700000000003
1.428058
1.4269119999999997
1.4294539999999998
1.4271700000000003
1.428058
1.4269119999999997
1.4294539999999998
1.4271700000000003
1.428058
1.4269119999999997
1.4294539999999998
1.4271700000000003
1.428058
1.4269119999999997
1.4294539999999998
1.4271700000000003
1.428058
1.4269119999999997
1.4294539999999998
1.4271700000000003
1.428058
1.4269119999999997
1.4294539999999998
1.4271700000000003
1.428058
1.4269119999999997
1.4294539999999998
1.4271700000000003
1.428058
1.4269119999999997
1.4294539999999998
1.4271700000000003
1.428058
1.4269119999999997
1.4294539999999998
1.4271700000000003
1.428058
1.4269119999999997
1.4294539999999998
1.4271700000000003
1.428058
1.4269119999999997
1.4294539999999998
1.4271700000000003
1.428058
1.4269119999999997
1.4294539999999998
1.4271700000000003
1.428058
1.4269119999999997
1.4294539999999998
1.4271700000000003
1.428058
1.4269119999999997
1.4294539999999998
1.4271700000000003
1.428058
1.4269119999999997
1.4294539999999998
1.4271700000000003
1.428058
1.4269119999999997
1.4294539999999998
1.4271700000000003
1.428058
1.4269119999999997
1.4294539999999998
1.4271700000000003
1.428058
1.4269119999999997
1.4294539999999998
1.4271700000000003
1.428058
1.4269119999999997
1.4294539999999998
1.4271700000000003
1.428058
1.4269119999999997
1.4294539999999998
1.4271700000000003
1.428058
1.4269119999999997
1.4294539999999998
1.4271700000000003
1.428058
1.4269119999999997
1.4294539999999998
1.4271700000000003
1.428058
1.4269119999999997
1.4294539999999998
1.4271700000000003
1.428058
1.4269119999999997
1.4294539999999998
1.4271700000000003
1.428058
1.4269119999999997
1.4294539999999998
1.4271700000000003
1.428058
1.4269119999999997
1.4294539999999998
1.4271700000000003
1.428058
1.4269119999999997
1.4294539999999998
1.4271700000000003
1.428058
1.4269119999999997
1.4294539999999998
1.4271700000000003
1.428058
1.4269119999999997
1.4294539999999998
1.4271700000000003
1.428058
1.4269119999999997
-1.4256950000000002
-1.430129
-1.4278510000000004
-1.427918
-1.4256950000000002
-1.430129
-1.4278510000000004
-1.427918
-1.4256950000000002
-1.430129
-1.4278510000000004
-1.427918
-1.4256950000000002
-1.430129
-1.4278510000000004
-1.427918
-1.4256950000000002
-1.430129
-1.4278510000000004
-1.427918
-1.4256950000000002
-1.430129
-1.4278510000000004
-1.427918
-1.4256950000000002
-1.430129
-1.4278510000000004
-1.427918
-1.4256950000000002
-1.430129
-1.4278510000000004
-1.427918
-1.4256950000000002
-1.430129
-1.4278510000000004
-1.427918
-1.4256950000000002
-1.430129
-1.4278510000000004
-1.427918
-1.4256950000000002
-1.430129
-1.4278510000000004
-1.427918
-1.4256950000000002
-1.430129
-1.4278510000000004
-1.427918
-1.4256950000000002
-1.430129
-1.4278510000000004
-1.427918
-1.4256950000000002
-1.430129
-1.4278510000000004
-1.427918
-1.4256950000000002
-1.430129
-1.4278510000000004
-1.427918
-1.4256950000000002
-1.430129
-1.4278510000000004
-1.427918
-1.4256950000000002
-1.430129
-1.4278510000000004
-1.427918
-1.4256950000000002
-1.430129
-1.4278510000000004
-1.427918
-1.4256950000000002
-1.430129
-1.4278510000000004
-1.427918
-1.4256950000000002
-1.430129
-1.4278510000000004
-1.427918
-1.4256950000000002
-1.430129
-1.4278510000000004
-1.427918
-1.4256950000000002
-1.430129
-1.4278510000000004
-1.427918
-1.4256950000000002
-1.430129
-1.4278510000000004
-1.427918
-1.4256950000000002
-1.430129
-1.4278510000000004
-1.427918
-1.4256950000000002
-1.430129
-1.4278510000000004
-1.427918
-1.4256950000000002
-1.430129
-1.4278510000000004
-1.427918
-1.4256950000000002
-1.430129
-1.4278510000000004
-1.427918
-1.4256950000000002
-1.430129
-1.4278510000000004
-1.427918
-1.4256950000000002
-1.430129
-1.4278510000000004
-1.427918
-1.4256950000000002
-1.430129
-1.4278510000000004
-1.427918
-1.4256950000000002
-1.430129
-1.4278510000000004
-1.427918
-1.4256950000000002
-1.430129
-1.4278510000000004
-1.427918
-1.4256950000000002
-1.430129
-1.4278510000000004
-1.427918
-1.4256950000000002
-1.430129
-1.4278510000000004
-1.427918
-1.4256950000000002
-1.430129
-1.4278510000000004
-1.427918
-1.4256950000000002
-1.430129
-1.4278510000000004
-1.427918
