1.4434609999999992
1.443892
1.4433559999999996
1.4416650000000004
1.4434609999999992
1.443892
1.4433559999999996
1.4416650000000004
1.4434609999999992
1.443892
1.4433559999999996
1.4416650000000004
1.4434609999999992
1.443892
1.4433559999999996
1.4416650000000004
1.4434609999999992
1.443892
1.4433559999999996
1.4416650000000004
1.4434609999999992
1.443892
1.4433559999999996
1.4416650000000004
1.4434609999999992
1.443892
1.4433559999999996
1.4416650000000004
1.4434609999999992
1.443892
1.4433559999999996
1.4416650000000004
1.4434609999999992
1.443892
1.4433559999999996
1.4416650000000004
1.4434609999999992
1.443892
1.4433559999999996
1.4416650000000004
1.4434609999999992
1.443892
1.4433559999999996
1.4416650000000004
1.4434609999999992
1.443892
1.4433559999999996
1.4416650000000004
1.4434609999999992
1.443892
1.4433559999999996
1.4416650000000004
1.4434609999999992
1.443892
1.4433559999999996
1.4416650000000004
1.4434609999999992
1.443892
1.4433559999999996
1.4416650000000004
1.4434609999999992
1.443892
1.4433559999999996
1.4416650000000004
1.4434609999999992
1.443892
1.4433559999999996
1.4416650000000004
1.4434609999999992
1.443892
1.4433559999999996
1.4416650000000004
1.4434609999999992
1.443892
1.4433559999999996
1.4416650000000004
1.4434609999999992
1.443892
1.4433559999999996
1.4416650000000004
1.4434609999999992
1.443892
1.4433559999999996
1.4416650000000004
1.4434609999999992
1.443892
1.4433559999999996
1.4416650000000004
1.4434609999999992
1.443892
1.4433559999999996
1.4416650000000004
1.4434609999999992
1.443892
1.4433559999999996
1.4416650000000004
1.4434609999999992
1.443892
1.4433559999999996
1.4416650000000004
1.4434609999999992
1.443892
1.4433559999999996
1.4416650000000004
1.4434609999999992
1.443892
1.4433559999999996
1.4416650000000004
1.4434609999999992
1.443892
1.4433559999999996
1.4416650000000004
1.4434609999999992
1.443892
1.4433559999999996
1.4416650000000004
1.4434609999999992
1.443892
1.4433559999999996
1.4416650000000004
1.4434609999999992
1.443892
1.4433559999999996
1.4416650000000004
1.4434609999999992
1.443892
1.4433559999999996
1.4416650000000004
1.4434609999999992
1.443892
1.4433559999999996
1.4416650000000004
1.4434609999999992
1.443892
1.4433559999999996
1.4416650000000004
1.4434609999999992
1.443892
1.4433559999999996
1.4416650000000004
1.4434609999999992
1.443892
1.4433559999999996
1.4416650000000004
-1.4422290000000002
-1.443569
-1.4432470000000004
-1.4433299999999996
-1.4422290000000002
-1.443569
-1.4432470000000004
-1.4433299999999996
-1.4422290000000002
-1.443569
-1.4432470000000004
-1.4433299999999996
-1.4422290000000002
-1.443569
-1.4432470000000004
-1.4433299999999996
-1.4422290000000002
-1.443569
-1.4432470000000004
-1.4433299999999996
-1.4422290000000002
-1.443569
-1.4432470000000004
-1.4433299999999996
-1.4422290000000002
-1.443569
-1.4432470000000004
-1.4433299999999996
-1.4422290000000002
-1.443569
-1.4432470000000004
-1.4433299999999996
-1.4422290000000002
-1.443569
-1.4432470000000004
-1.4433299999999996
-1.4422290000000002
-1.443569
-1.4432470000000004
-1.4433299999999996
-1.4422290000000002
-1.443569
-1.4432470000000004
-1.4433299999999996
-1.4422290000000002
-1.443569
-1.4432470000000004
-1.4433299999999996
-1.4422290000000002
-1.443569
-1.4432470000000004
-1.4433299999999996
-1.4422290000000002
-1.443569
-1.4432470000000004
-1.4433299999999996
-1.4422290000000002
-1.443569
-1.4432470000000004
-1.4433299999999996
-1.4422290000000002
-1.443569
-1.4432470000000004
-1.4433299999999996
-1.4422290000000002
-1.443569
-1.4432470000000004
-1.4433299999999996
-1.4422290000000002
-1.443569
-1.4432470000000004
-1.4433299999999996
-1.4422290000000002
-1.443569
-1.4432470000000004
-1.4433299999999996
-1.4422290000000002
-1.443569
-1.4432470000000004
-1.4433299999999996
-1.4422290000000002
-1.443569
-1.4432470000000004
-1.4433299999999996
-1.4422290000000002
-1.443569
-1.4432470000000004
-1.4433299999999996
-1.4422290000000002
-1.443569
-1.4432470000000004
-1.4433299999999996
-1.4422290000000002
-1.443569
-1.4432470000000004
-1.4433299999999996
-1.4422290000000002
-1.443569
-1.4432470000000004
-1.4433299999999996
-1.4422290000000002
-1.443569
-1.4432470000000004
-1.4433299999999996
-1.4422290000000002
-1.443569
-1.4432470000000004
-1.4433299999999996
-1.4422290000000002
-1.443569
-1.4432470000000004
-1.4433299999999996
-1.4422290000000002
-1.443569
-1.4432470000000004
-1.4433299999999996
-1.4422290000000002
-1.443569
-1.4432470000000004
-1.4433299999999996
-1.4422290000000002
-1.443569
-1.4432470000000004
-1.4433299999999996
-1.4422290000000002
-1.443569
-1.4432470000000004
-1.4433299999999996
-1.4422290000000002
-1.443569
-1.4432470000000004
-1.4433299999999996
-1.4422290000000002
-1.443569
-1.4432470000000004
-1.4433299999999996
-1.4422290000000002
-1.443569
-1.4432470000000004
-1.4433299999999996
-1.4422290000000002
-1.443569
-1.4432470000000004
-1.4433299999999996
