1.4014849999999992
1.4029550000000004
1.4014849999999992
1.4029550000000004
1.4014849999999992
1.4029550000000004
1.4014849999999992
1.4029550000000004
1.4014849999999992
1.4029550000000004
1.4014849999999992
1.4029550000000004
1.4014849999999992
1.4029550000000004
1.4014849999999992
1.4029550000000004
1.4014849999999992
1.4029550000000004
1.4014849999999992
1.4029550000000004
1.4014849999999992
1.4029550000000004
1.4014849999999992
1.4029550000000004
1.4014849999999992
1.4029550000000004
1.4014849999999992
1.4029550000000004
1.4014849999999992
1.4029550000000004
1.4014849999999992
1.4029550000000004
1.4014849999999992
1.4029550000000004
1.4014849999999992
1.4029550000000004
1.4014849999999992
1.4029550000000004
1.4014849999999992
1.4029550000000004
1.4014849999999992
1.4029550000000004
1.4014849999999992
1.4029550000000004
1.4014849999999992
1.4029550000000004
1.4014849999999992
1.4029550000000004
1.4014849999999992
1.4029550000000004
1.4014849999999992
1.4029550000000004
1.4014849999999992
1.4029550000000004
1.4014849999999992
1.4029550000000004
1.4014849999999992
1.4029550000000004
1.4014849999999992
1.4029550000000004
1.4014849999999992
1.4029550000000004
1.4014849999999992
1.4029550000000004
1.4014849999999992
1.4029550000000004
1.4014849999999992
1.4029550000000004
1.4014849999999992
1.4029550000000004
1.4014849999999992
1.4029550000000004
1.4014849999999992
1.4029550000000004
1.4014849999999992
1.4029550000000004
1.4014849999999992
1.4029550000000004
1.4014849999999992
1.4029550000000004
1.4014849999999992
1.4029550000000004
1.4014849999999992
1.4029550000000004
1.4014849999999992
1.4029550000000004
1.4014849999999992
1.4029550000000004
1.4014849999999992
1.4029550000000004
1.4014849999999992
1.4029550000000004
1.4014849999999992
1.4029550000000004
1.4014849999999992
1.4029550000000004
1.4014849999999992
1.4029550000000004
1.4014849999999992
1.4029550000000004
1.4014849999999992
1.4029550000000004
1.4014849999999992
1.4029550000000004
1.4014849999999992
1.4029550000000004
1.4014849999999992
1.4029550000000004
1.4014849999999992
1.4029550000000004
1.4014849999999992
1.4029550000000004
1.4014849999999992
1.4029550000000004
1.4014849999999992
1.4029550000000004
1.4014849999999992
1.4029550000000004
1.4014849999999992
1.4029550000000004
-1.4032489999999997
-1.4011909999999999
-1.4032489999999997
-1.4011909999999999
-1.4032489999999997
-1.4011909999999999
-1.4032489999999997
-1.4011909999999999
-1.4032489999999997
-1.4011909999999999
-1.4032489999999997
-1.4011909999999999
-1.4032489999999997
-1.4011909999999999
-1.4032489999999997
-1.4011909999999999
-1.4032489999999997
-1.4011909999999999
-1.4032489999999997
-1.4011909999999999
-1.4032489999999997
-1.4011909999999999
-1.4032489999999997
-1.4011909999999999
-1.4032489999999997
-1.4011909999999999
-1.4032489999999997
-1.4011909999999999
-1.4032489999999997
-1.4011909999999999
-1.4032489999999997
-1.4011909999999999
-1.4032489999999997
-1.4011909999999999
-1.4032489999999997
-1.4011909999999999
-1.4032489999999997
-1.4011909999999999
-1.4032489999999997
-1.4011909999999999
-1.4032489999999997
-1.4011909999999999
-1.4032489999999997
-1.4011909999999999
-1.4032489999999997
-1.4011909999999999
-1.4032489999999997
-1.4011909999999999
-1.4032489999999997
-1.4011909999999999
-1.4032489999999997
-1.4011909999999999
-1.4032489999999997
-1.4011909999999999
-1.4032489999999997
-1.4011909999999999
-1.4032489999999997
-1.4011909999999999
-1.4032489999999997
-1.4011909999999999
-1.4032489999999997
-1.4011909999999999
-1.4032489999999997
-1.4011909999999999
-1.4032489999999997
-1.4011909999999999
-1.4032489999999997
-1.4011909999999999
-1.4032489999999997
-1.4011909999999999
-1.4032489999999997
-1.4011909999999999
-1.4032489999999997
-1.4011909999999999
-1.4032489999999997
-1.4011909999999999
-1.4032489999999997
-1.4011909999999999
-1.4032489999999997
-1.4011909999999999
-1.4032489999999997
-1.4011909999999999
-1.4032489999999997
-1.4011909999999999
-1.4032489999999997
-1.4011909999999999
-1.4032489999999997
-1.4011909999999999
-1.4032489999999997
-1.4011909999999999
-1.4032489999999997
-1.4011909999999999
-1.4032489999999997
-1.4011909999999999
-1.4032489999999997
-1.4011909999999999
-1.4032489999999997
-1.4011909999999999
-1.4032489999999997
-1.4011909999999999
-1.4032489999999997
-1.4011909999999999
-1.4032489999999997
-1.4011909999999999
-1.4032489999999997
-1.4011909999999999
-1.4032489999999997
-1.4011909999999999
-1.4032489999999997
-1.4011909999999999
-1.4032489999999997
-1.4011909999999999
-1.4032489999999997
-1.4011909999999999
-1.4032489999999997
-1.4011909999999999
-1.4032489999999997
-1.4011909999999999
-1.4032489999999997
-1.4011909999999999
