1.435625
1.4297690000000003
1.4360660000000003
1.4269490000000005
1.435625
1.4297690000000003
1.4360660000000003
1.4269490000000005
1.435625
1.4297690000000003
1.4360660000000003
1.4269490000000005
1.435625
1.4297690000000003
1.4360660000000003
1.4269490000000005
1.435625
1.4297690000000003
1.4360660000000003
1.4269490000000005
1.435625
1.4297690000000003
1.4360660000000003
1.4269490000000005
1.435625
1.4297690000000003
1.4360660000000003
1.4269490000000005
1.435625
1.4297690000000003
1.4360660000000003
1.4269490000000005
1.435625
1.4297690000000003
1.4360660000000003
1.4269490000000005
1.435625
1.4297690000000003
1.4360660000000003
1.4269490000000005
1.435625
1.4297690000000003
1.4360660000000003
1.4269490000000005
1.435625
1.4297690000000003
1.4360660000000003
1.4269490000000005
1.435625
1.4297690000000003
1.4360660000000003
1.4269490000000005
1.435625
1.4297690000000003
1.4360660000000003
1.4269490000000005
1.435625
1.4297690000000003
1.4360660000000003
1.4269490000000005
1.435625
1.4297690000000003
1.4360660000000003
1.4269490000000005
1.435625
1.4297690000000003
1.4360660000000003
1.4269490000000005
1.435625
1.4297690000000003
1.4360660000000003
1.4269490000000005
1.435625
1.4297690000000003
1.4360660000000003
1.4269490000000005
1.435625
1.4297690000000003
1.4360660000000003
1.4269490000000005
1.435625
1.4297690000000003
1.4360660000000003
1.4269490000000005
1.435625
1.4297690000000003
1.4360660000000003
1.4269490000000005
1.435625
1.4297690000000003
1.4360660000000003
1.4269490000000005
1.435625
1.4297690000000003
1.4360660000000003
1.4269490000000005
1.435625
1.4297690000000003
1.4360660000000003
1.4269490000000005
1.435625
1.4297690000000003
1.4360660000000003
1.4269490000000005
1.435625
1.4297690000000003
1.4360660000000003
1.4269490000000005
1.435625
1.4297690000000003
1.4360660000000003
1.4269490000000005
1.435625
1.4297690000000003
1.4360660000000003
1.4269490000000005
1.435625
1.4297690000000003
1.4360660000000003
1.4269490000000005
1.435625
1.4297690000000003
1.4360660000000003
1.4269490000000005
1.435625
1.4297690000000003
1.4360660000000003
1.4269490000000005
1.435625
1.4297690000000003
1.4360660000000003
1.4269490000000005
1.435625
1.4297690000000003
1.4360660000000003
1.4269490000000005
1.435625
1.4297690000000003
1.4360660000000003
1.4269490000000005
1.435625
1.4297690000000003
1.4360660000000003
1.4269490000000005
-1.429576
-1.4333400000000003
-1.4311629999999997
-1.4343269999999997
-1.429576
-1.4333400000000003
-1.4311629999999997
-1.4343269999999997
-1.429576
-1.4333400000000003
-1.4311629999999997
-1.4343269999999997
-1.429576
-1.4333400000000003
-1.4311629999999997
-1.4343269999999997
-1.429576
-1.4333400000000003
-1.4311629999999997
-1.4343269999999997
-1.429576
-1.4333400000000003
-1.4311629999999997
-1.4343269999999997
-1.429576
-1.4333400000000003
-1.4311629999999997
-1.4343269999999997
-1.429576
-1.4333400000000003
-1.4311629999999997
-1.4343269999999997
-1.429576
-1.4333400000000003
-1.4311629999999997
-1.4343269999999997
-1.429576
-1.4333400000000003
-1.4311629999999997
-1.4343269999999997
-1.429576
-1.4333400000000003
-1.4311629999999997
-1.4343269999999997
-1.429576
-1.4333400000000003
-1.4311629999999997
-1.4343269999999997
-1.429576
-1.4333400000000003
-1.4311629999999997
-1.4343269999999997
-1.429576
-1.4333400000000003
-1.4311629999999997
-1.4343269999999997
-1.429576
-1.4333400000000003
-1.4311629999999997
-1.4343269999999997
-1.429576
-1.4333400000000003
-1.4311629999999997
-1.4343269999999997
-1.429576
-1.4333400000000003
-1.4311629999999997
-1.4343269999999997
-1.429576
-1.4333400000000003
-1.4311629999999997
-1.4343269999999997
-1.429576
-1.4333400000000003
-1.4311629999999997
-1.4343269999999997
-1.429576
-1.4333400000000003
-1.4311629999999997
-1.4343269999999997
-1.429576
-1.4333400000000003
-1.4311629999999997
-1.4343269999999997
-1.429576
-1.4333400000000003
-1.4311629999999997
-1.4343269999999997
-1.429576
-1.4333400000000003
-1.4311629999999997
-1.4343269999999997
-1.429576
-1.4333400000000003
-1.4311629999999997
-1.4343269999999997
-1.429576
-1.4333400000000003
-1.4311629999999997
-1.4343269999999997
-1.429576
-1.4333400000000003
-1.4311629999999997
-1.4343269999999997
-1.429576
-1.4333400000000003
-1.4311629999999997
-1.4343269999999997
-1.429576
-1.4333400000000003
-1.4311629999999997
-1.4343269999999997
-1.429576
-1.4333400000000003
-1.4311629999999997
-1.4343269999999997
-1.429576
-1.4333400000000003
-1.4311629999999997
-1.4343269999999997
-1.429576
-1.4333400000000003
-1.4311629999999997
-1.4343269999999997
-1.429576
-1.4333400000000003
-1.4311629999999997
-1.4343269999999997
-1.429576
-1.4333400000000003
-1.4311629999999997
-1.4343269999999997
-1.429576
-1.4333400000000003
-1.4311629999999997
-1.4343269999999997
-1.429576
-1.4333400000000003
-1.4311629999999997
-1.4343269999999997
-1.429576
-1.4333400000000003
-1.4311629999999997
-1.4343269999999997
