1.373901
1.3936039999999998
1.373901
1.3936039999999998
1.373901
1.3936039999999998
1.373901
1.3936039999999998
1.373901
1.3936039999999998
1.373901
1.3936039999999998
1.373901
1.3936039999999998
1.373901
1.3936039999999998
1.373901
1.3936039999999998
1.373901
1.3936039999999998
1.373901
1.3936039999999998
1.373901
1.3936039999999998
1.373901
1.3936039999999998
1.373901
1.3936039999999998
1.373901
1.3936039999999998
1.373901
1.3936039999999998
1.373901
1.3936039999999998
1.373901
1.3936039999999998
1.373901
1.3936039999999998
1.373901
1.3936039999999998
1.373901
1.3936039999999998
1.373901
1.3936039999999998
1.373901
1.3936039999999998
1.373901
1.3936039999999998
1.373901
1.3936039999999998
1.373901
1.3936039999999998
1.373901
1.3936039999999998
1.373901
1.3936039999999998
1.373901
1.3936039999999998
1.373901
1.3936039999999998
1.373901
1.3936039999999998
1.373901
1.3936039999999998
1.373901
1.3936039999999998
1.373901
1.3936039999999998
1.373901
1.3936039999999998
1.373901
1.3936039999999998
1.373901
1.3936039999999998
1.373901
1.3936039999999998
1.373901
1.3936039999999998
1.373901
1.3936039999999998
1.373901
1.3936039999999998
1.373901
1.3936039999999998
1.373901
1.3936039999999998
1.373901
1.3936039999999998
1.373901
1.3936039999999998
1.373901
1.3936039999999998
1.373901
1.3936039999999998
1.373901
1.3936039999999998
1.373901
1.3936039999999998
1.373901
1.3936039999999998
1.373901
1.3936039999999998
1.373901
1.3936039999999998
1.373901
1.3936039999999998
1.373901
1.3936039999999998
1.373901
1.3936039999999998
1.373901
1.3936039999999998
1.373901
1.3936039999999998
1.373901
1.3936039999999998
1.373901
1.3936039999999998
1.373901
1.3936039999999998
-1.3917330000000003
-1.3757710000000003
-1.3917330000000003
-1.3757710000000003
-1.3917330000000003
-1.3757710000000003
-1.3917330000000003
-1.3757710000000003
-1.3917330000000003
-1.3757710000000003
-1.3917330000000003
-1.3757710000000003
-1.3917330000000003
-1.3757710000000003
-1.3917330000000003
-1.3757710000000003
-1.3917330000000003
-1.3757710000000003
-1.3917330000000003
-1.3757710000000003
-1.3917330000000003
-1.3757710000000003
-1.3917330000000003
-1.3757710000000003
-1.3917330000000003
-1.3757710000000003
-1.3917330000000003
-1.3757710000000003
-1.3917330000000003
-1.3757710000000003
-1.3917330000000003
-1.3757710000000003
-1.3917330000000003
-1.3757710000000003
-1.3917330000000003
-1.3757710000000003
-1.3917330000000003
-1.3757710000000003
-1.3917330000000003
-1.3757710000000003
-1.3917330000000003
-1.3757710000000003
-1.3917330000000003
-1.3757710000000003
-1.3917330000000003
-1.3757710000000003
-1.3917330000000003
-1.3757710000000003
-1.3917330000000003
-1.3757710000000003
-1.3917330000000003
-1.3757710000000003
-1.3917330000000003
-1.3757710000000003
-1.3917330000000003
-1.3757710000000003
-1.3917330000000003
-1.3757710000000003
-1.3917330000000003
-1.3757710000000003
-1.3917330000000003
-1.3757710000000003
-1.3917330000000003
-1.3757710000000003
-1.3917330000000003
-1.3757710000000003
-1.3917330000000003
-1.3757710000000003
-1.3917330000000003
-1.3757710000000003
-1.3917330000000003
-1.3757710000000003
-1.3917330000000003
-1.3757710000000003
-1.3917330000000003
-1.3757710000000003
-1.3917330000000003
-1.3757710000000003
-1.3917330000000003
-1.3757710000000003
-1.3917330000000003
-1.3757710000000003
-1.3917330000000003
-1.3757710000000003
-1.3917330000000003
-1.3757710000000003
-1.3917330000000003
-1.3757710000000003
-1.3917330000000003
-1.3757710000000003
-1.3917330000000003
-1.3757710000000003
-1.3917330000000003
-1.3757710000000003
-1.3917330000000003
-1.3757710000000003
-1.3917330000000003
-1.3757710000000003
-1.3917330000000003
-1.3757710000000003
-1.3917330000000003
-1.3757710000000003
-1.3917330000000003
-1.3757710000000003
-1.3917330000000003
-1.3757710000000003
-1.3917330000000003
-1.3757710000000003
-1.3917330000000003
-1.3757710000000003
-1.3917330000000003
-1.3757710000000003
-1.3917330000000003
-1.3757710000000003
-1.3917330000000003
-1.3757710000000003
-1.3917330000000003
-1.3757710000000003
-1.3917330000000003
-1.3757710000000003
