1.417294
1.3964949999999998
1.3992210000000007
1.364471
1.417294
1.3964949999999998
1.3992210000000007
1.364471
1.417294
1.3964949999999998
1.3992210000000007
1.364471
1.417294
1.3964949999999998
1.3992210000000007
1.364471
1.417294
1.3964949999999998
1.3992210000000007
1.364471
1.417294
1.3964949999999998
1.3992210000000007
1.364471
1.417294
1.3964949999999998
1.3992210000000007
1.364471
1.417294
1.3964949999999998
1.3992210000000007
1.364471
1.417294
1.3964949999999998
1.3992210000000007
1.364471
1.417294
1.3964949999999998
1.3992210000000007
1.364471
1.417294
1.3964949999999998
1.3992210000000007
1.364471
1.417294
1.3964949999999998
1.3992210000000007
1.364471
1.417294
1.3964949999999998
1.3992210000000007
1.364471
1.417294
1.3964949999999998
1.3992210000000007
1.364471
1.417294
1.3964949999999998
1.3992210000000007
1.364471
1.417294
1.3964949999999998
1.3992210000000007
1.364471
1.417294
1.3964949999999998
1.3992210000000007
1.364471
1.417294
1.3964949999999998
1.3992210000000007
1.364471
1.417294
1.3964949999999998
1.3992210000000007
1.364471
1.417294
1.3964949999999998
1.3992210000000007
1.364471
1.417294
1.3964949999999998
1.3992210000000007
1.364471
1.417294
1.3964949999999998
1.3992210000000007
1.364471
1.417294
1.3964949999999998
1.3992210000000007
1.364471
1.417294
1.3964949999999998
1.3992210000000007
1.364471
1.417294
1.3964949999999998
1.3992210000000007
1.364471
1.417294
1.3964949999999998
1.3992210000000007
1.364471
1.417294
1.3964949999999998
1.3992210000000007
1.364471
-1.3952859999999996
-1.39203
-1.3980560000000004
-1.3921080000000003
-1.3952859999999996
-1.39203
-1.3980560000000004
-1.3921080000000003
-1.3952859999999996
-1.39203
-1.3980560000000004
-1.3921080000000003
-1.3952859999999996
-1.39203
-1.3980560000000004
-1.3921080000000003
-1.3952859999999996
-1.39203
-1.3980560000000004
-1.3921080000000003
-1.3952859999999996
-1.39203
-1.3980560000000004
-1.3921080000000003
-1.3952859999999996
-1.39203
-1.3980560000000004
-1.3921080000000003
-1.3952859999999996
-1.39203
-1.3980560000000004
-1.3921080000000003
-1.3952859999999996
-1.39203
-1.3980560000000004
-1.3921080000000003
-1.3952859999999996
-1.39203
-1.3980560000000004
-1.3921080000000003
-1.3952859999999996
-1.39203
-1.3980560000000004
-1.3921080000000003
-1.3952859999999996
-1.39203
-1.3980560000000004
-1.3921080000000003
-1.3952859999999996
-1.39203
-1.3980560000000004
-1.3921080000000003
-1.3952859999999996
-1.39203
-1.3980560000000004
-1.3921080000000003
-1.3952859999999996
-1.39203
-1.3980560000000004
-1.3921080000000003
-1.3952859999999996
-1.39203
-1.3980560000000004
-1.3921080000000003
-1.3952859999999996
-1.39203
-1.3980560000000004
-1.3921080000000003
-1.3952859999999996
-1.39203
-1.3980560000000004
-1.3921080000000003
-1.3952859999999996
-1.39203
-1.3980560000000004
-1.3921080000000003
-1.3952859999999996
-1.39203
-1.3980560000000004
-1.3921080000000003
-1.3952859999999996
-1.39203
-1.3980560000000004
-1.3921080000000003
-1.3952859999999996
-1.39203
-1.3980560000000004
-1.3921080000000003
-1.3952859999999996
-1.39203
-1.3980560000000004
-1.3921080000000003
-1.3952859999999996
-1.39203
-1.3980560000000004
-1.3921080000000003
-1.3952859999999996
-1.39203
-1.3980560000000004
-1.3921080000000003
-1.3952859999999996
-1.39203
-1.3980560000000004
-1.3921080000000003
-1.3952859999999996
-1.39203
-1.3980560000000004
-1.3921080000000003
