1.413729
1.4072449999999996
1.413729
1.4072449999999996
1.413729
1.4072449999999996
1.413729
1.4072449999999996
1.413729
1.4072449999999996
1.413729
1.4072449999999996
1.413729
1.4072449999999996
1.413729
1.4072449999999996
1.413729
1.4072449999999996
1.413729
1.4072449999999996
1.413729
1.4072449999999996
1.413729
1.4072449999999996
1.413729
1.4072449999999996
1.413729
1.4072449999999996
1.413729
1.4072449999999996
1.413729
1.4072449999999996
1.413729
1.4072449999999996
1.413729
1.4072449999999996
1.413729
1.4072449999999996
1.413729
1.4072449999999996
1.413729
1.4072449999999996
1.413729
1.4072449999999996
1.413729
1.4072449999999996
1.413729
1.4072449999999996
1.413729
1.4072449999999996
1.413729
1.4072449999999996
1.413729
1.4072449999999996
1.413729
1.4072449999999996
1.413729
1.4072449999999996
1.413729
1.4072449999999996
1.413729
1.4072449999999996
1.413729
1.4072449999999996
1.413729
1.4072449999999996
1.413729
1.4072449999999996
1.413729
1.4072449999999996
1.413729
1.4072449999999996
1.413729
1.4072449999999996
1.413729
1.4072449999999996
1.413729
1.4072449999999996
1.413729
1.4072449999999996
1.413729
1.4072449999999996
1.413729
1.4072449999999996
1.413729
1.4072449999999996
1.413729
1.4072449999999996
1.413729
1.4072449999999996
1.413729
1.4072449999999996
1.413729
1.4072449999999996
1.413729
1.4072449999999996
1.413729
1.4072449999999996
1.413729
1.4072449999999996
1.413729
1.4072449999999996
1.413729
1.4072449999999996
1.413729
1.4072449999999996
1.413729
1.4072449999999996
1.413729
1.4072449999999996
1.413729
1.4072449999999996
1.413729
1.4072449999999996
1.413729
1.4072449999999996
1.413729
1.4072449999999996
1.413729
1.4072449999999996
-1.4084209999999997
-1.4125550000000002
-1.4084209999999997
-1.4125550000000002
-1.4084209999999997
-1.4125550000000002
-1.4084209999999997
-1.4125550000000002
-1.4084209999999997
-1.4125550000000002
-1.4084209999999997
-1.4125550000000002
-1.4084209999999997
-1.4125550000000002
-1.4084209999999997
-1.4125550000000002
-1.4084209999999997
-1.4125550000000002
-1.4084209999999997
-1.4125550000000002
-1.4084209999999997
-1.4125550000000002
-1.4084209999999997
-1.4125550000000002
-1.4084209999999997
-1.4125550000000002
-1.4084209999999997
-1.4125550000000002
-1.4084209999999997
-1.4125550000000002
-1.4084209999999997
-1.4125550000000002
-1.4084209999999997
-1.4125550000000002
-1.4084209999999997
-1.4125550000000002
-1.4084209999999997
-1.4125550000000002
-1.4084209999999997
-1.4125550000000002
-1.4084209999999997
-1.4125550000000002
-1.4084209999999997
-1.4125550000000002
-1.4084209999999997
-1.4125550000000002
-1.4084209999999997
-1.4125550000000002
-1.4084209999999997
-1.4125550000000002
-1.4084209999999997
-1.4125550000000002
-1.4084209999999997
-1.4125550000000002
-1.4084209999999997
-1.4125550000000002
-1.4084209999999997
-1.4125550000000002
-1.4084209999999997
-1.4125550000000002
-1.4084209999999997
-1.4125550000000002
-1.4084209999999997
-1.4125550000000002
-1.4084209999999997
-1.4125550000000002
-1.4084209999999997
-1.4125550000000002
-1.4084209999999997
-1.4125550000000002
-1.4084209999999997
-1.4125550000000002
-1.4084209999999997
-1.4125550000000002
-1.4084209999999997
-1.4125550000000002
-1.4084209999999997
-1.4125550000000002
-1.4084209999999997
-1.4125550000000002
-1.4084209999999997
-1.4125550000000002
-1.4084209999999997
-1.4125550000000002
-1.4084209999999997
-1.4125550000000002
-1.4084209999999997
-1.4125550000000002
-1.4084209999999997
-1.4125550000000002
-1.4084209999999997
-1.4125550000000002
-1.4084209999999997
-1.4125550000000002
-1.4084209999999997
-1.4125550000000002
-1.4084209999999997
-1.4125550000000002
-1.4084209999999997
-1.4125550000000002
-1.4084209999999997
-1.4125550000000002
-1.4084209999999997
-1.4125550000000002
-1.4084209999999997
-1.4125550000000002
-1.4084209999999997
-1.4125550000000002
-1.4084209999999997
-1.4125550000000002
-1.4084209999999997
-1.4125550000000002
-1.4084209999999997
-1.4125550000000002
-1.4084209999999997
-1.4125550000000002
-1.4084209999999997
-1.4125550000000002
-1.4084209999999997
-1.4125550000000002
