1.346202
1.3124330000000004
1.346202
1.3124330000000004
1.346202
1.3124330000000004
1.346202
1.3124330000000004
1.346202
1.3124330000000004
1.346202
1.3124330000000004
1.346202
1.3124330000000004
1.346202
1.3124330000000004
1.346202
1.3124330000000004
1.346202
1.3124330000000004
1.346202
1.3124330000000004
1.346202
1.3124330000000004
1.346202
1.3124330000000004
1.346202
1.3124330000000004
1.346202
1.3124330000000004
1.346202
1.3124330000000004
1.346202
1.3124330000000004
1.346202
1.3124330000000004
1.346202
1.3124330000000004
1.346202
1.3124330000000004
1.346202
1.3124330000000004
1.346202
1.3124330000000004
1.346202
1.3124330000000004
1.346202
1.3124330000000004
1.346202
1.3124330000000004
1.346202
1.3124330000000004
1.346202
1.3124330000000004
1.346202
1.3124330000000004
1.346202
1.3124330000000004
1.346202
1.3124330000000004
1.346202
1.3124330000000004
1.346202
1.3124330000000004
1.346202
1.3124330000000004
1.346202
1.3124330000000004
1.346202
1.3124330000000004
1.346202
1.3124330000000004
1.346202
1.3124330000000004
1.346202
1.3124330000000004
1.346202
1.3124330000000004
1.346202
1.3124330000000004
1.346202
1.3124330000000004
1.346202
1.3124330000000004
1.346202
1.3124330000000004
1.346202
1.3124330000000004
1.346202
1.3124330000000004
1.346202
1.3124330000000004
1.346202
1.3124330000000004
1.346202
1.3124330000000004
1.346202
1.3124330000000004
1.346202
1.3124330000000004
1.346202
1.3124330000000004
1.346202
1.3124330000000004
1.346202
1.3124330000000004
1.346202
1.3124330000000004
1.346202
1.3124330000000004
1.346202
1.3124330000000004
1.346202
1.3124330000000004
1.346202
1.3124330000000004
1.346202
1.3124330000000004
1.346202
1.3124330000000004
-1.3246019999999996
-1.334034
-1.3246019999999996
-1.334034
-1.3246019999999996
-1.334034
-1.3246019999999996
-1.334034
-1.3246019999999996
-1.334034
-1.3246019999999996
-1.334034
-1.3246019999999996
-1.334034
-1.3246019999999996
-1.334034
-1.3246019999999996
-1.334034
-1.3246019999999996
-1.334034
-1.3246019999999996
-1.334034
-1.3246019999999996
-1.334034
-1.3246019999999996
-1.334034
-1.3246019999999996
-1.334034
-1.3246019999999996
-1.334034
-1.3246019999999996
-1.334034
-1.3246019999999996
-1.334034
-1.3246019999999996
-1.334034
-1.3246019999999996
-1.334034
-1.3246019999999996
-1.334034
-1.3246019999999996
-1.334034
-1.3246019999999996
-1.334034
-1.3246019999999996
-1.334034
-1.3246019999999996
-1.334034
-1.3246019999999996
-1.334034
-1.3246019999999996
-1.334034
-1.3246019999999996
-1.334034
-1.3246019999999996
-1.334034
-1.3246019999999996
-1.334034
-1.3246019999999996
-1.334034
-1.3246019999999996
-1.334034
-1.3246019999999996
-1.334034
-1.3246019999999996
-1.334034
-1.3246019999999996
-1.334034
-1.3246019999999996
-1.334034
-1.3246019999999996
-1.334034
-1.3246019999999996
-1.334034
-1.3246019999999996
-1.334034
-1.3246019999999996
-1.334034
-1.3246019999999996
-1.334034
-1.3246019999999996
-1.334034
-1.3246019999999996
-1.334034
-1.3246019999999996
-1.334034
-1.3246019999999996
-1.334034
-1.3246019999999996
-1.334034
-1.3246019999999996
-1.334034
-1.3246019999999996
-1.334034
-1.3246019999999996
-1.334034
-1.3246019999999996
-1.334034
-1.3246019999999996
-1.334034
-1.3246019999999996
-1.334034
-1.3246019999999996
-1.334034
-1.3246019999999996
-1.334034
-1.3246019999999996
-1.334034
-1.3246019999999996
-1.334034
-1.3246019999999996
-1.334034
-1.3246019999999996
-1.334034
-1.3246019999999996
-1.334034
-1.3246019999999996
-1.334034
-1.3246019999999996
-1.334034
