1.4242790000000003
1.4259059999999995
1.4256130000000002
1.4271480000000007
1.4242790000000003
1.4259059999999995
1.4256130000000002
1.4271480000000007
1.4242790000000003
1.4259059999999995
1.4256130000000002
1.4271480000000007
1.4242790000000003
1.4259059999999995
1.4256130000000002
1.4271480000000007
1.4242790000000003
1.4259059999999995
1.4256130000000002
1.4271480000000007
1.4242790000000003
1.4259059999999995
1.4256130000000002
1.4271480000000007
1.4242790000000003
1.4259059999999995
1.4256130000000002
1.4271480000000007
1.4242790000000003
1.4259059999999995
1.4256130000000002
1.4271480000000007
1.4242790000000003
1.4259059999999995
1.4256130000000002
1.4271480000000007
1.4242790000000003
1.4259059999999995
1.4256130000000002
1.4271480000000007
1.4242790000000003
1.4259059999999995
1.4256130000000002
1.4271480000000007
1.4242790000000003
1.4259059999999995
1.4256130000000002
1.4271480000000007
1.4242790000000003
1.4259059999999995
1.4256130000000002
1.4271480000000007
1.4242790000000003
1.4259059999999995
1.4256130000000002
1.4271480000000007
1.4242790000000003
1.4259059999999995
1.4256130000000002
1.4271480000000007
1.4242790000000003
1.4259059999999995
1.4256130000000002
1.4271480000000007
1.4242790000000003
1.4259059999999995
1.4256130000000002
1.4271480000000007
1.4242790000000003
1.4259059999999995
1.4256130000000002
1.4271480000000007
1.4242790000000003
1.4259059999999995
1.4256130000000002
1.4271480000000007
1.4242790000000003
1.4259059999999995
1.4256130000000002
1.4271480000000007
1.4242790000000003
1.4259059999999995
1.4256130000000002
1.4271480000000007
1.4242790000000003
1.4259059999999995
1.4256130000000002
1.4271480000000007
1.4242790000000003
1.4259059999999995
1.4256130000000002
1.4271480000000007
1.4242790000000003
1.4259059999999995
1.4256130000000002
1.4271480000000007
1.4242790000000003
1.4259059999999995
1.4256130000000002
1.4271480000000007
1.4242790000000003
1.4259059999999995
1.4256130000000002
1.4271480000000007
1.4242790000000003
1.4259059999999995
1.4256130000000002
1.4271480000000007
1.4242790000000003
1.4259059999999995
1.4256130000000002
1.4271480000000007
1.4242790000000003
1.4259059999999995
1.4256130000000002
1.4271480000000007
1.4242790000000003
1.4259059999999995
1.4256130000000002
1.4271480000000007
1.4242790000000003
1.4259059999999995
1.4256130000000002
1.4271480000000007
1.4242790000000003
1.4259059999999995
1.4256130000000002
1.4271480000000007
1.4242790000000003
1.4259059999999995
1.4256130000000002
1.4271480000000007
1.4242790000000003
1.4259059999999995
1.4256130000000002
1.4271480000000007
1.4242790000000003
1.4259059999999995
1.4256130000000002
1.4271480000000007
1.4242790000000003
1.4259059999999995
1.4256130000000002
1.4271480000000007
-1.428102
-1.428185
-1.422472
-1.4241849999999996
-1.428102
-1.428185
-1.422472
-1.4241849999999996
-1.428102
-1.428185
-1.422472
-1.4241849999999996
-1.428102
-1.428185
-1.422472
-1.4241849999999996
-1.428102
-1.428185
-1.422472
-1.4241849999999996
-1.428102
-1.428185
-1.422472
-1.4241849999999996
-1.428102
-1.428185
-1.422472
-1.4241849999999996
-1.428102
-1.428185
-1.422472
-1.4241849999999996
-1.428102
-1.428185
-1.422472
-1.4241849999999996
-1.428102
-1.428185
-1.422472
-1.4241849999999996
-1.428102
-1.428185
-1.422472
-1.4241849999999996
-1.428102
-1.428185
-1.422472
-1.4241849999999996
-1.428102
-1.428185
-1.422472
-1.4241849999999996
-1.428102
-1.428185
-1.422472
-1.4241849999999996
-1.428102
-1.428185
-1.422472
-1.4241849999999996
-1.428102
-1.428185
-1.422472
-1.4241849999999996
-1.428102
-1.428185
-1.422472
-1.4241849999999996
-1.428102
-1.428185
-1.422472
-1.4241849999999996
-1.428102
-1.428185
-1.422472
-1.4241849999999996
-1.428102
-1.428185
-1.422472
-1.4241849999999996
-1.428102
-1.428185
-1.422472
-1.4241849999999996
-1.428102
-1.428185
-1.422472
-1.4241849999999996
-1.428102
-1.428185
-1.422472
-1.4241849999999996
-1.428102
-1.428185
-1.422472
-1.4241849999999996
-1.428102
-1.428185
-1.422472
-1.4241849999999996
-1.428102
-1.428185
-1.422472
-1.4241849999999996
-1.428102
-1.428185
-1.422472
-1.4241849999999996
-1.428102
-1.428185
-1.422472
-1.4241849999999996
-1.428102
-1.428185
-1.422472
-1.4241849999999996
-1.428102
-1.428185
-1.422472
-1.4241849999999996
-1.428102
-1.428185
-1.422472
-1.4241849999999996
-1.428102
-1.428185
-1.422472
-1.4241849999999996
-1.428102
-1.428185
-1.422472
-1.4241849999999996
-1.428102
-1.428185
-1.422472
-1.4241849999999996
-1.428102
-1.428185
-1.422472
-1.4241849999999996
-1.428102
-1.428185
-1.422472
-1.4241849999999996
