0.8873929999999994
0.8873929999999994
0.8873929999999994
0.8873929999999994
0.8873929999999994
0.8873929999999994
0.8873929999999994
0.8873929999999994
0.8873929999999994
0.8873929999999994
0.8873929999999994
0.8873929999999994
0.8873929999999994
0.8873929999999994
0.8873929999999994
0.8873929999999994
0.8873929999999994
0.8873929999999994
0.8873929999999994
0.8873929999999994
0.8873929999999994
0.8873929999999994
0.8873929999999994
0.8873929999999994
0.8873929999999994
0.8873929999999994
0.8873929999999994
0.8873929999999994
0.8873929999999994
0.8873929999999994
0.8873929999999994
0.8873929999999994
0.8873929999999994
0.8873929999999994
0.8873929999999994
0.8873929999999994
0.8873929999999994
0.8873929999999994
0.8873929999999994
0.8873929999999994
0.8873929999999994
0.8873929999999994
0.8873929999999994
0.8873929999999994
0.8873929999999994
0.8873929999999994
0.8873929999999994
0.8873929999999994
0.8873929999999994
0.8873929999999994
0.8873929999999994
0.8873929999999994
0.8873929999999994
0.8873929999999994
0.8873929999999994
0.8873929999999994
0.8873929999999994
0.8873929999999994
0.8873929999999994
0.8873929999999994
0.8873929999999994
0.8873929999999994
0.8873929999999994
0.8873929999999994
-0.8873930000000003
-0.8873930000000003
-0.8873930000000003
-0.8873930000000003
-0.8873930000000003
-0.8873930000000003
-0.8873930000000003
-0.8873930000000003
-0.8873930000000003
-0.8873930000000003
-0.8873930000000003
-0.8873930000000003
-0.8873930000000003
-0.8873930000000003
-0.8873930000000003
-0.8873930000000003
-0.8873930000000003
-0.8873930000000003
-0.8873930000000003
-0.8873930000000003
-0.8873930000000003
-0.8873930000000003
-0.8873930000000003
-0.8873930000000003
-0.8873930000000003
-0.8873930000000003
-0.8873930000000003
-0.8873930000000003
-0.8873930000000003
-0.8873930000000003
-0.8873930000000003
-0.8873930000000003
-0.8873930000000003
-0.8873930000000003
-0.8873930000000003
-0.8873930000000003
-0.8873930000000003
-0.8873930000000003
-0.8873930000000003
-0.8873930000000003
-0.8873930000000003
-0.8873930000000003
-0.8873930000000003
-0.8873930000000003
-0.8873930000000003
-0.8873930000000003
-0.8873930000000003
-0.8873930000000003
-0.8873930000000003
-0.8873930000000003
-0.8873930000000003
-0.8873930000000003
-0.8873930000000003
-0.8873930000000003
-0.8873930000000003
-0.8873930000000003
-0.8873930000000003
-0.8873930000000003
-0.8873930000000003
-0.8873930000000003
-0.8873930000000003
-0.8873930000000003
-0.8873930000000003
-0.8873930000000003
