1.4245040000000007
1.406891
1.4019329999999997
1.423292
1.4245040000000007
1.406891
1.4019329999999997
1.423292
1.4245040000000007
1.406891
1.4019329999999997
1.423292
1.4245040000000007
1.406891
1.4019329999999997
1.423292
1.4245040000000007
1.406891
1.4019329999999997
1.423292
1.4245040000000007
1.406891
1.4019329999999997
1.423292
1.4245040000000007
1.406891
1.4019329999999997
1.423292
1.4245040000000007
1.406891
1.4019329999999997
1.423292
1.4245040000000007
1.406891
1.4019329999999997
1.423292
1.4245040000000007
1.406891
1.4019329999999997
1.423292
1.4245040000000007
1.406891
1.4019329999999997
1.423292
1.4245040000000007
1.406891
1.4019329999999997
1.423292
1.4245040000000007
1.406891
1.4019329999999997
1.423292
1.4245040000000007
1.406891
1.4019329999999997
1.423292
1.4245040000000007
1.406891
1.4019329999999997
1.423292
1.4245040000000007
1.406891
1.4019329999999997
1.423292
1.4245040000000007
1.406891
1.4019329999999997
1.423292
1.4245040000000007
1.406891
1.4019329999999997
1.423292
1.4245040000000007
1.406891
1.4019329999999997
1.423292
1.4245040000000007
1.406891
1.4019329999999997
1.423292
1.4245040000000007
1.406891
1.4019329999999997
1.423292
1.4245040000000007
1.406891
1.4019329999999997
1.423292
1.4245040000000007
1.406891
1.4019329999999997
1.423292
1.4245040000000007
1.406891
1.4019329999999997
1.423292
1.4245040000000007
1.406891
1.4019329999999997
1.423292
1.4245040000000007
1.406891
1.4019329999999997
1.423292
1.4245040000000007
1.406891
1.4019329999999997
1.423292
1.4245040000000007
1.406891
1.4019329999999997
1.423292
1.4245040000000007
1.406891
1.4019329999999997
1.423292
1.4245040000000007
1.406891
1.4019329999999997
1.423292
1.4245040000000007
1.406891
1.4019329999999997
1.423292
1.4245040000000007
1.406891
1.4019329999999997
1.423292
1.4245040000000007
1.406891
1.4019329999999997
1.423292
1.4245040000000007
1.406891
1.4019329999999997
1.423292
1.4245040000000007
1.406891
1.4019329999999997
1.423292
1.4245040000000007
1.406891
1.4019329999999997
1.423292
-1.4205430000000003
-1.4199270000000004
-1.4130539999999998
-1.4030940000000003
-1.4205430000000003
-1.4199270000000004
-1.4130539999999998
-1.4030940000000003
-1.4205430000000003
-1.4199270000000004
-1.4130539999999998
-1.4030940000000003
-1.4205430000000003
-1.4199270000000004
-1.4130539999999998
-1.4030940000000003
-1.4205430000000003
-1.4199270000000004
-1.4130539999999998
-1.4030940000000003
-1.4205430000000003
-1.4199270000000004
-1.4130539999999998
-1.4030940000000003
-1.4205430000000003
-1.4199270000000004
-1.4130539999999998
-1.4030940000000003
-1.4205430000000003
-1.4199270000000004
-1.4130539999999998
-1.4030940000000003
-1.4205430000000003
-1.4199270000000004
-1.4130539999999998
-1.4030940000000003
-1.4205430000000003
-1.4199270000000004
-1.4130539999999998
-1.4030940000000003
-1.4205430000000003
-1.4199270000000004
-1.4130539999999998
-1.4030940000000003
-1.4205430000000003
-1.4199270000000004
-1.4130539999999998
-1.4030940000000003
-1.4205430000000003
-1.4199270000000004
-1.4130539999999998
-1.4030940000000003
-1.4205430000000003
-1.4199270000000004
-1.4130539999999998
-1.4030940000000003
-1.4205430000000003
-1.4199270000000004
-1.4130539999999998
-1.4030940000000003
-1.4205430000000003
-1.4199270000000004
-1.4130539999999998
-1.4030940000000003
-1.4205430000000003
-1.4199270000000004
-1.4130539999999998
-1.4030940000000003
-1.4205430000000003
-1.4199270000000004
-1.4130539999999998
-1.4030940000000003
-1.4205430000000003
-1.4199270000000004
-1.4130539999999998
-1.4030940000000003
-1.4205430000000003
-1.4199270000000004
-1.4130539999999998
-1.4030940000000003
-1.4205430000000003
-1.4199270000000004
-1.4130539999999998
-1.4030940000000003
-1.4205430000000003
-1.4199270000000004
-1.4130539999999998
-1.4030940000000003
-1.4205430000000003
-1.4199270000000004
-1.4130539999999998
-1.4030940000000003
-1.4205430000000003
-1.4199270000000004
-1.4130539999999998
-1.4030940000000003
-1.4205430000000003
-1.4199270000000004
-1.4130539999999998
-1.4030940000000003
-1.4205430000000003
-1.4199270000000004
-1.4130539999999998
-1.4030940000000003
-1.4205430000000003
-1.4199270000000004
-1.4130539999999998
-1.4030940000000003
-1.4205430000000003
-1.4199270000000004
-1.4130539999999998
-1.4030940000000003
-1.4205430000000003
-1.4199270000000004
-1.4130539999999998
-1.4030940000000003
-1.4205430000000003
-1.4199270000000004
-1.4130539999999998
-1.4030940000000003
-1.4205430000000003
-1.4199270000000004
-1.4130539999999998
-1.4030940000000003
-1.4205430000000003
-1.4199270000000004
-1.4130539999999998
-1.4030940000000003
-1.4205430000000003
-1.4199270000000004
-1.4130539999999998
-1.4030940000000003
-1.4205430000000003
-1.4199270000000004
-1.4130539999999998
-1.4030940000000003
-1.4205430000000003
-1.4199270000000004
-1.4130539999999998
-1.4030940000000003
-1.4205430000000003
-1.4199270000000004
-1.4130539999999998
-1.4030940000000003
