1.3304829999999992
1.2977900000000009
1.3304829999999992
1.2977900000000009
1.3304829999999992
1.2977900000000009
1.3304829999999992
1.2977900000000009
1.3304829999999992
1.2977900000000009
1.3304829999999992
1.2977900000000009
1.3304829999999992
1.2977900000000009
1.3304829999999992
1.2977900000000009
1.3304829999999992
1.2977900000000009
1.3304829999999992
1.2977900000000009
1.3304829999999992
1.2977900000000009
1.3304829999999992
1.2977900000000009
1.3304829999999992
1.2977900000000009
1.3304829999999992
1.2977900000000009
1.3304829999999992
1.2977900000000009
1.3304829999999992
1.2977900000000009
1.3304829999999992
1.2977900000000009
1.3304829999999992
1.2977900000000009
1.3304829999999992
1.2977900000000009
1.3304829999999992
1.2977900000000009
1.3304829999999992
1.2977900000000009
1.3304829999999992
1.2977900000000009
1.3304829999999992
1.2977900000000009
1.3304829999999992
1.2977900000000009
1.3304829999999992
1.2977900000000009
1.3304829999999992
1.2977900000000009
1.3304829999999992
1.2977900000000009
1.3304829999999992
1.2977900000000009
1.3304829999999992
1.2977900000000009
1.3304829999999992
1.2977900000000009
1.3304829999999992
1.2977900000000009
1.3304829999999992
1.2977900000000009
1.3304829999999992
1.2977900000000009
1.3304829999999992
1.2977900000000009
1.3304829999999992
1.2977900000000009
1.3304829999999992
1.2977900000000009
1.3304829999999992
1.2977900000000009
1.3304829999999992
1.2977900000000009
1.3304829999999992
1.2977900000000009
1.3304829999999992
1.2977900000000009
1.3304829999999992
1.2977900000000009
1.3304829999999992
1.2977900000000009
1.3304829999999992
1.2977900000000009
1.3304829999999992
1.2977900000000009
1.3304829999999992
1.2977900000000009
1.3304829999999992
1.2977900000000009
1.3304829999999992
1.2977900000000009
1.3304829999999992
1.2977900000000009
1.3304829999999992
1.2977900000000009
1.3304829999999992
1.2977900000000009
1.3304829999999992
1.2977900000000009
1.3304829999999992
1.2977900000000009
1.3304829999999992
1.2977900000000009
1.3304829999999992
1.2977900000000009
1.3304829999999992
1.2977900000000009
1.3304829999999992
1.2977900000000009
1.3304829999999992
1.2977900000000009
1.3304829999999992
1.2977900000000009
1.3304829999999992
1.2977900000000009
1.3304829999999992
1.2977900000000009
-1.3007479999999996
-1.3275240000000004
-1.3007479999999996
-1.3275240000000004
-1.3007479999999996
-1.3275240000000004
-1.3007479999999996
-1.3275240000000004
-1.3007479999999996
-1.3275240000000004
-1.3007479999999996
-1.3275240000000004
-1.3007479999999996
-1.3275240000000004
-1.3007479999999996
-1.3275240000000004
-1.3007479999999996
-1.3275240000000004
-1.3007479999999996
-1.3275240000000004
-1.3007479999999996
-1.3275240000000004
-1.3007479999999996
-1.3275240000000004
-1.3007479999999996
-1.3275240000000004
-1.3007479999999996
-1.3275240000000004
-1.3007479999999996
-1.3275240000000004
-1.3007479999999996
-1.3275240000000004
-1.3007479999999996
-1.3275240000000004
-1.3007479999999996
-1.3275240000000004
-1.3007479999999996
-1.3275240000000004
-1.3007479999999996
-1.3275240000000004
-1.3007479999999996
-1.3275240000000004
-1.3007479999999996
-1.3275240000000004
-1.3007479999999996
-1.3275240000000004
-1.3007479999999996
-1.3275240000000004
-1.3007479999999996
-1.3275240000000004
-1.3007479999999996
-1.3275240000000004
-1.3007479999999996
-1.3275240000000004
-1.3007479999999996
-1.3275240000000004
-1.3007479999999996
-1.3275240000000004
-1.3007479999999996
-1.3275240000000004
-1.3007479999999996
-1.3275240000000004
-1.3007479999999996
-1.3275240000000004
-1.3007479999999996
-1.3275240000000004
-1.3007479999999996
-1.3275240000000004
-1.3007479999999996
-1.3275240000000004
-1.3007479999999996
-1.3275240000000004
-1.3007479999999996
-1.3275240000000004
-1.3007479999999996
-1.3275240000000004
-1.3007479999999996
-1.3275240000000004
-1.3007479999999996
-1.3275240000000004
-1.3007479999999996
-1.3275240000000004
-1.3007479999999996
-1.3275240000000004
-1.3007479999999996
-1.3275240000000004
-1.3007479999999996
-1.3275240000000004
-1.3007479999999996
-1.3275240000000004
-1.3007479999999996
-1.3275240000000004
-1.3007479999999996
-1.3275240000000004
-1.3007479999999996
-1.3275240000000004
-1.3007479999999996
-1.3275240000000004
-1.3007479999999996
-1.3275240000000004
-1.3007479999999996
-1.3275240000000004
-1.3007479999999996
-1.3275240000000004
-1.3007479999999996
-1.3275240000000004
-1.3007479999999996
-1.3275240000000004
-1.3007479999999996
-1.3275240000000004
-1.3007479999999996
-1.3275240000000004
-1.3007479999999996
-1.3275240000000004
-1.3007479999999996
-1.3275240000000004
-1.3007479999999996
-1.3275240000000004
-1.3007479999999996
-1.3275240000000004
