1.3275729999999992
1.3564260000000008
1.3275729999999992
1.3564260000000008
1.3275729999999992
1.3564260000000008
1.3275729999999992
1.3564260000000008
1.3275729999999992
1.3564260000000008
1.3275729999999992
1.3564260000000008
1.3275729999999992
1.3564260000000008
1.3275729999999992
1.3564260000000008
1.3275729999999992
1.3564260000000008
1.3275729999999992
1.3564260000000008
1.3275729999999992
1.3564260000000008
1.3275729999999992
1.3564260000000008
1.3275729999999992
1.3564260000000008
1.3275729999999992
1.3564260000000008
1.3275729999999992
1.3564260000000008
1.3275729999999992
1.3564260000000008
1.3275729999999992
1.3564260000000008
1.3275729999999992
1.3564260000000008
1.3275729999999992
1.3564260000000008
1.3275729999999992
1.3564260000000008
1.3275729999999992
1.3564260000000008
1.3275729999999992
1.3564260000000008
1.3275729999999992
1.3564260000000008
1.3275729999999992
1.3564260000000008
1.3275729999999992
1.3564260000000008
1.3275729999999992
1.3564260000000008
1.3275729999999992
1.3564260000000008
1.3275729999999992
1.3564260000000008
1.3275729999999992
1.3564260000000008
1.3275729999999992
1.3564260000000008
1.3275729999999992
1.3564260000000008
1.3275729999999992
1.3564260000000008
1.3275729999999992
1.3564260000000008
1.3275729999999992
1.3564260000000008
1.3275729999999992
1.3564260000000008
1.3275729999999992
1.3564260000000008
1.3275729999999992
1.3564260000000008
1.3275729999999992
1.3564260000000008
1.3275729999999992
1.3564260000000008
1.3275729999999992
1.3564260000000008
1.3275729999999992
1.3564260000000008
1.3275729999999992
1.3564260000000008
1.3275729999999992
1.3564260000000008
1.3275729999999992
1.3564260000000008
1.3275729999999992
1.3564260000000008
1.3275729999999992
1.3564260000000008
1.3275729999999992
1.3564260000000008
1.3275729999999992
1.3564260000000008
1.3275729999999992
1.3564260000000008
1.3275729999999992
1.3564260000000008
1.3275729999999992
1.3564260000000008
1.3275729999999992
1.3564260000000008
1.3275729999999992
1.3564260000000008
1.3275729999999992
1.3564260000000008
1.3275729999999992
1.3564260000000008
1.3275729999999992
1.3564260000000008
1.3275729999999992
1.3564260000000008
1.3275729999999992
1.3564260000000008
1.3275729999999992
1.3564260000000008
1.3275729999999992
1.3564260000000008
-1.3504300000000002
-1.3335679999999996
-1.3504300000000002
-1.3335679999999996
-1.3504300000000002
-1.3335679999999996
-1.3504300000000002
-1.3335679999999996
-1.3504300000000002
-1.3335679999999996
-1.3504300000000002
-1.3335679999999996
-1.3504300000000002
-1.3335679999999996
-1.3504300000000002
-1.3335679999999996
-1.3504300000000002
-1.3335679999999996
-1.3504300000000002
-1.3335679999999996
-1.3504300000000002
-1.3335679999999996
-1.3504300000000002
-1.3335679999999996
-1.3504300000000002
-1.3335679999999996
-1.3504300000000002
-1.3335679999999996
-1.3504300000000002
-1.3335679999999996
-1.3504300000000002
-1.3335679999999996
-1.3504300000000002
-1.3335679999999996
-1.3504300000000002
-1.3335679999999996
-1.3504300000000002
-1.3335679999999996
-1.3504300000000002
-1.3335679999999996
-1.3504300000000002
-1.3335679999999996
-1.3504300000000002
-1.3335679999999996
-1.3504300000000002
-1.3335679999999996
-1.3504300000000002
-1.3335679999999996
-1.3504300000000002
-1.3335679999999996
-1.3504300000000002
-1.3335679999999996
-1.3504300000000002
-1.3335679999999996
-1.3504300000000002
-1.3335679999999996
-1.3504300000000002
-1.3335679999999996
-1.3504300000000002
-1.3335679999999996
-1.3504300000000002
-1.3335679999999996
-1.3504300000000002
-1.3335679999999996
-1.3504300000000002
-1.3335679999999996
-1.3504300000000002
-1.3335679999999996
-1.3504300000000002
-1.3335679999999996
-1.3504300000000002
-1.3335679999999996
-1.3504300000000002
-1.3335679999999996
-1.3504300000000002
-1.3335679999999996
-1.3504300000000002
-1.3335679999999996
-1.3504300000000002
-1.3335679999999996
-1.3504300000000002
-1.3335679999999996
-1.3504300000000002
-1.3335679999999996
-1.3504300000000002
-1.3335679999999996
-1.3504300000000002
-1.3335679999999996
-1.3504300000000002
-1.3335679999999996
-1.3504300000000002
-1.3335679999999996
-1.3504300000000002
-1.3335679999999996
-1.3504300000000002
-1.3335679999999996
-1.3504300000000002
-1.3335679999999996
-1.3504300000000002
-1.3335679999999996
-1.3504300000000002
-1.3335679999999996
-1.3504300000000002
-1.3335679999999996
-1.3504300000000002
-1.3335679999999996
-1.3504300000000002
-1.3335679999999996
-1.3504300000000002
-1.3335679999999996
-1.3504300000000002
-1.3335679999999996
-1.3504300000000002
-1.3335679999999996
-1.3504300000000002
-1.3335679999999996
-1.3504300000000002
-1.3335679999999996
-1.3504300000000002
-1.3335679999999996
