1.2439660000000003
1.2364569999999997
1.2439660000000003
1.2364569999999997
1.2439660000000003
1.2364569999999997
1.2439660000000003
1.2364569999999997
1.2439660000000003
1.2364569999999997
1.2439660000000003
1.2364569999999997
1.2439660000000003
1.2364569999999997
1.2439660000000003
1.2364569999999997
1.2439660000000003
1.2364569999999997
1.2439660000000003
1.2364569999999997
1.2439660000000003
1.2364569999999997
1.2439660000000003
1.2364569999999997
1.2439660000000003
1.2364569999999997
1.2439660000000003
1.2364569999999997
1.2439660000000003
1.2364569999999997
1.2439660000000003
1.2364569999999997
1.2439660000000003
1.2364569999999997
1.2439660000000003
1.2364569999999997
1.2439660000000003
1.2364569999999997
1.2439660000000003
1.2364569999999997
1.2439660000000003
1.2364569999999997
1.2439660000000003
1.2364569999999997
1.2439660000000003
1.2364569999999997
1.2439660000000003
1.2364569999999997
1.2439660000000003
1.2364569999999997
1.2439660000000003
1.2364569999999997
1.2439660000000003
1.2364569999999997
1.2439660000000003
1.2364569999999997
1.2439660000000003
1.2364569999999997
1.2439660000000003
1.2364569999999997
1.2439660000000003
1.2364569999999997
1.2439660000000003
1.2364569999999997
1.2439660000000003
1.2364569999999997
1.2439660000000003
1.2364569999999997
1.2439660000000003
1.2364569999999997
1.2439660000000003
1.2364569999999997
1.2439660000000003
1.2364569999999997
1.2439660000000003
1.2364569999999997
1.2439660000000003
1.2364569999999997
1.2439660000000003
1.2364569999999997
1.2439660000000003
1.2364569999999997
1.2439660000000003
1.2364569999999997
1.2439660000000003
1.2364569999999997
1.2439660000000003
1.2364569999999997
1.2439660000000003
1.2364569999999997
1.2439660000000003
1.2364569999999997
1.2439660000000003
1.2364569999999997
1.2439660000000003
1.2364569999999997
1.2439660000000003
1.2364569999999997
1.2439660000000003
1.2364569999999997
1.2439660000000003
1.2364569999999997
1.2439660000000003
1.2364569999999997
1.2439660000000003
1.2364569999999997
1.2439660000000003
1.2364569999999997
1.2439660000000003
1.2364569999999997
1.2439660000000003
1.2364569999999997
1.2439660000000003
1.2364569999999997
1.2439660000000003
1.2364569999999997
1.2439660000000003
1.2364569999999997
1.2439660000000003
1.2364569999999997
-1.2436179999999997
-1.2368050000000004
-1.2436179999999997
-1.2368050000000004
-1.2436179999999997
-1.2368050000000004
-1.2436179999999997
-1.2368050000000004
-1.2436179999999997
-1.2368050000000004
-1.2436179999999997
-1.2368050000000004
-1.2436179999999997
-1.2368050000000004
-1.2436179999999997
-1.2368050000000004
-1.2436179999999997
-1.2368050000000004
-1.2436179999999997
-1.2368050000000004
-1.2436179999999997
-1.2368050000000004
-1.2436179999999997
-1.2368050000000004
-1.2436179999999997
-1.2368050000000004
-1.2436179999999997
-1.2368050000000004
-1.2436179999999997
-1.2368050000000004
-1.2436179999999997
-1.2368050000000004
-1.2436179999999997
-1.2368050000000004
-1.2436179999999997
-1.2368050000000004
-1.2436179999999997
-1.2368050000000004
-1.2436179999999997
-1.2368050000000004
-1.2436179999999997
-1.2368050000000004
-1.2436179999999997
-1.2368050000000004
-1.2436179999999997
-1.2368050000000004
-1.2436179999999997
-1.2368050000000004
-1.2436179999999997
-1.2368050000000004
-1.2436179999999997
-1.2368050000000004
-1.2436179999999997
-1.2368050000000004
-1.2436179999999997
-1.2368050000000004
-1.2436179999999997
-1.2368050000000004
-1.2436179999999997
-1.2368050000000004
-1.2436179999999997
-1.2368050000000004
-1.2436179999999997
-1.2368050000000004
-1.2436179999999997
-1.2368050000000004
-1.2436179999999997
-1.2368050000000004
-1.2436179999999997
-1.2368050000000004
-1.2436179999999997
-1.2368050000000004
-1.2436179999999997
-1.2368050000000004
-1.2436179999999997
-1.2368050000000004
-1.2436179999999997
-1.2368050000000004
-1.2436179999999997
-1.2368050000000004
-1.2436179999999997
-1.2368050000000004
-1.2436179999999997
-1.2368050000000004
-1.2436179999999997
-1.2368050000000004
-1.2436179999999997
-1.2368050000000004
-1.2436179999999997
-1.2368050000000004
-1.2436179999999997
-1.2368050000000004
-1.2436179999999997
-1.2368050000000004
-1.2436179999999997
-1.2368050000000004
-1.2436179999999997
-1.2368050000000004
-1.2436179999999997
-1.2368050000000004
-1.2436179999999997
-1.2368050000000004
-1.2436179999999997
-1.2368050000000004
-1.2436179999999997
-1.2368050000000004
-1.2436179999999997
-1.2368050000000004
-1.2436179999999997
-1.2368050000000004
-1.2436179999999997
-1.2368050000000004
-1.2436179999999997
-1.2368050000000004
-1.2436179999999997
-1.2368050000000004
-1.2436179999999997
-1.2368050000000004
-1.2436179999999997
-1.2368050000000004
