1.4359389999999994
1.4339309999999994
1.4354150000000008
1.4371670000000005
1.4359389999999994
1.4339309999999994
1.4354150000000008
1.4371670000000005
1.4359389999999994
1.4339309999999994
1.4354150000000008
1.4371670000000005
1.4359389999999994
1.4339309999999994
1.4354150000000008
1.4371670000000005
1.4359389999999994
1.4339309999999994
1.4354150000000008
1.4371670000000005
1.4359389999999994
1.4339309999999994
1.4354150000000008
1.4371670000000005
1.4359389999999994
1.4339309999999994
1.4354150000000008
1.4371670000000005
1.4359389999999994
1.4339309999999994
1.4354150000000008
1.4371670000000005
1.4359389999999994
1.4339309999999994
1.4354150000000008
1.4371670000000005
1.4359389999999994
1.4339309999999994
1.4354150000000008
1.4371670000000005
1.4359389999999994
1.4339309999999994
1.4354150000000008
1.4371670000000005
1.4359389999999994
1.4339309999999994
1.4354150000000008
1.4371670000000005
1.4359389999999994
1.4339309999999994
1.4354150000000008
1.4371670000000005
1.4359389999999994
1.4339309999999994
1.4354150000000008
1.4371670000000005
1.4359389999999994
1.4339309999999994
1.4354150000000008
1.4371670000000005
1.4359389999999994
1.4339309999999994
1.4354150000000008
1.4371670000000005
1.4359389999999994
1.4339309999999994
1.4354150000000008
1.4371670000000005
1.4359389999999994
1.4339309999999994
1.4354150000000008
1.4371670000000005
1.4359389999999994
1.4339309999999994
1.4354150000000008
1.4371670000000005
1.4359389999999994
1.4339309999999994
1.4354150000000008
1.4371670000000005
1.4359389999999994
1.4339309999999994
1.4354150000000008
1.4371670000000005
1.4359389999999994
1.4339309999999994
1.4354150000000008
1.4371670000000005
1.4359389999999994
1.4339309999999994
1.4354150000000008
1.4371670000000005
1.4359389999999994
1.4339309999999994
1.4354150000000008
1.4371670000000005
1.4359389999999994
1.4339309999999994
1.4354150000000008
1.4371670000000005
1.4359389999999994
1.4339309999999994
1.4354150000000008
1.4371670000000005
1.4359389999999994
1.4339309999999994
1.4354150000000008
1.4371670000000005
1.4359389999999994
1.4339309999999994
1.4354150000000008
1.4371670000000005
1.4359389999999994
1.4339309999999994
1.4354150000000008
1.4371670000000005
1.4359389999999994
1.4339309999999994
1.4354150000000008
1.4371670000000005
1.4359389999999994
1.4339309999999994
1.4354150000000008
1.4371670000000005
1.4359389999999994
1.4339309999999994
1.4354150000000008
1.4371670000000005
1.4359389999999994
1.4339309999999994
1.4354150000000008
1.4371670000000005
1.4359389999999994
1.4339309999999994
1.4354150000000008
1.4371670000000005
1.4359389999999994
1.4339309999999994
1.4354150000000008
1.4371670000000005
1.4359389999999994
1.4339309999999994
1.4354150000000008
1.4371670000000005
-1.436185
-1.4368040000000004
-1.434215
-1.4352460000000002
-1.436185
-1.4368040000000004
-1.434215
-1.4352460000000002
-1.436185
-1.4368040000000004
-1.434215
-1.4352460000000002
-1.436185
-1.4368040000000004
-1.434215
-1.4352460000000002
-1.436185
-1.4368040000000004
-1.434215
-1.4352460000000002
-1.436185
-1.4368040000000004
-1.434215
-1.4352460000000002
-1.436185
-1.4368040000000004
-1.434215
-1.4352460000000002
-1.436185
-1.4368040000000004
-1.434215
-1.4352460000000002
-1.436185
-1.4368040000000004
-1.434215
-1.4352460000000002
-1.436185
-1.4368040000000004
-1.434215
-1.4352460000000002
-1.436185
-1.4368040000000004
-1.434215
-1.4352460000000002
-1.436185
-1.4368040000000004
-1.434215
-1.4352460000000002
-1.436185
-1.4368040000000004
-1.434215
-1.4352460000000002
-1.436185
-1.4368040000000004
-1.434215
-1.4352460000000002
-1.436185
-1.4368040000000004
-1.434215
-1.4352460000000002
-1.436185
-1.4368040000000004
-1.434215
-1.4352460000000002
-1.436185
-1.4368040000000004
-1.434215
-1.4352460000000002
-1.436185
-1.4368040000000004
-1.434215
-1.4352460000000002
-1.436185
-1.4368040000000004
-1.434215
-1.4352460000000002
-1.436185
-1.4368040000000004
-1.434215
-1.4352460000000002
-1.436185
-1.4368040000000004
-1.434215
-1.4352460000000002
-1.436185
-1.4368040000000004
-1.434215
-1.4352460000000002
-1.436185
-1.4368040000000004
-1.434215
-1.4352460000000002
-1.436185
-1.4368040000000004
-1.434215
-1.4352460000000002
-1.436185
-1.4368040000000004
-1.434215
-1.4352460000000002
-1.436185
-1.4368040000000004
-1.434215
-1.4352460000000002
-1.436185
-1.4368040000000004
-1.434215
-1.4352460000000002
-1.436185
-1.4368040000000004
-1.434215
-1.4352460000000002
-1.436185
-1.4368040000000004
-1.434215
-1.4352460000000002
-1.436185
-1.4368040000000004
-1.434215
-1.4352460000000002
-1.436185
-1.4368040000000004
-1.434215
-1.4352460000000002
-1.436185
-1.4368040000000004
-1.434215
-1.4352460000000002
-1.436185
-1.4368040000000004
-1.434215
-1.4352460000000002
-1.436185
-1.4368040000000004
-1.434215
-1.4352460000000002
-1.436185
-1.4368040000000004
-1.434215
-1.4352460000000002
-1.436185
-1.4368040000000004
-1.434215
-1.4352460000000002
