1.3998039999999996
1.3841389999999993
1.3998039999999996
1.3841389999999993
1.3998039999999996
1.3841389999999993
1.3998039999999996
1.3841389999999993
1.3998039999999996
1.3841389999999993
1.3998039999999996
1.3841389999999993
1.3998039999999996
1.3841389999999993
1.3998039999999996
1.3841389999999993
1.3998039999999996
1.3841389999999993
1.3998039999999996
1.3841389999999993
1.3998039999999996
1.3841389999999993
1.3998039999999996
1.3841389999999993
1.3998039999999996
1.3841389999999993
1.3998039999999996
1.3841389999999993
1.3998039999999996
1.3841389999999993
1.3998039999999996
1.3841389999999993
1.3998039999999996
1.3841389999999993
1.3998039999999996
1.3841389999999993
1.3998039999999996
1.3841389999999993
1.3998039999999996
1.3841389999999993
1.3998039999999996
1.3841389999999993
1.3998039999999996
1.3841389999999993
1.3998039999999996
1.3841389999999993
1.3998039999999996
1.3841389999999993
1.3998039999999996
1.3841389999999993
1.3998039999999996
1.3841389999999993
1.3998039999999996
1.3841389999999993
1.3998039999999996
1.3841389999999993
1.3998039999999996
1.3841389999999993
1.3998039999999996
1.3841389999999993
1.3998039999999996
1.3841389999999993
1.3998039999999996
1.3841389999999993
1.3998039999999996
1.3841389999999993
1.3998039999999996
1.3841389999999993
1.3998039999999996
1.3841389999999993
1.3998039999999996
1.3841389999999993
1.3998039999999996
1.3841389999999993
1.3998039999999996
1.3841389999999993
1.3998039999999996
1.3841389999999993
1.3998039999999996
1.3841389999999993
1.3998039999999996
1.3841389999999993
1.3998039999999996
1.3841389999999993
1.3998039999999996
1.3841389999999993
1.3998039999999996
1.3841389999999993
1.3998039999999996
1.3841389999999993
1.3998039999999996
1.3841389999999993
1.3998039999999996
1.3841389999999993
1.3998039999999996
1.3841389999999993
1.3998039999999996
1.3841389999999993
1.3998039999999996
1.3841389999999993
1.3998039999999996
1.3841389999999993
1.3998039999999996
1.3841389999999993
1.3998039999999996
1.3841389999999993
1.3998039999999996
1.3841389999999993
1.3998039999999996
1.3841389999999993
1.3998039999999996
1.3841389999999993
1.3998039999999996
1.3841389999999993
1.3998039999999996
1.3841389999999993
1.3998039999999996
1.3841389999999993
1.3998039999999996
1.3841389999999993
-1.3909380000000002
-1.3930030000000002
-1.3909380000000002
-1.3930030000000002
-1.3909380000000002
-1.3930030000000002
-1.3909380000000002
-1.3930030000000002
-1.3909380000000002
-1.3930030000000002
-1.3909380000000002
-1.3930030000000002
-1.3909380000000002
-1.3930030000000002
-1.3909380000000002
-1.3930030000000002
-1.3909380000000002
-1.3930030000000002
-1.3909380000000002
-1.3930030000000002
-1.3909380000000002
-1.3930030000000002
-1.3909380000000002
-1.3930030000000002
-1.3909380000000002
-1.3930030000000002
-1.3909380000000002
-1.3930030000000002
-1.3909380000000002
-1.3930030000000002
-1.3909380000000002
-1.3930030000000002
-1.3909380000000002
-1.3930030000000002
-1.3909380000000002
-1.3930030000000002
-1.3909380000000002
-1.3930030000000002
-1.3909380000000002
-1.3930030000000002
-1.3909380000000002
-1.3930030000000002
-1.3909380000000002
-1.3930030000000002
-1.3909380000000002
-1.3930030000000002
-1.3909380000000002
-1.3930030000000002
-1.3909380000000002
-1.3930030000000002
-1.3909380000000002
-1.3930030000000002
-1.3909380000000002
-1.3930030000000002
-1.3909380000000002
-1.3930030000000002
-1.3909380000000002
-1.3930030000000002
-1.3909380000000002
-1.3930030000000002
-1.3909380000000002
-1.3930030000000002
-1.3909380000000002
-1.3930030000000002
-1.3909380000000002
-1.3930030000000002
-1.3909380000000002
-1.3930030000000002
-1.3909380000000002
-1.3930030000000002
-1.3909380000000002
-1.3930030000000002
-1.3909380000000002
-1.3930030000000002
-1.3909380000000002
-1.3930030000000002
-1.3909380000000002
-1.3930030000000002
-1.3909380000000002
-1.3930030000000002
-1.3909380000000002
-1.3930030000000002
-1.3909380000000002
-1.3930030000000002
-1.3909380000000002
-1.3930030000000002
-1.3909380000000002
-1.3930030000000002
-1.3909380000000002
-1.3930030000000002
-1.3909380000000002
-1.3930030000000002
-1.3909380000000002
-1.3930030000000002
-1.3909380000000002
-1.3930030000000002
-1.3909380000000002
-1.3930030000000002
-1.3909380000000002
-1.3930030000000002
-1.3909380000000002
-1.3930030000000002
-1.3909380000000002
-1.3930030000000002
-1.3909380000000002
-1.3930030000000002
-1.3909380000000002
-1.3930030000000002
-1.3909380000000002
-1.3930030000000002
-1.3909380000000002
-1.3930030000000002
-1.3909380000000002
-1.3930030000000002
-1.3909380000000002
-1.3930030000000002
-1.3909380000000002
-1.3930030000000002
-1.3909380000000002
-1.3930030000000002
