1.3038950000000007
1.3048559999999991
1.3038950000000007
1.3048559999999991
1.3038950000000007
1.3048559999999991
1.3038950000000007
1.3048559999999991
1.3038950000000007
1.3048559999999991
1.3038950000000007
1.3048559999999991
1.3038950000000007
1.3048559999999991
1.3038950000000007
1.3048559999999991
1.3038950000000007
1.3048559999999991
1.3038950000000007
1.3048559999999991
1.3038950000000007
1.3048559999999991
1.3038950000000007
1.3048559999999991
1.3038950000000007
1.3048559999999991
1.3038950000000007
1.3048559999999991
1.3038950000000007
1.3048559999999991
1.3038950000000007
1.3048559999999991
1.3038950000000007
1.3048559999999991
1.3038950000000007
1.3048559999999991
1.3038950000000007
1.3048559999999991
1.3038950000000007
1.3048559999999991
1.3038950000000007
1.3048559999999991
1.3038950000000007
1.3048559999999991
1.3038950000000007
1.3048559999999991
1.3038950000000007
1.3048559999999991
1.3038950000000007
1.3048559999999991
1.3038950000000007
1.3048559999999991
1.3038950000000007
1.3048559999999991
1.3038950000000007
1.3048559999999991
1.3038950000000007
1.3048559999999991
1.3038950000000007
1.3048559999999991
1.3038950000000007
1.3048559999999991
1.3038950000000007
1.3048559999999991
1.3038950000000007
1.3048559999999991
1.3038950000000007
1.3048559999999991
1.3038950000000007
1.3048559999999991
1.3038950000000007
1.3048559999999991
1.3038950000000007
1.3048559999999991
1.3038950000000007
1.3048559999999991
1.3038950000000007
1.3048559999999991
1.3038950000000007
1.3048559999999991
1.3038950000000007
1.3048559999999991
1.3038950000000007
1.3048559999999991
1.3038950000000007
1.3048559999999991
1.3038950000000007
1.3048559999999991
1.3038950000000007
1.3048559999999991
1.3038950000000007
1.3048559999999991
1.3038950000000007
1.3048559999999991
1.3038950000000007
1.3048559999999991
1.3038950000000007
1.3048559999999991
1.3038950000000007
1.3048559999999991
1.3038950000000007
1.3048559999999991
1.3038950000000007
1.3048559999999991
1.3038950000000007
1.3048559999999991
1.3038950000000007
1.3048559999999991
-1.3043839999999998
-1.3043680000000002
-1.3043839999999998
-1.3043680000000002
-1.3043839999999998
-1.3043680000000002
-1.3043839999999998
-1.3043680000000002
-1.3043839999999998
-1.3043680000000002
-1.3043839999999998
-1.3043680000000002
-1.3043839999999998
-1.3043680000000002
-1.3043839999999998
-1.3043680000000002
-1.3043839999999998
-1.3043680000000002
-1.3043839999999998
-1.3043680000000002
-1.3043839999999998
-1.3043680000000002
-1.3043839999999998
-1.3043680000000002
-1.3043839999999998
-1.3043680000000002
-1.3043839999999998
-1.3043680000000002
-1.3043839999999998
-1.3043680000000002
-1.3043839999999998
-1.3043680000000002
-1.3043839999999998
-1.3043680000000002
-1.3043839999999998
-1.3043680000000002
-1.3043839999999998
-1.3043680000000002
-1.3043839999999998
-1.3043680000000002
-1.3043839999999998
-1.3043680000000002
-1.3043839999999998
-1.3043680000000002
-1.3043839999999998
-1.3043680000000002
-1.3043839999999998
-1.3043680000000002
-1.3043839999999998
-1.3043680000000002
-1.3043839999999998
-1.3043680000000002
-1.3043839999999998
-1.3043680000000002
-1.3043839999999998
-1.3043680000000002
-1.3043839999999998
-1.3043680000000002
-1.3043839999999998
-1.3043680000000002
-1.3043839999999998
-1.3043680000000002
-1.3043839999999998
-1.3043680000000002
-1.3043839999999998
-1.3043680000000002
-1.3043839999999998
-1.3043680000000002
-1.3043839999999998
-1.3043680000000002
-1.3043839999999998
-1.3043680000000002
-1.3043839999999998
-1.3043680000000002
-1.3043839999999998
-1.3043680000000002
-1.3043839999999998
-1.3043680000000002
-1.3043839999999998
-1.3043680000000002
-1.3043839999999998
-1.3043680000000002
-1.3043839999999998
-1.3043680000000002
-1.3043839999999998
-1.3043680000000002
-1.3043839999999998
-1.3043680000000002
-1.3043839999999998
-1.3043680000000002
-1.3043839999999998
-1.3043680000000002
-1.3043839999999998
-1.3043680000000002
-1.3043839999999998
-1.3043680000000002
-1.3043839999999998
-1.3043680000000002
-1.3043839999999998
-1.3043680000000002
-1.3043839999999998
-1.3043680000000002
-1.3043839999999998
-1.3043680000000002
-1.3043839999999998
-1.3043680000000002
-1.3043839999999998
-1.3043680000000002
