1.4332209999999996
1.4356179999999998
1.4305629999999994
1.4264240000000008
1.4332209999999996
1.4356179999999998
1.4305629999999994
1.4264240000000008
1.4332209999999996
1.4356179999999998
1.4305629999999994
1.4264240000000008
1.4332209999999996
1.4356179999999998
1.4305629999999994
1.4264240000000008
1.4332209999999996
1.4356179999999998
1.4305629999999994
1.4264240000000008
1.4332209999999996
1.4356179999999998
1.4305629999999994
1.4264240000000008
1.4332209999999996
1.4356179999999998
1.4305629999999994
1.4264240000000008
1.4332209999999996
1.4356179999999998
1.4305629999999994
1.4264240000000008
1.4332209999999996
1.4356179999999998
1.4305629999999994
1.4264240000000008
1.4332209999999996
1.4356179999999998
1.4305629999999994
1.4264240000000008
1.4332209999999996
1.4356179999999998
1.4305629999999994
1.4264240000000008
1.4332209999999996
1.4356179999999998
1.4305629999999994
1.4264240000000008
1.4332209999999996
1.4356179999999998
1.4305629999999994
1.4264240000000008
1.4332209999999996
1.4356179999999998
1.4305629999999994
1.4264240000000008
1.4332209999999996
1.4356179999999998
1.4305629999999994
1.4264240000000008
1.4332209999999996
1.4356179999999998
1.4305629999999994
1.4264240000000008
1.4332209999999996
1.4356179999999998
1.4305629999999994
1.4264240000000008
1.4332209999999996
1.4356179999999998
1.4305629999999994
1.4264240000000008
1.4332209999999996
1.4356179999999998
1.4305629999999994
1.4264240000000008
1.4332209999999996
1.4356179999999998
1.4305629999999994
1.4264240000000008
1.4332209999999996
1.4356179999999998
1.4305629999999994
1.4264240000000008
1.4332209999999996
1.4356179999999998
1.4305629999999994
1.4264240000000008
1.4332209999999996
1.4356179999999998
1.4305629999999994
1.4264240000000008
1.4332209999999996
1.4356179999999998
1.4305629999999994
1.4264240000000008
1.4332209999999996
1.4356179999999998
1.4305629999999994
1.4264240000000008
1.4332209999999996
1.4356179999999998
1.4305629999999994
1.4264240000000008
1.4332209999999996
1.4356179999999998
1.4305629999999994
1.4264240000000008
1.4332209999999996
1.4356179999999998
1.4305629999999994
1.4264240000000008
1.4332209999999996
1.4356179999999998
1.4305629999999994
1.4264240000000008
1.4332209999999996
1.4356179999999998
1.4305629999999994
1.4264240000000008
1.4332209999999996
1.4356179999999998
1.4305629999999994
1.4264240000000008
1.4332209999999996
1.4356179999999998
1.4305629999999994
1.4264240000000008
1.4332209999999996
1.4356179999999998
1.4305629999999994
1.4264240000000008
1.4332209999999996
1.4356179999999998
1.4305629999999994
1.4264240000000008
1.4332209999999996
1.4356179999999998
1.4305629999999994
1.4264240000000008
1.4332209999999996
1.4356179999999998
1.4305629999999994
1.4264240000000008
1.4332209999999996
1.4356179999999998
1.4305629999999994
1.4264240000000008
1.4332209999999996
1.4356179999999998
1.4305629999999994
1.4264240000000008
1.4332209999999996
1.4356179999999998
1.4305629999999994
1.4264240000000008
1.4332209999999996
1.4356179999999998
1.4305629999999994
1.4264240000000008
1.4332209999999996
1.4356179999999998
1.4305629999999994
1.4264240000000008
1.4332209999999996
1.4356179999999998
1.4305629999999994
1.4264240000000008
1.4332209999999996
1.4356179999999998
1.4305629999999994
1.4264240000000008
1.4332209999999996
1.4356179999999998
1.4305629999999994
1.4264240000000008
1.4332209999999996
1.4356179999999998
1.4305629999999994
1.4264240000000008
1.4332209999999996
1.4356179999999998
1.4305629999999994
1.4264240000000008
1.4332209999999996
1.4356179999999998
1.4305629999999994
1.4264240000000008
1.4332209999999996
1.4356179999999998
1.4305629999999994
1.4264240000000008
-1.4335490000000002
-1.42915
-1.4325720000000004
-1.4305589999999997
-1.4335490000000002
-1.42915
-1.4325720000000004
-1.4305589999999997
-1.4335490000000002
-1.42915
-1.4325720000000004
-1.4305589999999997
-1.4335490000000002
-1.42915
-1.4325720000000004
-1.4305589999999997
-1.4335490000000002
-1.42915
-1.4325720000000004
-1.4305589999999997
-1.4335490000000002
-1.42915
-1.4325720000000004
-1.4305589999999997
-1.4335490000000002
-1.42915
-1.4325720000000004
-1.4305589999999997
-1.4335490000000002
-1.42915
-1.4325720000000004
-1.4305589999999997
-1.4335490000000002
-1.42915
-1.4325720000000004
-1.4305589999999997
-1.4335490000000002
-1.42915
-1.4325720000000004
-1.4305589999999997
-1.4335490000000002
-1.42915
-1.4325720000000004
-1.4305589999999997
-1.4335490000000002
-1.42915
-1.4325720000000004
-1.4305589999999997
-1.4335490000000002
-1.42915
-1.4325720000000004
-1.4305589999999997
-1.4335490000000002
-1.42915
-1.4325720000000004
-1.4305589999999997
-1.4335490000000002
-1.42915
-1.4325720000000004
-1.4305589999999997
-1.4335490000000002
-1.42915
-1.4325720000000004
-1.4305589999999997
-1.4335490000000002
-1.42915
-1.4325720000000004
-1.4305589999999997
-1.4335490000000002
-1.42915
-1.4325720000000004
-1.4305589999999997
-1.4335490000000002
-1.42915
-1.4325720000000004
-1.4305589999999997
-1.4335490000000002
-1.42915
-1.4325720000000004
-1.4305589999999997
-1.4335490000000002
-1.42915
-1.4325720000000004
-1.4305589999999997
-1.4335490000000002
-1.42915
-1.4325720000000004
-1.4305589999999997
-1.4335490000000002
-1.42915
-1.4325720000000004
-1.4305589999999997
-1.4335490000000002
-1.42915
-1.4325720000000004
-1.4305589999999997
-1.4335490000000002
-1.42915
-1.4325720000000004
-1.4305589999999997
-1.4335490000000002
-1.42915
-1.4325720000000004
-1.4305589999999997
-1.4335490000000002
-1.42915
-1.4325720000000004
-1.4305589999999997
-1.4335490000000002
-1.42915
-1.4325720000000004
-1.4305589999999997
-1.4335490000000002
-1.42915
-1.4325720000000004
-1.4305589999999997
-1.4335490000000002
-1.42915
-1.4325720000000004
-1.4305589999999997
-1.4335490000000002
-1.42915
-1.4325720000000004
-1.4305589999999997
-1.4335490000000002
-1.42915
-1.4325720000000004
-1.4305589999999997
-1.4335490000000002
-1.42915
-1.4325720000000004
-1.4305589999999997
-1.4335490000000002
-1.42915
-1.4325720000000004
-1.4305589999999997
-1.4335490000000002
-1.42915
-1.4325720000000004
-1.4305589999999997
-1.4335490000000002
-1.42915
-1.4325720000000004
-1.4305589999999997
-1.4335490000000002
-1.42915
-1.4325720000000004
-1.4305589999999997
-1.4335490000000002
-1.42915
-1.4325720000000004
-1.4305589999999997
-1.4335490000000002
-1.42915
-1.4325720000000004
-1.4305589999999997
-1.4335490000000002
-1.42915
-1.4325720000000004
-1.4305589999999997
-1.4335490000000002
-1.42915
-1.4325720000000004
-1.4305589999999997
-1.4335490000000002
-1.42915
-1.4325720000000004
-1.4305589999999997
-1.4335490000000002
-1.42915
-1.4325720000000004
-1.4305589999999997
-1.4335490000000002
-1.42915
-1.4325720000000004
-1.4305589999999997
-1.4335490000000002
-1.42915
-1.4325720000000004
-1.4305589999999997
-1.4335490000000002
-1.42915
-1.4325720000000004
-1.4305589999999997
-1.4335490000000002
-1.42915
-1.4325720000000004
-1.4305589999999997
-1.4335490000000002
-1.42915
-1.4325720000000004
-1.4305589999999997
