1.3756509999999995
1.3934560000000005
1.3756509999999995
1.3934560000000005
1.3756509999999995
1.3934560000000005
1.3756509999999995
1.3934560000000005
1.3756509999999995
1.3934560000000005
1.3756509999999995
1.3934560000000005
1.3756509999999995
1.3934560000000005
1.3756509999999995
1.3934560000000005
1.3756509999999995
1.3934560000000005
1.3756509999999995
1.3934560000000005
1.3756509999999995
1.3934560000000005
1.3756509999999995
1.3934560000000005
1.3756509999999995
1.3934560000000005
1.3756509999999995
1.3934560000000005
1.3756509999999995
1.3934560000000005
1.3756509999999995
1.3934560000000005
1.3756509999999995
1.3934560000000005
1.3756509999999995
1.3934560000000005
1.3756509999999995
1.3934560000000005
1.3756509999999995
1.3934560000000005
1.3756509999999995
1.3934560000000005
1.3756509999999995
1.3934560000000005
1.3756509999999995
1.3934560000000005
1.3756509999999995
1.3934560000000005
1.3756509999999995
1.3934560000000005
1.3756509999999995
1.3934560000000005
1.3756509999999995
1.3934560000000005
1.3756509999999995
1.3934560000000005
1.3756509999999995
1.3934560000000005
1.3756509999999995
1.3934560000000005
1.3756509999999995
1.3934560000000005
1.3756509999999995
1.3934560000000005
1.3756509999999995
1.3934560000000005
1.3756509999999995
1.3934560000000005
1.3756509999999995
1.3934560000000005
1.3756509999999995
1.3934560000000005
1.3756509999999995
1.3934560000000005
1.3756509999999995
1.3934560000000005
1.3756509999999995
1.3934560000000005
1.3756509999999995
1.3934560000000005
1.3756509999999995
1.3934560000000005
1.3756509999999995
1.3934560000000005
1.3756509999999995
1.3934560000000005
1.3756509999999995
1.3934560000000005
1.3756509999999995
1.3934560000000005
1.3756509999999995
1.3934560000000005
1.3756509999999995
1.3934560000000005
1.3756509999999995
1.3934560000000005
1.3756509999999995
1.3934560000000005
1.3756509999999995
1.3934560000000005
1.3756509999999995
1.3934560000000005
1.3756509999999995
1.3934560000000005
1.3756509999999995
1.3934560000000005
1.3756509999999995
1.3934560000000005
1.3756509999999995
1.3934560000000005
1.3756509999999995
1.3934560000000005
1.3756509999999995
1.3934560000000005
1.3756509999999995
1.3934560000000005
1.3756509999999995
1.3934560000000005
1.3756509999999995
1.3934560000000005
-1.3792419999999996
-1.3898669999999997
-1.3792419999999996
-1.3898669999999997
-1.3792419999999996
-1.3898669999999997
-1.3792419999999996
-1.3898669999999997
-1.3792419999999996
-1.3898669999999997
-1.3792419999999996
-1.3898669999999997
-1.3792419999999996
-1.3898669999999997
-1.3792419999999996
-1.3898669999999997
-1.3792419999999996
-1.3898669999999997
-1.3792419999999996
-1.3898669999999997
-1.3792419999999996
-1.3898669999999997
-1.3792419999999996
-1.3898669999999997
-1.3792419999999996
-1.3898669999999997
-1.3792419999999996
-1.3898669999999997
-1.3792419999999996
-1.3898669999999997
-1.3792419999999996
-1.3898669999999997
-1.3792419999999996
-1.3898669999999997
-1.3792419999999996
-1.3898669999999997
-1.3792419999999996
-1.3898669999999997
-1.3792419999999996
-1.3898669999999997
-1.3792419999999996
-1.3898669999999997
-1.3792419999999996
-1.3898669999999997
-1.3792419999999996
-1.3898669999999997
-1.3792419999999996
-1.3898669999999997
-1.3792419999999996
-1.3898669999999997
-1.3792419999999996
-1.3898669999999997
-1.3792419999999996
-1.3898669999999997
-1.3792419999999996
-1.3898669999999997
-1.3792419999999996
-1.3898669999999997
-1.3792419999999996
-1.3898669999999997
-1.3792419999999996
-1.3898669999999997
-1.3792419999999996
-1.3898669999999997
-1.3792419999999996
-1.3898669999999997
-1.3792419999999996
-1.3898669999999997
-1.3792419999999996
-1.3898669999999997
-1.3792419999999996
-1.3898669999999997
-1.3792419999999996
-1.3898669999999997
-1.3792419999999996
-1.3898669999999997
-1.3792419999999996
-1.3898669999999997
-1.3792419999999996
-1.3898669999999997
-1.3792419999999996
-1.3898669999999997
-1.3792419999999996
-1.3898669999999997
-1.3792419999999996
-1.3898669999999997
-1.3792419999999996
-1.3898669999999997
-1.3792419999999996
-1.3898669999999997
-1.3792419999999996
-1.3898669999999997
-1.3792419999999996
-1.3898669999999997
-1.3792419999999996
-1.3898669999999997
-1.3792419999999996
-1.3898669999999997
-1.3792419999999996
-1.3898669999999997
-1.3792419999999996
-1.3898669999999997
-1.3792419999999996
-1.3898669999999997
-1.3792419999999996
-1.3898669999999997
-1.3792419999999996
-1.3898669999999997
-1.3792419999999996
-1.3898669999999997
-1.3792419999999996
-1.3898669999999997
-1.3792419999999996
-1.3898669999999997
-1.3792419999999996
-1.3898669999999997
-1.3792419999999996
-1.3898669999999997
-1.3792419999999996
-1.3898669999999997
