0.7954729999999994
0.7954729999999994
0.7954729999999994
0.7954729999999994
0.7954729999999994
0.7954729999999994
0.7954729999999994
0.7954729999999994
0.7954729999999994
0.7954729999999994
0.7954729999999994
0.7954729999999994
0.7954729999999994
0.7954729999999994
0.7954729999999994
0.7954729999999994
0.7954729999999994
0.7954729999999994
0.7954729999999994
0.7954729999999994
0.7954729999999994
0.7954729999999994
0.7954729999999994
0.7954729999999994
0.7954729999999994
0.7954729999999994
0.7954729999999994
0.7954729999999994
0.7954729999999994
0.7954729999999994
0.7954729999999994
0.7954729999999994
0.7954729999999994
0.7954729999999994
0.7954729999999994
0.7954729999999994
0.7954729999999994
0.7954729999999994
0.7954729999999994
0.7954729999999994
0.7954729999999994
0.7954729999999994
0.7954729999999994
0.7954729999999994
0.7954729999999994
0.7954729999999994
0.7954729999999994
0.7954729999999994
0.7954729999999994
0.7954729999999994
0.7954729999999994
0.7954729999999994
0.7954729999999994
0.7954729999999994
0.7954729999999994
0.7954729999999994
0.7954729999999994
0.7954729999999994
0.7954729999999994
0.7954729999999994
0.7954729999999994
0.7954729999999994
0.7954729999999994
0.7954729999999994
-0.7954720000000002
-0.7954720000000002
-0.7954720000000002
-0.7954720000000002
-0.7954720000000002
-0.7954720000000002
-0.7954720000000002
-0.7954720000000002
-0.7954720000000002
-0.7954720000000002
-0.7954720000000002
-0.7954720000000002
-0.7954720000000002
-0.7954720000000002
-0.7954720000000002
-0.7954720000000002
-0.7954720000000002
-0.7954720000000002
-0.7954720000000002
-0.7954720000000002
-0.7954720000000002
-0.7954720000000002
-0.7954720000000002
-0.7954720000000002
-0.7954720000000002
-0.7954720000000002
-0.7954720000000002
-0.7954720000000002
-0.7954720000000002
-0.7954720000000002
-0.7954720000000002
-0.7954720000000002
-0.7954720000000002
-0.7954720000000002
-0.7954720000000002
-0.7954720000000002
-0.7954720000000002
-0.7954720000000002
-0.7954720000000002
-0.7954720000000002
-0.7954720000000002
-0.7954720000000002
-0.7954720000000002
-0.7954720000000002
-0.7954720000000002
-0.7954720000000002
-0.7954720000000002
-0.7954720000000002
-0.7954720000000002
-0.7954720000000002
-0.7954720000000002
-0.7954720000000002
-0.7954720000000002
-0.7954720000000002
-0.7954720000000002
-0.7954720000000002
-0.7954720000000002
-0.7954720000000002
-0.7954720000000002
-0.7954720000000002
-0.7954720000000002
-0.7954720000000002
-0.7954720000000002
-0.7954720000000002
