1.4703730000000004
1.4703730000000004
1.4703730000000004
1.4703730000000004
1.4703730000000004
1.4703730000000004
1.4703730000000004
1.4703730000000004
1.4703730000000004
1.4703730000000004
1.4703730000000004
1.4703730000000004
1.4703730000000004
1.4703730000000004
1.4703730000000004
1.4703730000000004
1.4703730000000004
1.4703730000000004
1.4703730000000004
1.4703730000000004
1.4703730000000004
1.4703730000000004
1.4703730000000004
1.4703730000000004
1.4703730000000004
1.4703730000000004
1.4703730000000004
1.4703730000000004
1.4703730000000004
1.4703730000000004
1.4703730000000004
1.4703730000000004
1.4703730000000004
1.4703730000000004
1.4703730000000004
1.4703730000000004
1.4703730000000004
1.4703730000000004
1.4703730000000004
1.4703730000000004
1.4703730000000004
1.4703730000000004
1.4703730000000004
1.4703730000000004
1.4703730000000004
1.4703730000000004
1.4703730000000004
1.4703730000000004
1.4703730000000004
1.4703730000000004
1.4703730000000004
1.4703730000000004
1.4703730000000004
1.4703730000000004
1.4703730000000004
1.4703730000000004
1.4703730000000004
1.4703730000000004
1.4703730000000004
1.4703730000000004
1.4703730000000004
1.4703730000000004
1.4703730000000004
1.4703730000000004
1.4703730000000004
1.4703730000000004
1.4703730000000004
1.4703730000000004
1.4703730000000004
1.4703730000000004
1.4703730000000004
1.4703730000000004
-1.4703739999999996
-1.4703739999999996
-1.4703739999999996
-1.4703739999999996
-1.4703739999999996
-1.4703739999999996
-1.4703739999999996
-1.4703739999999996
-1.4703739999999996
-1.4703739999999996
-1.4703739999999996
-1.4703739999999996
-1.4703739999999996
-1.4703739999999996
-1.4703739999999996
-1.4703739999999996
-1.4703739999999996
-1.4703739999999996
-1.4703739999999996
-1.4703739999999996
-1.4703739999999996
-1.4703739999999996
-1.4703739999999996
-1.4703739999999996
-1.4703739999999996
-1.4703739999999996
-1.4703739999999996
-1.4703739999999996
-1.4703739999999996
-1.4703739999999996
-1.4703739999999996
-1.4703739999999996
-1.4703739999999996
-1.4703739999999996
-1.4703739999999996
-1.4703739999999996
-1.4703739999999996
-1.4703739999999996
-1.4703739999999996
-1.4703739999999996
-1.4703739999999996
-1.4703739999999996
-1.4703739999999996
-1.4703739999999996
-1.4703739999999996
-1.4703739999999996
-1.4703739999999996
-1.4703739999999996
-1.4703739999999996
-1.4703739999999996
-1.4703739999999996
-1.4703739999999996
-1.4703739999999996
-1.4703739999999996
-1.4703739999999996
-1.4703739999999996
-1.4703739999999996
-1.4703739999999996
-1.4703739999999996
-1.4703739999999996
-1.4703739999999996
-1.4703739999999996
-1.4703739999999996
-1.4703739999999996
-1.4703739999999996
-1.4703739999999996
-1.4703739999999996
-1.4703739999999996
-1.4703739999999996
-1.4703739999999996
-1.4703739999999996
-1.4703739999999996
