1.4401410000000006
1.4394390000000001
1.4428199999999993
1.4329630000000009
1.4401410000000006
1.4394390000000001
1.4428199999999993
1.4329630000000009
1.4401410000000006
1.4394390000000001
1.4428199999999993
1.4329630000000009
1.4401410000000006
1.4394390000000001
1.4428199999999993
1.4329630000000009
1.4401410000000006
1.4394390000000001
1.4428199999999993
1.4329630000000009
1.4401410000000006
1.4394390000000001
1.4428199999999993
1.4329630000000009
1.4401410000000006
1.4394390000000001
1.4428199999999993
1.4329630000000009
1.4401410000000006
1.4394390000000001
1.4428199999999993
1.4329630000000009
1.4401410000000006
1.4394390000000001
1.4428199999999993
1.4329630000000009
1.4401410000000006
1.4394390000000001
1.4428199999999993
1.4329630000000009
1.4401410000000006
1.4394390000000001
1.4428199999999993
1.4329630000000009
1.4401410000000006
1.4394390000000001
1.4428199999999993
1.4329630000000009
1.4401410000000006
1.4394390000000001
1.4428199999999993
1.4329630000000009
1.4401410000000006
1.4394390000000001
1.4428199999999993
1.4329630000000009
1.4401410000000006
1.4394390000000001
1.4428199999999993
1.4329630000000009
1.4401410000000006
1.4394390000000001
1.4428199999999993
1.4329630000000009
1.4401410000000006
1.4394390000000001
1.4428199999999993
1.4329630000000009
1.4401410000000006
1.4394390000000001
1.4428199999999993
1.4329630000000009
1.4401410000000006
1.4394390000000001
1.4428199999999993
1.4329630000000009
1.4401410000000006
1.4394390000000001
1.4428199999999993
1.4329630000000009
1.4401410000000006
1.4394390000000001
1.4428199999999993
1.4329630000000009
1.4401410000000006
1.4394390000000001
1.4428199999999993
1.4329630000000009
1.4401410000000006
1.4394390000000001
1.4428199999999993
1.4329630000000009
1.4401410000000006
1.4394390000000001
1.4428199999999993
1.4329630000000009
1.4401410000000006
1.4394390000000001
1.4428199999999993
1.4329630000000009
1.4401410000000006
1.4394390000000001
1.4428199999999993
1.4329630000000009
1.4401410000000006
1.4394390000000001
1.4428199999999993
1.4329630000000009
1.4401410000000006
1.4394390000000001
1.4428199999999993
1.4329630000000009
1.4401410000000006
1.4394390000000001
1.4428199999999993
1.4329630000000009
1.4401410000000006
1.4394390000000001
1.4428199999999993
1.4329630000000009
1.4401410000000006
1.4394390000000001
1.4428199999999993
1.4329630000000009
1.4401410000000006
1.4394390000000001
1.4428199999999993
1.4329630000000009
1.4401410000000006
1.4394390000000001
1.4428199999999993
1.4329630000000009
1.4401410000000006
1.4394390000000001
1.4428199999999993
1.4329630000000009
1.4401410000000006
1.4394390000000001
1.4428199999999993
1.4329630000000009
1.4401410000000006
1.4394390000000001
1.4428199999999993
1.4329630000000009
-1.4373699999999996
-1.437671
-1.4397929999999999
-1.4405260000000002
-1.4373699999999996
-1.437671
-1.4397929999999999
-1.4405260000000002
-1.4373699999999996
-1.437671
-1.4397929999999999
-1.4405260000000002
-1.4373699999999996
-1.437671
-1.4397929999999999
-1.4405260000000002
-1.4373699999999996
-1.437671
-1.4397929999999999
-1.4405260000000002
-1.4373699999999996
-1.437671
-1.4397929999999999
-1.4405260000000002
-1.4373699999999996
-1.437671
-1.4397929999999999
-1.4405260000000002
-1.4373699999999996
-1.437671
-1.4397929999999999
-1.4405260000000002
-1.4373699999999996
-1.437671
-1.4397929999999999
-1.4405260000000002
-1.4373699999999996
-1.437671
-1.4397929999999999
-1.4405260000000002
-1.4373699999999996
-1.437671
-1.4397929999999999
-1.4405260000000002
-1.4373699999999996
-1.437671
-1.4397929999999999
-1.4405260000000002
-1.4373699999999996
-1.437671
-1.4397929999999999
-1.4405260000000002
-1.4373699999999996
-1.437671
-1.4397929999999999
-1.4405260000000002
-1.4373699999999996
-1.437671
-1.4397929999999999
-1.4405260000000002
-1.4373699999999996
-1.437671
-1.4397929999999999
-1.4405260000000002
-1.4373699999999996
-1.437671
-1.4397929999999999
-1.4405260000000002
-1.4373699999999996
-1.437671
-1.4397929999999999
-1.4405260000000002
-1.4373699999999996
-1.437671
-1.4397929999999999
-1.4405260000000002
-1.4373699999999996
-1.437671
-1.4397929999999999
-1.4405260000000002
-1.4373699999999996
-1.437671
-1.4397929999999999
-1.4405260000000002
-1.4373699999999996
-1.437671
-1.4397929999999999
-1.4405260000000002
-1.4373699999999996
-1.437671
-1.4397929999999999
-1.4405260000000002
-1.4373699999999996
-1.437671
-1.4397929999999999
-1.4405260000000002
-1.4373699999999996
-1.437671
-1.4397929999999999
-1.4405260000000002
-1.4373699999999996
-1.437671
-1.4397929999999999
-1.4405260000000002
-1.4373699999999996
-1.437671
-1.4397929999999999
-1.4405260000000002
-1.4373699999999996
-1.437671
-1.4397929999999999
-1.4405260000000002
-1.4373699999999996
-1.437671
-1.4397929999999999
-1.4405260000000002
-1.4373699999999996
-1.437671
-1.4397929999999999
-1.4405260000000002
-1.4373699999999996
-1.437671
-1.4397929999999999
-1.4405260000000002
-1.4373699999999996
-1.437671
-1.4397929999999999
-1.4405260000000002
-1.4373699999999996
-1.437671
-1.4397929999999999
-1.4405260000000002
-1.4373699999999996
-1.437671
-1.4397929999999999
-1.4405260000000002
-1.4373699999999996
-1.437671
-1.4397929999999999
-1.4405260000000002
-1.4373699999999996
-1.437671
-1.4397929999999999
-1.4405260000000002
