1.3392169999999997
1.3445999999999998
1.3392169999999997
1.3445999999999998
1.3392169999999997
1.3445999999999998
1.3392169999999997
1.3445999999999998
1.3392169999999997
1.3445999999999998
1.3392169999999997
1.3445999999999998
1.3392169999999997
1.3445999999999998
1.3392169999999997
1.3445999999999998
1.3392169999999997
1.3445999999999998
1.3392169999999997
1.3445999999999998
1.3392169999999997
1.3445999999999998
1.3392169999999997
1.3445999999999998
1.3392169999999997
1.3445999999999998
1.3392169999999997
1.3445999999999998
1.3392169999999997
1.3445999999999998
1.3392169999999997
1.3445999999999998
1.3392169999999997
1.3445999999999998
1.3392169999999997
1.3445999999999998
1.3392169999999997
1.3445999999999998
1.3392169999999997
1.3445999999999998
1.3392169999999997
1.3445999999999998
1.3392169999999997
1.3445999999999998
1.3392169999999997
1.3445999999999998
1.3392169999999997
1.3445999999999998
1.3392169999999997
1.3445999999999998
1.3392169999999997
1.3445999999999998
1.3392169999999997
1.3445999999999998
1.3392169999999997
1.3445999999999998
1.3392169999999997
1.3445999999999998
1.3392169999999997
1.3445999999999998
1.3392169999999997
1.3445999999999998
1.3392169999999997
1.3445999999999998
1.3392169999999997
1.3445999999999998
1.3392169999999997
1.3445999999999998
1.3392169999999997
1.3445999999999998
1.3392169999999997
1.3445999999999998
1.3392169999999997
1.3445999999999998
1.3392169999999997
1.3445999999999998
1.3392169999999997
1.3445999999999998
1.3392169999999997
1.3445999999999998
1.3392169999999997
1.3445999999999998
1.3392169999999997
1.3445999999999998
1.3392169999999997
1.3445999999999998
1.3392169999999997
1.3445999999999998
1.3392169999999997
1.3445999999999998
1.3392169999999997
1.3445999999999998
1.3392169999999997
1.3445999999999998
1.3392169999999997
1.3445999999999998
1.3392169999999997
1.3445999999999998
1.3392169999999997
1.3445999999999998
1.3392169999999997
1.3445999999999998
1.3392169999999997
1.3445999999999998
1.3392169999999997
1.3445999999999998
1.3392169999999997
1.3445999999999998
1.3392169999999997
1.3445999999999998
1.3392169999999997
1.3445999999999998
1.3392169999999997
1.3445999999999998
1.3392169999999997
1.3445999999999998
1.3392169999999997
1.3445999999999998
1.3392169999999997
1.3445999999999998
-1.3398839999999996
-1.3439319999999997
-1.3398839999999996
-1.3439319999999997
-1.3398839999999996
-1.3439319999999997
-1.3398839999999996
-1.3439319999999997
-1.3398839999999996
-1.3439319999999997
-1.3398839999999996
-1.3439319999999997
-1.3398839999999996
-1.3439319999999997
-1.3398839999999996
-1.3439319999999997
-1.3398839999999996
-1.3439319999999997
-1.3398839999999996
-1.3439319999999997
-1.3398839999999996
-1.3439319999999997
-1.3398839999999996
-1.3439319999999997
-1.3398839999999996
-1.3439319999999997
-1.3398839999999996
-1.3439319999999997
-1.3398839999999996
-1.3439319999999997
-1.3398839999999996
-1.3439319999999997
-1.3398839999999996
-1.3439319999999997
-1.3398839999999996
-1.3439319999999997
-1.3398839999999996
-1.3439319999999997
-1.3398839999999996
-1.3439319999999997
-1.3398839999999996
-1.3439319999999997
-1.3398839999999996
-1.3439319999999997
-1.3398839999999996
-1.3439319999999997
-1.3398839999999996
-1.3439319999999997
-1.3398839999999996
-1.3439319999999997
-1.3398839999999996
-1.3439319999999997
-1.3398839999999996
-1.3439319999999997
-1.3398839999999996
-1.3439319999999997
-1.3398839999999996
-1.3439319999999997
-1.3398839999999996
-1.3439319999999997
-1.3398839999999996
-1.3439319999999997
-1.3398839999999996
-1.3439319999999997
-1.3398839999999996
-1.3439319999999997
-1.3398839999999996
-1.3439319999999997
-1.3398839999999996
-1.3439319999999997
-1.3398839999999996
-1.3439319999999997
-1.3398839999999996
-1.3439319999999997
-1.3398839999999996
-1.3439319999999997
-1.3398839999999996
-1.3439319999999997
-1.3398839999999996
-1.3439319999999997
-1.3398839999999996
-1.3439319999999997
-1.3398839999999996
-1.3439319999999997
-1.3398839999999996
-1.3439319999999997
-1.3398839999999996
-1.3439319999999997
-1.3398839999999996
-1.3439319999999997
-1.3398839999999996
-1.3439319999999997
-1.3398839999999996
-1.3439319999999997
-1.3398839999999996
-1.3439319999999997
-1.3398839999999996
-1.3439319999999997
-1.3398839999999996
-1.3439319999999997
-1.3398839999999996
-1.3439319999999997
-1.3398839999999996
-1.3439319999999997
-1.3398839999999996
-1.3439319999999997
-1.3398839999999996
-1.3439319999999997
-1.3398839999999996
-1.3439319999999997
-1.3398839999999996
-1.3439319999999997
-1.3398839999999996
-1.3439319999999997
-1.3398839999999996
-1.3439319999999997
-1.3398839999999996
-1.3439319999999997
-1.3398839999999996
-1.3439319999999997
