1.4114640000000005
1.4192490000000006
1.4114640000000005
1.4192490000000006
1.4114640000000005
1.4192490000000006
1.4114640000000005
1.4192490000000006
1.4114640000000005
1.4192490000000006
1.4114640000000005
1.4192490000000006
1.4114640000000005
1.4192490000000006
1.4114640000000005
1.4192490000000006
1.4114640000000005
1.4192490000000006
1.4114640000000005
1.4192490000000006
1.4114640000000005
1.4192490000000006
1.4114640000000005
1.4192490000000006
1.4114640000000005
1.4192490000000006
1.4114640000000005
1.4192490000000006
1.4114640000000005
1.4192490000000006
1.4114640000000005
1.4192490000000006
1.4114640000000005
1.4192490000000006
1.4114640000000005
1.4192490000000006
1.4114640000000005
1.4192490000000006
1.4114640000000005
1.4192490000000006
1.4114640000000005
1.4192490000000006
1.4114640000000005
1.4192490000000006
1.4114640000000005
1.4192490000000006
1.4114640000000005
1.4192490000000006
1.4114640000000005
1.4192490000000006
1.4114640000000005
1.4192490000000006
1.4114640000000005
1.4192490000000006
1.4114640000000005
1.4192490000000006
1.4114640000000005
1.4192490000000006
1.4114640000000005
1.4192490000000006
1.4114640000000005
1.4192490000000006
1.4114640000000005
1.4192490000000006
1.4114640000000005
1.4192490000000006
1.4114640000000005
1.4192490000000006
1.4114640000000005
1.4192490000000006
1.4114640000000005
1.4192490000000006
1.4114640000000005
1.4192490000000006
1.4114640000000005
1.4192490000000006
1.4114640000000005
1.4192490000000006
1.4114640000000005
1.4192490000000006
1.4114640000000005
1.4192490000000006
1.4114640000000005
1.4192490000000006
1.4114640000000005
1.4192490000000006
1.4114640000000005
1.4192490000000006
1.4114640000000005
1.4192490000000006
1.4114640000000005
1.4192490000000006
1.4114640000000005
1.4192490000000006
1.4114640000000005
1.4192490000000006
1.4114640000000005
1.4192490000000006
1.4114640000000005
1.4192490000000006
1.4114640000000005
1.4192490000000006
1.4114640000000005
1.4192490000000006
1.4114640000000005
1.4192490000000006
1.4114640000000005
1.4192490000000006
1.4114640000000005
1.4192490000000006
1.4114640000000005
1.4192490000000006
1.4114640000000005
1.4192490000000006
1.4114640000000005
1.4192490000000006
1.4114640000000005
1.4192490000000006
1.4114640000000005
1.4192490000000006
-1.4139660000000003
-1.4167480000000001
-1.4139660000000003
-1.4167480000000001
-1.4139660000000003
-1.4167480000000001
-1.4139660000000003
-1.4167480000000001
-1.4139660000000003
-1.4167480000000001
-1.4139660000000003
-1.4167480000000001
-1.4139660000000003
-1.4167480000000001
-1.4139660000000003
-1.4167480000000001
-1.4139660000000003
-1.4167480000000001
-1.4139660000000003
-1.4167480000000001
-1.4139660000000003
-1.4167480000000001
-1.4139660000000003
-1.4167480000000001
-1.4139660000000003
-1.4167480000000001
-1.4139660000000003
-1.4167480000000001
-1.4139660000000003
-1.4167480000000001
-1.4139660000000003
-1.4167480000000001
-1.4139660000000003
-1.4167480000000001
-1.4139660000000003
-1.4167480000000001
-1.4139660000000003
-1.4167480000000001
-1.4139660000000003
-1.4167480000000001
-1.4139660000000003
-1.4167480000000001
-1.4139660000000003
-1.4167480000000001
-1.4139660000000003
-1.4167480000000001
-1.4139660000000003
-1.4167480000000001
-1.4139660000000003
-1.4167480000000001
-1.4139660000000003
-1.4167480000000001
-1.4139660000000003
-1.4167480000000001
-1.4139660000000003
-1.4167480000000001
-1.4139660000000003
-1.4167480000000001
-1.4139660000000003
-1.4167480000000001
-1.4139660000000003
-1.4167480000000001
-1.4139660000000003
-1.4167480000000001
-1.4139660000000003
-1.4167480000000001
-1.4139660000000003
-1.4167480000000001
-1.4139660000000003
-1.4167480000000001
-1.4139660000000003
-1.4167480000000001
-1.4139660000000003
-1.4167480000000001
-1.4139660000000003
-1.4167480000000001
-1.4139660000000003
-1.4167480000000001
-1.4139660000000003
-1.4167480000000001
-1.4139660000000003
-1.4167480000000001
-1.4139660000000003
-1.4167480000000001
-1.4139660000000003
-1.4167480000000001
-1.4139660000000003
-1.4167480000000001
-1.4139660000000003
-1.4167480000000001
-1.4139660000000003
-1.4167480000000001
-1.4139660000000003
-1.4167480000000001
-1.4139660000000003
-1.4167480000000001
-1.4139660000000003
-1.4167480000000001
-1.4139660000000003
-1.4167480000000001
-1.4139660000000003
-1.4167480000000001
-1.4139660000000003
-1.4167480000000001
-1.4139660000000003
-1.4167480000000001
-1.4139660000000003
-1.4167480000000001
-1.4139660000000003
-1.4167480000000001
-1.4139660000000003
-1.4167480000000001
-1.4139660000000003
-1.4167480000000001
-1.4139660000000003
-1.4167480000000001
-1.4139660000000003
-1.4167480000000001
-1.4139660000000003
-1.4167480000000001
