1.4301320000000004
1.4315990000000003
1.4313389999999995
1.4299999999999997
1.4301320000000004
1.4315990000000003
1.4313389999999995
1.4299999999999997
1.4301320000000004
1.4315990000000003
1.4313389999999995
1.4299999999999997
1.4301320000000004
1.4315990000000003
1.4313389999999995
1.4299999999999997
1.4301320000000004
1.4315990000000003
1.4313389999999995
1.4299999999999997
1.4301320000000004
1.4315990000000003
1.4313389999999995
1.4299999999999997
1.4301320000000004
1.4315990000000003
1.4313389999999995
1.4299999999999997
1.4301320000000004
1.4315990000000003
1.4313389999999995
1.4299999999999997
1.4301320000000004
1.4315990000000003
1.4313389999999995
1.4299999999999997
1.4301320000000004
1.4315990000000003
1.4313389999999995
1.4299999999999997
1.4301320000000004
1.4315990000000003
1.4313389999999995
1.4299999999999997
1.4301320000000004
1.4315990000000003
1.4313389999999995
1.4299999999999997
1.4301320000000004
1.4315990000000003
1.4313389999999995
1.4299999999999997
1.4301320000000004
1.4315990000000003
1.4313389999999995
1.4299999999999997
1.4301320000000004
1.4315990000000003
1.4313389999999995
1.4299999999999997
1.4301320000000004
1.4315990000000003
1.4313389999999995
1.4299999999999997
1.4301320000000004
1.4315990000000003
1.4313389999999995
1.4299999999999997
1.4301320000000004
1.4315990000000003
1.4313389999999995
1.4299999999999997
1.4301320000000004
1.4315990000000003
1.4313389999999995
1.4299999999999997
1.4301320000000004
1.4315990000000003
1.4313389999999995
1.4299999999999997
1.4301320000000004
1.4315990000000003
1.4313389999999995
1.4299999999999997
1.4301320000000004
1.4315990000000003
1.4313389999999995
1.4299999999999997
1.4301320000000004
1.4315990000000003
1.4313389999999995
1.4299999999999997
1.4301320000000004
1.4315990000000003
1.4313389999999995
1.4299999999999997
1.4301320000000004
1.4315990000000003
1.4313389999999995
1.4299999999999997
1.4301320000000004
1.4315990000000003
1.4313389999999995
1.4299999999999997
1.4301320000000004
1.4315990000000003
1.4313389999999995
1.4299999999999997
1.4301320000000004
1.4315990000000003
1.4313389999999995
1.4299999999999997
1.4301320000000004
1.4315990000000003
1.4313389999999995
1.4299999999999997
1.4301320000000004
1.4315990000000003
1.4313389999999995
1.4299999999999997
1.4301320000000004
1.4315990000000003
1.4313389999999995
1.4299999999999997
1.4301320000000004
1.4315990000000003
1.4313389999999995
1.4299999999999997
1.4301320000000004
1.4315990000000003
1.4313389999999995
1.4299999999999997
1.4301320000000004
1.4315990000000003
1.4313389999999995
1.4299999999999997
1.4301320000000004
1.4315990000000003
1.4313389999999995
1.4299999999999997
1.4301320000000004
1.4315990000000003
1.4313389999999995
1.4299999999999997
-1.4305079999999997
-1.430975
-1.4300990000000002
-1.4314840000000002
-1.4305079999999997
-1.430975
-1.4300990000000002
-1.4314840000000002
-1.4305079999999997
-1.430975
-1.4300990000000002
-1.4314840000000002
-1.4305079999999997
-1.430975
-1.4300990000000002
-1.4314840000000002
-1.4305079999999997
-1.430975
-1.4300990000000002
-1.4314840000000002
-1.4305079999999997
-1.430975
-1.4300990000000002
-1.4314840000000002
-1.4305079999999997
-1.430975
-1.4300990000000002
-1.4314840000000002
-1.4305079999999997
-1.430975
-1.4300990000000002
-1.4314840000000002
-1.4305079999999997
-1.430975
-1.4300990000000002
-1.4314840000000002
-1.4305079999999997
-1.430975
-1.4300990000000002
-1.4314840000000002
-1.4305079999999997
-1.430975
-1.4300990000000002
-1.4314840000000002
-1.4305079999999997
-1.430975
-1.4300990000000002
-1.4314840000000002
-1.4305079999999997
-1.430975
-1.4300990000000002
-1.4314840000000002
-1.4305079999999997
-1.430975
-1.4300990000000002
-1.4314840000000002
-1.4305079999999997
-1.430975
-1.4300990000000002
-1.4314840000000002
-1.4305079999999997
-1.430975
-1.4300990000000002
-1.4314840000000002
-1.4305079999999997
-1.430975
-1.4300990000000002
-1.4314840000000002
-1.4305079999999997
-1.430975
-1.4300990000000002
-1.4314840000000002
-1.4305079999999997
-1.430975
-1.4300990000000002
-1.4314840000000002
-1.4305079999999997
-1.430975
-1.4300990000000002
-1.4314840000000002
-1.4305079999999997
-1.430975
-1.4300990000000002
-1.4314840000000002
-1.4305079999999997
-1.430975
-1.4300990000000002
-1.4314840000000002
-1.4305079999999997
-1.430975
-1.4300990000000002
-1.4314840000000002
-1.4305079999999997
-1.430975
-1.4300990000000002
-1.4314840000000002
-1.4305079999999997
-1.430975
-1.4300990000000002
-1.4314840000000002
-1.4305079999999997
-1.430975
-1.4300990000000002
-1.4314840000000002
-1.4305079999999997
-1.430975
-1.4300990000000002
-1.4314840000000002
-1.4305079999999997
-1.430975
-1.4300990000000002
-1.4314840000000002
-1.4305079999999997
-1.430975
-1.4300990000000002
-1.4314840000000002
-1.4305079999999997
-1.430975
-1.4300990000000002
-1.4314840000000002
-1.4305079999999997
-1.430975
-1.4300990000000002
-1.4314840000000002
-1.4305079999999997
-1.430975
-1.4300990000000002
-1.4314840000000002
-1.4305079999999997
-1.430975
-1.4300990000000002
-1.4314840000000002
-1.4305079999999997
-1.430975
-1.4300990000000002
-1.4314840000000002
-1.4305079999999997
-1.430975
-1.4300990000000002
-1.4314840000000002
-1.4305079999999997
-1.430975
-1.4300990000000002
-1.4314840000000002
