0.35222399999999965
0.35222399999999965
0.35222399999999965
0.35222399999999965
0.35222399999999965
0.35222399999999965
0.35222399999999965
0.35222399999999965
0.35222399999999965
0.35222399999999965
0.35222399999999965
0.35222399999999965
0.35222399999999965
0.35222399999999965
0.35222399999999965
0.35222399999999965
0.35222399999999965
0.35222399999999965
0.35222399999999965
0.35222399999999965
0.35222399999999965
0.35222399999999965
0.35222399999999965
0.35222399999999965
0.35222399999999965
0.35222399999999965
0.35222399999999965
0.35222399999999965
0.35222399999999965
0.35222399999999965
0.35222399999999965
0.35222399999999965
0.35222399999999965
0.35222399999999965
0.35222399999999965
0.35222399999999965
0.35222399999999965
0.35222399999999965
0.35222399999999965
0.35222399999999965
0.35222399999999965
0.35222399999999965
0.35222399999999965
0.35222399999999965
0.35222399999999965
0.35222399999999965
0.35222399999999965
0.35222399999999965
0.35222399999999965
0.35222399999999965
-0.35222599999999993
-0.35222599999999993
-0.35222599999999993
-0.35222599999999993
-0.35222599999999993
-0.35222599999999993
-0.35222599999999993
-0.35222599999999993
-0.35222599999999993
-0.35222599999999993
-0.35222599999999993
-0.35222599999999993
-0.35222599999999993
-0.35222599999999993
-0.35222599999999993
-0.35222599999999993
-0.35222599999999993
-0.35222599999999993
-0.35222599999999993
-0.35222599999999993
-0.35222599999999993
-0.35222599999999993
-0.35222599999999993
-0.35222599999999993
-0.35222599999999993
-0.35222599999999993
-0.35222599999999993
-0.35222599999999993
-0.35222599999999993
-0.35222599999999993
-0.35222599999999993
-0.35222599999999993
-0.35222599999999993
-0.35222599999999993
-0.35222599999999993
-0.35222599999999993
-0.35222599999999993
-0.35222599999999993
-0.35222599999999993
-0.35222599999999993
-0.35222599999999993
-0.35222599999999993
-0.35222599999999993
-0.35222599999999993
-0.35222599999999993
-0.35222599999999993
-0.35222599999999993
-0.35222599999999993
-0.35222599999999993
-0.35222599999999993
