1.3999439999999996
1.3761690000000009
1.3999439999999996
1.3761690000000009
1.3999439999999996
1.3761690000000009
1.3999439999999996
1.3761690000000009
1.3999439999999996
1.3761690000000009
1.3999439999999996
1.3761690000000009
1.3999439999999996
1.3761690000000009
1.3999439999999996
1.3761690000000009
1.3999439999999996
1.3761690000000009
1.3999439999999996
1.3761690000000009
1.3999439999999996
1.3761690000000009
1.3999439999999996
1.3761690000000009
1.3999439999999996
1.3761690000000009
1.3999439999999996
1.3761690000000009
1.3999439999999996
1.3761690000000009
1.3999439999999996
1.3761690000000009
1.3999439999999996
1.3761690000000009
1.3999439999999996
1.3761690000000009
1.3999439999999996
1.3761690000000009
1.3999439999999996
1.3761690000000009
1.3999439999999996
1.3761690000000009
1.3999439999999996
1.3761690000000009
1.3999439999999996
1.3761690000000009
1.3999439999999996
1.3761690000000009
1.3999439999999996
1.3761690000000009
1.3999439999999996
1.3761690000000009
1.3999439999999996
1.3761690000000009
1.3999439999999996
1.3761690000000009
1.3999439999999996
1.3761690000000009
1.3999439999999996
1.3761690000000009
1.3999439999999996
1.3761690000000009
1.3999439999999996
1.3761690000000009
1.3999439999999996
1.3761690000000009
1.3999439999999996
1.3761690000000009
1.3999439999999996
1.3761690000000009
1.3999439999999996
1.3761690000000009
1.3999439999999996
1.3761690000000009
1.3999439999999996
1.3761690000000009
1.3999439999999996
1.3761690000000009
1.3999439999999996
1.3761690000000009
1.3999439999999996
1.3761690000000009
1.3999439999999996
1.3761690000000009
1.3999439999999996
1.3761690000000009
1.3999439999999996
1.3761690000000009
1.3999439999999996
1.3761690000000009
1.3999439999999996
1.3761690000000009
1.3999439999999996
1.3761690000000009
1.3999439999999996
1.3761690000000009
1.3999439999999996
1.3761690000000009
1.3999439999999996
1.3761690000000009
1.3999439999999996
1.3761690000000009
1.3999439999999996
1.3761690000000009
1.3999439999999996
1.3761690000000009
1.3999439999999996
1.3761690000000009
1.3999439999999996
1.3761690000000009
1.3999439999999996
1.3761690000000009
1.3999439999999996
1.3761690000000009
1.3999439999999996
1.3761690000000009
1.3999439999999996
1.3761690000000009
1.3999439999999996
1.3761690000000009
-1.3824509999999997
-1.393662
-1.3824509999999997
-1.393662
-1.3824509999999997
-1.393662
-1.3824509999999997
-1.393662
-1.3824509999999997
-1.393662
-1.3824509999999997
-1.393662
-1.3824509999999997
-1.393662
-1.3824509999999997
-1.393662
-1.3824509999999997
-1.393662
-1.3824509999999997
-1.393662
-1.3824509999999997
-1.393662
-1.3824509999999997
-1.393662
-1.3824509999999997
-1.393662
-1.3824509999999997
-1.393662
-1.3824509999999997
-1.393662
-1.3824509999999997
-1.393662
-1.3824509999999997
-1.393662
-1.3824509999999997
-1.393662
-1.3824509999999997
-1.393662
-1.3824509999999997
-1.393662
-1.3824509999999997
-1.393662
-1.3824509999999997
-1.393662
-1.3824509999999997
-1.393662
-1.3824509999999997
-1.393662
-1.3824509999999997
-1.393662
-1.3824509999999997
-1.393662
-1.3824509999999997
-1.393662
-1.3824509999999997
-1.393662
-1.3824509999999997
-1.393662
-1.3824509999999997
-1.393662
-1.3824509999999997
-1.393662
-1.3824509999999997
-1.393662
-1.3824509999999997
-1.393662
-1.3824509999999997
-1.393662
-1.3824509999999997
-1.393662
-1.3824509999999997
-1.393662
-1.3824509999999997
-1.393662
-1.3824509999999997
-1.393662
-1.3824509999999997
-1.393662
-1.3824509999999997
-1.393662
-1.3824509999999997
-1.393662
-1.3824509999999997
-1.393662
-1.3824509999999997
-1.393662
-1.3824509999999997
-1.393662
-1.3824509999999997
-1.393662
-1.3824509999999997
-1.393662
-1.3824509999999997
-1.393662
-1.3824509999999997
-1.393662
-1.3824509999999997
-1.393662
-1.3824509999999997
-1.393662
-1.3824509999999997
-1.393662
-1.3824509999999997
-1.393662
-1.3824509999999997
-1.393662
-1.3824509999999997
-1.393662
-1.3824509999999997
-1.393662
-1.3824509999999997
-1.393662
-1.3824509999999997
-1.393662
-1.3824509999999997
-1.393662
-1.3824509999999997
-1.393662
-1.3824509999999997
-1.393662
