1.4259280000000008
1.4259280000000008
1.4259280000000008
1.4259280000000008
1.4259280000000008
1.4259280000000008
1.4259280000000008
1.4259280000000008
1.4259280000000008
1.4259280000000008
1.4259280000000008
1.4259280000000008
1.4259280000000008
1.4259280000000008
1.4259280000000008
1.4259280000000008
1.4259280000000008
1.4259280000000008
1.4259280000000008
1.4259280000000008
1.4259280000000008
1.4259280000000008
1.4259280000000008
1.4259280000000008
1.4259280000000008
1.4259280000000008
1.4259280000000008
1.4259280000000008
1.4259280000000008
1.4259280000000008
1.4259280000000008
1.4259280000000008
1.4259280000000008
1.4259280000000008
1.4259280000000008
1.4259280000000008
1.4259280000000008
1.4259280000000008
1.4259280000000008
1.4259280000000008
1.4259280000000008
1.4259280000000008
1.4259280000000008
1.4259280000000008
1.4259280000000008
1.4259280000000008
1.4259280000000008
1.4259280000000008
1.4259280000000008
1.4259280000000008
1.4259280000000008
1.4259280000000008
1.4259280000000008
1.4259280000000008
1.4259280000000008
1.4259280000000008
1.4259280000000008
1.4259280000000008
1.4259280000000008
1.4259280000000008
1.4259280000000008
1.4259280000000008
1.4259280000000008
1.4259280000000008
-1.4259269999999997
-1.4259269999999997
-1.4259269999999997
-1.4259269999999997
-1.4259269999999997
-1.4259269999999997
-1.4259269999999997
-1.4259269999999997
-1.4259269999999997
-1.4259269999999997
-1.4259269999999997
-1.4259269999999997
-1.4259269999999997
-1.4259269999999997
-1.4259269999999997
-1.4259269999999997
-1.4259269999999997
-1.4259269999999997
-1.4259269999999997
-1.4259269999999997
-1.4259269999999997
-1.4259269999999997
-1.4259269999999997
-1.4259269999999997
-1.4259269999999997
-1.4259269999999997
-1.4259269999999997
-1.4259269999999997
-1.4259269999999997
-1.4259269999999997
-1.4259269999999997
-1.4259269999999997
-1.4259269999999997
-1.4259269999999997
-1.4259269999999997
-1.4259269999999997
-1.4259269999999997
-1.4259269999999997
-1.4259269999999997
-1.4259269999999997
-1.4259269999999997
-1.4259269999999997
-1.4259269999999997
-1.4259269999999997
-1.4259269999999997
-1.4259269999999997
-1.4259269999999997
-1.4259269999999997
-1.4259269999999997
-1.4259269999999997
-1.4259269999999997
-1.4259269999999997
-1.4259269999999997
-1.4259269999999997
-1.4259269999999997
-1.4259269999999997
-1.4259269999999997
-1.4259269999999997
-1.4259269999999997
-1.4259269999999997
-1.4259269999999997
-1.4259269999999997
-1.4259269999999997
-1.4259269999999997
