1.3502270000000003
1.3502270000000003
1.3502270000000003
1.3502270000000003
1.3502270000000003
1.3502270000000003
1.3502270000000003
1.3502270000000003
1.3502270000000003
1.3502270000000003
1.3502270000000003
1.3502270000000003
1.3502270000000003
1.3502270000000003
1.3502270000000003
1.3502270000000003
1.3502270000000003
1.3502270000000003
1.3502270000000003
1.3502270000000003
1.3502270000000003
1.3502270000000003
1.3502270000000003
1.3502270000000003
1.3502270000000003
1.3502270000000003
1.3502270000000003
1.3502270000000003
1.3502270000000003
1.3502270000000003
1.3502270000000003
1.3502270000000003
1.3502270000000003
1.3502270000000003
1.3502270000000003
1.3502270000000003
1.3502270000000003
1.3502270000000003
1.3502270000000003
1.3502270000000003
1.3502270000000003
1.3502270000000003
1.3502270000000003
1.3502270000000003
1.3502270000000003
1.3502270000000003
1.3502270000000003
1.3502270000000003
1.3502270000000003
1.3502270000000003
1.3502270000000003
1.3502270000000003
1.3502270000000003
1.3502270000000003
1.3502270000000003
1.3502270000000003
1.3502270000000003
1.3502270000000003
1.3502270000000003
1.3502270000000003
1.3502270000000003
1.3502270000000003
1.3502270000000003
1.3502270000000003
1.3502270000000003
1.3502270000000003
1.3502270000000003
1.3502270000000003
1.3502270000000003
1.3502270000000003
1.3502270000000003
1.3502270000000003
1.3502270000000003
1.3502270000000003
1.3502270000000003
1.3502270000000003
1.3502270000000003
1.3502270000000003
1.3502270000000003
1.3502270000000003
1.3502270000000003
1.3502270000000003
1.3502270000000003
1.3502270000000003
1.3502270000000003
1.3502270000000003
1.3502270000000003
1.3502270000000003
1.3502270000000003
1.3502270000000003
1.3502270000000003
1.3502270000000003
1.3502270000000003
1.3502270000000003
1.3502270000000003
1.3502270000000003
-1.350225
-1.3502299999999998
-1.350225
-1.3502299999999998
-1.350225
-1.3502299999999998
-1.350225
-1.3502299999999998
-1.350225
-1.3502299999999998
-1.350225
-1.3502299999999998
-1.350225
-1.3502299999999998
-1.350225
-1.3502299999999998
-1.350225
-1.3502299999999998
-1.350225
-1.3502299999999998
-1.350225
-1.3502299999999998
-1.350225
-1.3502299999999998
-1.350225
-1.3502299999999998
-1.350225
-1.3502299999999998
-1.350225
-1.3502299999999998
-1.350225
-1.3502299999999998
-1.350225
-1.3502299999999998
-1.350225
-1.3502299999999998
-1.350225
-1.3502299999999998
-1.350225
-1.3502299999999998
-1.350225
-1.3502299999999998
-1.350225
-1.3502299999999998
-1.350225
-1.3502299999999998
-1.350225
-1.3502299999999998
-1.350225
-1.3502299999999998
-1.350225
-1.3502299999999998
-1.350225
-1.3502299999999998
-1.350225
-1.3502299999999998
-1.350225
-1.3502299999999998
-1.350225
-1.3502299999999998
-1.350225
-1.3502299999999998
-1.350225
-1.3502299999999998
-1.350225
-1.3502299999999998
-1.350225
-1.3502299999999998
-1.350225
-1.3502299999999998
-1.350225
-1.3502299999999998
-1.350225
-1.3502299999999998
-1.350225
-1.3502299999999998
-1.350225
-1.3502299999999998
-1.350225
-1.3502299999999998
-1.350225
-1.3502299999999998
-1.350225
-1.3502299999999998
-1.350225
-1.3502299999999998
-1.350225
-1.3502299999999998
-1.350225
-1.3502299999999998
-1.350225
-1.3502299999999998
-1.350225
-1.3502299999999998
-1.350225
-1.3502299999999998
