1.2206919999999997
1.1788279999999993
1.2206919999999997
1.1788279999999993
1.2206919999999997
1.1788279999999993
1.2206919999999997
1.1788279999999993
1.2206919999999997
1.1788279999999993
1.2206919999999997
1.1788279999999993
1.2206919999999997
1.1788279999999993
1.2206919999999997
1.1788279999999993
1.2206919999999997
1.1788279999999993
1.2206919999999997
1.1788279999999993
1.2206919999999997
1.1788279999999993
1.2206919999999997
1.1788279999999993
1.2206919999999997
1.1788279999999993
1.2206919999999997
1.1788279999999993
1.2206919999999997
1.1788279999999993
1.2206919999999997
1.1788279999999993
1.2206919999999997
1.1788279999999993
1.2206919999999997
1.1788279999999993
1.2206919999999997
1.1788279999999993
1.2206919999999997
1.1788279999999993
1.2206919999999997
1.1788279999999993
1.2206919999999997
1.1788279999999993
1.2206919999999997
1.1788279999999993
1.2206919999999997
1.1788279999999993
1.2206919999999997
1.1788279999999993
1.2206919999999997
1.1788279999999993
1.2206919999999997
1.1788279999999993
1.2206919999999997
1.1788279999999993
1.2206919999999997
1.1788279999999993
1.2206919999999997
1.1788279999999993
1.2206919999999997
1.1788279999999993
1.2206919999999997
1.1788279999999993
1.2206919999999997
1.1788279999999993
1.2206919999999997
1.1788279999999993
1.2206919999999997
1.1788279999999993
1.2206919999999997
1.1788279999999993
1.2206919999999997
1.1788279999999993
1.2206919999999997
1.1788279999999993
1.2206919999999997
1.1788279999999993
1.2206919999999997
1.1788279999999993
1.2206919999999997
1.1788279999999993
1.2206919999999997
1.1788279999999993
1.2206919999999997
1.1788279999999993
1.2206919999999997
1.1788279999999993
1.2206919999999997
1.1788279999999993
1.2206919999999997
1.1788279999999993
1.2206919999999997
1.1788279999999993
1.2206919999999997
1.1788279999999993
1.2206919999999997
1.1788279999999993
1.2206919999999997
1.1788279999999993
1.2206919999999997
1.1788279999999993
1.2206919999999997
1.1788279999999993
1.2206919999999997
1.1788279999999993
1.2206919999999997
1.1788279999999993
1.2206919999999997
1.1788279999999993
1.2206919999999997
1.1788279999999993
1.2206919999999997
1.1788279999999993
1.2206919999999997
1.1788279999999993
1.2206919999999997
1.1788279999999993
1.2206919999999997
1.1788279999999993
-1.201467
-1.1980529999999998
-1.201467
-1.1980529999999998
-1.201467
-1.1980529999999998
-1.201467
-1.1980529999999998
-1.201467
-1.1980529999999998
-1.201467
-1.1980529999999998
-1.201467
-1.1980529999999998
-1.201467
-1.1980529999999998
-1.201467
-1.1980529999999998
-1.201467
-1.1980529999999998
-1.201467
-1.1980529999999998
-1.201467
-1.1980529999999998
-1.201467
-1.1980529999999998
-1.201467
-1.1980529999999998
-1.201467
-1.1980529999999998
-1.201467
-1.1980529999999998
-1.201467
-1.1980529999999998
-1.201467
-1.1980529999999998
-1.201467
-1.1980529999999998
-1.201467
-1.1980529999999998
-1.201467
-1.1980529999999998
-1.201467
-1.1980529999999998
-1.201467
-1.1980529999999998
-1.201467
-1.1980529999999998
-1.201467
-1.1980529999999998
-1.201467
-1.1980529999999998
-1.201467
-1.1980529999999998
-1.201467
-1.1980529999999998
-1.201467
-1.1980529999999998
-1.201467
-1.1980529999999998
-1.201467
-1.1980529999999998
-1.201467
-1.1980529999999998
-1.201467
-1.1980529999999998
-1.201467
-1.1980529999999998
-1.201467
-1.1980529999999998
-1.201467
-1.1980529999999998
-1.201467
-1.1980529999999998
-1.201467
-1.1980529999999998
-1.201467
-1.1980529999999998
-1.201467
-1.1980529999999998
-1.201467
-1.1980529999999998
-1.201467
-1.1980529999999998
-1.201467
-1.1980529999999998
-1.201467
-1.1980529999999998
-1.201467
-1.1980529999999998
-1.201467
-1.1980529999999998
-1.201467
-1.1980529999999998
-1.201467
-1.1980529999999998
-1.201467
-1.1980529999999998
-1.201467
-1.1980529999999998
-1.201467
-1.1980529999999998
-1.201467
-1.1980529999999998
-1.201467
-1.1980529999999998
-1.201467
-1.1980529999999998
-1.201467
-1.1980529999999998
-1.201467
-1.1980529999999998
-1.201467
-1.1980529999999998
-1.201467
-1.1980529999999998
-1.201467
-1.1980529999999998
-1.201467
-1.1980529999999998
