1.380281
1.3934960000000007
1.380281
1.3934960000000007
1.380281
1.3934960000000007
1.380281
1.3934960000000007
1.380281
1.3934960000000007
1.380281
1.3934960000000007
1.380281
1.3934960000000007
1.380281
1.3934960000000007
1.380281
1.3934960000000007
1.380281
1.3934960000000007
1.380281
1.3934960000000007
1.380281
1.3934960000000007
1.380281
1.3934960000000007
1.380281
1.3934960000000007
1.380281
1.3934960000000007
1.380281
1.3934960000000007
1.380281
1.3934960000000007
1.380281
1.3934960000000007
1.380281
1.3934960000000007
1.380281
1.3934960000000007
1.380281
1.3934960000000007
1.380281
1.3934960000000007
1.380281
1.3934960000000007
1.380281
1.3934960000000007
1.380281
1.3934960000000007
1.380281
1.3934960000000007
1.380281
1.3934960000000007
1.380281
1.3934960000000007
1.380281
1.3934960000000007
1.380281
1.3934960000000007
1.380281
1.3934960000000007
1.380281
1.3934960000000007
1.380281
1.3934960000000007
1.380281
1.3934960000000007
1.380281
1.3934960000000007
1.380281
1.3934960000000007
1.380281
1.3934960000000007
1.380281
1.3934960000000007
1.380281
1.3934960000000007
1.380281
1.3934960000000007
1.380281
1.3934960000000007
1.380281
1.3934960000000007
1.380281
1.3934960000000007
1.380281
1.3934960000000007
1.380281
1.3934960000000007
1.380281
1.3934960000000007
1.380281
1.3934960000000007
1.380281
1.3934960000000007
1.380281
1.3934960000000007
1.380281
1.3934960000000007
1.380281
1.3934960000000007
1.380281
1.3934960000000007
1.380281
1.3934960000000007
1.380281
1.3934960000000007
1.380281
1.3934960000000007
1.380281
1.3934960000000007
1.380281
1.3934960000000007
1.380281
1.3934960000000007
1.380281
1.3934960000000007
1.380281
1.3934960000000007
-1.384989
-1.3887869999999998
-1.384989
-1.3887869999999998
-1.384989
-1.3887869999999998
-1.384989
-1.3887869999999998
-1.384989
-1.3887869999999998
-1.384989
-1.3887869999999998
-1.384989
-1.3887869999999998
-1.384989
-1.3887869999999998
-1.384989
-1.3887869999999998
-1.384989
-1.3887869999999998
-1.384989
-1.3887869999999998
-1.384989
-1.3887869999999998
-1.384989
-1.3887869999999998
-1.384989
-1.3887869999999998
-1.384989
-1.3887869999999998
-1.384989
-1.3887869999999998
-1.384989
-1.3887869999999998
-1.384989
-1.3887869999999998
-1.384989
-1.3887869999999998
-1.384989
-1.3887869999999998
-1.384989
-1.3887869999999998
-1.384989
-1.3887869999999998
-1.384989
-1.3887869999999998
-1.384989
-1.3887869999999998
-1.384989
-1.3887869999999998
-1.384989
-1.3887869999999998
-1.384989
-1.3887869999999998
-1.384989
-1.3887869999999998
-1.384989
-1.3887869999999998
-1.384989
-1.3887869999999998
-1.384989
-1.3887869999999998
-1.384989
-1.3887869999999998
-1.384989
-1.3887869999999998
-1.384989
-1.3887869999999998
-1.384989
-1.3887869999999998
-1.384989
-1.3887869999999998
-1.384989
-1.3887869999999998
-1.384989
-1.3887869999999998
-1.384989
-1.3887869999999998
-1.384989
-1.3887869999999998
-1.384989
-1.3887869999999998
-1.384989
-1.3887869999999998
-1.384989
-1.3887869999999998
-1.384989
-1.3887869999999998
-1.384989
-1.3887869999999998
-1.384989
-1.3887869999999998
-1.384989
-1.3887869999999998
-1.384989
-1.3887869999999998
-1.384989
-1.3887869999999998
-1.384989
-1.3887869999999998
-1.384989
-1.3887869999999998
-1.384989
-1.3887869999999998
-1.384989
-1.3887869999999998
-1.384989
-1.3887869999999998
-1.384989
-1.3887869999999998
-1.384989
-1.3887869999999998
-1.384989
-1.3887869999999998
-1.384989
-1.3887869999999998
-1.384989
-1.3887869999999998
-1.384989
-1.3887869999999998
