1.211786
1.2388940000000002
1.211786
1.2388940000000002
1.211786
1.2388940000000002
1.211786
1.2388940000000002
1.211786
1.2388940000000002
1.211786
1.2388940000000002
1.211786
1.2388940000000002
1.211786
1.2388940000000002
1.211786
1.2388940000000002
1.211786
1.2388940000000002
1.211786
1.2388940000000002
1.211786
1.2388940000000002
1.211786
1.2388940000000002
1.211786
1.2388940000000002
1.211786
1.2388940000000002
1.211786
1.2388940000000002
1.211786
1.2388940000000002
1.211786
1.2388940000000002
1.211786
1.2388940000000002
1.211786
1.2388940000000002
1.211786
1.2388940000000002
1.211786
1.2388940000000002
1.211786
1.2388940000000002
1.211786
1.2388940000000002
1.211786
1.2388940000000002
1.211786
1.2388940000000002
1.211786
1.2388940000000002
1.211786
1.2388940000000002
1.211786
1.2388940000000002
1.211786
1.2388940000000002
1.211786
1.2388940000000002
1.211786
1.2388940000000002
1.211786
1.2388940000000002
1.211786
1.2388940000000002
1.211786
1.2388940000000002
1.211786
1.2388940000000002
1.211786
1.2388940000000002
1.211786
1.2388940000000002
1.211786
1.2388940000000002
1.211786
1.2388940000000002
1.211786
1.2388940000000002
1.211786
1.2388940000000002
1.211786
1.2388940000000002
1.211786
1.2388940000000002
1.211786
1.2388940000000002
1.211786
1.2388940000000002
1.211786
1.2388940000000002
1.211786
1.2388940000000002
1.211786
1.2388940000000002
1.211786
1.2388940000000002
1.211786
1.2388940000000002
1.211786
1.2388940000000002
1.211786
1.2388940000000002
1.211786
1.2388940000000002
1.211786
1.2388940000000002
1.211786
1.2388940000000002
1.211786
1.2388940000000002
1.211786
1.2388940000000002
1.211786
1.2388940000000002
1.211786
1.2388940000000002
-1.226242
-1.2244400000000004
-1.226242
-1.2244400000000004
-1.226242
-1.2244400000000004
-1.226242
-1.2244400000000004
-1.226242
-1.2244400000000004
-1.226242
-1.2244400000000004
-1.226242
-1.2244400000000004
-1.226242
-1.2244400000000004
-1.226242
-1.2244400000000004
-1.226242
-1.2244400000000004
-1.226242
-1.2244400000000004
-1.226242
-1.2244400000000004
-1.226242
-1.2244400000000004
-1.226242
-1.2244400000000004
-1.226242
-1.2244400000000004
-1.226242
-1.2244400000000004
-1.226242
-1.2244400000000004
-1.226242
-1.2244400000000004
-1.226242
-1.2244400000000004
-1.226242
-1.2244400000000004
-1.226242
-1.2244400000000004
-1.226242
-1.2244400000000004
-1.226242
-1.2244400000000004
-1.226242
-1.2244400000000004
-1.226242
-1.2244400000000004
-1.226242
-1.2244400000000004
-1.226242
-1.2244400000000004
-1.226242
-1.2244400000000004
-1.226242
-1.2244400000000004
-1.226242
-1.2244400000000004
-1.226242
-1.2244400000000004
-1.226242
-1.2244400000000004
-1.226242
-1.2244400000000004
-1.226242
-1.2244400000000004
-1.226242
-1.2244400000000004
-1.226242
-1.2244400000000004
-1.226242
-1.2244400000000004
-1.226242
-1.2244400000000004
-1.226242
-1.2244400000000004
-1.226242
-1.2244400000000004
-1.226242
-1.2244400000000004
-1.226242
-1.2244400000000004
-1.226242
-1.2244400000000004
-1.226242
-1.2244400000000004
-1.226242
-1.2244400000000004
-1.226242
-1.2244400000000004
-1.226242
-1.2244400000000004
-1.226242
-1.2244400000000004
-1.226242
-1.2244400000000004
-1.226242
-1.2244400000000004
-1.226242
-1.2244400000000004
-1.226242
-1.2244400000000004
-1.226242
-1.2244400000000004
-1.226242
-1.2244400000000004
-1.226242
-1.2244400000000004
-1.226242
-1.2244400000000004
-1.226242
-1.2244400000000004
-1.226242
-1.2244400000000004
-1.226242
-1.2244400000000004
-1.226242
-1.2244400000000004
