1.3446730000000002
1.3391470000000005
1.3446730000000002
1.3391470000000005
1.3446730000000002
1.3391470000000005
1.3446730000000002
1.3391470000000005
1.3446730000000002
1.3391470000000005
1.3446730000000002
1.3391470000000005
1.3446730000000002
1.3391470000000005
1.3446730000000002
1.3391470000000005
1.3446730000000002
1.3391470000000005
1.3446730000000002
1.3391470000000005
1.3446730000000002
1.3391470000000005
1.3446730000000002
1.3391470000000005
1.3446730000000002
1.3391470000000005
1.3446730000000002
1.3391470000000005
1.3446730000000002
1.3391470000000005
1.3446730000000002
1.3391470000000005
1.3446730000000002
1.3391470000000005
1.3446730000000002
1.3391470000000005
1.3446730000000002
1.3391470000000005
1.3446730000000002
1.3391470000000005
1.3446730000000002
1.3391470000000005
1.3446730000000002
1.3391470000000005
1.3446730000000002
1.3391470000000005
1.3446730000000002
1.3391470000000005
1.3446730000000002
1.3391470000000005
1.3446730000000002
1.3391470000000005
1.3446730000000002
1.3391470000000005
1.3446730000000002
1.3391470000000005
1.3446730000000002
1.3391470000000005
1.3446730000000002
1.3391470000000005
1.3446730000000002
1.3391470000000005
1.3446730000000002
1.3391470000000005
1.3446730000000002
1.3391470000000005
1.3446730000000002
1.3391470000000005
1.3446730000000002
1.3391470000000005
1.3446730000000002
1.3391470000000005
1.3446730000000002
1.3391470000000005
1.3446730000000002
1.3391470000000005
1.3446730000000002
1.3391470000000005
1.3446730000000002
1.3391470000000005
1.3446730000000002
1.3391470000000005
1.3446730000000002
1.3391470000000005
1.3446730000000002
1.3391470000000005
1.3446730000000002
1.3391470000000005
1.3446730000000002
1.3391470000000005
-1.3386360000000002
-1.3451839999999997
-1.3386360000000002
-1.3451839999999997
-1.3386360000000002
-1.3451839999999997
-1.3386360000000002
-1.3451839999999997
-1.3386360000000002
-1.3451839999999997
-1.3386360000000002
-1.3451839999999997
-1.3386360000000002
-1.3451839999999997
-1.3386360000000002
-1.3451839999999997
-1.3386360000000002
-1.3451839999999997
-1.3386360000000002
-1.3451839999999997
-1.3386360000000002
-1.3451839999999997
-1.3386360000000002
-1.3451839999999997
-1.3386360000000002
-1.3451839999999997
-1.3386360000000002
-1.3451839999999997
-1.3386360000000002
-1.3451839999999997
-1.3386360000000002
-1.3451839999999997
-1.3386360000000002
-1.3451839999999997
-1.3386360000000002
-1.3451839999999997
-1.3386360000000002
-1.3451839999999997
-1.3386360000000002
-1.3451839999999997
-1.3386360000000002
-1.3451839999999997
-1.3386360000000002
-1.3451839999999997
-1.3386360000000002
-1.3451839999999997
-1.3386360000000002
-1.3451839999999997
-1.3386360000000002
-1.3451839999999997
-1.3386360000000002
-1.3451839999999997
-1.3386360000000002
-1.3451839999999997
-1.3386360000000002
-1.3451839999999997
-1.3386360000000002
-1.3451839999999997
-1.3386360000000002
-1.3451839999999997
-1.3386360000000002
-1.3451839999999997
-1.3386360000000002
-1.3451839999999997
-1.3386360000000002
-1.3451839999999997
-1.3386360000000002
-1.3451839999999997
-1.3386360000000002
-1.3451839999999997
-1.3386360000000002
-1.3451839999999997
-1.3386360000000002
-1.3451839999999997
-1.3386360000000002
-1.3451839999999997
-1.3386360000000002
-1.3451839999999997
-1.3386360000000002
-1.3451839999999997
-1.3386360000000002
-1.3451839999999997
-1.3386360000000002
-1.3451839999999997
-1.3386360000000002
-1.3451839999999997
-1.3386360000000002
-1.3451839999999997
-1.3386360000000002
-1.3451839999999997
