1.3100579999999997
1.3100579999999997
1.3100579999999997
1.3100579999999997
1.3100579999999997
1.3100579999999997
1.3100579999999997
1.3100579999999997
1.3100579999999997
1.3100579999999997
1.3100579999999997
1.3100579999999997
1.3100579999999997
1.3100579999999997
1.3100579999999997
1.3100579999999997
1.3100579999999997
1.3100579999999997
1.3100579999999997
1.3100579999999997
1.3100579999999997
1.3100579999999997
1.3100579999999997
1.3100579999999997
1.3100579999999997
1.3100579999999997
1.3100579999999997
1.3100579999999997
1.3100579999999997
1.3100579999999997
1.3100579999999997
1.3100579999999997
1.3100579999999997
1.3100579999999997
1.3100579999999997
1.3100579999999997
1.3100579999999997
1.3100579999999997
1.3100579999999997
1.3100579999999997
1.3100579999999997
1.3100579999999997
1.3100579999999997
1.3100579999999997
1.3100579999999997
1.3100579999999997
1.3100579999999997
1.3100579999999997
1.3100579999999997
1.3100579999999997
1.3100579999999997
1.3100579999999997
1.3100579999999997
1.3100579999999997
1.3100579999999997
1.3100579999999997
1.3100579999999997
1.3100579999999997
1.3100579999999997
1.3100579999999997
1.3100579999999997
1.3100579999999997
1.3100579999999997
1.3100579999999997
-1.3100569999999996
-1.3100569999999996
-1.3100569999999996
-1.3100569999999996
-1.3100569999999996
-1.3100569999999996
-1.3100569999999996
-1.3100569999999996
-1.3100569999999996
-1.3100569999999996
-1.3100569999999996
-1.3100569999999996
-1.3100569999999996
-1.3100569999999996
-1.3100569999999996
-1.3100569999999996
-1.3100569999999996
-1.3100569999999996
-1.3100569999999996
-1.3100569999999996
-1.3100569999999996
-1.3100569999999996
-1.3100569999999996
-1.3100569999999996
-1.3100569999999996
-1.3100569999999996
-1.3100569999999996
-1.3100569999999996
-1.3100569999999996
-1.3100569999999996
-1.3100569999999996
-1.3100569999999996
-1.3100569999999996
-1.3100569999999996
-1.3100569999999996
-1.3100569999999996
-1.3100569999999996
-1.3100569999999996
-1.3100569999999996
-1.3100569999999996
-1.3100569999999996
-1.3100569999999996
-1.3100569999999996
-1.3100569999999996
-1.3100569999999996
-1.3100569999999996
-1.3100569999999996
-1.3100569999999996
-1.3100569999999996
-1.3100569999999996
-1.3100569999999996
-1.3100569999999996
-1.3100569999999996
-1.3100569999999996
-1.3100569999999996
-1.3100569999999996
-1.3100569999999996
-1.3100569999999996
-1.3100569999999996
-1.3100569999999996
-1.3100569999999996
-1.3100569999999996
-1.3100569999999996
-1.3100569999999996
