1.368461
1.3611570000000004
1.368461
1.3611570000000004
1.368461
1.3611570000000004
1.368461
1.3611570000000004
1.368461
1.3611570000000004
1.368461
1.3611570000000004
1.368461
1.3611570000000004
1.368461
1.3611570000000004
1.368461
1.3611570000000004
1.368461
1.3611570000000004
1.368461
1.3611570000000004
1.368461
1.3611570000000004
1.368461
1.3611570000000004
1.368461
1.3611570000000004
1.368461
1.3611570000000004
1.368461
1.3611570000000004
1.368461
1.3611570000000004
1.368461
1.3611570000000004
1.368461
1.3611570000000004
1.368461
1.3611570000000004
1.368461
1.3611570000000004
1.368461
1.3611570000000004
1.368461
1.3611570000000004
1.368461
1.3611570000000004
1.368461
1.3611570000000004
1.368461
1.3611570000000004
1.368461
1.3611570000000004
1.368461
1.3611570000000004
1.368461
1.3611570000000004
1.368461
1.3611570000000004
1.368461
1.3611570000000004
1.368461
1.3611570000000004
1.368461
1.3611570000000004
1.368461
1.3611570000000004
1.368461
1.3611570000000004
1.368461
1.3611570000000004
1.368461
1.3611570000000004
1.368461
1.3611570000000004
1.368461
1.3611570000000004
1.368461
1.3611570000000004
1.368461
1.3611570000000004
1.368461
1.3611570000000004
1.368461
1.3611570000000004
1.368461
1.3611570000000004
1.368461
1.3611570000000004
1.368461
1.3611570000000004
1.368461
1.3611570000000004
1.368461
1.3611570000000004
-1.3690749999999996
-1.3605419999999997
-1.3690749999999996
-1.3605419999999997
-1.3690749999999996
-1.3605419999999997
-1.3690749999999996
-1.3605419999999997
-1.3690749999999996
-1.3605419999999997
-1.3690749999999996
-1.3605419999999997
-1.3690749999999996
-1.3605419999999997
-1.3690749999999996
-1.3605419999999997
-1.3690749999999996
-1.3605419999999997
-1.3690749999999996
-1.3605419999999997
-1.3690749999999996
-1.3605419999999997
-1.3690749999999996
-1.3605419999999997
-1.3690749999999996
-1.3605419999999997
-1.3690749999999996
-1.3605419999999997
-1.3690749999999996
-1.3605419999999997
-1.3690749999999996
-1.3605419999999997
-1.3690749999999996
-1.3605419999999997
-1.3690749999999996
-1.3605419999999997
-1.3690749999999996
-1.3605419999999997
-1.3690749999999996
-1.3605419999999997
-1.3690749999999996
-1.3605419999999997
-1.3690749999999996
-1.3605419999999997
-1.3690749999999996
-1.3605419999999997
-1.3690749999999996
-1.3605419999999997
-1.3690749999999996
-1.3605419999999997
-1.3690749999999996
-1.3605419999999997
-1.3690749999999996
-1.3605419999999997
-1.3690749999999996
-1.3605419999999997
-1.3690749999999996
-1.3605419999999997
-1.3690749999999996
-1.3605419999999997
-1.3690749999999996
-1.3605419999999997
-1.3690749999999996
-1.3605419999999997
-1.3690749999999996
-1.3605419999999997
-1.3690749999999996
-1.3605419999999997
-1.3690749999999996
-1.3605419999999997
-1.3690749999999996
-1.3605419999999997
-1.3690749999999996
-1.3605419999999997
-1.3690749999999996
-1.3605419999999997
-1.3690749999999996
-1.3605419999999997
-1.3690749999999996
-1.3605419999999997
-1.3690749999999996
-1.3605419999999997
-1.3690749999999996
-1.3605419999999997
-1.3690749999999996
-1.3605419999999997
-1.3690749999999996
-1.3605419999999997
-1.3690749999999996
-1.3605419999999997
-1.3690749999999996
-1.3605419999999997
-1.3690749999999996
-1.3605419999999997
-1.3690749999999996
-1.3605419999999997
