1.365964
1.365964
1.365964
1.365964
1.365964
1.365964
1.365964
1.365964
1.365964
1.365964
1.365964
1.365964
1.365964
1.365964
1.365964
1.365964
1.365964
1.365964
1.365964
1.365964
1.365964
1.365964
1.365964
1.365964
1.365964
1.365964
1.365964
1.365964
1.365964
1.365964
1.365964
1.365964
1.365964
1.365964
1.365964
1.365964
1.365964
1.365964
1.365964
1.365964
1.365964
1.365964
1.365964
1.365964
1.365964
1.365964
1.365964
1.365964
1.365964
1.365964
1.365964
1.365964
1.365964
1.365964
1.365964
1.365964
1.365964
1.365964
1.365964
1.365964
1.365964
1.365964
1.365964
1.365964
1.365964
1.365964
1.365964
1.365964
1.365964
1.365964
1.365964
1.365964
1.365964
1.365964
1.365964
1.365964
1.365964
1.365964
1.365964
1.365964
1.365964
1.365964
1.365964
1.365964
1.365964
1.365964
1.365964
1.365964
1.365964
1.365964
1.365964
1.365964
1.365964
1.365964
1.365964
1.365964
-1.3659619999999997
-1.365965
-1.3659619999999997
-1.365965
-1.3659619999999997
-1.365965
-1.3659619999999997
-1.365965
-1.3659619999999997
-1.365965
-1.3659619999999997
-1.365965
-1.3659619999999997
-1.365965
-1.3659619999999997
-1.365965
-1.3659619999999997
-1.365965
-1.3659619999999997
-1.365965
-1.3659619999999997
-1.365965
-1.3659619999999997
-1.365965
-1.3659619999999997
-1.365965
-1.3659619999999997
-1.365965
-1.3659619999999997
-1.365965
-1.3659619999999997
-1.365965
-1.3659619999999997
-1.365965
-1.3659619999999997
-1.365965
-1.3659619999999997
-1.365965
-1.3659619999999997
-1.365965
-1.3659619999999997
-1.365965
-1.3659619999999997
-1.365965
-1.3659619999999997
-1.365965
-1.3659619999999997
-1.365965
-1.3659619999999997
-1.365965
-1.3659619999999997
-1.365965
-1.3659619999999997
-1.365965
-1.3659619999999997
-1.365965
-1.3659619999999997
-1.365965
-1.3659619999999997
-1.365965
-1.3659619999999997
-1.365965
-1.3659619999999997
-1.365965
-1.3659619999999997
-1.365965
-1.3659619999999997
-1.365965
-1.3659619999999997
-1.365965
-1.3659619999999997
-1.365965
-1.3659619999999997
-1.365965
-1.3659619999999997
-1.365965
-1.3659619999999997
-1.365965
-1.3659619999999997
-1.365965
-1.3659619999999997
-1.365965
-1.3659619999999997
-1.365965
-1.3659619999999997
-1.365965
-1.3659619999999997
-1.365965
-1.3659619999999997
-1.365965
-1.3659619999999997
-1.365965
-1.3659619999999997
-1.365965
-1.3659619999999997
-1.365965
