1.316649
1.3294879999999996
1.316649
1.3294879999999996
1.316649
1.3294879999999996
1.316649
1.3294879999999996
1.316649
1.3294879999999996
1.316649
1.3294879999999996
1.316649
1.3294879999999996
1.316649
1.3294879999999996
1.316649
1.3294879999999996
1.316649
1.3294879999999996
1.316649
1.3294879999999996
1.316649
1.3294879999999996
1.316649
1.3294879999999996
1.316649
1.3294879999999996
1.316649
1.3294879999999996
1.316649
1.3294879999999996
1.316649
1.3294879999999996
1.316649
1.3294879999999996
1.316649
1.3294879999999996
1.316649
1.3294879999999996
1.316649
1.3294879999999996
1.316649
1.3294879999999996
1.316649
1.3294879999999996
1.316649
1.3294879999999996
1.316649
1.3294879999999996
1.316649
1.3294879999999996
1.316649
1.3294879999999996
1.316649
1.3294879999999996
1.316649
1.3294879999999996
1.316649
1.3294879999999996
1.316649
1.3294879999999996
1.316649
1.3294879999999996
1.316649
1.3294879999999996
1.316649
1.3294879999999996
1.316649
1.3294879999999996
1.316649
1.3294879999999996
1.316649
1.3294879999999996
1.316649
1.3294879999999996
1.316649
1.3294879999999996
1.316649
1.3294879999999996
1.316649
1.3294879999999996
1.316649
1.3294879999999996
1.316649
1.3294879999999996
1.316649
1.3294879999999996
1.316649
1.3294879999999996
1.316649
1.3294879999999996
1.316649
1.3294879999999996
1.316649
1.3294879999999996
1.316649
1.3294879999999996
1.316649
1.3294879999999996
1.316649
1.3294879999999996
1.316649
1.3294879999999996
1.316649
1.3294879999999996
1.316649
1.3294879999999996
1.316649
1.3294879999999996
1.316649
1.3294879999999996
1.316649
1.3294879999999996
1.316649
1.3294879999999996
1.316649
1.3294879999999996
1.316649
1.3294879999999996
-1.3265140000000004
-1.3196240000000001
-1.3265140000000004
-1.3196240000000001
-1.3265140000000004
-1.3196240000000001
-1.3265140000000004
-1.3196240000000001
-1.3265140000000004
-1.3196240000000001
-1.3265140000000004
-1.3196240000000001
-1.3265140000000004
-1.3196240000000001
-1.3265140000000004
-1.3196240000000001
-1.3265140000000004
-1.3196240000000001
-1.3265140000000004
-1.3196240000000001
-1.3265140000000004
-1.3196240000000001
-1.3265140000000004
-1.3196240000000001
-1.3265140000000004
-1.3196240000000001
-1.3265140000000004
-1.3196240000000001
-1.3265140000000004
-1.3196240000000001
-1.3265140000000004
-1.3196240000000001
-1.3265140000000004
-1.3196240000000001
-1.3265140000000004
-1.3196240000000001
-1.3265140000000004
-1.3196240000000001
-1.3265140000000004
-1.3196240000000001
-1.3265140000000004
-1.3196240000000001
-1.3265140000000004
-1.3196240000000001
-1.3265140000000004
-1.3196240000000001
-1.3265140000000004
-1.3196240000000001
-1.3265140000000004
-1.3196240000000001
-1.3265140000000004
-1.3196240000000001
-1.3265140000000004
-1.3196240000000001
-1.3265140000000004
-1.3196240000000001
-1.3265140000000004
-1.3196240000000001
-1.3265140000000004
-1.3196240000000001
-1.3265140000000004
-1.3196240000000001
-1.3265140000000004
-1.3196240000000001
-1.3265140000000004
-1.3196240000000001
-1.3265140000000004
-1.3196240000000001
-1.3265140000000004
-1.3196240000000001
-1.3265140000000004
-1.3196240000000001
-1.3265140000000004
-1.3196240000000001
-1.3265140000000004
-1.3196240000000001
-1.3265140000000004
-1.3196240000000001
-1.3265140000000004
-1.3196240000000001
-1.3265140000000004
-1.3196240000000001
-1.3265140000000004
-1.3196240000000001
-1.3265140000000004
-1.3196240000000001
-1.3265140000000004
-1.3196240000000001
-1.3265140000000004
-1.3196240000000001
-1.3265140000000004
-1.3196240000000001
-1.3265140000000004
-1.3196240000000001
-1.3265140000000004
-1.3196240000000001
-1.3265140000000004
-1.3196240000000001
-1.3265140000000004
-1.3196240000000001
-1.3265140000000004
-1.3196240000000001
-1.3265140000000004
-1.3196240000000001
-1.3265140000000004
-1.3196240000000001
-1.3265140000000004
-1.3196240000000001
-1.3265140000000004
-1.3196240000000001
-1.3265140000000004
-1.3196240000000001
-1.3265140000000004
-1.3196240000000001
-1.3265140000000004
-1.3196240000000001
-1.3265140000000004
-1.3196240000000001
-1.3265140000000004
-1.3196240000000001
