1.4371829999999992
1.4333170000000006
1.4358590000000007
1.4326399999999992
1.4371829999999992
1.4333170000000006
1.4358590000000007
1.4326399999999992
1.4371829999999992
1.4333170000000006
1.4358590000000007
1.4326399999999992
1.4371829999999992
1.4333170000000006
1.4358590000000007
1.4326399999999992
1.4371829999999992
1.4333170000000006
1.4358590000000007
1.4326399999999992
1.4371829999999992
1.4333170000000006
1.4358590000000007
1.4326399999999992
1.4371829999999992
1.4333170000000006
1.4358590000000007
1.4326399999999992
1.4371829999999992
1.4333170000000006
1.4358590000000007
1.4326399999999992
1.4371829999999992
1.4333170000000006
1.4358590000000007
1.4326399999999992
1.4371829999999992
1.4333170000000006
1.4358590000000007
1.4326399999999992
1.4371829999999992
1.4333170000000006
1.4358590000000007
1.4326399999999992
1.4371829999999992
1.4333170000000006
1.4358590000000007
1.4326399999999992
1.4371829999999992
1.4333170000000006
1.4358590000000007
1.4326399999999992
1.4371829999999992
1.4333170000000006
1.4358590000000007
1.4326399999999992
1.4371829999999992
1.4333170000000006
1.4358590000000007
1.4326399999999992
1.4371829999999992
1.4333170000000006
1.4358590000000007
1.4326399999999992
1.4371829999999992
1.4333170000000006
1.4358590000000007
1.4326399999999992
1.4371829999999992
1.4333170000000006
1.4358590000000007
1.4326399999999992
1.4371829999999992
1.4333170000000006
1.4358590000000007
1.4326399999999992
1.4371829999999992
1.4333170000000006
1.4358590000000007
1.4326399999999992
1.4371829999999992
1.4333170000000006
1.4358590000000007
1.4326399999999992
1.4371829999999992
1.4333170000000006
1.4358590000000007
1.4326399999999992
1.4371829999999992
1.4333170000000006
1.4358590000000007
1.4326399999999992
1.4371829999999992
1.4333170000000006
1.4358590000000007
1.4326399999999992
1.4371829999999992
1.4333170000000006
1.4358590000000007
1.4326399999999992
1.4371829999999992
1.4333170000000006
1.4358590000000007
1.4326399999999992
1.4371829999999992
1.4333170000000006
1.4358590000000007
1.4326399999999992
1.4371829999999992
1.4333170000000006
1.4358590000000007
1.4326399999999992
1.4371829999999992
1.4333170000000006
1.4358590000000007
1.4326399999999992
1.4371829999999992
1.4333170000000006
1.4358590000000007
1.4326399999999992
1.4371829999999992
1.4333170000000006
1.4358590000000007
1.4326399999999992
1.4371829999999992
1.4333170000000006
1.4358590000000007
1.4326399999999992
1.4371829999999992
1.4333170000000006
1.4358590000000007
1.4326399999999992
1.4371829999999992
1.4333170000000006
1.4358590000000007
1.4326399999999992
1.4371829999999992
1.4333170000000006
1.4358590000000007
1.4326399999999992
1.4371829999999992
1.4333170000000006
1.4358590000000007
1.4326399999999992
-1.435264
-1.4337340000000003
-1.4343940000000002
-1.435607
-1.435264
-1.4337340000000003
-1.4343940000000002
-1.435607
-1.435264
-1.4337340000000003
-1.4343940000000002
-1.435607
-1.435264
-1.4337340000000003
-1.4343940000000002
-1.435607
-1.435264
-1.4337340000000003
-1.4343940000000002
-1.435607
-1.435264
-1.4337340000000003
-1.4343940000000002
-1.435607
-1.435264
-1.4337340000000003
-1.4343940000000002
-1.435607
-1.435264
-1.4337340000000003
-1.4343940000000002
-1.435607
-1.435264
-1.4337340000000003
-1.4343940000000002
-1.435607
-1.435264
-1.4337340000000003
-1.4343940000000002
-1.435607
-1.435264
-1.4337340000000003
-1.4343940000000002
-1.435607
-1.435264
-1.4337340000000003
-1.4343940000000002
-1.435607
-1.435264
-1.4337340000000003
-1.4343940000000002
-1.435607
-1.435264
-1.4337340000000003
-1.4343940000000002
-1.435607
-1.435264
-1.4337340000000003
-1.4343940000000002
-1.435607
-1.435264
-1.4337340000000003
-1.4343940000000002
-1.435607
-1.435264
-1.4337340000000003
-1.4343940000000002
-1.435607
-1.435264
-1.4337340000000003
-1.4343940000000002
-1.435607
-1.435264
-1.4337340000000003
-1.4343940000000002
-1.435607
-1.435264
-1.4337340000000003
-1.4343940000000002
-1.435607
-1.435264
-1.4337340000000003
-1.4343940000000002
-1.435607
-1.435264
-1.4337340000000003
-1.4343940000000002
-1.435607
-1.435264
-1.4337340000000003
-1.4343940000000002
-1.435607
-1.435264
-1.4337340000000003
-1.4343940000000002
-1.435607
-1.435264
-1.4337340000000003
-1.4343940000000002
-1.435607
-1.435264
-1.4337340000000003
-1.4343940000000002
-1.435607
-1.435264
-1.4337340000000003
-1.4343940000000002
-1.435607
-1.435264
-1.4337340000000003
-1.4343940000000002
-1.435607
-1.435264
-1.4337340000000003
-1.4343940000000002
-1.435607
-1.435264
-1.4337340000000003
-1.4343940000000002
-1.435607
-1.435264
-1.4337340000000003
-1.4343940000000002
-1.435607
-1.435264
-1.4337340000000003
-1.4343940000000002
-1.435607
-1.435264
-1.4337340000000003
-1.4343940000000002
-1.435607
-1.435264
-1.4337340000000003
-1.4343940000000002
-1.435607
-1.435264
-1.4337340000000003
-1.4343940000000002
-1.435607
-1.435264
-1.4337340000000003
-1.4343940000000002
-1.435607
