1.2860220000000009
1.2860220000000009
1.2860220000000009
1.2860220000000009
1.2860220000000009
1.2860220000000009
1.2860220000000009
1.2860220000000009
1.2860220000000009
1.2860220000000009
1.2860220000000009
1.2860220000000009
1.2860220000000009
1.2860220000000009
1.2860220000000009
1.2860220000000009
1.2860220000000009
1.2860220000000009
1.2860220000000009
1.2860220000000009
1.2860220000000009
1.2860220000000009
1.2860220000000009
1.2860220000000009
1.2860220000000009
1.2860220000000009
1.2860220000000009
1.2860220000000009
1.2860220000000009
1.2860220000000009
1.2860220000000009
1.2860220000000009
1.2860220000000009
1.2860220000000009
1.2860220000000009
1.2860220000000009
1.2860220000000009
1.2860220000000009
1.2860220000000009
1.2860220000000009
1.2860220000000009
1.2860220000000009
1.2860220000000009
1.2860220000000009
1.2860220000000009
1.2860220000000009
1.2860220000000009
1.2860220000000009
1.2860220000000009
1.2860220000000009
1.2860220000000009
1.2860220000000009
1.2860220000000009
1.2860220000000009
-1.2860199999999997
-1.2860199999999997
-1.2860199999999997
-1.2860199999999997
-1.2860199999999997
-1.2860199999999997
-1.2860199999999997
-1.2860199999999997
-1.2860199999999997
-1.2860199999999997
-1.2860199999999997
-1.2860199999999997
-1.2860199999999997
-1.2860199999999997
-1.2860199999999997
-1.2860199999999997
-1.2860199999999997
-1.2860199999999997
-1.2860199999999997
-1.2860199999999997
-1.2860199999999997
-1.2860199999999997
-1.2860199999999997
-1.2860199999999997
-1.2860199999999997
-1.2860199999999997
-1.2860199999999997
-1.2860199999999997
-1.2860199999999997
-1.2860199999999997
-1.2860199999999997
-1.2860199999999997
-1.2860199999999997
-1.2860199999999997
-1.2860199999999997
-1.2860199999999997
-1.2860199999999997
-1.2860199999999997
-1.2860199999999997
-1.2860199999999997
-1.2860199999999997
-1.2860199999999997
-1.2860199999999997
-1.2860199999999997
-1.2860199999999997
-1.2860199999999997
-1.2860199999999997
-1.2860199999999997
-1.2860199999999997
-1.2860199999999997
-1.2860199999999997
-1.2860199999999997
-1.2860199999999997
-1.2860199999999997
