0.5281099999999999
0.5281099999999999
0.5281099999999999
0.5281099999999999
0.5281099999999999
0.5281099999999999
0.5281099999999999
0.5281099999999999
0.5281099999999999
0.5281099999999999
0.5281099999999999
0.5281099999999999
0.5281099999999999
0.5281099999999999
0.5281099999999999
0.5281099999999999
0.5281099999999999
0.5281099999999999
0.5281099999999999
0.5281099999999999
0.5281099999999999
0.5281099999999999
0.5281099999999999
0.5281099999999999
0.5281099999999999
0.5281099999999999
0.5281099999999999
0.5281099999999999
0.5281099999999999
0.5281099999999999
0.5281099999999999
0.5281099999999999
0.5281099999999999
0.5281099999999999
0.5281099999999999
0.5281099999999999
0.5281099999999999
0.5281099999999999
0.5281099999999999
0.5281099999999999
0.5281099999999999
0.5281099999999999
0.5281099999999999
0.5281099999999999
0.5281099999999999
0.5281099999999999
0.5281099999999999
0.5281099999999999
0.5281099999999999
0.5281099999999999
-0.5281120000000001
-0.5281120000000001
-0.5281120000000001
-0.5281120000000001
-0.5281120000000001
-0.5281120000000001
-0.5281120000000001
-0.5281120000000001
-0.5281120000000001
-0.5281120000000001
-0.5281120000000001
-0.5281120000000001
-0.5281120000000001
-0.5281120000000001
-0.5281120000000001
-0.5281120000000001
-0.5281120000000001
-0.5281120000000001
-0.5281120000000001
-0.5281120000000001
-0.5281120000000001
-0.5281120000000001
-0.5281120000000001
-0.5281120000000001
-0.5281120000000001
-0.5281120000000001
-0.5281120000000001
-0.5281120000000001
-0.5281120000000001
-0.5281120000000001
-0.5281120000000001
-0.5281120000000001
-0.5281120000000001
-0.5281120000000001
-0.5281120000000001
-0.5281120000000001
-0.5281120000000001
-0.5281120000000001
-0.5281120000000001
-0.5281120000000001
-0.5281120000000001
-0.5281120000000001
-0.5281120000000001
-0.5281120000000001
-0.5281120000000001
-0.5281120000000001
-0.5281120000000001
-0.5281120000000001
-0.5281120000000001
-0.5281120000000001
