0.4599600000000006
0.4599600000000006
0.4599600000000006
0.4599600000000006
0.4599600000000006
0.4599600000000006
0.4599600000000006
0.4599600000000006
0.4599600000000006
0.4599600000000006
0.4599600000000006
0.4599600000000006
0.4599600000000006
0.4599600000000006
0.4599600000000006
0.4599600000000006
0.4599600000000006
0.4599600000000006
0.4599600000000006
0.4599600000000006
0.4599600000000006
0.4599600000000006
0.4599600000000006
0.4599600000000006
0.4599600000000006
0.4599600000000006
0.4599600000000006
0.4599600000000006
0.4599600000000006
0.4599600000000006
0.4599600000000006
0.4599600000000006
0.4599600000000006
0.4599600000000006
0.4599600000000006
0.4599600000000006
0.4599600000000006
0.4599600000000006
0.4599600000000006
0.4599600000000006
0.4599600000000006
0.4599600000000006
0.4599600000000006
0.4599600000000006
0.4599600000000006
0.4599600000000006
0.4599600000000006
0.4599600000000006
0.4599600000000006
0.4599600000000006
-0.4599599999999997
-0.4599599999999997
-0.4599599999999997
-0.4599599999999997
-0.4599599999999997
-0.4599599999999997
-0.4599599999999997
-0.4599599999999997
-0.4599599999999997
-0.4599599999999997
-0.4599599999999997
-0.4599599999999997
-0.4599599999999997
-0.4599599999999997
-0.4599599999999997
-0.4599599999999997
-0.4599599999999997
-0.4599599999999997
-0.4599599999999997
-0.4599599999999997
-0.4599599999999997
-0.4599599999999997
-0.4599599999999997
-0.4599599999999997
-0.4599599999999997
-0.4599599999999997
-0.4599599999999997
-0.4599599999999997
-0.4599599999999997
-0.4599599999999997
-0.4599599999999997
-0.4599599999999997
-0.4599599999999997
-0.4599599999999997
-0.4599599999999997
-0.4599599999999997
-0.4599599999999997
-0.4599599999999997
-0.4599599999999997
-0.4599599999999997
-0.4599599999999997
-0.4599599999999997
-0.4599599999999997
-0.4599599999999997
-0.4599599999999997
-0.4599599999999997
-0.4599599999999997
-0.4599599999999997
-0.4599599999999997
-0.4599599999999997
