1.4623019999999993
1.4623019999999993
1.4623019999999993
1.4623019999999993
1.4623019999999993
1.4623019999999993
1.4623019999999993
1.4623019999999993
1.4623019999999993
1.4623019999999993
1.4623019999999993
1.4623019999999993
1.4623019999999993
1.4623019999999993
1.4623019999999993
1.4623019999999993
1.4623019999999993
1.4623019999999993
1.4623019999999993
1.4623019999999993
1.4623019999999993
1.4623019999999993
1.4623019999999993
1.4623019999999993
1.4623019999999993
1.4623019999999993
1.4623019999999993
1.4623019999999993
1.4623019999999993
1.4623019999999993
1.4623019999999993
1.4623019999999993
1.4623019999999993
1.4623019999999993
1.4623019999999993
1.4623019999999993
1.4623019999999993
1.4623019999999993
1.4623019999999993
1.4623019999999993
1.4623019999999993
1.4623019999999993
1.4623019999999993
1.4623019999999993
1.4623019999999993
1.4623019999999993
1.4623019999999993
1.4623019999999993
1.4623019999999993
1.4623019999999993
1.4623019999999993
1.4623019999999993
1.4623019999999993
1.4623019999999993
1.4623019999999993
1.4623019999999993
1.4623019999999993
1.4623019999999993
1.4623019999999993
1.4623019999999993
1.4623019999999993
1.4623019999999993
1.4623019999999993
1.4623019999999993
1.4623019999999993
1.4623019999999993
1.4623019999999993
1.4623019999999993
1.4623019999999993
1.4623019999999993
1.4623019999999993
1.4623019999999993
-1.4623030000000004
-1.4623030000000004
-1.4623030000000004
-1.4623030000000004
-1.4623030000000004
-1.4623030000000004
-1.4623030000000004
-1.4623030000000004
-1.4623030000000004
-1.4623030000000004
-1.4623030000000004
-1.4623030000000004
-1.4623030000000004
-1.4623030000000004
-1.4623030000000004
-1.4623030000000004
-1.4623030000000004
-1.4623030000000004
-1.4623030000000004
-1.4623030000000004
-1.4623030000000004
-1.4623030000000004
-1.4623030000000004
-1.4623030000000004
-1.4623030000000004
-1.4623030000000004
-1.4623030000000004
-1.4623030000000004
-1.4623030000000004
-1.4623030000000004
-1.4623030000000004
-1.4623030000000004
-1.4623030000000004
-1.4623030000000004
-1.4623030000000004
-1.4623030000000004
-1.4623030000000004
-1.4623030000000004
-1.4623030000000004
-1.4623030000000004
-1.4623030000000004
-1.4623030000000004
-1.4623030000000004
-1.4623030000000004
-1.4623030000000004
-1.4623030000000004
-1.4623030000000004
-1.4623030000000004
-1.4623030000000004
-1.4623030000000004
-1.4623030000000004
-1.4623030000000004
-1.4623030000000004
-1.4623030000000004
-1.4623030000000004
-1.4623030000000004
-1.4623030000000004
-1.4623030000000004
-1.4623030000000004
-1.4623030000000004
-1.4623030000000004
-1.4623030000000004
-1.4623030000000004
-1.4623030000000004
-1.4623030000000004
-1.4623030000000004
-1.4623030000000004
-1.4623030000000004
-1.4623030000000004
-1.4623030000000004
-1.4623030000000004
-1.4623030000000004
