1.4421610000000005
1.442456
1.4427050000000001
1.4423220000000008
1.4421610000000005
1.442456
1.4427050000000001
1.4423220000000008
1.4421610000000005
1.442456
1.4427050000000001
1.4423220000000008
1.4421610000000005
1.442456
1.4427050000000001
1.4423220000000008
1.4421610000000005
1.442456
1.4427050000000001
1.4423220000000008
1.4421610000000005
1.442456
1.4427050000000001
1.4423220000000008
1.4421610000000005
1.442456
1.4427050000000001
1.4423220000000008
1.4421610000000005
1.442456
1.4427050000000001
1.4423220000000008
1.4421610000000005
1.442456
1.4427050000000001
1.4423220000000008
1.4421610000000005
1.442456
1.4427050000000001
1.4423220000000008
1.4421610000000005
1.442456
1.4427050000000001
1.4423220000000008
1.4421610000000005
1.442456
1.4427050000000001
1.4423220000000008
1.4421610000000005
1.442456
1.4427050000000001
1.4423220000000008
1.4421610000000005
1.442456
1.4427050000000001
1.4423220000000008
1.4421610000000005
1.442456
1.4427050000000001
1.4423220000000008
1.4421610000000005
1.442456
1.4427050000000001
1.4423220000000008
1.4421610000000005
1.442456
1.4427050000000001
1.4423220000000008
1.4421610000000005
1.442456
1.4427050000000001
1.4423220000000008
1.4421610000000005
1.442456
1.4427050000000001
1.4423220000000008
1.4421610000000005
1.442456
1.4427050000000001
1.4423220000000008
1.4421610000000005
1.442456
1.4427050000000001
1.4423220000000008
1.4421610000000005
1.442456
1.4427050000000001
1.4423220000000008
1.4421610000000005
1.442456
1.4427050000000001
1.4423220000000008
1.4421610000000005
1.442456
1.4427050000000001
1.4423220000000008
1.4421610000000005
1.442456
1.4427050000000001
1.4423220000000008
1.4421610000000005
1.442456
1.4427050000000001
1.4423220000000008
1.4421610000000005
1.442456
1.4427050000000001
1.4423220000000008
-1.4423300000000001
-1.4423339999999998
-1.4425239999999997
-1.4424640000000002
-1.4423300000000001
-1.4423339999999998
-1.4425239999999997
-1.4424640000000002
-1.4423300000000001
-1.4423339999999998
-1.4425239999999997
-1.4424640000000002
-1.4423300000000001
-1.4423339999999998
-1.4425239999999997
-1.4424640000000002
-1.4423300000000001
-1.4423339999999998
-1.4425239999999997
-1.4424640000000002
-1.4423300000000001
-1.4423339999999998
-1.4425239999999997
-1.4424640000000002
-1.4423300000000001
-1.4423339999999998
-1.4425239999999997
-1.4424640000000002
-1.4423300000000001
-1.4423339999999998
-1.4425239999999997
-1.4424640000000002
-1.4423300000000001
-1.4423339999999998
-1.4425239999999997
-1.4424640000000002
-1.4423300000000001
-1.4423339999999998
-1.4425239999999997
-1.4424640000000002
-1.4423300000000001
-1.4423339999999998
-1.4425239999999997
-1.4424640000000002
-1.4423300000000001
-1.4423339999999998
-1.4425239999999997
-1.4424640000000002
-1.4423300000000001
-1.4423339999999998
-1.4425239999999997
-1.4424640000000002
-1.4423300000000001
-1.4423339999999998
-1.4425239999999997
-1.4424640000000002
-1.4423300000000001
-1.4423339999999998
-1.4425239999999997
-1.4424640000000002
-1.4423300000000001
-1.4423339999999998
-1.4425239999999997
-1.4424640000000002
-1.4423300000000001
-1.4423339999999998
-1.4425239999999997
-1.4424640000000002
-1.4423300000000001
-1.4423339999999998
-1.4425239999999997
-1.4424640000000002
-1.4423300000000001
-1.4423339999999998
-1.4425239999999997
-1.4424640000000002
-1.4423300000000001
-1.4423339999999998
-1.4425239999999997
-1.4424640000000002
-1.4423300000000001
-1.4423339999999998
-1.4425239999999997
-1.4424640000000002
-1.4423300000000001
-1.4423339999999998
-1.4425239999999997
-1.4424640000000002
-1.4423300000000001
-1.4423339999999998
-1.4425239999999997
-1.4424640000000002
-1.4423300000000001
-1.4423339999999998
-1.4425239999999997
-1.4424640000000002
-1.4423300000000001
-1.4423339999999998
-1.4425239999999997
-1.4424640000000002
-1.4423300000000001
-1.4423339999999998
-1.4425239999999997
-1.4424640000000002
-1.4423300000000001
-1.4423339999999998
-1.4425239999999997
-1.4424640000000002
