1.3662469999999995
1.3662469999999995
1.3662469999999995
1.3662469999999995
1.3662469999999995
1.3662469999999995
1.3662469999999995
1.3662469999999995
1.3662469999999995
1.3662469999999995
1.3662469999999995
1.3662469999999995
1.3662469999999995
1.3662469999999995
1.3662469999999995
1.3662469999999995
1.3662469999999995
1.3662469999999995
1.3662469999999995
1.3662469999999995
1.3662469999999995
1.3662469999999995
1.3662469999999995
1.3662469999999995
1.3662469999999995
1.3662469999999995
1.3662469999999995
1.3662469999999995
1.3662469999999995
1.3662469999999995
1.3662469999999995
1.3662469999999995
1.3662469999999995
1.3662469999999995
1.3662469999999995
1.3662469999999995
1.3662469999999995
1.3662469999999995
1.3662469999999995
1.3662469999999995
1.3662469999999995
1.3662469999999995
1.3662469999999995
1.3662469999999995
1.3662469999999995
1.3662469999999995
1.3662469999999995
1.3662469999999995
1.3662469999999995
1.3662469999999995
1.3662469999999995
1.3662469999999995
1.3662469999999995
1.3662469999999995
1.3662469999999995
1.3662469999999995
1.3662469999999995
1.3662469999999995
1.3662469999999995
1.3662469999999995
1.3662469999999995
1.3662469999999995
1.3662469999999995
1.3662469999999995
-1.3662460000000003
-1.3662460000000003
-1.3662460000000003
-1.3662460000000003
-1.3662460000000003
-1.3662460000000003
-1.3662460000000003
-1.3662460000000003
-1.3662460000000003
-1.3662460000000003
-1.3662460000000003
-1.3662460000000003
-1.3662460000000003
-1.3662460000000003
-1.3662460000000003
-1.3662460000000003
-1.3662460000000003
-1.3662460000000003
-1.3662460000000003
-1.3662460000000003
-1.3662460000000003
-1.3662460000000003
-1.3662460000000003
-1.3662460000000003
-1.3662460000000003
-1.3662460000000003
-1.3662460000000003
-1.3662460000000003
-1.3662460000000003
-1.3662460000000003
-1.3662460000000003
-1.3662460000000003
-1.3662460000000003
-1.3662460000000003
-1.3662460000000003
-1.3662460000000003
-1.3662460000000003
-1.3662460000000003
-1.3662460000000003
-1.3662460000000003
-1.3662460000000003
-1.3662460000000003
-1.3662460000000003
-1.3662460000000003
-1.3662460000000003
-1.3662460000000003
-1.3662460000000003
-1.3662460000000003
-1.3662460000000003
-1.3662460000000003
-1.3662460000000003
-1.3662460000000003
-1.3662460000000003
-1.3662460000000003
-1.3662460000000003
-1.3662460000000003
-1.3662460000000003
-1.3662460000000003
-1.3662460000000003
-1.3662460000000003
-1.3662460000000003
-1.3662460000000003
-1.3662460000000003
-1.3662460000000003
