1.3847009999999997
1.369465
1.3847009999999997
1.369465
1.3847009999999997
1.369465
1.3847009999999997
1.369465
1.3847009999999997
1.369465
1.3847009999999997
1.369465
1.3847009999999997
1.369465
1.3847009999999997
1.369465
1.3847009999999997
1.369465
1.3847009999999997
1.369465
1.3847009999999997
1.369465
1.3847009999999997
1.369465
1.3847009999999997
1.369465
1.3847009999999997
1.369465
1.3847009999999997
1.369465
1.3847009999999997
1.369465
1.3847009999999997
1.369465
1.3847009999999997
1.369465
1.3847009999999997
1.369465
1.3847009999999997
1.369465
1.3847009999999997
1.369465
1.3847009999999997
1.369465
1.3847009999999997
1.369465
1.3847009999999997
1.369465
1.3847009999999997
1.369465
1.3847009999999997
1.369465
1.3847009999999997
1.369465
1.3847009999999997
1.369465
1.3847009999999997
1.369465
1.3847009999999997
1.369465
1.3847009999999997
1.369465
1.3847009999999997
1.369465
1.3847009999999997
1.369465
1.3847009999999997
1.369465
1.3847009999999997
1.369465
1.3847009999999997
1.369465
1.3847009999999997
1.369465
1.3847009999999997
1.369465
1.3847009999999997
1.369465
1.3847009999999997
1.369465
1.3847009999999997
1.369465
1.3847009999999997
1.369465
1.3847009999999997
1.369465
1.3847009999999997
1.369465
1.3847009999999997
1.369465
1.3847009999999997
1.369465
1.3847009999999997
1.369465
1.3847009999999997
1.369465
1.3847009999999997
1.369465
1.3847009999999997
1.369465
1.3847009999999997
1.369465
1.3847009999999997
1.369465
1.3847009999999997
1.369465
1.3847009999999997
1.369465
1.3847009999999997
1.369465
1.3847009999999997
1.369465
1.3847009999999997
1.369465
1.3847009999999997
1.369465
1.3847009999999997
1.369465
1.3847009999999997
1.369465
-1.3834929999999996
-1.370672
-1.3834929999999996
-1.370672
-1.3834929999999996
-1.370672
-1.3834929999999996
-1.370672
-1.3834929999999996
-1.370672
-1.3834929999999996
-1.370672
-1.3834929999999996
-1.370672
-1.3834929999999996
-1.370672
-1.3834929999999996
-1.370672
-1.3834929999999996
-1.370672
-1.3834929999999996
-1.370672
-1.3834929999999996
-1.370672
-1.3834929999999996
-1.370672
-1.3834929999999996
-1.370672
-1.3834929999999996
-1.370672
-1.3834929999999996
-1.370672
-1.3834929999999996
-1.370672
-1.3834929999999996
-1.370672
-1.3834929999999996
-1.370672
-1.3834929999999996
-1.370672
-1.3834929999999996
-1.370672
-1.3834929999999996
-1.370672
-1.3834929999999996
-1.370672
-1.3834929999999996
-1.370672
-1.3834929999999996
-1.370672
-1.3834929999999996
-1.370672
-1.3834929999999996
-1.370672
-1.3834929999999996
-1.370672
-1.3834929999999996
-1.370672
-1.3834929999999996
-1.370672
-1.3834929999999996
-1.370672
-1.3834929999999996
-1.370672
-1.3834929999999996
-1.370672
-1.3834929999999996
-1.370672
-1.3834929999999996
-1.370672
-1.3834929999999996
-1.370672
-1.3834929999999996
-1.370672
-1.3834929999999996
-1.370672
-1.3834929999999996
-1.370672
-1.3834929999999996
-1.370672
-1.3834929999999996
-1.370672
-1.3834929999999996
-1.370672
-1.3834929999999996
-1.370672
-1.3834929999999996
-1.370672
-1.3834929999999996
-1.370672
-1.3834929999999996
-1.370672
-1.3834929999999996
-1.370672
-1.3834929999999996
-1.370672
-1.3834929999999996
-1.370672
-1.3834929999999996
-1.370672
-1.3834929999999996
-1.370672
-1.3834929999999996
-1.370672
-1.3834929999999996
-1.370672
-1.3834929999999996
-1.370672
-1.3834929999999996
-1.370672
-1.3834929999999996
-1.370672
-1.3834929999999996
-1.370672
-1.3834929999999996
-1.370672
-1.3834929999999996
-1.370672
-1.3834929999999996
-1.370672
