1.1306329999999996
1.1306329999999996
1.1306329999999996
1.1306329999999996
1.1306329999999996
1.1306329999999996
1.1306329999999996
1.1306329999999996
1.1306329999999996
1.1306329999999996
1.1306329999999996
1.1306329999999996
1.1306329999999996
1.1306329999999996
1.1306329999999996
1.1306329999999996
1.1306329999999996
1.1306329999999996
1.1306329999999996
1.1306329999999996
1.1306329999999996
1.1306329999999996
1.1306329999999996
1.1306329999999996
1.1306329999999996
1.1306329999999996
1.1306329999999996
-1.13063
-1.13063
-1.13063
-1.13063
-1.13063
-1.13063
-1.13063
-1.13063
-1.13063
-1.13063
-1.13063
-1.13063
-1.13063
-1.13063
-1.13063
-1.13063
-1.13063
-1.13063
-1.13063
-1.13063
-1.13063
-1.13063
-1.13063
-1.13063
-1.13063
-1.13063
-1.13063
