1.4536750000000005
1.4536750000000005
1.4536750000000005
1.4536750000000005
1.4536750000000005
1.4536750000000005
1.4536750000000005
1.4536750000000005
1.4536750000000005
1.4536750000000005
1.4536750000000005
1.4536750000000005
1.4536750000000005
1.4536750000000005
1.4536750000000005
1.4536750000000005
1.4536750000000005
1.4536750000000005
1.4536750000000005
1.4536750000000005
1.4536750000000005
1.4536750000000005
1.4536750000000005
1.4536750000000005
1.4536750000000005
1.4536750000000005
1.4536750000000005
1.4536750000000005
1.4536750000000005
1.4536750000000005
1.4536750000000005
1.4536750000000005
1.4536750000000005
1.4536750000000005
1.4536750000000005
1.4536750000000005
1.4536750000000005
1.4536750000000005
1.4536750000000005
1.4536750000000005
1.4536750000000005
1.4536750000000005
1.4536750000000005
1.4536750000000005
1.4536750000000005
1.4536750000000005
1.4536750000000005
1.4536750000000005
1.4536750000000005
1.4536750000000005
1.4536750000000005
1.4536750000000005
1.4536750000000005
1.4536750000000005
1.4536750000000005
1.4536750000000005
1.4536750000000005
1.4536750000000005
1.4536750000000005
1.4536750000000005
1.4536750000000005
1.4536750000000005
1.4536750000000005
1.4536750000000005
1.4536750000000005
1.4536750000000005
1.4536750000000005
1.4536750000000005
1.4536750000000005
1.4536750000000005
1.4536750000000005
1.4536750000000005
-1.4536749999999996
-1.4536749999999996
-1.4536749999999996
-1.4536749999999996
-1.4536749999999996
-1.4536749999999996
-1.4536749999999996
-1.4536749999999996
-1.4536749999999996
-1.4536749999999996
-1.4536749999999996
-1.4536749999999996
-1.4536749999999996
-1.4536749999999996
-1.4536749999999996
-1.4536749999999996
-1.4536749999999996
-1.4536749999999996
-1.4536749999999996
-1.4536749999999996
-1.4536749999999996
-1.4536749999999996
-1.4536749999999996
-1.4536749999999996
-1.4536749999999996
-1.4536749999999996
-1.4536749999999996
-1.4536749999999996
-1.4536749999999996
-1.4536749999999996
-1.4536749999999996
-1.4536749999999996
-1.4536749999999996
-1.4536749999999996
-1.4536749999999996
-1.4536749999999996
-1.4536749999999996
-1.4536749999999996
-1.4536749999999996
-1.4536749999999996
-1.4536749999999996
-1.4536749999999996
-1.4536749999999996
-1.4536749999999996
-1.4536749999999996
-1.4536749999999996
-1.4536749999999996
-1.4536749999999996
-1.4536749999999996
-1.4536749999999996
-1.4536749999999996
-1.4536749999999996
-1.4536749999999996
-1.4536749999999996
-1.4536749999999996
-1.4536749999999996
-1.4536749999999996
-1.4536749999999996
-1.4536749999999996
-1.4536749999999996
-1.4536749999999996
-1.4536749999999996
-1.4536749999999996
-1.4536749999999996
-1.4536749999999996
-1.4536749999999996
-1.4536749999999996
-1.4536749999999996
-1.4536749999999996
-1.4536749999999996
-1.4536749999999996
-1.4536749999999996
