1.360735
1.360735
1.360735
1.360735
1.360735
1.360735
1.360735
1.360735
1.360735
1.360735
1.360735
1.360735
1.360735
1.360735
1.360735
1.360735
1.360735
1.360735
1.360735
1.360735
1.360735
1.360735
1.360735
1.360735
1.360735
1.360735
1.360735
1.360735
1.360735
1.360735
1.360735
1.360735
1.360735
1.360735
1.360735
1.360735
1.360735
1.360735
1.360735
1.360735
1.360735
1.360735
1.360735
1.360735
1.360735
1.360735
1.360735
1.360735
1.360735
1.360735
1.360735
1.360735
1.360735
1.360735
1.360735
1.360735
1.360735
1.360735
1.360735
1.360735
1.360735
1.360735
1.360735
1.360735
-1.3607339999999999
-1.3607339999999999
-1.3607339999999999
-1.3607339999999999
-1.3607339999999999
-1.3607339999999999
-1.3607339999999999
-1.3607339999999999
-1.3607339999999999
-1.3607339999999999
-1.3607339999999999
-1.3607339999999999
-1.3607339999999999
-1.3607339999999999
-1.3607339999999999
-1.3607339999999999
-1.3607339999999999
-1.3607339999999999
-1.3607339999999999
-1.3607339999999999
-1.3607339999999999
-1.3607339999999999
-1.3607339999999999
-1.3607339999999999
-1.3607339999999999
-1.3607339999999999
-1.3607339999999999
-1.3607339999999999
-1.3607339999999999
-1.3607339999999999
-1.3607339999999999
-1.3607339999999999
-1.3607339999999999
-1.3607339999999999
-1.3607339999999999
-1.3607339999999999
-1.3607339999999999
-1.3607339999999999
-1.3607339999999999
-1.3607339999999999
-1.3607339999999999
-1.3607339999999999
-1.3607339999999999
-1.3607339999999999
-1.3607339999999999
-1.3607339999999999
-1.3607339999999999
-1.3607339999999999
-1.3607339999999999
-1.3607339999999999
-1.3607339999999999
-1.3607339999999999
-1.3607339999999999
-1.3607339999999999
-1.3607339999999999
-1.3607339999999999
-1.3607339999999999
-1.3607339999999999
-1.3607339999999999
-1.3607339999999999
-1.3607339999999999
-1.3607339999999999
-1.3607339999999999
-1.3607339999999999
