1.4399289999999993
1.4374470000000006
1.4402100000000004
1.4377320000000005
1.4399289999999993
1.4374470000000006
1.4402100000000004
1.4377320000000005
1.4399289999999993
1.4374470000000006
1.4402100000000004
1.4377320000000005
1.4399289999999993
1.4374470000000006
1.4402100000000004
1.4377320000000005
1.4399289999999993
1.4374470000000006
1.4402100000000004
1.4377320000000005
1.4399289999999993
1.4374470000000006
1.4402100000000004
1.4377320000000005
1.4399289999999993
1.4374470000000006
1.4402100000000004
1.4377320000000005
1.4399289999999993
1.4374470000000006
1.4402100000000004
1.4377320000000005
1.4399289999999993
1.4374470000000006
1.4402100000000004
1.4377320000000005
1.4399289999999993
1.4374470000000006
1.4402100000000004
1.4377320000000005
1.4399289999999993
1.4374470000000006
1.4402100000000004
1.4377320000000005
1.4399289999999993
1.4374470000000006
1.4402100000000004
1.4377320000000005
1.4399289999999993
1.4374470000000006
1.4402100000000004
1.4377320000000005
1.4399289999999993
1.4374470000000006
1.4402100000000004
1.4377320000000005
1.4399289999999993
1.4374470000000006
1.4402100000000004
1.4377320000000005
1.4399289999999993
1.4374470000000006
1.4402100000000004
1.4377320000000005
1.4399289999999993
1.4374470000000006
1.4402100000000004
1.4377320000000005
1.4399289999999993
1.4374470000000006
1.4402100000000004
1.4377320000000005
1.4399289999999993
1.4374470000000006
1.4402100000000004
1.4377320000000005
1.4399289999999993
1.4374470000000006
1.4402100000000004
1.4377320000000005
1.4399289999999993
1.4374470000000006
1.4402100000000004
1.4377320000000005
1.4399289999999993
1.4374470000000006
1.4402100000000004
1.4377320000000005
1.4399289999999993
1.4374470000000006
1.4402100000000004
1.4377320000000005
1.4399289999999993
1.4374470000000006
1.4402100000000004
1.4377320000000005
1.4399289999999993
1.4374470000000006
1.4402100000000004
1.4377320000000005
1.4399289999999993
1.4374470000000006
1.4402100000000004
1.4377320000000005
1.4399289999999993
1.4374470000000006
1.4402100000000004
1.4377320000000005
-1.439012
-1.439483
-1.439318
-1.4375049999999998
-1.439012
-1.439483
-1.439318
-1.4375049999999998
-1.439012
-1.439483
-1.439318
-1.4375049999999998
-1.439012
-1.439483
-1.439318
-1.4375049999999998
-1.439012
-1.439483
-1.439318
-1.4375049999999998
-1.439012
-1.439483
-1.439318
-1.4375049999999998
-1.439012
-1.439483
-1.439318
-1.4375049999999998
-1.439012
-1.439483
-1.439318
-1.4375049999999998
-1.439012
-1.439483
-1.439318
-1.4375049999999998
-1.439012
-1.439483
-1.439318
-1.4375049999999998
-1.439012
-1.439483
-1.439318
-1.4375049999999998
-1.439012
-1.439483
-1.439318
-1.4375049999999998
-1.439012
-1.439483
-1.439318
-1.4375049999999998
-1.439012
-1.439483
-1.439318
-1.4375049999999998
-1.439012
-1.439483
-1.439318
-1.4375049999999998
-1.439012
-1.439483
-1.439318
-1.4375049999999998
-1.439012
-1.439483
-1.439318
-1.4375049999999998
-1.439012
-1.439483
-1.439318
-1.4375049999999998
-1.439012
-1.439483
-1.439318
-1.4375049999999998
-1.439012
-1.439483
-1.439318
-1.4375049999999998
-1.439012
-1.439483
-1.439318
-1.4375049999999998
-1.439012
-1.439483
-1.439318
-1.4375049999999998
-1.439012
-1.439483
-1.439318
-1.4375049999999998
-1.439012
-1.439483
-1.439318
-1.4375049999999998
-1.439012
-1.439483
-1.439318
-1.4375049999999998
-1.439012
-1.439483
-1.439318
-1.4375049999999998
-1.439012
-1.439483
-1.439318
-1.4375049999999998
