1.3773330000000001
1.3573570000000004
1.3773330000000001
1.3573570000000004
1.3773330000000001
1.3573570000000004
1.3773330000000001
1.3573570000000004
1.3773330000000001
1.3573570000000004
1.3773330000000001
1.3573570000000004
1.3773330000000001
1.3573570000000004
1.3773330000000001
1.3573570000000004
1.3773330000000001
1.3573570000000004
1.3773330000000001
1.3573570000000004
1.3773330000000001
1.3573570000000004
1.3773330000000001
1.3573570000000004
1.3773330000000001
1.3573570000000004
1.3773330000000001
1.3573570000000004
1.3773330000000001
1.3573570000000004
1.3773330000000001
1.3573570000000004
1.3773330000000001
1.3573570000000004
1.3773330000000001
1.3573570000000004
1.3773330000000001
1.3573570000000004
1.3773330000000001
1.3573570000000004
1.3773330000000001
1.3573570000000004
1.3773330000000001
1.3573570000000004
1.3773330000000001
1.3573570000000004
1.3773330000000001
1.3573570000000004
1.3773330000000001
1.3573570000000004
1.3773330000000001
1.3573570000000004
1.3773330000000001
1.3573570000000004
1.3773330000000001
1.3573570000000004
1.3773330000000001
1.3573570000000004
1.3773330000000001
1.3573570000000004
1.3773330000000001
1.3573570000000004
1.3773330000000001
1.3573570000000004
1.3773330000000001
1.3573570000000004
1.3773330000000001
1.3573570000000004
1.3773330000000001
1.3573570000000004
1.3773330000000001
1.3573570000000004
1.3773330000000001
1.3573570000000004
1.3773330000000001
1.3573570000000004
1.3773330000000001
1.3573570000000004
1.3773330000000001
1.3573570000000004
1.3773330000000001
1.3573570000000004
1.3773330000000001
1.3573570000000004
1.3773330000000001
1.3573570000000004
1.3773330000000001
1.3573570000000004
1.3773330000000001
1.3573570000000004
1.3773330000000001
1.3573570000000004
1.3773330000000001
1.3573570000000004
1.3773330000000001
1.3573570000000004
-1.3651109999999997
-1.3695779999999997
-1.3651109999999997
-1.3695779999999997
-1.3651109999999997
-1.3695779999999997
-1.3651109999999997
-1.3695779999999997
-1.3651109999999997
-1.3695779999999997
-1.3651109999999997
-1.3695779999999997
-1.3651109999999997
-1.3695779999999997
-1.3651109999999997
-1.3695779999999997
-1.3651109999999997
-1.3695779999999997
-1.3651109999999997
-1.3695779999999997
-1.3651109999999997
-1.3695779999999997
-1.3651109999999997
-1.3695779999999997
-1.3651109999999997
-1.3695779999999997
-1.3651109999999997
-1.3695779999999997
-1.3651109999999997
-1.3695779999999997
-1.3651109999999997
-1.3695779999999997
-1.3651109999999997
-1.3695779999999997
-1.3651109999999997
-1.3695779999999997
-1.3651109999999997
-1.3695779999999997
-1.3651109999999997
-1.3695779999999997
-1.3651109999999997
-1.3695779999999997
-1.3651109999999997
-1.3695779999999997
-1.3651109999999997
-1.3695779999999997
-1.3651109999999997
-1.3695779999999997
-1.3651109999999997
-1.3695779999999997
-1.3651109999999997
-1.3695779999999997
-1.3651109999999997
-1.3695779999999997
-1.3651109999999997
-1.3695779999999997
-1.3651109999999997
-1.3695779999999997
-1.3651109999999997
-1.3695779999999997
-1.3651109999999997
-1.3695779999999997
-1.3651109999999997
-1.3695779999999997
-1.3651109999999997
-1.3695779999999997
-1.3651109999999997
-1.3695779999999997
-1.3651109999999997
-1.3695779999999997
-1.3651109999999997
-1.3695779999999997
-1.3651109999999997
-1.3695779999999997
-1.3651109999999997
-1.3695779999999997
-1.3651109999999997
-1.3695779999999997
-1.3651109999999997
-1.3695779999999997
-1.3651109999999997
-1.3695779999999997
-1.3651109999999997
-1.3695779999999997
-1.3651109999999997
-1.3695779999999997
-1.3651109999999997
-1.3695779999999997
-1.3651109999999997
-1.3695779999999997
-1.3651109999999997
-1.3695779999999997
-1.3651109999999997
-1.3695779999999997
-1.3651109999999997
-1.3695779999999997
