1.3825830000000003
1.3825830000000003
1.3825830000000003
1.3825830000000003
1.3825830000000003
1.3825830000000003
1.3825830000000003
1.3825830000000003
1.3825830000000003
1.3825830000000003
1.3825830000000003
1.3825830000000003
1.3825830000000003
1.3825830000000003
1.3825830000000003
1.3825830000000003
1.3825830000000003
1.3825830000000003
1.3825830000000003
1.3825830000000003
1.3825830000000003
1.3825830000000003
1.3825830000000003
1.3825830000000003
1.3825830000000003
1.3825830000000003
1.3825830000000003
1.3825830000000003
1.3825830000000003
1.3825830000000003
1.3825830000000003
1.3825830000000003
1.3825830000000003
1.3825830000000003
1.3825830000000003
1.3825830000000003
1.3825830000000003
1.3825830000000003
1.3825830000000003
1.3825830000000003
1.3825830000000003
1.3825830000000003
1.3825830000000003
1.3825830000000003
1.3825830000000003
1.3825830000000003
1.3825830000000003
1.3825830000000003
1.3825830000000003
1.3825830000000003
1.3825830000000003
1.3825830000000003
1.3825830000000003
1.3825830000000003
1.3825830000000003
1.3825830000000003
1.3825830000000003
1.3825830000000003
1.3825830000000003
1.3825830000000003
1.3825830000000003
1.3825830000000003
1.3825830000000003
1.3825830000000003
-1.3825820000000002
-1.3825820000000002
-1.3825820000000002
-1.3825820000000002
-1.3825820000000002
-1.3825820000000002
-1.3825820000000002
-1.3825820000000002
-1.3825820000000002
-1.3825820000000002
-1.3825820000000002
-1.3825820000000002
-1.3825820000000002
-1.3825820000000002
-1.3825820000000002
-1.3825820000000002
-1.3825820000000002
-1.3825820000000002
-1.3825820000000002
-1.3825820000000002
-1.3825820000000002
-1.3825820000000002
-1.3825820000000002
-1.3825820000000002
-1.3825820000000002
-1.3825820000000002
-1.3825820000000002
-1.3825820000000002
-1.3825820000000002
-1.3825820000000002
-1.3825820000000002
-1.3825820000000002
-1.3825820000000002
-1.3825820000000002
-1.3825820000000002
-1.3825820000000002
-1.3825820000000002
-1.3825820000000002
-1.3825820000000002
-1.3825820000000002
-1.3825820000000002
-1.3825820000000002
-1.3825820000000002
-1.3825820000000002
-1.3825820000000002
-1.3825820000000002
-1.3825820000000002
-1.3825820000000002
-1.3825820000000002
-1.3825820000000002
-1.3825820000000002
-1.3825820000000002
-1.3825820000000002
-1.3825820000000002
-1.3825820000000002
-1.3825820000000002
-1.3825820000000002
-1.3825820000000002
-1.3825820000000002
-1.3825820000000002
-1.3825820000000002
-1.3825820000000002
-1.3825820000000002
-1.3825820000000002
