1.3593700000000002
1.3394189999999995
1.3602849999999993
1.3578030000000005
1.3593700000000002
1.3394189999999995
1.3602849999999993
1.3578030000000005
1.3593700000000002
1.3394189999999995
1.3602849999999993
1.3578030000000005
1.3593700000000002
1.3394189999999995
1.3602849999999993
1.3578030000000005
1.3593700000000002
1.3394189999999995
1.3602849999999993
1.3578030000000005
1.3593700000000002
1.3394189999999995
1.3602849999999993
1.3578030000000005
1.3593700000000002
1.3394189999999995
1.3602849999999993
1.3578030000000005
1.3593700000000002
1.3394189999999995
1.3602849999999993
1.3578030000000005
1.3593700000000002
1.3394189999999995
1.3602849999999993
1.3578030000000005
1.3593700000000002
1.3394189999999995
1.3602849999999993
1.3578030000000005
1.3593700000000002
1.3394189999999995
1.3602849999999993
1.3578030000000005
1.3593700000000002
1.3394189999999995
1.3602849999999993
1.3578030000000005
1.3593700000000002
1.3394189999999995
1.3602849999999993
1.3578030000000005
1.3593700000000002
1.3394189999999995
1.3602849999999993
1.3578030000000005
1.3593700000000002
1.3394189999999995
1.3602849999999993
1.3578030000000005
1.3593700000000002
1.3394189999999995
1.3602849999999993
1.3578030000000005
1.3593700000000002
1.3394189999999995
1.3602849999999993
1.3578030000000005
1.3593700000000002
1.3394189999999995
1.3602849999999993
1.3578030000000005
1.3593700000000002
1.3394189999999995
1.3602849999999993
1.3578030000000005
1.3593700000000002
1.3394189999999995
1.3602849999999993
1.3578030000000005
1.3593700000000002
1.3394189999999995
1.3602849999999993
1.3578030000000005
1.3593700000000002
1.3394189999999995
1.3602849999999993
1.3578030000000005
1.3593700000000002
1.3394189999999995
1.3602849999999993
1.3578030000000005
1.3593700000000002
1.3394189999999995
1.3602849999999993
1.3578030000000005
1.3593700000000002
1.3394189999999995
1.3602849999999993
1.3578030000000005
1.3593700000000002
1.3394189999999995
1.3602849999999993
1.3578030000000005
1.3593700000000002
1.3394189999999995
1.3602849999999993
1.3578030000000005
1.3593700000000002
1.3394189999999995
1.3602849999999993
1.3578030000000005
1.3593700000000002
1.3394189999999995
1.3602849999999993
1.3578030000000005
1.3593700000000002
1.3394189999999995
1.3602849999999993
1.3578030000000005
1.3593700000000002
1.3394189999999995
1.3602849999999993
1.3578030000000005
1.3593700000000002
1.3394189999999995
1.3602849999999993
1.3578030000000005
1.3593700000000002
1.3394189999999995
1.3602849999999993
1.3578030000000005
1.3593700000000002
1.3394189999999995
1.3602849999999993
1.3578030000000005
1.3593700000000002
1.3394189999999995
1.3602849999999993
1.3578030000000005
1.3593700000000002
1.3394189999999995
1.3602849999999993
1.3578030000000005
1.3593700000000002
1.3394189999999995
1.3602849999999993
1.3578030000000005
1.3593700000000002
1.3394189999999995
1.3602849999999993
1.3578030000000005
1.3593700000000002
1.3394189999999995
1.3602849999999993
1.3578030000000005
1.3593700000000002
1.3394189999999995
1.3602849999999993
1.3578030000000005
1.3593700000000002
1.3394189999999995
1.3602849999999993
1.3578030000000005
1.3593700000000002
1.3394189999999995
1.3602849999999993
1.3578030000000005
1.3593700000000002
1.3394189999999995
1.3602849999999993
1.3578030000000005
1.3593700000000002
1.3394189999999995
1.3602849999999993
1.3578030000000005
1.3593700000000002
1.3394189999999995
1.3602849999999993
1.3578030000000005
1.3593700000000002
1.3394189999999995
1.3602849999999993
1.3578030000000005
1.3593700000000002
1.3394189999999995
1.3602849999999993
1.3578030000000005
1.3593700000000002
1.3394189999999995
1.3602849999999993
1.3578030000000005
-1.3388340000000003
-1.3531810000000002
-1.368715
-1.3561480000000001
-1.3388340000000003
-1.3531810000000002
-1.368715
-1.3561480000000001
-1.3388340000000003
-1.3531810000000002
-1.368715
-1.3561480000000001
-1.3388340000000003
-1.3531810000000002
-1.368715
-1.3561480000000001
-1.3388340000000003
-1.3531810000000002
-1.368715
-1.3561480000000001
-1.3388340000000003
-1.3531810000000002
-1.368715
-1.3561480000000001
-1.3388340000000003
-1.3531810000000002
-1.368715
-1.3561480000000001
-1.3388340000000003
-1.3531810000000002
-1.368715
-1.3561480000000001
-1.3388340000000003
-1.3531810000000002
-1.368715
-1.3561480000000001
-1.3388340000000003
-1.3531810000000002
-1.368715
-1.3561480000000001
-1.3388340000000003
-1.3531810000000002
-1.368715
-1.3561480000000001
-1.3388340000000003
-1.3531810000000002
-1.368715
-1.3561480000000001
-1.3388340000000003
-1.3531810000000002
-1.368715
-1.3561480000000001
-1.3388340000000003
-1.3531810000000002
-1.368715
-1.3561480000000001
-1.3388340000000003
-1.3531810000000002
-1.368715
-1.3561480000000001
-1.3388340000000003
-1.3531810000000002
-1.368715
-1.3561480000000001
-1.3388340000000003
-1.3531810000000002
-1.368715
-1.3561480000000001
-1.3388340000000003
-1.3531810000000002
-1.368715
-1.3561480000000001
-1.3388340000000003
-1.3531810000000002
-1.368715
-1.3561480000000001
-1.3388340000000003
-1.3531810000000002
-1.368715
-1.3561480000000001
-1.3388340000000003
-1.3531810000000002
-1.368715
-1.3561480000000001
-1.3388340000000003
-1.3531810000000002
-1.368715
-1.3561480000000001
-1.3388340000000003
-1.3531810000000002
-1.368715
-1.3561480000000001
-1.3388340000000003
-1.3531810000000002
-1.368715
-1.3561480000000001
-1.3388340000000003
-1.3531810000000002
-1.368715
-1.3561480000000001
-1.3388340000000003
-1.3531810000000002
-1.368715
-1.3561480000000001
-1.3388340000000003
-1.3531810000000002
-1.368715
-1.3561480000000001
-1.3388340000000003
-1.3531810000000002
-1.368715
-1.3561480000000001
-1.3388340000000003
-1.3531810000000002
-1.368715
-1.3561480000000001
-1.3388340000000003
-1.3531810000000002
-1.368715
-1.3561480000000001
-1.3388340000000003
-1.3531810000000002
-1.368715
-1.3561480000000001
-1.3388340000000003
-1.3531810000000002
-1.368715
-1.3561480000000001
-1.3388340000000003
-1.3531810000000002
-1.368715
-1.3561480000000001
-1.3388340000000003
-1.3531810000000002
-1.368715
-1.3561480000000001
-1.3388340000000003
-1.3531810000000002
-1.368715
-1.3561480000000001
-1.3388340000000003
-1.3531810000000002
-1.368715
-1.3561480000000001
-1.3388340000000003
-1.3531810000000002
-1.368715
-1.3561480000000001
-1.3388340000000003
-1.3531810000000002
-1.368715
-1.3561480000000001
-1.3388340000000003
-1.3531810000000002
-1.368715
-1.3561480000000001
-1.3388340000000003
-1.3531810000000002
-1.368715
-1.3561480000000001
-1.3388340000000003
-1.3531810000000002
-1.368715
-1.3561480000000001
-1.3388340000000003
-1.3531810000000002
-1.368715
-1.3561480000000001
-1.3388340000000003
-1.3531810000000002
-1.368715
-1.3561480000000001
-1.3388340000000003
-1.3531810000000002
-1.368715
-1.3561480000000001
-1.3388340000000003
-1.3531810000000002
-1.368715
-1.3561480000000001
-1.3388340000000003
-1.3531810000000002
-1.368715
-1.3561480000000001
-1.3388340000000003
-1.3531810000000002
-1.368715
-1.3561480000000001
-1.3388340000000003
-1.3531810000000002
-1.368715
-1.3561480000000001
