1.3856819999999992
1.4029620000000005
1.3856819999999992
1.4029620000000005
1.3856819999999992
1.4029620000000005
1.3856819999999992
1.4029620000000005
1.3856819999999992
1.4029620000000005
1.3856819999999992
1.4029620000000005
1.3856819999999992
1.4029620000000005
1.3856819999999992
1.4029620000000005
1.3856819999999992
1.4029620000000005
1.3856819999999992
1.4029620000000005
1.3856819999999992
1.4029620000000005
1.3856819999999992
1.4029620000000005
1.3856819999999992
1.4029620000000005
1.3856819999999992
1.4029620000000005
1.3856819999999992
1.4029620000000005
1.3856819999999992
1.4029620000000005
1.3856819999999992
1.4029620000000005
1.3856819999999992
1.4029620000000005
1.3856819999999992
1.4029620000000005
1.3856819999999992
1.4029620000000005
1.3856819999999992
1.4029620000000005
1.3856819999999992
1.4029620000000005
1.3856819999999992
1.4029620000000005
1.3856819999999992
1.4029620000000005
1.3856819999999992
1.4029620000000005
1.3856819999999992
1.4029620000000005
1.3856819999999992
1.4029620000000005
1.3856819999999992
1.4029620000000005
1.3856819999999992
1.4029620000000005
1.3856819999999992
1.4029620000000005
1.3856819999999992
1.4029620000000005
1.3856819999999992
1.4029620000000005
1.3856819999999992
1.4029620000000005
1.3856819999999992
1.4029620000000005
1.3856819999999992
1.4029620000000005
1.3856819999999992
1.4029620000000005
1.3856819999999992
1.4029620000000005
1.3856819999999992
1.4029620000000005
1.3856819999999992
1.4029620000000005
1.3856819999999992
1.4029620000000005
1.3856819999999992
1.4029620000000005
1.3856819999999992
1.4029620000000005
1.3856819999999992
1.4029620000000005
1.3856819999999992
1.4029620000000005
1.3856819999999992
1.4029620000000005
1.3856819999999992
1.4029620000000005
1.3856819999999992
1.4029620000000005
1.3856819999999992
1.4029620000000005
1.3856819999999992
1.4029620000000005
1.3856819999999992
1.4029620000000005
1.3856819999999992
1.4029620000000005
1.3856819999999992
1.4029620000000005
1.3856819999999992
1.4029620000000005
1.3856819999999992
1.4029620000000005
1.3856819999999992
1.4029620000000005
1.3856819999999992
1.4029620000000005
1.3856819999999992
1.4029620000000005
1.3856819999999992
1.4029620000000005
1.3856819999999992
1.4029620000000005
1.3856819999999992
1.4029620000000005
-1.398524
-1.390116
-1.398524
-1.390116
-1.398524
-1.390116
-1.398524
-1.390116
-1.398524
-1.390116
-1.398524
-1.390116
-1.398524
-1.390116
-1.398524
-1.390116
-1.398524
-1.390116
-1.398524
-1.390116
-1.398524
-1.390116
-1.398524
-1.390116
-1.398524
-1.390116
-1.398524
-1.390116
-1.398524
-1.390116
-1.398524
-1.390116
-1.398524
-1.390116
-1.398524
-1.390116
-1.398524
-1.390116
-1.398524
-1.390116
-1.398524
-1.390116
-1.398524
-1.390116
-1.398524
-1.390116
-1.398524
-1.390116
-1.398524
-1.390116
-1.398524
-1.390116
-1.398524
-1.390116
-1.398524
-1.390116
-1.398524
-1.390116
-1.398524
-1.390116
-1.398524
-1.390116
-1.398524
-1.390116
-1.398524
-1.390116
-1.398524
-1.390116
-1.398524
-1.390116
-1.398524
-1.390116
-1.398524
-1.390116
-1.398524
-1.390116
-1.398524
-1.390116
-1.398524
-1.390116
-1.398524
-1.390116
-1.398524
-1.390116
-1.398524
-1.390116
-1.398524
-1.390116
-1.398524
-1.390116
-1.398524
-1.390116
-1.398524
-1.390116
-1.398524
-1.390116
-1.398524
-1.390116
-1.398524
-1.390116
-1.398524
-1.390116
-1.398524
-1.390116
-1.398524
-1.390116
-1.398524
-1.390116
-1.398524
-1.390116
-1.398524
-1.390116
-1.398524
-1.390116
-1.398524
-1.390116
-1.398524
-1.390116
-1.398524
-1.390116
