1.3776499999999992
1.3757490000000008
1.3776499999999992
1.3757490000000008
1.3776499999999992
1.3757490000000008
1.3776499999999992
1.3757490000000008
1.3776499999999992
1.3757490000000008
1.3776499999999992
1.3757490000000008
1.3776499999999992
1.3757490000000008
1.3776499999999992
1.3757490000000008
1.3776499999999992
1.3757490000000008
1.3776499999999992
1.3757490000000008
1.3776499999999992
1.3757490000000008
1.3776499999999992
1.3757490000000008
1.3776499999999992
1.3757490000000008
1.3776499999999992
1.3757490000000008
1.3776499999999992
1.3757490000000008
1.3776499999999992
1.3757490000000008
1.3776499999999992
1.3757490000000008
1.3776499999999992
1.3757490000000008
1.3776499999999992
1.3757490000000008
1.3776499999999992
1.3757490000000008
1.3776499999999992
1.3757490000000008
1.3776499999999992
1.3757490000000008
1.3776499999999992
1.3757490000000008
1.3776499999999992
1.3757490000000008
1.3776499999999992
1.3757490000000008
1.3776499999999992
1.3757490000000008
1.3776499999999992
1.3757490000000008
1.3776499999999992
1.3757490000000008
1.3776499999999992
1.3757490000000008
1.3776499999999992
1.3757490000000008
1.3776499999999992
1.3757490000000008
1.3776499999999992
1.3757490000000008
1.3776499999999992
1.3757490000000008
1.3776499999999992
1.3757490000000008
1.3776499999999992
1.3757490000000008
1.3776499999999992
1.3757490000000008
1.3776499999999992
1.3757490000000008
1.3776499999999992
1.3757490000000008
1.3776499999999992
1.3757490000000008
1.3776499999999992
1.3757490000000008
1.3776499999999992
1.3757490000000008
1.3776499999999992
1.3757490000000008
1.3776499999999992
1.3757490000000008
1.3776499999999992
1.3757490000000008
1.3776499999999992
1.3757490000000008
1.3776499999999992
1.3757490000000008
1.3776499999999992
1.3757490000000008
1.3776499999999992
1.3757490000000008
1.3776499999999992
1.3757490000000008
1.3776499999999992
1.3757490000000008
1.3776499999999992
1.3757490000000008
1.3776499999999992
1.3757490000000008
1.3776499999999992
1.3757490000000008
1.3776499999999992
1.3757490000000008
1.3776499999999992
1.3757490000000008
1.3776499999999992
1.3757490000000008
1.3776499999999992
1.3757490000000008
1.3776499999999992
1.3757490000000008
1.3776499999999992
1.3757490000000008
1.3776499999999992
1.3757490000000008
-1.379073
-1.374326
-1.379073
-1.374326
-1.379073
-1.374326
-1.379073
-1.374326
-1.379073
-1.374326
-1.379073
-1.374326
-1.379073
-1.374326
-1.379073
-1.374326
-1.379073
-1.374326
-1.379073
-1.374326
-1.379073
-1.374326
-1.379073
-1.374326
-1.379073
-1.374326
-1.379073
-1.374326
-1.379073
-1.374326
-1.379073
-1.374326
-1.379073
-1.374326
-1.379073
-1.374326
-1.379073
-1.374326
-1.379073
-1.374326
-1.379073
-1.374326
-1.379073
-1.374326
-1.379073
-1.374326
-1.379073
-1.374326
-1.379073
-1.374326
-1.379073
-1.374326
-1.379073
-1.374326
-1.379073
-1.374326
-1.379073
-1.374326
-1.379073
-1.374326
-1.379073
-1.374326
-1.379073
-1.374326
-1.379073
-1.374326
-1.379073
-1.374326
-1.379073
-1.374326
-1.379073
-1.374326
-1.379073
-1.374326
-1.379073
-1.374326
-1.379073
-1.374326
-1.379073
-1.374326
-1.379073
-1.374326
-1.379073
-1.374326
-1.379073
-1.374326
-1.379073
-1.374326
-1.379073
-1.374326
-1.379073
-1.374326
-1.379073
-1.374326
-1.379073
-1.374326
-1.379073
-1.374326
-1.379073
-1.374326
-1.379073
-1.374326
-1.379073
-1.374326
-1.379073
-1.374326
-1.379073
-1.374326
-1.379073
-1.374326
-1.379073
-1.374326
-1.379073
-1.374326
-1.379073
-1.374326
-1.379073
-1.374326
-1.379073
-1.374326
