1.4036030000000004
1.4007819999999995
1.4036030000000004
1.4007819999999995
1.4036030000000004
1.4007819999999995
1.4036030000000004
1.4007819999999995
1.4036030000000004
1.4007819999999995
1.4036030000000004
1.4007819999999995
1.4036030000000004
1.4007819999999995
1.4036030000000004
1.4007819999999995
1.4036030000000004
1.4007819999999995
1.4036030000000004
1.4007819999999995
1.4036030000000004
1.4007819999999995
1.4036030000000004
1.4007819999999995
1.4036030000000004
1.4007819999999995
1.4036030000000004
1.4007819999999995
1.4036030000000004
1.4007819999999995
1.4036030000000004
1.4007819999999995
1.4036030000000004
1.4007819999999995
1.4036030000000004
1.4007819999999995
1.4036030000000004
1.4007819999999995
1.4036030000000004
1.4007819999999995
1.4036030000000004
1.4007819999999995
1.4036030000000004
1.4007819999999995
1.4036030000000004
1.4007819999999995
1.4036030000000004
1.4007819999999995
1.4036030000000004
1.4007819999999995
1.4036030000000004
1.4007819999999995
1.4036030000000004
1.4007819999999995
1.4036030000000004
1.4007819999999995
1.4036030000000004
1.4007819999999995
1.4036030000000004
1.4007819999999995
1.4036030000000004
1.4007819999999995
1.4036030000000004
1.4007819999999995
1.4036030000000004
1.4007819999999995
1.4036030000000004
1.4007819999999995
1.4036030000000004
1.4007819999999995
1.4036030000000004
1.4007819999999995
1.4036030000000004
1.4007819999999995
1.4036030000000004
1.4007819999999995
1.4036030000000004
1.4007819999999995
1.4036030000000004
1.4007819999999995
1.4036030000000004
1.4007819999999995
1.4036030000000004
1.4007819999999995
1.4036030000000004
1.4007819999999995
1.4036030000000004
1.4007819999999995
1.4036030000000004
1.4007819999999995
1.4036030000000004
1.4007819999999995
1.4036030000000004
1.4007819999999995
1.4036030000000004
1.4007819999999995
1.4036030000000004
1.4007819999999995
1.4036030000000004
1.4007819999999995
1.4036030000000004
1.4007819999999995
1.4036030000000004
1.4007819999999995
1.4036030000000004
1.4007819999999995
1.4036030000000004
1.4007819999999995
1.4036030000000004
1.4007819999999995
1.4036030000000004
1.4007819999999995
1.4036030000000004
1.4007819999999995
1.4036030000000004
1.4007819999999995
1.4036030000000004
1.4007819999999995
1.4036030000000004
1.4007819999999995
-1.403047
-1.4013369999999998
-1.403047
-1.4013369999999998
-1.403047
-1.4013369999999998
-1.403047
-1.4013369999999998
-1.403047
-1.4013369999999998
-1.403047
-1.4013369999999998
-1.403047
-1.4013369999999998
-1.403047
-1.4013369999999998
-1.403047
-1.4013369999999998
-1.403047
-1.4013369999999998
-1.403047
-1.4013369999999998
-1.403047
-1.4013369999999998
-1.403047
-1.4013369999999998
-1.403047
-1.4013369999999998
-1.403047
-1.4013369999999998
-1.403047
-1.4013369999999998
-1.403047
-1.4013369999999998
-1.403047
-1.4013369999999998
-1.403047
-1.4013369999999998
-1.403047
-1.4013369999999998
-1.403047
-1.4013369999999998
-1.403047
-1.4013369999999998
-1.403047
-1.4013369999999998
-1.403047
-1.4013369999999998
-1.403047
-1.4013369999999998
-1.403047
-1.4013369999999998
-1.403047
-1.4013369999999998
-1.403047
-1.4013369999999998
-1.403047
-1.4013369999999998
-1.403047
-1.4013369999999998
-1.403047
-1.4013369999999998
-1.403047
-1.4013369999999998
-1.403047
-1.4013369999999998
-1.403047
-1.4013369999999998
-1.403047
-1.4013369999999998
-1.403047
-1.4013369999999998
-1.403047
-1.4013369999999998
-1.403047
-1.4013369999999998
-1.403047
-1.4013369999999998
-1.403047
-1.4013369999999998
-1.403047
-1.4013369999999998
-1.403047
-1.4013369999999998
-1.403047
-1.4013369999999998
-1.403047
-1.4013369999999998
-1.403047
-1.4013369999999998
-1.403047
-1.4013369999999998
-1.403047
-1.4013369999999998
-1.403047
-1.4013369999999998
-1.403047
-1.4013369999999998
-1.403047
-1.4013369999999998
-1.403047
-1.4013369999999998
-1.403047
-1.4013369999999998
-1.403047
-1.4013369999999998
-1.403047
-1.4013369999999998
-1.403047
-1.4013369999999998
-1.403047
-1.4013369999999998
-1.403047
-1.4013369999999998
-1.403047
-1.4013369999999998
-1.403047
-1.4013369999999998
-1.403047
-1.4013369999999998
