1.3826820000000009
1.3666979999999995
1.3826820000000009
1.3666979999999995
1.3826820000000009
1.3666979999999995
1.3826820000000009
1.3666979999999995
1.3826820000000009
1.3666979999999995
1.3826820000000009
1.3666979999999995
1.3826820000000009
1.3666979999999995
1.3826820000000009
1.3666979999999995
1.3826820000000009
1.3666979999999995
1.3826820000000009
1.3666979999999995
1.3826820000000009
1.3666979999999995
1.3826820000000009
1.3666979999999995
1.3826820000000009
1.3666979999999995
1.3826820000000009
1.3666979999999995
1.3826820000000009
1.3666979999999995
1.3826820000000009
1.3666979999999995
1.3826820000000009
1.3666979999999995
1.3826820000000009
1.3666979999999995
1.3826820000000009
1.3666979999999995
1.3826820000000009
1.3666979999999995
1.3826820000000009
1.3666979999999995
1.3826820000000009
1.3666979999999995
1.3826820000000009
1.3666979999999995
1.3826820000000009
1.3666979999999995
1.3826820000000009
1.3666979999999995
1.3826820000000009
1.3666979999999995
1.3826820000000009
1.3666979999999995
1.3826820000000009
1.3666979999999995
1.3826820000000009
1.3666979999999995
1.3826820000000009
1.3666979999999995
1.3826820000000009
1.3666979999999995
1.3826820000000009
1.3666979999999995
1.3826820000000009
1.3666979999999995
1.3826820000000009
1.3666979999999995
1.3826820000000009
1.3666979999999995
1.3826820000000009
1.3666979999999995
1.3826820000000009
1.3666979999999995
1.3826820000000009
1.3666979999999995
1.3826820000000009
1.3666979999999995
1.3826820000000009
1.3666979999999995
1.3826820000000009
1.3666979999999995
1.3826820000000009
1.3666979999999995
1.3826820000000009
1.3666979999999995
1.3826820000000009
1.3666979999999995
1.3826820000000009
1.3666979999999995
1.3826820000000009
1.3666979999999995
1.3826820000000009
1.3666979999999995
1.3826820000000009
1.3666979999999995
1.3826820000000009
1.3666979999999995
1.3826820000000009
1.3666979999999995
1.3826820000000009
1.3666979999999995
1.3826820000000009
1.3666979999999995
1.3826820000000009
1.3666979999999995
1.3826820000000009
1.3666979999999995
1.3826820000000009
1.3666979999999995
1.3826820000000009
1.3666979999999995
1.3826820000000009
1.3666979999999995
1.3826820000000009
1.3666979999999995
1.3826820000000009
1.3666979999999995
1.3826820000000009
1.3666979999999995
-1.3789689999999997
-1.3704140000000002
-1.3789689999999997
-1.3704140000000002
-1.3789689999999997
-1.3704140000000002
-1.3789689999999997
-1.3704140000000002
-1.3789689999999997
-1.3704140000000002
-1.3789689999999997
-1.3704140000000002
-1.3789689999999997
-1.3704140000000002
-1.3789689999999997
-1.3704140000000002
-1.3789689999999997
-1.3704140000000002
-1.3789689999999997
-1.3704140000000002
-1.3789689999999997
-1.3704140000000002
-1.3789689999999997
-1.3704140000000002
-1.3789689999999997
-1.3704140000000002
-1.3789689999999997
-1.3704140000000002
-1.3789689999999997
-1.3704140000000002
-1.3789689999999997
-1.3704140000000002
-1.3789689999999997
-1.3704140000000002
-1.3789689999999997
-1.3704140000000002
-1.3789689999999997
-1.3704140000000002
-1.3789689999999997
-1.3704140000000002
-1.3789689999999997
-1.3704140000000002
-1.3789689999999997
-1.3704140000000002
-1.3789689999999997
-1.3704140000000002
-1.3789689999999997
-1.3704140000000002
-1.3789689999999997
-1.3704140000000002
-1.3789689999999997
-1.3704140000000002
-1.3789689999999997
-1.3704140000000002
-1.3789689999999997
-1.3704140000000002
-1.3789689999999997
-1.3704140000000002
-1.3789689999999997
-1.3704140000000002
-1.3789689999999997
-1.3704140000000002
-1.3789689999999997
-1.3704140000000002
-1.3789689999999997
-1.3704140000000002
-1.3789689999999997
-1.3704140000000002
-1.3789689999999997
-1.3704140000000002
-1.3789689999999997
-1.3704140000000002
-1.3789689999999997
-1.3704140000000002
-1.3789689999999997
-1.3704140000000002
-1.3789689999999997
-1.3704140000000002
-1.3789689999999997
-1.3704140000000002
-1.3789689999999997
-1.3704140000000002
-1.3789689999999997
-1.3704140000000002
-1.3789689999999997
-1.3704140000000002
-1.3789689999999997
-1.3704140000000002
-1.3789689999999997
-1.3704140000000002
-1.3789689999999997
-1.3704140000000002
-1.3789689999999997
-1.3704140000000002
-1.3789689999999997
-1.3704140000000002
-1.3789689999999997
-1.3704140000000002
-1.3789689999999997
-1.3704140000000002
-1.3789689999999997
-1.3704140000000002
-1.3789689999999997
-1.3704140000000002
-1.3789689999999997
-1.3704140000000002
-1.3789689999999997
-1.3704140000000002
-1.3789689999999997
-1.3704140000000002
-1.3789689999999997
-1.3704140000000002
-1.3789689999999997
-1.3704140000000002
-1.3789689999999997
-1.3704140000000002
-1.3789689999999997
-1.3704140000000002
-1.3789689999999997
-1.3704140000000002
