1.4354680000000002
1.4360839999999993
1.4369399999999999
1.4353010000000008
1.4354680000000002
1.4360839999999993
1.4369399999999999
1.4353010000000008
1.4354680000000002
1.4360839999999993
1.4369399999999999
1.4353010000000008
1.4354680000000002
1.4360839999999993
1.4369399999999999
1.4353010000000008
1.4354680000000002
1.4360839999999993
1.4369399999999999
1.4353010000000008
1.4354680000000002
1.4360839999999993
1.4369399999999999
1.4353010000000008
1.4354680000000002
1.4360839999999993
1.4369399999999999
1.4353010000000008
1.4354680000000002
1.4360839999999993
1.4369399999999999
1.4353010000000008
1.4354680000000002
1.4360839999999993
1.4369399999999999
1.4353010000000008
1.4354680000000002
1.4360839999999993
1.4369399999999999
1.4353010000000008
1.4354680000000002
1.4360839999999993
1.4369399999999999
1.4353010000000008
1.4354680000000002
1.4360839999999993
1.4369399999999999
1.4353010000000008
1.4354680000000002
1.4360839999999993
1.4369399999999999
1.4353010000000008
1.4354680000000002
1.4360839999999993
1.4369399999999999
1.4353010000000008
1.4354680000000002
1.4360839999999993
1.4369399999999999
1.4353010000000008
1.4354680000000002
1.4360839999999993
1.4369399999999999
1.4353010000000008
1.4354680000000002
1.4360839999999993
1.4369399999999999
1.4353010000000008
1.4354680000000002
1.4360839999999993
1.4369399999999999
1.4353010000000008
1.4354680000000002
1.4360839999999993
1.4369399999999999
1.4353010000000008
1.4354680000000002
1.4360839999999993
1.4369399999999999
1.4353010000000008
1.4354680000000002
1.4360839999999993
1.4369399999999999
1.4353010000000008
1.4354680000000002
1.4360839999999993
1.4369399999999999
1.4353010000000008
1.4354680000000002
1.4360839999999993
1.4369399999999999
1.4353010000000008
1.4354680000000002
1.4360839999999993
1.4369399999999999
1.4353010000000008
1.4354680000000002
1.4360839999999993
1.4369399999999999
1.4353010000000008
1.4354680000000002
1.4360839999999993
1.4369399999999999
1.4353010000000008
1.4354680000000002
1.4360839999999993
1.4369399999999999
1.4353010000000008
1.4354680000000002
1.4360839999999993
1.4369399999999999
1.4353010000000008
1.4354680000000002
1.4360839999999993
1.4369399999999999
1.4353010000000008
1.4354680000000002
1.4360839999999993
1.4369399999999999
1.4353010000000008
1.4354680000000002
1.4360839999999993
1.4369399999999999
1.4353010000000008
1.4354680000000002
1.4360839999999993
1.4369399999999999
1.4353010000000008
1.4354680000000002
1.4360839999999993
1.4369399999999999
1.4353010000000008
1.4354680000000002
1.4360839999999993
1.4369399999999999
1.4353010000000008
1.4354680000000002
1.4360839999999993
1.4369399999999999
1.4353010000000008
1.4354680000000002
1.4360839999999993
1.4369399999999999
1.4353010000000008
-1.4356540000000004
-1.4348109999999998
-1.4355919999999998
-1.4377370000000003
-1.4356540000000004
-1.4348109999999998
-1.4355919999999998
-1.4377370000000003
-1.4356540000000004
-1.4348109999999998
-1.4355919999999998
-1.4377370000000003
-1.4356540000000004
-1.4348109999999998
-1.4355919999999998
-1.4377370000000003
-1.4356540000000004
-1.4348109999999998
-1.4355919999999998
-1.4377370000000003
-1.4356540000000004
-1.4348109999999998
-1.4355919999999998
-1.4377370000000003
-1.4356540000000004
-1.4348109999999998
-1.4355919999999998
-1.4377370000000003
-1.4356540000000004
-1.4348109999999998
-1.4355919999999998
-1.4377370000000003
-1.4356540000000004
-1.4348109999999998
-1.4355919999999998
-1.4377370000000003
-1.4356540000000004
-1.4348109999999998
-1.4355919999999998
-1.4377370000000003
-1.4356540000000004
-1.4348109999999998
-1.4355919999999998
-1.4377370000000003
-1.4356540000000004
-1.4348109999999998
-1.4355919999999998
-1.4377370000000003
-1.4356540000000004
-1.4348109999999998
-1.4355919999999998
-1.4377370000000003
-1.4356540000000004
-1.4348109999999998
-1.4355919999999998
-1.4377370000000003
-1.4356540000000004
-1.4348109999999998
-1.4355919999999998
-1.4377370000000003
-1.4356540000000004
-1.4348109999999998
-1.4355919999999998
-1.4377370000000003
-1.4356540000000004
-1.4348109999999998
-1.4355919999999998
-1.4377370000000003
-1.4356540000000004
-1.4348109999999998
-1.4355919999999998
-1.4377370000000003
-1.4356540000000004
-1.4348109999999998
-1.4355919999999998
-1.4377370000000003
-1.4356540000000004
-1.4348109999999998
-1.4355919999999998
-1.4377370000000003
-1.4356540000000004
-1.4348109999999998
-1.4355919999999998
-1.4377370000000003
-1.4356540000000004
-1.4348109999999998
-1.4355919999999998
-1.4377370000000003
-1.4356540000000004
-1.4348109999999998
-1.4355919999999998
-1.4377370000000003
-1.4356540000000004
-1.4348109999999998
-1.4355919999999998
-1.4377370000000003
-1.4356540000000004
-1.4348109999999998
-1.4355919999999998
-1.4377370000000003
-1.4356540000000004
-1.4348109999999998
-1.4355919999999998
-1.4377370000000003
-1.4356540000000004
-1.4348109999999998
-1.4355919999999998
-1.4377370000000003
-1.4356540000000004
-1.4348109999999998
-1.4355919999999998
-1.4377370000000003
-1.4356540000000004
-1.4348109999999998
-1.4355919999999998
-1.4377370000000003
-1.4356540000000004
-1.4348109999999998
-1.4355919999999998
-1.4377370000000003
-1.4356540000000004
-1.4348109999999998
-1.4355919999999998
-1.4377370000000003
-1.4356540000000004
-1.4348109999999998
-1.4355919999999998
-1.4377370000000003
-1.4356540000000004
-1.4348109999999998
-1.4355919999999998
-1.4377370000000003
-1.4356540000000004
-1.4348109999999998
-1.4355919999999998
-1.4377370000000003
-1.4356540000000004
-1.4348109999999998
-1.4355919999999998
-1.4377370000000003
-1.4356540000000004
-1.4348109999999998
-1.4355919999999998
-1.4377370000000003
