1.2279060000000008
1.2541170000000008
1.2193109999999994
1.220758
1.2279060000000008
1.2541170000000008
1.2193109999999994
1.220758
1.2279060000000008
1.2541170000000008
1.2193109999999994
1.220758
1.2279060000000008
1.2541170000000008
1.2193109999999994
1.220758
1.2279060000000008
1.2541170000000008
1.2193109999999994
1.220758
1.2279060000000008
1.2541170000000008
1.2193109999999994
1.220758
1.2279060000000008
1.2541170000000008
1.2193109999999994
1.220758
1.2279060000000008
1.2541170000000008
1.2193109999999994
1.220758
1.2279060000000008
1.2541170000000008
1.2193109999999994
1.220758
1.2279060000000008
1.2541170000000008
1.2193109999999994
1.220758
1.2279060000000008
1.2541170000000008
1.2193109999999994
1.220758
1.2279060000000008
1.2541170000000008
1.2193109999999994
1.220758
1.2279060000000008
1.2541170000000008
1.2193109999999994
1.220758
1.2279060000000008
1.2541170000000008
1.2193109999999994
1.220758
1.2279060000000008
1.2541170000000008
1.2193109999999994
1.220758
1.2279060000000008
1.2541170000000008
1.2193109999999994
1.220758
1.2279060000000008
1.2541170000000008
1.2193109999999994
1.220758
1.2279060000000008
1.2541170000000008
1.2193109999999994
1.220758
1.2279060000000008
1.2541170000000008
1.2193109999999994
1.220758
1.2279060000000008
1.2541170000000008
1.2193109999999994
1.220758
1.2279060000000008
1.2541170000000008
1.2193109999999994
1.220758
1.2279060000000008
1.2541170000000008
1.2193109999999994
1.220758
1.2279060000000008
1.2541170000000008
1.2193109999999994
1.220758
1.2279060000000008
1.2541170000000008
1.2193109999999994
1.220758
1.2279060000000008
1.2541170000000008
1.2193109999999994
1.220758
1.2279060000000008
1.2541170000000008
1.2193109999999994
1.220758
1.2279060000000008
1.2541170000000008
1.2193109999999994
1.220758
1.2279060000000008
1.2541170000000008
1.2193109999999994
1.220758
1.2279060000000008
1.2541170000000008
1.2193109999999994
1.220758
1.2279060000000008
1.2541170000000008
1.2193109999999994
1.220758
-1.24493
-1.2218780000000002
-1.2257949999999997
-1.2294910000000003
-1.24493
-1.2218780000000002
-1.2257949999999997
-1.2294910000000003
-1.24493
-1.2218780000000002
-1.2257949999999997
-1.2294910000000003
-1.24493
-1.2218780000000002
-1.2257949999999997
-1.2294910000000003
-1.24493
-1.2218780000000002
-1.2257949999999997
-1.2294910000000003
-1.24493
-1.2218780000000002
-1.2257949999999997
-1.2294910000000003
-1.24493
-1.2218780000000002
-1.2257949999999997
-1.2294910000000003
-1.24493
-1.2218780000000002
-1.2257949999999997
-1.2294910000000003
-1.24493
-1.2218780000000002
-1.2257949999999997
-1.2294910000000003
-1.24493
-1.2218780000000002
-1.2257949999999997
-1.2294910000000003
-1.24493
-1.2218780000000002
-1.2257949999999997
-1.2294910000000003
-1.24493
-1.2218780000000002
-1.2257949999999997
-1.2294910000000003
-1.24493
-1.2218780000000002
-1.2257949999999997
-1.2294910000000003
-1.24493
-1.2218780000000002
-1.2257949999999997
-1.2294910000000003
-1.24493
-1.2218780000000002
-1.2257949999999997
-1.2294910000000003
-1.24493
-1.2218780000000002
-1.2257949999999997
-1.2294910000000003
-1.24493
-1.2218780000000002
-1.2257949999999997
-1.2294910000000003
-1.24493
-1.2218780000000002
-1.2257949999999997
-1.2294910000000003
-1.24493
-1.2218780000000002
-1.2257949999999997
-1.2294910000000003
-1.24493
-1.2218780000000002
-1.2257949999999997
-1.2294910000000003
-1.24493
-1.2218780000000002
-1.2257949999999997
-1.2294910000000003
-1.24493
-1.2218780000000002
-1.2257949999999997
-1.2294910000000003
-1.24493
-1.2218780000000002
-1.2257949999999997
-1.2294910000000003
-1.24493
-1.2218780000000002
-1.2257949999999997
-1.2294910000000003
-1.24493
-1.2218780000000002
-1.2257949999999997
-1.2294910000000003
-1.24493
-1.2218780000000002
-1.2257949999999997
-1.2294910000000003
-1.24493
-1.2218780000000002
-1.2257949999999997
-1.2294910000000003
-1.24493
-1.2218780000000002
-1.2257949999999997
-1.2294910000000003
-1.24493
-1.2218780000000002
-1.2257949999999997
-1.2294910000000003
-1.24493
-1.2218780000000002
-1.2257949999999997
-1.2294910000000003
