1.4056540000000002
1.4141849999999998
1.4056540000000002
1.4141849999999998
1.4056540000000002
1.4141849999999998
1.4056540000000002
1.4141849999999998
1.4056540000000002
1.4141849999999998
1.4056540000000002
1.4141849999999998
1.4056540000000002
1.4141849999999998
1.4056540000000002
1.4141849999999998
1.4056540000000002
1.4141849999999998
1.4056540000000002
1.4141849999999998
1.4056540000000002
1.4141849999999998
1.4056540000000002
1.4141849999999998
1.4056540000000002
1.4141849999999998
1.4056540000000002
1.4141849999999998
1.4056540000000002
1.4141849999999998
1.4056540000000002
1.4141849999999998
1.4056540000000002
1.4141849999999998
1.4056540000000002
1.4141849999999998
1.4056540000000002
1.4141849999999998
1.4056540000000002
1.4141849999999998
1.4056540000000002
1.4141849999999998
1.4056540000000002
1.4141849999999998
1.4056540000000002
1.4141849999999998
1.4056540000000002
1.4141849999999998
1.4056540000000002
1.4141849999999998
1.4056540000000002
1.4141849999999998
1.4056540000000002
1.4141849999999998
1.4056540000000002
1.4141849999999998
1.4056540000000002
1.4141849999999998
1.4056540000000002
1.4141849999999998
1.4056540000000002
1.4141849999999998
1.4056540000000002
1.4141849999999998
1.4056540000000002
1.4141849999999998
1.4056540000000002
1.4141849999999998
1.4056540000000002
1.4141849999999998
1.4056540000000002
1.4141849999999998
1.4056540000000002
1.4141849999999998
1.4056540000000002
1.4141849999999998
1.4056540000000002
1.4141849999999998
1.4056540000000002
1.4141849999999998
1.4056540000000002
1.4141849999999998
1.4056540000000002
1.4141849999999998
1.4056540000000002
1.4141849999999998
1.4056540000000002
1.4141849999999998
1.4056540000000002
1.4141849999999998
1.4056540000000002
1.4141849999999998
1.4056540000000002
1.4141849999999998
1.4056540000000002
1.4141849999999998
-1.4097330000000001
-1.4101059999999999
-1.4097330000000001
-1.4101059999999999
-1.4097330000000001
-1.4101059999999999
-1.4097330000000001
-1.4101059999999999
-1.4097330000000001
-1.4101059999999999
-1.4097330000000001
-1.4101059999999999
-1.4097330000000001
-1.4101059999999999
-1.4097330000000001
-1.4101059999999999
-1.4097330000000001
-1.4101059999999999
-1.4097330000000001
-1.4101059999999999
-1.4097330000000001
-1.4101059999999999
-1.4097330000000001
-1.4101059999999999
-1.4097330000000001
-1.4101059999999999
-1.4097330000000001
-1.4101059999999999
-1.4097330000000001
-1.4101059999999999
-1.4097330000000001
-1.4101059999999999
-1.4097330000000001
-1.4101059999999999
-1.4097330000000001
-1.4101059999999999
-1.4097330000000001
-1.4101059999999999
-1.4097330000000001
-1.4101059999999999
-1.4097330000000001
-1.4101059999999999
-1.4097330000000001
-1.4101059999999999
-1.4097330000000001
-1.4101059999999999
-1.4097330000000001
-1.4101059999999999
-1.4097330000000001
-1.4101059999999999
-1.4097330000000001
-1.4101059999999999
-1.4097330000000001
-1.4101059999999999
-1.4097330000000001
-1.4101059999999999
-1.4097330000000001
-1.4101059999999999
-1.4097330000000001
-1.4101059999999999
-1.4097330000000001
-1.4101059999999999
-1.4097330000000001
-1.4101059999999999
-1.4097330000000001
-1.4101059999999999
-1.4097330000000001
-1.4101059999999999
-1.4097330000000001
-1.4101059999999999
-1.4097330000000001
-1.4101059999999999
-1.4097330000000001
-1.4101059999999999
-1.4097330000000001
-1.4101059999999999
-1.4097330000000001
-1.4101059999999999
-1.4097330000000001
-1.4101059999999999
-1.4097330000000001
-1.4101059999999999
-1.4097330000000001
-1.4101059999999999
-1.4097330000000001
-1.4101059999999999
-1.4097330000000001
-1.4101059999999999
-1.4097330000000001
-1.4101059999999999
-1.4097330000000001
-1.4101059999999999
-1.4097330000000001
-1.4101059999999999
-1.4097330000000001
-1.4101059999999999
