1.3448799999999999
1.3598379999999999
1.3448799999999999
1.3598379999999999
1.3448799999999999
1.3598379999999999
1.3448799999999999
1.3598379999999999
1.3448799999999999
1.3598379999999999
1.3448799999999999
1.3598379999999999
1.3448799999999999
1.3598379999999999
1.3448799999999999
1.3598379999999999
1.3448799999999999
1.3598379999999999
1.3448799999999999
1.3598379999999999
1.3448799999999999
1.3598379999999999
1.3448799999999999
1.3598379999999999
1.3448799999999999
1.3598379999999999
1.3448799999999999
1.3598379999999999
1.3448799999999999
1.3598379999999999
1.3448799999999999
1.3598379999999999
1.3448799999999999
1.3598379999999999
1.3448799999999999
1.3598379999999999
1.3448799999999999
1.3598379999999999
1.3448799999999999
1.3598379999999999
1.3448799999999999
1.3598379999999999
1.3448799999999999
1.3598379999999999
1.3448799999999999
1.3598379999999999
1.3448799999999999
1.3598379999999999
1.3448799999999999
1.3598379999999999
1.3448799999999999
1.3598379999999999
1.3448799999999999
1.3598379999999999
1.3448799999999999
1.3598379999999999
1.3448799999999999
1.3598379999999999
1.3448799999999999
1.3598379999999999
1.3448799999999999
1.3598379999999999
1.3448799999999999
1.3598379999999999
1.3448799999999999
1.3598379999999999
1.3448799999999999
1.3598379999999999
1.3448799999999999
1.3598379999999999
1.3448799999999999
1.3598379999999999
1.3448799999999999
1.3598379999999999
1.3448799999999999
1.3598379999999999
1.3448799999999999
1.3598379999999999
1.3448799999999999
1.3598379999999999
1.3448799999999999
1.3598379999999999
1.3448799999999999
1.3598379999999999
1.3448799999999999
1.3598379999999999
1.3448799999999999
1.3598379999999999
1.3448799999999999
1.3598379999999999
1.3448799999999999
1.3598379999999999
1.3448799999999999
1.3598379999999999
1.3448799999999999
1.3598379999999999
1.3448799999999999
1.3598379999999999
1.3448799999999999
1.3598379999999999
1.3448799999999999
1.3598379999999999
1.3448799999999999
1.3598379999999999
1.3448799999999999
1.3598379999999999
1.3448799999999999
1.3598379999999999
1.3448799999999999
1.3598379999999999
1.3448799999999999
1.3598379999999999
1.3448799999999999
1.3598379999999999
1.3448799999999999
1.3598379999999999
1.3448799999999999
1.3598379999999999
1.3448799999999999
1.3598379999999999
-1.3477360000000003
-1.3569820000000004
-1.3477360000000003
-1.3569820000000004
-1.3477360000000003
-1.3569820000000004
-1.3477360000000003
-1.3569820000000004
-1.3477360000000003
-1.3569820000000004
-1.3477360000000003
-1.3569820000000004
-1.3477360000000003
-1.3569820000000004
-1.3477360000000003
-1.3569820000000004
-1.3477360000000003
-1.3569820000000004
-1.3477360000000003
-1.3569820000000004
-1.3477360000000003
-1.3569820000000004
-1.3477360000000003
-1.3569820000000004
-1.3477360000000003
-1.3569820000000004
-1.3477360000000003
-1.3569820000000004
-1.3477360000000003
-1.3569820000000004
-1.3477360000000003
-1.3569820000000004
-1.3477360000000003
-1.3569820000000004
-1.3477360000000003
-1.3569820000000004
-1.3477360000000003
-1.3569820000000004
-1.3477360000000003
-1.3569820000000004
-1.3477360000000003
-1.3569820000000004
-1.3477360000000003
-1.3569820000000004
-1.3477360000000003
-1.3569820000000004
-1.3477360000000003
-1.3569820000000004
-1.3477360000000003
-1.3569820000000004
-1.3477360000000003
-1.3569820000000004
-1.3477360000000003
-1.3569820000000004
-1.3477360000000003
-1.3569820000000004
-1.3477360000000003
-1.3569820000000004
-1.3477360000000003
-1.3569820000000004
-1.3477360000000003
-1.3569820000000004
-1.3477360000000003
-1.3569820000000004
-1.3477360000000003
-1.3569820000000004
-1.3477360000000003
-1.3569820000000004
-1.3477360000000003
-1.3569820000000004
-1.3477360000000003
-1.3569820000000004
-1.3477360000000003
-1.3569820000000004
-1.3477360000000003
-1.3569820000000004
-1.3477360000000003
-1.3569820000000004
-1.3477360000000003
-1.3569820000000004
-1.3477360000000003
-1.3569820000000004
-1.3477360000000003
-1.3569820000000004
-1.3477360000000003
-1.3569820000000004
-1.3477360000000003
-1.3569820000000004
-1.3477360000000003
-1.3569820000000004
-1.3477360000000003
-1.3569820000000004
-1.3477360000000003
-1.3569820000000004
-1.3477360000000003
-1.3569820000000004
-1.3477360000000003
-1.3569820000000004
-1.3477360000000003
-1.3569820000000004
-1.3477360000000003
-1.3569820000000004
-1.3477360000000003
-1.3569820000000004
-1.3477360000000003
-1.3569820000000004
-1.3477360000000003
-1.3569820000000004
-1.3477360000000003
-1.3569820000000004
-1.3477360000000003
-1.3569820000000004
-1.3477360000000003
-1.3569820000000004
-1.3477360000000003
-1.3569820000000004
-1.3477360000000003
-1.3569820000000004
-1.3477360000000003
-1.3569820000000004
