1.358784
1.3861030000000003
1.3674149999999994
1.3804750000000006
1.358784
1.3861030000000003
1.3674149999999994
1.3804750000000006
1.358784
1.3861030000000003
1.3674149999999994
1.3804750000000006
1.358784
1.3861030000000003
1.3674149999999994
1.3804750000000006
1.358784
1.3861030000000003
1.3674149999999994
1.3804750000000006
1.358784
1.3861030000000003
1.3674149999999994
1.3804750000000006
1.358784
1.3861030000000003
1.3674149999999994
1.3804750000000006
1.358784
1.3861030000000003
1.3674149999999994
1.3804750000000006
1.358784
1.3861030000000003
1.3674149999999994
1.3804750000000006
1.358784
1.3861030000000003
1.3674149999999994
1.3804750000000006
1.358784
1.3861030000000003
1.3674149999999994
1.3804750000000006
1.358784
1.3861030000000003
1.3674149999999994
1.3804750000000006
1.358784
1.3861030000000003
1.3674149999999994
1.3804750000000006
1.358784
1.3861030000000003
1.3674149999999994
1.3804750000000006
1.358784
1.3861030000000003
1.3674149999999994
1.3804750000000006
1.358784
1.3861030000000003
1.3674149999999994
1.3804750000000006
1.358784
1.3861030000000003
1.3674149999999994
1.3804750000000006
1.358784
1.3861030000000003
1.3674149999999994
1.3804750000000006
1.358784
1.3861030000000003
1.3674149999999994
1.3804750000000006
1.358784
1.3861030000000003
1.3674149999999994
1.3804750000000006
1.358784
1.3861030000000003
1.3674149999999994
1.3804750000000006
1.358784
1.3861030000000003
1.3674149999999994
1.3804750000000006
1.358784
1.3861030000000003
1.3674149999999994
1.3804750000000006
1.358784
1.3861030000000003
1.3674149999999994
1.3804750000000006
1.358784
1.3861030000000003
1.3674149999999994
1.3804750000000006
1.358784
1.3861030000000003
1.3674149999999994
1.3804750000000006
1.358784
1.3861030000000003
1.3674149999999994
1.3804750000000006
1.358784
1.3861030000000003
1.3674149999999994
1.3804750000000006
1.358784
1.3861030000000003
1.3674149999999994
1.3804750000000006
1.358784
1.3861030000000003
1.3674149999999994
1.3804750000000006
1.358784
1.3861030000000003
1.3674149999999994
1.3804750000000006
1.358784
1.3861030000000003
1.3674149999999994
1.3804750000000006
1.358784
1.3861030000000003
1.3674149999999994
1.3804750000000006
1.358784
1.3861030000000003
1.3674149999999994
1.3804750000000006
1.358784
1.3861030000000003
1.3674149999999994
1.3804750000000006
1.358784
1.3861030000000003
1.3674149999999994
1.3804750000000006
-1.3832449999999996
-1.344443
-1.3712020000000003
-1.3938879999999996
-1.3832449999999996
-1.344443
-1.3712020000000003
-1.3938879999999996
-1.3832449999999996
-1.344443
-1.3712020000000003
-1.3938879999999996
-1.3832449999999996
-1.344443
-1.3712020000000003
-1.3938879999999996
-1.3832449999999996
-1.344443
-1.3712020000000003
-1.3938879999999996
-1.3832449999999996
-1.344443
-1.3712020000000003
-1.3938879999999996
-1.3832449999999996
-1.344443
-1.3712020000000003
-1.3938879999999996
-1.3832449999999996
-1.344443
-1.3712020000000003
-1.3938879999999996
-1.3832449999999996
-1.344443
-1.3712020000000003
-1.3938879999999996
-1.3832449999999996
-1.344443
-1.3712020000000003
-1.3938879999999996
-1.3832449999999996
-1.344443
-1.3712020000000003
-1.3938879999999996
-1.3832449999999996
-1.344443
-1.3712020000000003
-1.3938879999999996
-1.3832449999999996
-1.344443
-1.3712020000000003
-1.3938879999999996
-1.3832449999999996
-1.344443
-1.3712020000000003
-1.3938879999999996
-1.3832449999999996
-1.344443
-1.3712020000000003
-1.3938879999999996
-1.3832449999999996
-1.344443
-1.3712020000000003
-1.3938879999999996
-1.3832449999999996
-1.344443
-1.3712020000000003
-1.3938879999999996
-1.3832449999999996
-1.344443
-1.3712020000000003
-1.3938879999999996
-1.3832449999999996
-1.344443
-1.3712020000000003
-1.3938879999999996
-1.3832449999999996
-1.344443
-1.3712020000000003
-1.3938879999999996
-1.3832449999999996
-1.344443
-1.3712020000000003
-1.3938879999999996
-1.3832449999999996
-1.344443
-1.3712020000000003
-1.3938879999999996
-1.3832449999999996
-1.344443
-1.3712020000000003
-1.3938879999999996
-1.3832449999999996
-1.344443
-1.3712020000000003
-1.3938879999999996
-1.3832449999999996
-1.344443
-1.3712020000000003
-1.3938879999999996
-1.3832449999999996
-1.344443
-1.3712020000000003
-1.3938879999999996
-1.3832449999999996
-1.344443
-1.3712020000000003
-1.3938879999999996
-1.3832449999999996
-1.344443
-1.3712020000000003
-1.3938879999999996
-1.3832449999999996
-1.344443
-1.3712020000000003
-1.3938879999999996
-1.3832449999999996
-1.344443
-1.3712020000000003
-1.3938879999999996
-1.3832449999999996
-1.344443
-1.3712020000000003
-1.3938879999999996
-1.3832449999999996
-1.344443
-1.3712020000000003
-1.3938879999999996
-1.3832449999999996
-1.344443
-1.3712020000000003
-1.3938879999999996
-1.3832449999999996
-1.344443
-1.3712020000000003
-1.3938879999999996
-1.3832449999999996
-1.344443
-1.3712020000000003
-1.3938879999999996
-1.3832449999999996
-1.344443
-1.3712020000000003
-1.3938879999999996
