1.4340799999999998
1.4356299999999997
1.436204
1.4391879999999997
1.4340799999999998
1.4356299999999997
1.436204
1.4391879999999997
1.4340799999999998
1.4356299999999997
1.436204
1.4391879999999997
1.4340799999999998
1.4356299999999997
1.436204
1.4391879999999997
1.4340799999999998
1.4356299999999997
1.436204
1.4391879999999997
1.4340799999999998
1.4356299999999997
1.436204
1.4391879999999997
1.4340799999999998
1.4356299999999997
1.436204
1.4391879999999997
1.4340799999999998
1.4356299999999997
1.436204
1.4391879999999997
1.4340799999999998
1.4356299999999997
1.436204
1.4391879999999997
1.4340799999999998
1.4356299999999997
1.436204
1.4391879999999997
1.4340799999999998
1.4356299999999997
1.436204
1.4391879999999997
1.4340799999999998
1.4356299999999997
1.436204
1.4391879999999997
1.4340799999999998
1.4356299999999997
1.436204
1.4391879999999997
1.4340799999999998
1.4356299999999997
1.436204
1.4391879999999997
1.4340799999999998
1.4356299999999997
1.436204
1.4391879999999997
1.4340799999999998
1.4356299999999997
1.436204
1.4391879999999997
1.4340799999999998
1.4356299999999997
1.436204
1.4391879999999997
1.4340799999999998
1.4356299999999997
1.436204
1.4391879999999997
1.4340799999999998
1.4356299999999997
1.436204
1.4391879999999997
1.4340799999999998
1.4356299999999997
1.436204
1.4391879999999997
1.4340799999999998
1.4356299999999997
1.436204
1.4391879999999997
1.4340799999999998
1.4356299999999997
1.436204
1.4391879999999997
1.4340799999999998
1.4356299999999997
1.436204
1.4391879999999997
1.4340799999999998
1.4356299999999997
1.436204
1.4391879999999997
1.4340799999999998
1.4356299999999997
1.436204
1.4391879999999997
1.4340799999999998
1.4356299999999997
1.436204
1.4391879999999997
1.4340799999999998
1.4356299999999997
1.436204
1.4391879999999997
1.4340799999999998
1.4356299999999997
1.436204
1.4391879999999997
1.4340799999999998
1.4356299999999997
1.436204
1.4391879999999997
1.4340799999999998
1.4356299999999997
1.436204
1.4391879999999997
1.4340799999999998
1.4356299999999997
1.436204
1.4391879999999997
1.4340799999999998
1.4356299999999997
1.436204
1.4391879999999997
1.4340799999999998
1.4356299999999997
1.436204
1.4391879999999997
1.4340799999999998
1.4356299999999997
1.436204
1.4391879999999997
1.4340799999999998
1.4356299999999997
1.436204
1.4391879999999997
1.4340799999999998
1.4356299999999997
1.436204
1.4391879999999997
-1.4371770000000001
-1.4369360000000002
-1.4349670000000003
-1.4360220000000004
-1.4371770000000001
-1.4369360000000002
-1.4349670000000003
-1.4360220000000004
-1.4371770000000001
-1.4369360000000002
-1.4349670000000003
-1.4360220000000004
-1.4371770000000001
-1.4369360000000002
-1.4349670000000003
-1.4360220000000004
-1.4371770000000001
-1.4369360000000002
-1.4349670000000003
-1.4360220000000004
-1.4371770000000001
-1.4369360000000002
-1.4349670000000003
-1.4360220000000004
-1.4371770000000001
-1.4369360000000002
-1.4349670000000003
-1.4360220000000004
-1.4371770000000001
-1.4369360000000002
-1.4349670000000003
-1.4360220000000004
-1.4371770000000001
-1.4369360000000002
-1.4349670000000003
-1.4360220000000004
-1.4371770000000001
-1.4369360000000002
-1.4349670000000003
-1.4360220000000004
-1.4371770000000001
-1.4369360000000002
-1.4349670000000003
-1.4360220000000004
-1.4371770000000001
-1.4369360000000002
-1.4349670000000003
-1.4360220000000004
-1.4371770000000001
-1.4369360000000002
-1.4349670000000003
-1.4360220000000004
-1.4371770000000001
-1.4369360000000002
-1.4349670000000003
-1.4360220000000004
-1.4371770000000001
-1.4369360000000002
-1.4349670000000003
-1.4360220000000004
-1.4371770000000001
-1.4369360000000002
-1.4349670000000003
-1.4360220000000004
-1.4371770000000001
-1.4369360000000002
-1.4349670000000003
-1.4360220000000004
-1.4371770000000001
-1.4369360000000002
-1.4349670000000003
-1.4360220000000004
-1.4371770000000001
-1.4369360000000002
-1.4349670000000003
-1.4360220000000004
-1.4371770000000001
-1.4369360000000002
-1.4349670000000003
-1.4360220000000004
-1.4371770000000001
-1.4369360000000002
-1.4349670000000003
-1.4360220000000004
-1.4371770000000001
-1.4369360000000002
-1.4349670000000003
-1.4360220000000004
-1.4371770000000001
-1.4369360000000002
-1.4349670000000003
-1.4360220000000004
-1.4371770000000001
-1.4369360000000002
-1.4349670000000003
-1.4360220000000004
-1.4371770000000001
-1.4369360000000002
-1.4349670000000003
-1.4360220000000004
-1.4371770000000001
-1.4369360000000002
-1.4349670000000003
-1.4360220000000004
-1.4371770000000001
-1.4369360000000002
-1.4349670000000003
-1.4360220000000004
-1.4371770000000001
-1.4369360000000002
-1.4349670000000003
-1.4360220000000004
-1.4371770000000001
-1.4369360000000002
-1.4349670000000003
-1.4360220000000004
-1.4371770000000001
-1.4369360000000002
-1.4349670000000003
-1.4360220000000004
-1.4371770000000001
-1.4369360000000002
-1.4349670000000003
-1.4360220000000004
-1.4371770000000001
-1.4369360000000002
-1.4349670000000003
-1.4360220000000004
-1.4371770000000001
-1.4369360000000002
-1.4349670000000003
-1.4360220000000004
-1.4371770000000001
-1.4369360000000002
-1.4349670000000003
-1.4360220000000004
-1.4371770000000001
-1.4369360000000002
-1.4349670000000003
-1.4360220000000004
-1.4371770000000001
-1.4369360000000002
-1.4349670000000003
-1.4360220000000004
