1.4421540000000004
1.4426269999999999
1.4406820000000007
1.4430770000000006
1.4421540000000004
1.4426269999999999
1.4406820000000007
1.4430770000000006
1.4421540000000004
1.4426269999999999
1.4406820000000007
1.4430770000000006
1.4421540000000004
1.4426269999999999
1.4406820000000007
1.4430770000000006
1.4421540000000004
1.4426269999999999
1.4406820000000007
1.4430770000000006
1.4421540000000004
1.4426269999999999
1.4406820000000007
1.4430770000000006
1.4421540000000004
1.4426269999999999
1.4406820000000007
1.4430770000000006
1.4421540000000004
1.4426269999999999
1.4406820000000007
1.4430770000000006
1.4421540000000004
1.4426269999999999
1.4406820000000007
1.4430770000000006
1.4421540000000004
1.4426269999999999
1.4406820000000007
1.4430770000000006
1.4421540000000004
1.4426269999999999
1.4406820000000007
1.4430770000000006
1.4421540000000004
1.4426269999999999
1.4406820000000007
1.4430770000000006
1.4421540000000004
1.4426269999999999
1.4406820000000007
1.4430770000000006
1.4421540000000004
1.4426269999999999
1.4406820000000007
1.4430770000000006
1.4421540000000004
1.4426269999999999
1.4406820000000007
1.4430770000000006
1.4421540000000004
1.4426269999999999
1.4406820000000007
1.4430770000000006
1.4421540000000004
1.4426269999999999
1.4406820000000007
1.4430770000000006
1.4421540000000004
1.4426269999999999
1.4406820000000007
1.4430770000000006
1.4421540000000004
1.4426269999999999
1.4406820000000007
1.4430770000000006
1.4421540000000004
1.4426269999999999
1.4406820000000007
1.4430770000000006
1.4421540000000004
1.4426269999999999
1.4406820000000007
1.4430770000000006
1.4421540000000004
1.4426269999999999
1.4406820000000007
1.4430770000000006
1.4421540000000004
1.4426269999999999
1.4406820000000007
1.4430770000000006
1.4421540000000004
1.4426269999999999
1.4406820000000007
1.4430770000000006
1.4421540000000004
1.4426269999999999
1.4406820000000007
1.4430770000000006
1.4421540000000004
1.4426269999999999
1.4406820000000007
1.4430770000000006
1.4421540000000004
1.4426269999999999
1.4406820000000007
1.4430770000000006
-1.4416919999999998
-1.442278
-1.4420719999999996
-1.4425
-1.4416919999999998
-1.442278
-1.4420719999999996
-1.4425
-1.4416919999999998
-1.442278
-1.4420719999999996
-1.4425
-1.4416919999999998
-1.442278
-1.4420719999999996
-1.4425
-1.4416919999999998
-1.442278
-1.4420719999999996
-1.4425
-1.4416919999999998
-1.442278
-1.4420719999999996
-1.4425
-1.4416919999999998
-1.442278
-1.4420719999999996
-1.4425
-1.4416919999999998
-1.442278
-1.4420719999999996
-1.4425
-1.4416919999999998
-1.442278
-1.4420719999999996
-1.4425
-1.4416919999999998
-1.442278
-1.4420719999999996
-1.4425
-1.4416919999999998
-1.442278
-1.4420719999999996
-1.4425
-1.4416919999999998
-1.442278
-1.4420719999999996
-1.4425
-1.4416919999999998
-1.442278
-1.4420719999999996
-1.4425
-1.4416919999999998
-1.442278
-1.4420719999999996
-1.4425
-1.4416919999999998
-1.442278
-1.4420719999999996
-1.4425
-1.4416919999999998
-1.442278
-1.4420719999999996
-1.4425
-1.4416919999999998
-1.442278
-1.4420719999999996
-1.4425
-1.4416919999999998
-1.442278
-1.4420719999999996
-1.4425
-1.4416919999999998
-1.442278
-1.4420719999999996
-1.4425
-1.4416919999999998
-1.442278
-1.4420719999999996
-1.4425
-1.4416919999999998
-1.442278
-1.4420719999999996
-1.4425
-1.4416919999999998
-1.442278
-1.4420719999999996
-1.4425
-1.4416919999999998
-1.442278
-1.4420719999999996
-1.4425
-1.4416919999999998
-1.442278
-1.4420719999999996
-1.4425
-1.4416919999999998
-1.442278
-1.4420719999999996
-1.4425
-1.4416919999999998
-1.442278
-1.4420719999999996
-1.4425
-1.4416919999999998
-1.442278
-1.4420719999999996
-1.4425
