1.4390409999999996
1.4419380000000004
1.4372679999999995
1.4373330000000006
1.4390409999999996
1.4419380000000004
1.4372679999999995
1.4373330000000006
1.4390409999999996
1.4419380000000004
1.4372679999999995
1.4373330000000006
1.4390409999999996
1.4419380000000004
1.4372679999999995
1.4373330000000006
1.4390409999999996
1.4419380000000004
1.4372679999999995
1.4373330000000006
1.4390409999999996
1.4419380000000004
1.4372679999999995
1.4373330000000006
1.4390409999999996
1.4419380000000004
1.4372679999999995
1.4373330000000006
1.4390409999999996
1.4419380000000004
1.4372679999999995
1.4373330000000006
1.4390409999999996
1.4419380000000004
1.4372679999999995
1.4373330000000006
1.4390409999999996
1.4419380000000004
1.4372679999999995
1.4373330000000006
1.4390409999999996
1.4419380000000004
1.4372679999999995
1.4373330000000006
1.4390409999999996
1.4419380000000004
1.4372679999999995
1.4373330000000006
1.4390409999999996
1.4419380000000004
1.4372679999999995
1.4373330000000006
1.4390409999999996
1.4419380000000004
1.4372679999999995
1.4373330000000006
1.4390409999999996
1.4419380000000004
1.4372679999999995
1.4373330000000006
1.4390409999999996
1.4419380000000004
1.4372679999999995
1.4373330000000006
1.4390409999999996
1.4419380000000004
1.4372679999999995
1.4373330000000006
1.4390409999999996
1.4419380000000004
1.4372679999999995
1.4373330000000006
1.4390409999999996
1.4419380000000004
1.4372679999999995
1.4373330000000006
1.4390409999999996
1.4419380000000004
1.4372679999999995
1.4373330000000006
1.4390409999999996
1.4419380000000004
1.4372679999999995
1.4373330000000006
1.4390409999999996
1.4419380000000004
1.4372679999999995
1.4373330000000006
1.4390409999999996
1.4419380000000004
1.4372679999999995
1.4373330000000006
1.4390409999999996
1.4419380000000004
1.4372679999999995
1.4373330000000006
1.4390409999999996
1.4419380000000004
1.4372679999999995
1.4373330000000006
1.4390409999999996
1.4419380000000004
1.4372679999999995
1.4373330000000006
1.4390409999999996
1.4419380000000004
1.4372679999999995
1.4373330000000006
1.4390409999999996
1.4419380000000004
1.4372679999999995
1.4373330000000006
1.4390409999999996
1.4419380000000004
1.4372679999999995
1.4373330000000006
1.4390409999999996
1.4419380000000004
1.4372679999999995
1.4373330000000006
1.4390409999999996
1.4419380000000004
1.4372679999999995
1.4373330000000006
1.4390409999999996
1.4419380000000004
1.4372679999999995
1.4373330000000006
1.4390409999999996
1.4419380000000004
1.4372679999999995
1.4373330000000006
1.4390409999999996
1.4419380000000004
1.4372679999999995
1.4373330000000006
1.4390409999999996
1.4419380000000004
1.4372679999999995
1.4373330000000006
1.4390409999999996
1.4419380000000004
1.4372679999999995
1.4373330000000006
-1.4386840000000003
-1.4389580000000004
-1.4385050000000001
-1.439432
-1.4386840000000003
-1.4389580000000004
-1.4385050000000001
-1.439432
-1.4386840000000003
-1.4389580000000004
-1.4385050000000001
-1.439432
-1.4386840000000003
-1.4389580000000004
-1.4385050000000001
-1.439432
-1.4386840000000003
-1.4389580000000004
-1.4385050000000001
-1.439432
-1.4386840000000003
-1.4389580000000004
-1.4385050000000001
-1.439432
-1.4386840000000003
-1.4389580000000004
-1.4385050000000001
-1.439432
-1.4386840000000003
-1.4389580000000004
-1.4385050000000001
-1.439432
-1.4386840000000003
-1.4389580000000004
-1.4385050000000001
-1.439432
-1.4386840000000003
-1.4389580000000004
-1.4385050000000001
-1.439432
-1.4386840000000003
-1.4389580000000004
-1.4385050000000001
-1.439432
-1.4386840000000003
-1.4389580000000004
-1.4385050000000001
-1.439432
-1.4386840000000003
-1.4389580000000004
-1.4385050000000001
-1.439432
-1.4386840000000003
-1.4389580000000004
-1.4385050000000001
-1.439432
-1.4386840000000003
-1.4389580000000004
-1.4385050000000001
-1.439432
-1.4386840000000003
-1.4389580000000004
-1.4385050000000001
-1.439432
-1.4386840000000003
-1.4389580000000004
-1.4385050000000001
-1.439432
-1.4386840000000003
-1.4389580000000004
-1.4385050000000001
-1.439432
-1.4386840000000003
-1.4389580000000004
-1.4385050000000001
-1.439432
-1.4386840000000003
-1.4389580000000004
-1.4385050000000001
-1.439432
-1.4386840000000003
-1.4389580000000004
-1.4385050000000001
-1.439432
-1.4386840000000003
-1.4389580000000004
-1.4385050000000001
-1.439432
-1.4386840000000003
-1.4389580000000004
-1.4385050000000001
-1.439432
-1.4386840000000003
-1.4389580000000004
-1.4385050000000001
-1.439432
-1.4386840000000003
-1.4389580000000004
-1.4385050000000001
-1.439432
-1.4386840000000003
-1.4389580000000004
-1.4385050000000001
-1.439432
-1.4386840000000003
-1.4389580000000004
-1.4385050000000001
-1.439432
-1.4386840000000003
-1.4389580000000004
-1.4385050000000001
-1.439432
-1.4386840000000003
-1.4389580000000004
-1.4385050000000001
-1.439432
-1.4386840000000003
-1.4389580000000004
-1.4385050000000001
-1.439432
-1.4386840000000003
-1.4389580000000004
-1.4385050000000001
-1.439432
-1.4386840000000003
-1.4389580000000004
-1.4385050000000001
-1.439432
-1.4386840000000003
-1.4389580000000004
-1.4385050000000001
-1.439432
-1.4386840000000003
-1.4389580000000004
-1.4385050000000001
-1.439432
-1.4386840000000003
-1.4389580000000004
-1.4385050000000001
-1.439432
-1.4386840000000003
-1.4389580000000004
-1.4385050000000001
-1.439432
