1.4014100000000003
1.4022860000000001
1.4014100000000003
1.4022860000000001
1.4014100000000003
1.4022860000000001
1.4014100000000003
1.4022860000000001
1.4014100000000003
1.4022860000000001
1.4014100000000003
1.4022860000000001
1.4014100000000003
1.4022860000000001
1.4014100000000003
1.4022860000000001
1.4014100000000003
1.4022860000000001
1.4014100000000003
1.4022860000000001
1.4014100000000003
1.4022860000000001
1.4014100000000003
1.4022860000000001
1.4014100000000003
1.4022860000000001
1.4014100000000003
1.4022860000000001
1.4014100000000003
1.4022860000000001
1.4014100000000003
1.4022860000000001
1.4014100000000003
1.4022860000000001
1.4014100000000003
1.4022860000000001
1.4014100000000003
1.4022860000000001
1.4014100000000003
1.4022860000000001
1.4014100000000003
1.4022860000000001
1.4014100000000003
1.4022860000000001
1.4014100000000003
1.4022860000000001
1.4014100000000003
1.4022860000000001
1.4014100000000003
1.4022860000000001
1.4014100000000003
1.4022860000000001
1.4014100000000003
1.4022860000000001
1.4014100000000003
1.4022860000000001
1.4014100000000003
1.4022860000000001
1.4014100000000003
1.4022860000000001
1.4014100000000003
1.4022860000000001
1.4014100000000003
1.4022860000000001
1.4014100000000003
1.4022860000000001
1.4014100000000003
1.4022860000000001
1.4014100000000003
1.4022860000000001
1.4014100000000003
1.4022860000000001
1.4014100000000003
1.4022860000000001
1.4014100000000003
1.4022860000000001
1.4014100000000003
1.4022860000000001
1.4014100000000003
1.4022860000000001
1.4014100000000003
1.4022860000000001
1.4014100000000003
1.4022860000000001
1.4014100000000003
1.4022860000000001
1.4014100000000003
1.4022860000000001
1.4014100000000003
1.4022860000000001
1.4014100000000003
1.4022860000000001
1.4014100000000003
1.4022860000000001
1.4014100000000003
1.4022860000000001
1.4014100000000003
1.4022860000000001
1.4014100000000003
1.4022860000000001
1.4014100000000003
1.4022860000000001
1.4014100000000003
1.4022860000000001
1.4014100000000003
1.4022860000000001
1.4014100000000003
1.4022860000000001
1.4014100000000003
1.4022860000000001
1.4014100000000003
1.4022860000000001
1.4014100000000003
1.4022860000000001
1.4014100000000003
1.4022860000000001
1.4014100000000003
1.4022860000000001
1.4014100000000003
1.4022860000000001
-1.4003860000000001
-1.4033110000000004
-1.4003860000000001
-1.4033110000000004
-1.4003860000000001
-1.4033110000000004
-1.4003860000000001
-1.4033110000000004
-1.4003860000000001
-1.4033110000000004
-1.4003860000000001
-1.4033110000000004
-1.4003860000000001
-1.4033110000000004
-1.4003860000000001
-1.4033110000000004
-1.4003860000000001
-1.4033110000000004
-1.4003860000000001
-1.4033110000000004
-1.4003860000000001
-1.4033110000000004
-1.4003860000000001
-1.4033110000000004
-1.4003860000000001
-1.4033110000000004
-1.4003860000000001
-1.4033110000000004
-1.4003860000000001
-1.4033110000000004
-1.4003860000000001
-1.4033110000000004
-1.4003860000000001
-1.4033110000000004
-1.4003860000000001
-1.4033110000000004
-1.4003860000000001
-1.4033110000000004
-1.4003860000000001
-1.4033110000000004
-1.4003860000000001
-1.4033110000000004
-1.4003860000000001
-1.4033110000000004
-1.4003860000000001
-1.4033110000000004
-1.4003860000000001
-1.4033110000000004
-1.4003860000000001
-1.4033110000000004
-1.4003860000000001
-1.4033110000000004
-1.4003860000000001
-1.4033110000000004
-1.4003860000000001
-1.4033110000000004
-1.4003860000000001
-1.4033110000000004
-1.4003860000000001
-1.4033110000000004
-1.4003860000000001
-1.4033110000000004
-1.4003860000000001
-1.4033110000000004
-1.4003860000000001
-1.4033110000000004
-1.4003860000000001
-1.4033110000000004
-1.4003860000000001
-1.4033110000000004
-1.4003860000000001
-1.4033110000000004
-1.4003860000000001
-1.4033110000000004
-1.4003860000000001
-1.4033110000000004
-1.4003860000000001
-1.4033110000000004
-1.4003860000000001
-1.4033110000000004
-1.4003860000000001
-1.4033110000000004
-1.4003860000000001
-1.4033110000000004
-1.4003860000000001
-1.4033110000000004
-1.4003860000000001
-1.4033110000000004
-1.4003860000000001
-1.4033110000000004
-1.4003860000000001
-1.4033110000000004
-1.4003860000000001
-1.4033110000000004
-1.4003860000000001
-1.4033110000000004
-1.4003860000000001
-1.4033110000000004
-1.4003860000000001
-1.4033110000000004
-1.4003860000000001
-1.4033110000000004
-1.4003860000000001
-1.4033110000000004
-1.4003860000000001
-1.4033110000000004
-1.4003860000000001
-1.4033110000000004
-1.4003860000000001
-1.4033110000000004
-1.4003860000000001
-1.4033110000000004
-1.4003860000000001
-1.4033110000000004
-1.4003860000000001
-1.4033110000000004
-1.4003860000000001
-1.4033110000000004
-1.4003860000000001
-1.4033110000000004
