1.3190439999999999
1.3190439999999999
1.3190439999999999
1.3190439999999999
1.3190439999999999
1.3190439999999999
1.3190439999999999
1.3190439999999999
1.3190439999999999
1.3190439999999999
1.3190439999999999
1.3190439999999999
1.3190439999999999
1.3190439999999999
1.3190439999999999
1.3190439999999999
1.3190439999999999
1.3190439999999999
1.3190439999999999
1.3190439999999999
1.3190439999999999
1.3190439999999999
1.3190439999999999
1.3190439999999999
1.3190439999999999
1.3190439999999999
1.3190439999999999
1.3190439999999999
1.3190439999999999
1.3190439999999999
1.3190439999999999
1.3190439999999999
1.3190439999999999
1.3190439999999999
1.3190439999999999
1.3190439999999999
1.3190439999999999
1.3190439999999999
1.3190439999999999
1.3190439999999999
1.3190439999999999
1.3190439999999999
1.3190439999999999
1.3190439999999999
1.3190439999999999
1.3190439999999999
1.3190439999999999
1.3190439999999999
1.3190439999999999
1.3190439999999999
1.3190439999999999
1.3190439999999999
1.3190439999999999
1.3190439999999999
1.3190439999999999
1.3190439999999999
1.3190439999999999
1.3190439999999999
1.3190439999999999
1.3190439999999999
1.3190439999999999
1.3190439999999999
1.3190439999999999
1.3190439999999999
1.3190439999999999
1.3190439999999999
1.3190439999999999
1.3190439999999999
1.3190439999999999
1.3190439999999999
1.3190439999999999
1.3190439999999999
1.3190439999999999
1.3190439999999999
1.3190439999999999
1.3190439999999999
1.3190439999999999
1.3190439999999999
1.3190439999999999
1.3190439999999999
1.3190439999999999
1.3190439999999999
1.3190439999999999
1.3190439999999999
1.3190439999999999
1.3190439999999999
1.3190439999999999
1.3190439999999999
1.3190439999999999
1.3190439999999999
1.3190439999999999
1.3190439999999999
1.3190439999999999
1.3190439999999999
1.3190439999999999
1.3190439999999999
-1.3190410000000004
-1.3190489999999997
-1.3190410000000004
-1.3190489999999997
-1.3190410000000004
-1.3190489999999997
-1.3190410000000004
-1.3190489999999997
-1.3190410000000004
-1.3190489999999997
-1.3190410000000004
-1.3190489999999997
-1.3190410000000004
-1.3190489999999997
-1.3190410000000004
-1.3190489999999997
-1.3190410000000004
-1.3190489999999997
-1.3190410000000004
-1.3190489999999997
-1.3190410000000004
-1.3190489999999997
-1.3190410000000004
-1.3190489999999997
-1.3190410000000004
-1.3190489999999997
-1.3190410000000004
-1.3190489999999997
-1.3190410000000004
-1.3190489999999997
-1.3190410000000004
-1.3190489999999997
-1.3190410000000004
-1.3190489999999997
-1.3190410000000004
-1.3190489999999997
-1.3190410000000004
-1.3190489999999997
-1.3190410000000004
-1.3190489999999997
-1.3190410000000004
-1.3190489999999997
-1.3190410000000004
-1.3190489999999997
-1.3190410000000004
-1.3190489999999997
-1.3190410000000004
-1.3190489999999997
-1.3190410000000004
-1.3190489999999997
-1.3190410000000004
-1.3190489999999997
-1.3190410000000004
-1.3190489999999997
-1.3190410000000004
-1.3190489999999997
-1.3190410000000004
-1.3190489999999997
-1.3190410000000004
-1.3190489999999997
-1.3190410000000004
-1.3190489999999997
-1.3190410000000004
-1.3190489999999997
-1.3190410000000004
-1.3190489999999997
-1.3190410000000004
-1.3190489999999997
-1.3190410000000004
-1.3190489999999997
-1.3190410000000004
-1.3190489999999997
-1.3190410000000004
-1.3190489999999997
-1.3190410000000004
-1.3190489999999997
-1.3190410000000004
-1.3190489999999997
-1.3190410000000004
-1.3190489999999997
-1.3190410000000004
-1.3190489999999997
-1.3190410000000004
-1.3190489999999997
-1.3190410000000004
-1.3190489999999997
-1.3190410000000004
-1.3190489999999997
-1.3190410000000004
-1.3190489999999997
-1.3190410000000004
-1.3190489999999997
-1.3190410000000004
-1.3190489999999997
-1.3190410000000004
-1.3190489999999997
