1.4420839999999995
1.4434869999999993
1.4427190000000003
1.4434529999999999
1.4420839999999995
1.4434869999999993
1.4427190000000003
1.4434529999999999
1.4420839999999995
1.4434869999999993
1.4427190000000003
1.4434529999999999
1.4420839999999995
1.4434869999999993
1.4427190000000003
1.4434529999999999
1.4420839999999995
1.4434869999999993
1.4427190000000003
1.4434529999999999
1.4420839999999995
1.4434869999999993
1.4427190000000003
1.4434529999999999
1.4420839999999995
1.4434869999999993
1.4427190000000003
1.4434529999999999
1.4420839999999995
1.4434869999999993
1.4427190000000003
1.4434529999999999
1.4420839999999995
1.4434869999999993
1.4427190000000003
1.4434529999999999
1.4420839999999995
1.4434869999999993
1.4427190000000003
1.4434529999999999
1.4420839999999995
1.4434869999999993
1.4427190000000003
1.4434529999999999
1.4420839999999995
1.4434869999999993
1.4427190000000003
1.4434529999999999
1.4420839999999995
1.4434869999999993
1.4427190000000003
1.4434529999999999
1.4420839999999995
1.4434869999999993
1.4427190000000003
1.4434529999999999
1.4420839999999995
1.4434869999999993
1.4427190000000003
1.4434529999999999
1.4420839999999995
1.4434869999999993
1.4427190000000003
1.4434529999999999
1.4420839999999995
1.4434869999999993
1.4427190000000003
1.4434529999999999
1.4420839999999995
1.4434869999999993
1.4427190000000003
1.4434529999999999
1.4420839999999995
1.4434869999999993
1.4427190000000003
1.4434529999999999
1.4420839999999995
1.4434869999999993
1.4427190000000003
1.4434529999999999
1.4420839999999995
1.4434869999999993
1.4427190000000003
1.4434529999999999
1.4420839999999995
1.4434869999999993
1.4427190000000003
1.4434529999999999
1.4420839999999995
1.4434869999999993
1.4427190000000003
1.4434529999999999
1.4420839999999995
1.4434869999999993
1.4427190000000003
1.4434529999999999
1.4420839999999995
1.4434869999999993
1.4427190000000003
1.4434529999999999
1.4420839999999995
1.4434869999999993
1.4427190000000003
1.4434529999999999
1.4420839999999995
1.4434869999999993
1.4427190000000003
1.4434529999999999
1.4420839999999995
1.4434869999999993
1.4427190000000003
1.4434529999999999
1.4420839999999995
1.4434869999999993
1.4427190000000003
1.4434529999999999
1.4420839999999995
1.4434869999999993
1.4427190000000003
1.4434529999999999
1.4420839999999995
1.4434869999999993
1.4427190000000003
1.4434529999999999
1.4420839999999995
1.4434869999999993
1.4427190000000003
1.4434529999999999
1.4420839999999995
1.4434869999999993
1.4427190000000003
1.4434529999999999
1.4420839999999995
1.4434869999999993
1.4427190000000003
1.4434529999999999
1.4420839999999995
1.4434869999999993
1.4427190000000003
1.4434529999999999
1.4420839999999995
1.4434869999999993
1.4427190000000003
1.4434529999999999
-1.4434069999999997
-1.44264
-1.4426930000000002
-1.4430100000000001
-1.4434069999999997
-1.44264
-1.4426930000000002
-1.4430100000000001
-1.4434069999999997
-1.44264
-1.4426930000000002
-1.4430100000000001
-1.4434069999999997
-1.44264
-1.4426930000000002
-1.4430100000000001
-1.4434069999999997
-1.44264
-1.4426930000000002
-1.4430100000000001
-1.4434069999999997
-1.44264
-1.4426930000000002
-1.4430100000000001
-1.4434069999999997
-1.44264
-1.4426930000000002
-1.4430100000000001
-1.4434069999999997
-1.44264
-1.4426930000000002
-1.4430100000000001
-1.4434069999999997
-1.44264
-1.4426930000000002
-1.4430100000000001
-1.4434069999999997
-1.44264
-1.4426930000000002
-1.4430100000000001
-1.4434069999999997
-1.44264
-1.4426930000000002
-1.4430100000000001
-1.4434069999999997
-1.44264
-1.4426930000000002
-1.4430100000000001
-1.4434069999999997
-1.44264
-1.4426930000000002
-1.4430100000000001
-1.4434069999999997
-1.44264
-1.4426930000000002
-1.4430100000000001
-1.4434069999999997
-1.44264
-1.4426930000000002
-1.4430100000000001
-1.4434069999999997
-1.44264
-1.4426930000000002
-1.4430100000000001
-1.4434069999999997
-1.44264
-1.4426930000000002
-1.4430100000000001
-1.4434069999999997
-1.44264
-1.4426930000000002
-1.4430100000000001
-1.4434069999999997
-1.44264
-1.4426930000000002
-1.4430100000000001
-1.4434069999999997
-1.44264
-1.4426930000000002
-1.4430100000000001
-1.4434069999999997
-1.44264
-1.4426930000000002
-1.4430100000000001
-1.4434069999999997
-1.44264
-1.4426930000000002
-1.4430100000000001
-1.4434069999999997
-1.44264
-1.4426930000000002
-1.4430100000000001
-1.4434069999999997
-1.44264
-1.4426930000000002
-1.4430100000000001
-1.4434069999999997
-1.44264
-1.4426930000000002
-1.4430100000000001
-1.4434069999999997
-1.44264
-1.4426930000000002
-1.4430100000000001
-1.4434069999999997
-1.44264
-1.4426930000000002
-1.4430100000000001
-1.4434069999999997
-1.44264
-1.4426930000000002
-1.4430100000000001
-1.4434069999999997
-1.44264
-1.4426930000000002
-1.4430100000000001
-1.4434069999999997
-1.44264
-1.4426930000000002
-1.4430100000000001
-1.4434069999999997
-1.44264
-1.4426930000000002
-1.4430100000000001
-1.4434069999999997
-1.44264
-1.4426930000000002
-1.4430100000000001
-1.4434069999999997
-1.44264
-1.4426930000000002
-1.4430100000000001
-1.4434069999999997
-1.44264
-1.4426930000000002
-1.4430100000000001
-1.4434069999999997
-1.44264
-1.4426930000000002
-1.4430100000000001
-1.4434069999999997
-1.44264
-1.4426930000000002
-1.4430100000000001
