1.432359
1.4308080000000007
1.4345549999999996
1.43445
1.432359
1.4308080000000007
1.4345549999999996
1.43445
1.432359
1.4308080000000007
1.4345549999999996
1.43445
1.432359
1.4308080000000007
1.4345549999999996
1.43445
1.432359
1.4308080000000007
1.4345549999999996
1.43445
1.432359
1.4308080000000007
1.4345549999999996
1.43445
1.432359
1.4308080000000007
1.4345549999999996
1.43445
1.432359
1.4308080000000007
1.4345549999999996
1.43445
1.432359
1.4308080000000007
1.4345549999999996
1.43445
1.432359
1.4308080000000007
1.4345549999999996
1.43445
1.432359
1.4308080000000007
1.4345549999999996
1.43445
1.432359
1.4308080000000007
1.4345549999999996
1.43445
1.432359
1.4308080000000007
1.4345549999999996
1.43445
1.432359
1.4308080000000007
1.4345549999999996
1.43445
1.432359
1.4308080000000007
1.4345549999999996
1.43445
1.432359
1.4308080000000007
1.4345549999999996
1.43445
1.432359
1.4308080000000007
1.4345549999999996
1.43445
1.432359
1.4308080000000007
1.4345549999999996
1.43445
1.432359
1.4308080000000007
1.4345549999999996
1.43445
1.432359
1.4308080000000007
1.4345549999999996
1.43445
1.432359
1.4308080000000007
1.4345549999999996
1.43445
1.432359
1.4308080000000007
1.4345549999999996
1.43445
1.432359
1.4308080000000007
1.4345549999999996
1.43445
1.432359
1.4308080000000007
1.4345549999999996
1.43445
1.432359
1.4308080000000007
1.4345549999999996
1.43445
1.432359
1.4308080000000007
1.4345549999999996
1.43445
1.432359
1.4308080000000007
1.4345549999999996
1.43445
1.432359
1.4308080000000007
1.4345549999999996
1.43445
1.432359
1.4308080000000007
1.4345549999999996
1.43445
1.432359
1.4308080000000007
1.4345549999999996
1.43445
1.432359
1.4308080000000007
1.4345549999999996
1.43445
1.432359
1.4308080000000007
1.4345549999999996
1.43445
1.432359
1.4308080000000007
1.4345549999999996
1.43445
1.432359
1.4308080000000007
1.4345549999999996
1.43445
1.432359
1.4308080000000007
1.4345549999999996
1.43445
1.432359
1.4308080000000007
1.4345549999999996
1.43445
-1.434373
-1.4317799999999998
-1.4321200000000003
-1.4339000000000004
-1.434373
-1.4317799999999998
-1.4321200000000003
-1.4339000000000004
-1.434373
-1.4317799999999998
-1.4321200000000003
-1.4339000000000004
-1.434373
-1.4317799999999998
-1.4321200000000003
-1.4339000000000004
-1.434373
-1.4317799999999998
-1.4321200000000003
-1.4339000000000004
-1.434373
-1.4317799999999998
-1.4321200000000003
-1.4339000000000004
-1.434373
-1.4317799999999998
-1.4321200000000003
-1.4339000000000004
-1.434373
-1.4317799999999998
-1.4321200000000003
-1.4339000000000004
-1.434373
-1.4317799999999998
-1.4321200000000003
-1.4339000000000004
-1.434373
-1.4317799999999998
-1.4321200000000003
-1.4339000000000004
-1.434373
-1.4317799999999998
-1.4321200000000003
-1.4339000000000004
-1.434373
-1.4317799999999998
-1.4321200000000003
-1.4339000000000004
-1.434373
-1.4317799999999998
-1.4321200000000003
-1.4339000000000004
-1.434373
-1.4317799999999998
-1.4321200000000003
-1.4339000000000004
-1.434373
-1.4317799999999998
-1.4321200000000003
-1.4339000000000004
-1.434373
-1.4317799999999998
-1.4321200000000003
-1.4339000000000004
-1.434373
-1.4317799999999998
-1.4321200000000003
-1.4339000000000004
-1.434373
-1.4317799999999998
-1.4321200000000003
-1.4339000000000004
-1.434373
-1.4317799999999998
-1.4321200000000003
-1.4339000000000004
-1.434373
-1.4317799999999998
-1.4321200000000003
-1.4339000000000004
-1.434373
-1.4317799999999998
-1.4321200000000003
-1.4339000000000004
-1.434373
-1.4317799999999998
-1.4321200000000003
-1.4339000000000004
-1.434373
-1.4317799999999998
-1.4321200000000003
-1.4339000000000004
-1.434373
-1.4317799999999998
-1.4321200000000003
-1.4339000000000004
-1.434373
-1.4317799999999998
-1.4321200000000003
-1.4339000000000004
-1.434373
-1.4317799999999998
-1.4321200000000003
-1.4339000000000004
-1.434373
-1.4317799999999998
-1.4321200000000003
-1.4339000000000004
-1.434373
-1.4317799999999998
-1.4321200000000003
-1.4339000000000004
-1.434373
-1.4317799999999998
-1.4321200000000003
-1.4339000000000004
-1.434373
-1.4317799999999998
-1.4321200000000003
-1.4339000000000004
-1.434373
-1.4317799999999998
-1.4321200000000003
-1.4339000000000004
-1.434373
-1.4317799999999998
-1.4321200000000003
-1.4339000000000004
-1.434373
-1.4317799999999998
-1.4321200000000003
-1.4339000000000004
-1.434373
-1.4317799999999998
-1.4321200000000003
-1.4339000000000004
-1.434373
-1.4317799999999998
-1.4321200000000003
-1.4339000000000004
-1.434373
-1.4317799999999998
-1.4321200000000003
-1.4339000000000004
