1.1464420000000004
1.1742080000000001
1.1464420000000004
1.1742080000000001
1.1464420000000004
1.1742080000000001
1.1464420000000004
1.1742080000000001
1.1464420000000004
1.1742080000000001
1.1464420000000004
1.1742080000000001
1.1464420000000004
1.1742080000000001
1.1464420000000004
1.1742080000000001
1.1464420000000004
1.1742080000000001
1.1464420000000004
1.1742080000000001
1.1464420000000004
1.1742080000000001
1.1464420000000004
1.1742080000000001
1.1464420000000004
1.1742080000000001
1.1464420000000004
1.1742080000000001
1.1464420000000004
1.1742080000000001
1.1464420000000004
1.1742080000000001
1.1464420000000004
1.1742080000000001
1.1464420000000004
1.1742080000000001
1.1464420000000004
1.1742080000000001
1.1464420000000004
1.1742080000000001
1.1464420000000004
1.1742080000000001
1.1464420000000004
1.1742080000000001
1.1464420000000004
1.1742080000000001
1.1464420000000004
1.1742080000000001
1.1464420000000004
1.1742080000000001
1.1464420000000004
1.1742080000000001
1.1464420000000004
1.1742080000000001
1.1464420000000004
1.1742080000000001
1.1464420000000004
1.1742080000000001
1.1464420000000004
1.1742080000000001
1.1464420000000004
1.1742080000000001
1.1464420000000004
1.1742080000000001
1.1464420000000004
1.1742080000000001
1.1464420000000004
1.1742080000000001
1.1464420000000004
1.1742080000000001
1.1464420000000004
1.1742080000000001
1.1464420000000004
1.1742080000000001
1.1464420000000004
1.1742080000000001
1.1464420000000004
1.1742080000000001
1.1464420000000004
1.1742080000000001
1.1464420000000004
1.1742080000000001
1.1464420000000004
1.1742080000000001
1.1464420000000004
1.1742080000000001
1.1464420000000004
1.1742080000000001
1.1464420000000004
1.1742080000000001
1.1464420000000004
1.1742080000000001
1.1464420000000004
1.1742080000000001
1.1464420000000004
1.1742080000000001
-1.156021
-1.1646289999999997
-1.156021
-1.1646289999999997
-1.156021
-1.1646289999999997
-1.156021
-1.1646289999999997
-1.156021
-1.1646289999999997
-1.156021
-1.1646289999999997
-1.156021
-1.1646289999999997
-1.156021
-1.1646289999999997
-1.156021
-1.1646289999999997
-1.156021
-1.1646289999999997
-1.156021
-1.1646289999999997
-1.156021
-1.1646289999999997
-1.156021
-1.1646289999999997
-1.156021
-1.1646289999999997
-1.156021
-1.1646289999999997
-1.156021
-1.1646289999999997
-1.156021
-1.1646289999999997
-1.156021
-1.1646289999999997
-1.156021
-1.1646289999999997
-1.156021
-1.1646289999999997
-1.156021
-1.1646289999999997
-1.156021
-1.1646289999999997
-1.156021
-1.1646289999999997
-1.156021
-1.1646289999999997
-1.156021
-1.1646289999999997
-1.156021
-1.1646289999999997
-1.156021
-1.1646289999999997
-1.156021
-1.1646289999999997
-1.156021
-1.1646289999999997
-1.156021
-1.1646289999999997
-1.156021
-1.1646289999999997
-1.156021
-1.1646289999999997
-1.156021
-1.1646289999999997
-1.156021
-1.1646289999999997
-1.156021
-1.1646289999999997
-1.156021
-1.1646289999999997
-1.156021
-1.1646289999999997
-1.156021
-1.1646289999999997
-1.156021
-1.1646289999999997
-1.156021
-1.1646289999999997
-1.156021
-1.1646289999999997
-1.156021
-1.1646289999999997
-1.156021
-1.1646289999999997
-1.156021
-1.1646289999999997
-1.156021
-1.1646289999999997
-1.156021
-1.1646289999999997
-1.156021
-1.1646289999999997
-1.156021
-1.1646289999999997
