1.4222800000000007
1.4374939999999992
1.4222800000000007
1.4374939999999992
1.4222800000000007
1.4374939999999992
1.4222800000000007
1.4374939999999992
1.4222800000000007
1.4374939999999992
1.4222800000000007
1.4374939999999992
1.4222800000000007
1.4374939999999992
1.4222800000000007
1.4374939999999992
1.4222800000000007
1.4374939999999992
1.4222800000000007
1.4374939999999992
1.4222800000000007
1.4374939999999992
1.4222800000000007
1.4374939999999992
1.4222800000000007
1.4374939999999992
1.4222800000000007
1.4374939999999992
1.4222800000000007
1.4374939999999992
1.4222800000000007
1.4374939999999992
1.4222800000000007
1.4374939999999992
1.4222800000000007
1.4374939999999992
1.4222800000000007
1.4374939999999992
1.4222800000000007
1.4374939999999992
1.4222800000000007
1.4374939999999992
1.4222800000000007
1.4374939999999992
1.4222800000000007
1.4374939999999992
1.4222800000000007
1.4374939999999992
1.4222800000000007
1.4374939999999992
1.4222800000000007
1.4374939999999992
1.4222800000000007
1.4374939999999992
1.4222800000000007
1.4374939999999992
1.4222800000000007
1.4374939999999992
1.4222800000000007
1.4374939999999992
1.4222800000000007
1.4374939999999992
1.4222800000000007
1.4374939999999992
1.4222800000000007
1.4374939999999992
1.4222800000000007
1.4374939999999992
1.4222800000000007
1.4374939999999992
1.4222800000000007
1.4374939999999992
1.4222800000000007
1.4374939999999992
1.4222800000000007
1.4374939999999992
1.4222800000000007
1.4374939999999992
1.4222800000000007
1.4374939999999992
1.4222800000000007
1.4374939999999992
1.4222800000000007
1.4374939999999992
1.4222800000000007
1.4374939999999992
1.4222800000000007
1.4374939999999992
1.4222800000000007
1.4374939999999992
1.4222800000000007
1.4374939999999992
1.4222800000000007
1.4374939999999992
1.4222800000000007
1.4374939999999992
-1.4301269999999997
-1.4296480000000003
-1.4301269999999997
-1.4296480000000003
-1.4301269999999997
-1.4296480000000003
-1.4301269999999997
-1.4296480000000003
-1.4301269999999997
-1.4296480000000003
-1.4301269999999997
-1.4296480000000003
-1.4301269999999997
-1.4296480000000003
-1.4301269999999997
-1.4296480000000003
-1.4301269999999997
-1.4296480000000003
-1.4301269999999997
-1.4296480000000003
-1.4301269999999997
-1.4296480000000003
-1.4301269999999997
-1.4296480000000003
-1.4301269999999997
-1.4296480000000003
-1.4301269999999997
-1.4296480000000003
-1.4301269999999997
-1.4296480000000003
-1.4301269999999997
-1.4296480000000003
-1.4301269999999997
-1.4296480000000003
-1.4301269999999997
-1.4296480000000003
-1.4301269999999997
-1.4296480000000003
-1.4301269999999997
-1.4296480000000003
-1.4301269999999997
-1.4296480000000003
-1.4301269999999997
-1.4296480000000003
-1.4301269999999997
-1.4296480000000003
-1.4301269999999997
-1.4296480000000003
-1.4301269999999997
-1.4296480000000003
-1.4301269999999997
-1.4296480000000003
-1.4301269999999997
-1.4296480000000003
-1.4301269999999997
-1.4296480000000003
-1.4301269999999997
-1.4296480000000003
-1.4301269999999997
-1.4296480000000003
-1.4301269999999997
-1.4296480000000003
-1.4301269999999997
-1.4296480000000003
-1.4301269999999997
-1.4296480000000003
-1.4301269999999997
-1.4296480000000003
-1.4301269999999997
-1.4296480000000003
-1.4301269999999997
-1.4296480000000003
-1.4301269999999997
-1.4296480000000003
-1.4301269999999997
-1.4296480000000003
-1.4301269999999997
-1.4296480000000003
-1.4301269999999997
-1.4296480000000003
-1.4301269999999997
-1.4296480000000003
-1.4301269999999997
-1.4296480000000003
-1.4301269999999997
-1.4296480000000003
-1.4301269999999997
-1.4296480000000003
-1.4301269999999997
-1.4296480000000003
-1.4301269999999997
-1.4296480000000003
-1.4301269999999997
-1.4296480000000003
-1.4301269999999997
-1.4296480000000003
