1.3482559999999992
1.3741400000000006
1.3482559999999992
1.3741400000000006
1.3482559999999992
1.3741400000000006
1.3482559999999992
1.3741400000000006
1.3482559999999992
1.3741400000000006
1.3482559999999992
1.3741400000000006
1.3482559999999992
1.3741400000000006
1.3482559999999992
1.3741400000000006
1.3482559999999992
1.3741400000000006
1.3482559999999992
1.3741400000000006
1.3482559999999992
1.3741400000000006
1.3482559999999992
1.3741400000000006
1.3482559999999992
1.3741400000000006
1.3482559999999992
1.3741400000000006
1.3482559999999992
1.3741400000000006
1.3482559999999992
1.3741400000000006
1.3482559999999992
1.3741400000000006
1.3482559999999992
1.3741400000000006
1.3482559999999992
1.3741400000000006
1.3482559999999992
1.3741400000000006
1.3482559999999992
1.3741400000000006
1.3482559999999992
1.3741400000000006
1.3482559999999992
1.3741400000000006
1.3482559999999992
1.3741400000000006
1.3482559999999992
1.3741400000000006
1.3482559999999992
1.3741400000000006
1.3482559999999992
1.3741400000000006
1.3482559999999992
1.3741400000000006
1.3482559999999992
1.3741400000000006
1.3482559999999992
1.3741400000000006
1.3482559999999992
1.3741400000000006
1.3482559999999992
1.3741400000000006
1.3482559999999992
1.3741400000000006
1.3482559999999992
1.3741400000000006
1.3482559999999992
1.3741400000000006
1.3482559999999992
1.3741400000000006
1.3482559999999992
1.3741400000000006
1.3482559999999992
1.3741400000000006
1.3482559999999992
1.3741400000000006
1.3482559999999992
1.3741400000000006
1.3482559999999992
1.3741400000000006
1.3482559999999992
1.3741400000000006
1.3482559999999992
1.3741400000000006
1.3482559999999992
1.3741400000000006
1.3482559999999992
1.3741400000000006
1.3482559999999992
1.3741400000000006
1.3482559999999992
1.3741400000000006
1.3482559999999992
1.3741400000000006
1.3482559999999992
1.3741400000000006
1.3482559999999992
1.3741400000000006
1.3482559999999992
1.3741400000000006
1.3482559999999992
1.3741400000000006
1.3482559999999992
1.3741400000000006
1.3482559999999992
1.3741400000000006
-1.35766
-1.3647369999999999
-1.35766
-1.3647369999999999
-1.35766
-1.3647369999999999
-1.35766
-1.3647369999999999
-1.35766
-1.3647369999999999
-1.35766
-1.3647369999999999
-1.35766
-1.3647369999999999
-1.35766
-1.3647369999999999
-1.35766
-1.3647369999999999
-1.35766
-1.3647369999999999
-1.35766
-1.3647369999999999
-1.35766
-1.3647369999999999
-1.35766
-1.3647369999999999
-1.35766
-1.3647369999999999
-1.35766
-1.3647369999999999
-1.35766
-1.3647369999999999
-1.35766
-1.3647369999999999
-1.35766
-1.3647369999999999
-1.35766
-1.3647369999999999
-1.35766
-1.3647369999999999
-1.35766
-1.3647369999999999
-1.35766
-1.3647369999999999
-1.35766
-1.3647369999999999
-1.35766
-1.3647369999999999
-1.35766
-1.3647369999999999
-1.35766
-1.3647369999999999
-1.35766
-1.3647369999999999
-1.35766
-1.3647369999999999
-1.35766
-1.3647369999999999
-1.35766
-1.3647369999999999
-1.35766
-1.3647369999999999
-1.35766
-1.3647369999999999
-1.35766
-1.3647369999999999
-1.35766
-1.3647369999999999
-1.35766
-1.3647369999999999
-1.35766
-1.3647369999999999
-1.35766
-1.3647369999999999
-1.35766
-1.3647369999999999
-1.35766
-1.3647369999999999
-1.35766
-1.3647369999999999
-1.35766
-1.3647369999999999
-1.35766
-1.3647369999999999
-1.35766
-1.3647369999999999
-1.35766
-1.3647369999999999
-1.35766
-1.3647369999999999
-1.35766
-1.3647369999999999
-1.35766
-1.3647369999999999
-1.35766
-1.3647369999999999
-1.35766
-1.3647369999999999
-1.35766
-1.3647369999999999
-1.35766
-1.3647369999999999
-1.35766
-1.3647369999999999
-1.35766
-1.3647369999999999
-1.35766
-1.3647369999999999
