1.389984
1.3905670000000008
1.369218
1.3656740000000003
1.389984
1.3905670000000008
1.369218
1.3656740000000003
1.389984
1.3905670000000008
1.369218
1.3656740000000003
1.389984
1.3905670000000008
1.369218
1.3656740000000003
1.389984
1.3905670000000008
1.369218
1.3656740000000003
1.389984
1.3905670000000008
1.369218
1.3656740000000003
1.389984
1.3905670000000008
1.369218
1.3656740000000003
1.389984
1.3905670000000008
1.369218
1.3656740000000003
1.389984
1.3905670000000008
1.369218
1.3656740000000003
1.389984
1.3905670000000008
1.369218
1.3656740000000003
1.389984
1.3905670000000008
1.369218
1.3656740000000003
1.389984
1.3905670000000008
1.369218
1.3656740000000003
1.389984
1.3905670000000008
1.369218
1.3656740000000003
1.389984
1.3905670000000008
1.369218
1.3656740000000003
1.389984
1.3905670000000008
1.369218
1.3656740000000003
1.389984
1.3905670000000008
1.369218
1.3656740000000003
1.389984
1.3905670000000008
1.369218
1.3656740000000003
1.389984
1.3905670000000008
1.369218
1.3656740000000003
1.389984
1.3905670000000008
1.369218
1.3656740000000003
1.389984
1.3905670000000008
1.369218
1.3656740000000003
1.389984
1.3905670000000008
1.369218
1.3656740000000003
1.389984
1.3905670000000008
1.369218
1.3656740000000003
1.389984
1.3905670000000008
1.369218
1.3656740000000003
1.389984
1.3905670000000008
1.369218
1.3656740000000003
1.389984
1.3905670000000008
1.369218
1.3656740000000003
1.389984
1.3905670000000008
1.369218
1.3656740000000003
1.389984
1.3905670000000008
1.369218
1.3656740000000003
1.389984
1.3905670000000008
1.369218
1.3656740000000003
1.389984
1.3905670000000008
1.369218
1.3656740000000003
1.389984
1.3905670000000008
1.369218
1.3656740000000003
1.389984
1.3905670000000008
1.369218
1.3656740000000003
1.389984
1.3905670000000008
1.369218
1.3656740000000003
1.389984
1.3905670000000008
1.369218
1.3656740000000003
1.389984
1.3905670000000008
1.369218
1.3656740000000003
1.389984
1.3905670000000008
1.369218
1.3656740000000003
1.389984
1.3905670000000008
1.369218
1.3656740000000003
-1.3745139999999996
-1.3898289999999998
-1.3716629999999999
-1.379436
-1.3745139999999996
-1.3898289999999998
-1.3716629999999999
-1.379436
-1.3745139999999996
-1.3898289999999998
-1.3716629999999999
-1.379436
-1.3745139999999996
-1.3898289999999998
-1.3716629999999999
-1.379436
-1.3745139999999996
-1.3898289999999998
-1.3716629999999999
-1.379436
-1.3745139999999996
-1.3898289999999998
-1.3716629999999999
-1.379436
-1.3745139999999996
-1.3898289999999998
-1.3716629999999999
-1.379436
-1.3745139999999996
-1.3898289999999998
-1.3716629999999999
-1.379436
-1.3745139999999996
-1.3898289999999998
-1.3716629999999999
-1.379436
-1.3745139999999996
-1.3898289999999998
-1.3716629999999999
-1.379436
-1.3745139999999996
-1.3898289999999998
-1.3716629999999999
-1.379436
-1.3745139999999996
-1.3898289999999998
-1.3716629999999999
-1.379436
-1.3745139999999996
-1.3898289999999998
-1.3716629999999999
-1.379436
-1.3745139999999996
-1.3898289999999998
-1.3716629999999999
-1.379436
-1.3745139999999996
-1.3898289999999998
-1.3716629999999999
-1.379436
-1.3745139999999996
-1.3898289999999998
-1.3716629999999999
-1.379436
-1.3745139999999996
-1.3898289999999998
-1.3716629999999999
-1.379436
-1.3745139999999996
-1.3898289999999998
-1.3716629999999999
-1.379436
-1.3745139999999996
-1.3898289999999998
-1.3716629999999999
-1.379436
-1.3745139999999996
-1.3898289999999998
-1.3716629999999999
-1.379436
-1.3745139999999996
-1.3898289999999998
-1.3716629999999999
-1.379436
-1.3745139999999996
-1.3898289999999998
-1.3716629999999999
-1.379436
-1.3745139999999996
-1.3898289999999998
-1.3716629999999999
-1.379436
-1.3745139999999996
-1.3898289999999998
-1.3716629999999999
-1.379436
-1.3745139999999996
-1.3898289999999998
-1.3716629999999999
-1.379436
-1.3745139999999996
-1.3898289999999998
-1.3716629999999999
-1.379436
-1.3745139999999996
-1.3898289999999998
-1.3716629999999999
-1.379436
-1.3745139999999996
-1.3898289999999998
-1.3716629999999999
-1.379436
-1.3745139999999996
-1.3898289999999998
-1.3716629999999999
-1.379436
-1.3745139999999996
-1.3898289999999998
-1.3716629999999999
-1.379436
-1.3745139999999996
-1.3898289999999998
-1.3716629999999999
-1.379436
-1.3745139999999996
-1.3898289999999998
-1.3716629999999999
-1.379436
-1.3745139999999996
-1.3898289999999998
-1.3716629999999999
-1.379436
-1.3745139999999996
-1.3898289999999998
-1.3716629999999999
-1.379436
-1.3745139999999996
-1.3898289999999998
-1.3716629999999999
-1.379436
-1.3745139999999996
-1.3898289999999998
-1.3716629999999999
-1.379436
