1.4400879999999994
1.4400879999999994
1.4400879999999994
1.4400879999999994
1.4400879999999994
1.4400879999999994
1.4400879999999994
1.4400879999999994
1.4400879999999994
1.4400879999999994
1.4400879999999994
1.4400879999999994
1.4400879999999994
1.4400879999999994
1.4400879999999994
1.4400879999999994
1.4400879999999994
1.4400879999999994
1.4400879999999994
1.4400879999999994
1.4400879999999994
1.4400879999999994
1.4400879999999994
1.4400879999999994
1.4400879999999994
1.4400879999999994
1.4400879999999994
1.4400879999999994
1.4400879999999994
1.4400879999999994
1.4400879999999994
1.4400879999999994
1.4400879999999994
1.4400879999999994
1.4400879999999994
1.4400879999999994
1.4400879999999994
1.4400879999999994
1.4400879999999994
1.4400879999999994
1.4400879999999994
1.4400879999999994
1.4400879999999994
1.4400879999999994
1.4400879999999994
1.4400879999999994
1.4400879999999994
1.4400879999999994
1.4400879999999994
1.4400879999999994
1.4400879999999994
1.4400879999999994
1.4400879999999994
1.4400879999999994
-1.4400880000000003
-1.4400880000000003
-1.4400880000000003
-1.4400880000000003
-1.4400880000000003
-1.4400880000000003
-1.4400880000000003
-1.4400880000000003
-1.4400880000000003
-1.4400880000000003
-1.4400880000000003
-1.4400880000000003
-1.4400880000000003
-1.4400880000000003
-1.4400880000000003
-1.4400880000000003
-1.4400880000000003
-1.4400880000000003
-1.4400880000000003
-1.4400880000000003
-1.4400880000000003
-1.4400880000000003
-1.4400880000000003
-1.4400880000000003
-1.4400880000000003
-1.4400880000000003
-1.4400880000000003
-1.4400880000000003
-1.4400880000000003
-1.4400880000000003
-1.4400880000000003
-1.4400880000000003
-1.4400880000000003
-1.4400880000000003
-1.4400880000000003
-1.4400880000000003
-1.4400880000000003
-1.4400880000000003
-1.4400880000000003
-1.4400880000000003
-1.4400880000000003
-1.4400880000000003
-1.4400880000000003
-1.4400880000000003
-1.4400880000000003
-1.4400880000000003
-1.4400880000000003
-1.4400880000000003
-1.4400880000000003
-1.4400880000000003
-1.4400880000000003
-1.4400880000000003
-1.4400880000000003
-1.4400880000000003
