1.3917699999999993
1.3848330000000004
1.3917699999999993
1.3848330000000004
1.3917699999999993
1.3848330000000004
1.3917699999999993
1.3848330000000004
1.3917699999999993
1.3848330000000004
1.3917699999999993
1.3848330000000004
1.3917699999999993
1.3848330000000004
1.3917699999999993
1.3848330000000004
1.3917699999999993
1.3848330000000004
1.3917699999999993
1.3848330000000004
1.3917699999999993
1.3848330000000004
1.3917699999999993
1.3848330000000004
1.3917699999999993
1.3848330000000004
1.3917699999999993
1.3848330000000004
1.3917699999999993
1.3848330000000004
1.3917699999999993
1.3848330000000004
1.3917699999999993
1.3848330000000004
1.3917699999999993
1.3848330000000004
1.3917699999999993
1.3848330000000004
1.3917699999999993
1.3848330000000004
1.3917699999999993
1.3848330000000004
1.3917699999999993
1.3848330000000004
1.3917699999999993
1.3848330000000004
1.3917699999999993
1.3848330000000004
1.3917699999999993
1.3848330000000004
1.3917699999999993
1.3848330000000004
1.3917699999999993
1.3848330000000004
1.3917699999999993
1.3848330000000004
1.3917699999999993
1.3848330000000004
1.3917699999999993
1.3848330000000004
1.3917699999999993
1.3848330000000004
1.3917699999999993
1.3848330000000004
1.3917699999999993
1.3848330000000004
1.3917699999999993
1.3848330000000004
1.3917699999999993
1.3848330000000004
1.3917699999999993
1.3848330000000004
1.3917699999999993
1.3848330000000004
1.3917699999999993
1.3848330000000004
1.3917699999999993
1.3848330000000004
1.3917699999999993
1.3848330000000004
1.3917699999999993
1.3848330000000004
1.3917699999999993
1.3848330000000004
1.3917699999999993
1.3848330000000004
1.3917699999999993
1.3848330000000004
1.3917699999999993
1.3848330000000004
1.3917699999999993
1.3848330000000004
1.3917699999999993
1.3848330000000004
1.3917699999999993
1.3848330000000004
1.3917699999999993
1.3848330000000004
1.3917699999999993
1.3848330000000004
1.3917699999999993
1.3848330000000004
1.3917699999999993
1.3848330000000004
1.3917699999999993
1.3848330000000004
1.3917699999999993
1.3848330000000004
1.3917699999999993
1.3848330000000004
1.3917699999999993
1.3848330000000004
1.3917699999999993
1.3848330000000004
1.3917699999999993
1.3848330000000004
1.3917699999999993
1.3848330000000004
1.3917699999999993
1.3848330000000004
-1.3920510000000004
-1.3845520000000002
-1.3920510000000004
-1.3845520000000002
-1.3920510000000004
-1.3845520000000002
-1.3920510000000004
-1.3845520000000002
-1.3920510000000004
-1.3845520000000002
-1.3920510000000004
-1.3845520000000002
-1.3920510000000004
-1.3845520000000002
-1.3920510000000004
-1.3845520000000002
-1.3920510000000004
-1.3845520000000002
-1.3920510000000004
-1.3845520000000002
-1.3920510000000004
-1.3845520000000002
-1.3920510000000004
-1.3845520000000002
-1.3920510000000004
-1.3845520000000002
-1.3920510000000004
-1.3845520000000002
-1.3920510000000004
-1.3845520000000002
-1.3920510000000004
-1.3845520000000002
-1.3920510000000004
-1.3845520000000002
-1.3920510000000004
-1.3845520000000002
-1.3920510000000004
-1.3845520000000002
-1.3920510000000004
-1.3845520000000002
-1.3920510000000004
-1.3845520000000002
-1.3920510000000004
-1.3845520000000002
-1.3920510000000004
-1.3845520000000002
-1.3920510000000004
-1.3845520000000002
-1.3920510000000004
-1.3845520000000002
-1.3920510000000004
-1.3845520000000002
-1.3920510000000004
-1.3845520000000002
-1.3920510000000004
-1.3845520000000002
-1.3920510000000004
-1.3845520000000002
-1.3920510000000004
-1.3845520000000002
-1.3920510000000004
-1.3845520000000002
-1.3920510000000004
-1.3845520000000002
-1.3920510000000004
-1.3845520000000002
-1.3920510000000004
-1.3845520000000002
-1.3920510000000004
-1.3845520000000002
-1.3920510000000004
-1.3845520000000002
-1.3920510000000004
-1.3845520000000002
-1.3920510000000004
-1.3845520000000002
-1.3920510000000004
-1.3845520000000002
-1.3920510000000004
-1.3845520000000002
-1.3920510000000004
-1.3845520000000002
-1.3920510000000004
-1.3845520000000002
-1.3920510000000004
-1.3845520000000002
-1.3920510000000004
-1.3845520000000002
-1.3920510000000004
-1.3845520000000002
-1.3920510000000004
-1.3845520000000002
-1.3920510000000004
-1.3845520000000002
-1.3920510000000004
-1.3845520000000002
-1.3920510000000004
-1.3845520000000002
-1.3920510000000004
-1.3845520000000002
-1.3920510000000004
-1.3845520000000002
-1.3920510000000004
-1.3845520000000002
-1.3920510000000004
-1.3845520000000002
-1.3920510000000004
-1.3845520000000002
-1.3920510000000004
-1.3845520000000002
-1.3920510000000004
-1.3845520000000002
-1.3920510000000004
-1.3845520000000002
-1.3920510000000004
-1.3845520000000002
-1.3920510000000004
-1.3845520000000002
-1.3920510000000004
-1.3845520000000002
