1.4433760000000007
1.44482
1.4375479999999996
1.4379240000000006
1.4433760000000007
1.44482
1.4375479999999996
1.4379240000000006
1.4433760000000007
1.44482
1.4375479999999996
1.4379240000000006
1.4433760000000007
1.44482
1.4375479999999996
1.4379240000000006
1.4433760000000007
1.44482
1.4375479999999996
1.4379240000000006
1.4433760000000007
1.44482
1.4375479999999996
1.4379240000000006
1.4433760000000007
1.44482
1.4375479999999996
1.4379240000000006
1.4433760000000007
1.44482
1.4375479999999996
1.4379240000000006
1.4433760000000007
1.44482
1.4375479999999996
1.4379240000000006
1.4433760000000007
1.44482
1.4375479999999996
1.4379240000000006
1.4433760000000007
1.44482
1.4375479999999996
1.4379240000000006
1.4433760000000007
1.44482
1.4375479999999996
1.4379240000000006
1.4433760000000007
1.44482
1.4375479999999996
1.4379240000000006
1.4433760000000007
1.44482
1.4375479999999996
1.4379240000000006
1.4433760000000007
1.44482
1.4375479999999996
1.4379240000000006
1.4433760000000007
1.44482
1.4375479999999996
1.4379240000000006
1.4433760000000007
1.44482
1.4375479999999996
1.4379240000000006
1.4433760000000007
1.44482
1.4375479999999996
1.4379240000000006
1.4433760000000007
1.44482
1.4375479999999996
1.4379240000000006
1.4433760000000007
1.44482
1.4375479999999996
1.4379240000000006
1.4433760000000007
1.44482
1.4375479999999996
1.4379240000000006
1.4433760000000007
1.44482
1.4375479999999996
1.4379240000000006
1.4433760000000007
1.44482
1.4375479999999996
1.4379240000000006
1.4433760000000007
1.44482
1.4375479999999996
1.4379240000000006
1.4433760000000007
1.44482
1.4375479999999996
1.4379240000000006
1.4433760000000007
1.44482
1.4375479999999996
1.4379240000000006
1.4433760000000007
1.44482
1.4375479999999996
1.4379240000000006
-1.4406939999999997
-1.4402590000000002
-1.4431760000000002
-1.4395369999999996
-1.4406939999999997
-1.4402590000000002
-1.4431760000000002
-1.4395369999999996
-1.4406939999999997
-1.4402590000000002
-1.4431760000000002
-1.4395369999999996
-1.4406939999999997
-1.4402590000000002
-1.4431760000000002
-1.4395369999999996
-1.4406939999999997
-1.4402590000000002
-1.4431760000000002
-1.4395369999999996
-1.4406939999999997
-1.4402590000000002
-1.4431760000000002
-1.4395369999999996
-1.4406939999999997
-1.4402590000000002
-1.4431760000000002
-1.4395369999999996
-1.4406939999999997
-1.4402590000000002
-1.4431760000000002
-1.4395369999999996
-1.4406939999999997
-1.4402590000000002
-1.4431760000000002
-1.4395369999999996
-1.4406939999999997
-1.4402590000000002
-1.4431760000000002
-1.4395369999999996
-1.4406939999999997
-1.4402590000000002
-1.4431760000000002
-1.4395369999999996
-1.4406939999999997
-1.4402590000000002
-1.4431760000000002
-1.4395369999999996
-1.4406939999999997
-1.4402590000000002
-1.4431760000000002
-1.4395369999999996
-1.4406939999999997
-1.4402590000000002
-1.4431760000000002
-1.4395369999999996
-1.4406939999999997
-1.4402590000000002
-1.4431760000000002
-1.4395369999999996
-1.4406939999999997
-1.4402590000000002
-1.4431760000000002
-1.4395369999999996
-1.4406939999999997
-1.4402590000000002
-1.4431760000000002
-1.4395369999999996
-1.4406939999999997
-1.4402590000000002
-1.4431760000000002
-1.4395369999999996
-1.4406939999999997
-1.4402590000000002
-1.4431760000000002
-1.4395369999999996
-1.4406939999999997
-1.4402590000000002
-1.4431760000000002
-1.4395369999999996
-1.4406939999999997
-1.4402590000000002
-1.4431760000000002
-1.4395369999999996
-1.4406939999999997
-1.4402590000000002
-1.4431760000000002
-1.4395369999999996
-1.4406939999999997
-1.4402590000000002
-1.4431760000000002
-1.4395369999999996
-1.4406939999999997
-1.4402590000000002
-1.4431760000000002
-1.4395369999999996
-1.4406939999999997
-1.4402590000000002
-1.4431760000000002
-1.4395369999999996
-1.4406939999999997
-1.4402590000000002
-1.4431760000000002
-1.4395369999999996
-1.4406939999999997
-1.4402590000000002
-1.4431760000000002
-1.4395369999999996
