1.4420540000000006
1.4350199999999997
1.4373419999999992
1.4351909999999997
1.4420540000000006
1.4350199999999997
1.4373419999999992
1.4351909999999997
1.4420540000000006
1.4350199999999997
1.4373419999999992
1.4351909999999997
1.4420540000000006
1.4350199999999997
1.4373419999999992
1.4351909999999997
1.4420540000000006
1.4350199999999997
1.4373419999999992
1.4351909999999997
1.4420540000000006
1.4350199999999997
1.4373419999999992
1.4351909999999997
1.4420540000000006
1.4350199999999997
1.4373419999999992
1.4351909999999997
1.4420540000000006
1.4350199999999997
1.4373419999999992
1.4351909999999997
1.4420540000000006
1.4350199999999997
1.4373419999999992
1.4351909999999997
1.4420540000000006
1.4350199999999997
1.4373419999999992
1.4351909999999997
1.4420540000000006
1.4350199999999997
1.4373419999999992
1.4351909999999997
1.4420540000000006
1.4350199999999997
1.4373419999999992
1.4351909999999997
1.4420540000000006
1.4350199999999997
1.4373419999999992
1.4351909999999997
1.4420540000000006
1.4350199999999997
1.4373419999999992
1.4351909999999997
1.4420540000000006
1.4350199999999997
1.4373419999999992
1.4351909999999997
1.4420540000000006
1.4350199999999997
1.4373419999999992
1.4351909999999997
1.4420540000000006
1.4350199999999997
1.4373419999999992
1.4351909999999997
1.4420540000000006
1.4350199999999997
1.4373419999999992
1.4351909999999997
1.4420540000000006
1.4350199999999997
1.4373419999999992
1.4351909999999997
1.4420540000000006
1.4350199999999997
1.4373419999999992
1.4351909999999997
1.4420540000000006
1.4350199999999997
1.4373419999999992
1.4351909999999997
1.4420540000000006
1.4350199999999997
1.4373419999999992
1.4351909999999997
1.4420540000000006
1.4350199999999997
1.4373419999999992
1.4351909999999997
1.4420540000000006
1.4350199999999997
1.4373419999999992
1.4351909999999997
1.4420540000000006
1.4350199999999997
1.4373419999999992
1.4351909999999997
1.4420540000000006
1.4350199999999997
1.4373419999999992
1.4351909999999997
1.4420540000000006
1.4350199999999997
1.4373419999999992
1.4351909999999997
1.4420540000000006
1.4350199999999997
1.4373419999999992
1.4351909999999997
1.4420540000000006
1.4350199999999997
1.4373419999999992
1.4351909999999997
1.4420540000000006
1.4350199999999997
1.4373419999999992
1.4351909999999997
1.4420540000000006
1.4350199999999997
1.4373419999999992
1.4351909999999997
1.4420540000000006
1.4350199999999997
1.4373419999999992
1.4351909999999997
1.4420540000000006
1.4350199999999997
1.4373419999999992
1.4351909999999997
1.4420540000000006
1.4350199999999997
1.4373419999999992
1.4351909999999997
1.4420540000000006
1.4350199999999997
1.4373419999999992
1.4351909999999997
1.4420540000000006
1.4350199999999997
1.4373419999999992
1.4351909999999997
-1.4356730000000004
-1.4360749999999998
-1.4392719999999999
-1.4385839999999996
-1.4356730000000004
-1.4360749999999998
-1.4392719999999999
-1.4385839999999996
-1.4356730000000004
-1.4360749999999998
-1.4392719999999999
-1.4385839999999996
-1.4356730000000004
-1.4360749999999998
-1.4392719999999999
-1.4385839999999996
-1.4356730000000004
-1.4360749999999998
-1.4392719999999999
-1.4385839999999996
-1.4356730000000004
-1.4360749999999998
-1.4392719999999999
-1.4385839999999996
-1.4356730000000004
-1.4360749999999998
-1.4392719999999999
-1.4385839999999996
-1.4356730000000004
-1.4360749999999998
-1.4392719999999999
-1.4385839999999996
-1.4356730000000004
-1.4360749999999998
-1.4392719999999999
-1.4385839999999996
-1.4356730000000004
-1.4360749999999998
-1.4392719999999999
-1.4385839999999996
-1.4356730000000004
-1.4360749999999998
-1.4392719999999999
-1.4385839999999996
-1.4356730000000004
-1.4360749999999998
-1.4392719999999999
-1.4385839999999996
-1.4356730000000004
-1.4360749999999998
-1.4392719999999999
-1.4385839999999996
-1.4356730000000004
-1.4360749999999998
-1.4392719999999999
-1.4385839999999996
-1.4356730000000004
-1.4360749999999998
-1.4392719999999999
-1.4385839999999996
-1.4356730000000004
-1.4360749999999998
-1.4392719999999999
-1.4385839999999996
-1.4356730000000004
-1.4360749999999998
-1.4392719999999999
-1.4385839999999996
-1.4356730000000004
-1.4360749999999998
-1.4392719999999999
-1.4385839999999996
-1.4356730000000004
-1.4360749999999998
-1.4392719999999999
-1.4385839999999996
-1.4356730000000004
-1.4360749999999998
-1.4392719999999999
-1.4385839999999996
-1.4356730000000004
-1.4360749999999998
-1.4392719999999999
-1.4385839999999996
-1.4356730000000004
-1.4360749999999998
-1.4392719999999999
-1.4385839999999996
-1.4356730000000004
-1.4360749999999998
-1.4392719999999999
-1.4385839999999996
-1.4356730000000004
-1.4360749999999998
-1.4392719999999999
-1.4385839999999996
-1.4356730000000004
-1.4360749999999998
-1.4392719999999999
-1.4385839999999996
-1.4356730000000004
-1.4360749999999998
-1.4392719999999999
-1.4385839999999996
-1.4356730000000004
-1.4360749999999998
-1.4392719999999999
-1.4385839999999996
-1.4356730000000004
-1.4360749999999998
-1.4392719999999999
-1.4385839999999996
-1.4356730000000004
-1.4360749999999998
-1.4392719999999999
-1.4385839999999996
-1.4356730000000004
-1.4360749999999998
-1.4392719999999999
-1.4385839999999996
-1.4356730000000004
-1.4360749999999998
-1.4392719999999999
-1.4385839999999996
-1.4356730000000004
-1.4360749999999998
-1.4392719999999999
-1.4385839999999996
-1.4356730000000004
-1.4360749999999998
-1.4392719999999999
-1.4385839999999996
-1.4356730000000004
-1.4360749999999998
-1.4392719999999999
-1.4385839999999996
-1.4356730000000004
-1.4360749999999998
-1.4392719999999999
-1.4385839999999996
-1.4356730000000004
-1.4360749999999998
-1.4392719999999999
-1.4385839999999996
