1.3512570000000004
1.3590719999999994
1.3512570000000004
1.3590719999999994
1.3512570000000004
1.3590719999999994
1.3512570000000004
1.3590719999999994
1.3512570000000004
1.3590719999999994
1.3512570000000004
1.3590719999999994
1.3512570000000004
1.3590719999999994
1.3512570000000004
1.3590719999999994
1.3512570000000004
1.3590719999999994
1.3512570000000004
1.3590719999999994
1.3512570000000004
1.3590719999999994
1.3512570000000004
1.3590719999999994
1.3512570000000004
1.3590719999999994
1.3512570000000004
1.3590719999999994
1.3512570000000004
1.3590719999999994
1.3512570000000004
1.3590719999999994
1.3512570000000004
1.3590719999999994
1.3512570000000004
1.3590719999999994
1.3512570000000004
1.3590719999999994
1.3512570000000004
1.3590719999999994
1.3512570000000004
1.3590719999999994
1.3512570000000004
1.3590719999999994
1.3512570000000004
1.3590719999999994
1.3512570000000004
1.3590719999999994
1.3512570000000004
1.3590719999999994
1.3512570000000004
1.3590719999999994
1.3512570000000004
1.3590719999999994
1.3512570000000004
1.3590719999999994
1.3512570000000004
1.3590719999999994
1.3512570000000004
1.3590719999999994
1.3512570000000004
1.3590719999999994
1.3512570000000004
1.3590719999999994
1.3512570000000004
1.3590719999999994
1.3512570000000004
1.3590719999999994
1.3512570000000004
1.3590719999999994
1.3512570000000004
1.3590719999999994
1.3512570000000004
1.3590719999999994
1.3512570000000004
1.3590719999999994
1.3512570000000004
1.3590719999999994
1.3512570000000004
1.3590719999999994
1.3512570000000004
1.3590719999999994
1.3512570000000004
1.3590719999999994
1.3512570000000004
1.3590719999999994
1.3512570000000004
1.3590719999999994
1.3512570000000004
1.3590719999999994
1.3512570000000004
1.3590719999999994
1.3512570000000004
1.3590719999999994
1.3512570000000004
1.3590719999999994
1.3512570000000004
1.3590719999999994
1.3512570000000004
1.3590719999999994
1.3512570000000004
1.3590719999999994
1.3512570000000004
1.3590719999999994
1.3512570000000004
1.3590719999999994
1.3512570000000004
1.3590719999999994
1.3512570000000004
1.3590719999999994
1.3512570000000004
1.3590719999999994
1.3512570000000004
1.3590719999999994
1.3512570000000004
1.3590719999999994
1.3512570000000004
1.3590719999999994
1.3512570000000004
1.3590719999999994
-1.3527440000000004
-1.3575850000000003
-1.3527440000000004
-1.3575850000000003
-1.3527440000000004
-1.3575850000000003
-1.3527440000000004
-1.3575850000000003
-1.3527440000000004
-1.3575850000000003
-1.3527440000000004
-1.3575850000000003
-1.3527440000000004
-1.3575850000000003
-1.3527440000000004
-1.3575850000000003
-1.3527440000000004
-1.3575850000000003
-1.3527440000000004
-1.3575850000000003
-1.3527440000000004
-1.3575850000000003
-1.3527440000000004
-1.3575850000000003
-1.3527440000000004
-1.3575850000000003
-1.3527440000000004
-1.3575850000000003
-1.3527440000000004
-1.3575850000000003
-1.3527440000000004
-1.3575850000000003
-1.3527440000000004
-1.3575850000000003
-1.3527440000000004
-1.3575850000000003
-1.3527440000000004
-1.3575850000000003
-1.3527440000000004
-1.3575850000000003
-1.3527440000000004
-1.3575850000000003
-1.3527440000000004
-1.3575850000000003
-1.3527440000000004
-1.3575850000000003
-1.3527440000000004
-1.3575850000000003
-1.3527440000000004
-1.3575850000000003
-1.3527440000000004
-1.3575850000000003
-1.3527440000000004
-1.3575850000000003
-1.3527440000000004
-1.3575850000000003
-1.3527440000000004
-1.3575850000000003
-1.3527440000000004
-1.3575850000000003
-1.3527440000000004
-1.3575850000000003
-1.3527440000000004
-1.3575850000000003
-1.3527440000000004
-1.3575850000000003
-1.3527440000000004
-1.3575850000000003
-1.3527440000000004
-1.3575850000000003
-1.3527440000000004
-1.3575850000000003
-1.3527440000000004
-1.3575850000000003
-1.3527440000000004
-1.3575850000000003
-1.3527440000000004
-1.3575850000000003
-1.3527440000000004
-1.3575850000000003
-1.3527440000000004
-1.3575850000000003
-1.3527440000000004
-1.3575850000000003
-1.3527440000000004
-1.3575850000000003
-1.3527440000000004
-1.3575850000000003
-1.3527440000000004
-1.3575850000000003
-1.3527440000000004
-1.3575850000000003
-1.3527440000000004
-1.3575850000000003
-1.3527440000000004
-1.3575850000000003
-1.3527440000000004
-1.3575850000000003
-1.3527440000000004
-1.3575850000000003
-1.3527440000000004
-1.3575850000000003
-1.3527440000000004
-1.3575850000000003
-1.3527440000000004
-1.3575850000000003
-1.3527440000000004
-1.3575850000000003
-1.3527440000000004
-1.3575850000000003
-1.3527440000000004
-1.3575850000000003
-1.3527440000000004
-1.3575850000000003
-1.3527440000000004
-1.3575850000000003
-1.3527440000000004
-1.3575850000000003
-1.3527440000000004
-1.3575850000000003
