1.373538
1.3864680000000007
1.3913740000000008
1.3908559999999994
1.373538
1.3864680000000007
1.3913740000000008
1.3908559999999994
1.373538
1.3864680000000007
1.3913740000000008
1.3908559999999994
1.373538
1.3864680000000007
1.3913740000000008
1.3908559999999994
1.373538
1.3864680000000007
1.3913740000000008
1.3908559999999994
1.373538
1.3864680000000007
1.3913740000000008
1.3908559999999994
1.373538
1.3864680000000007
1.3913740000000008
1.3908559999999994
1.373538
1.3864680000000007
1.3913740000000008
1.3908559999999994
1.373538
1.3864680000000007
1.3913740000000008
1.3908559999999994
1.373538
1.3864680000000007
1.3913740000000008
1.3908559999999994
1.373538
1.3864680000000007
1.3913740000000008
1.3908559999999994
1.373538
1.3864680000000007
1.3913740000000008
1.3908559999999994
1.373538
1.3864680000000007
1.3913740000000008
1.3908559999999994
1.373538
1.3864680000000007
1.3913740000000008
1.3908559999999994
1.373538
1.3864680000000007
1.3913740000000008
1.3908559999999994
1.373538
1.3864680000000007
1.3913740000000008
1.3908559999999994
1.373538
1.3864680000000007
1.3913740000000008
1.3908559999999994
1.373538
1.3864680000000007
1.3913740000000008
1.3908559999999994
1.373538
1.3864680000000007
1.3913740000000008
1.3908559999999994
1.373538
1.3864680000000007
1.3913740000000008
1.3908559999999994
1.373538
1.3864680000000007
1.3913740000000008
1.3908559999999994
1.373538
1.3864680000000007
1.3913740000000008
1.3908559999999994
1.373538
1.3864680000000007
1.3913740000000008
1.3908559999999994
1.373538
1.3864680000000007
1.3913740000000008
1.3908559999999994
1.373538
1.3864680000000007
1.3913740000000008
1.3908559999999994
1.373538
1.3864680000000007
1.3913740000000008
1.3908559999999994
1.373538
1.3864680000000007
1.3913740000000008
1.3908559999999994
1.373538
1.3864680000000007
1.3913740000000008
1.3908559999999994
1.373538
1.3864680000000007
1.3913740000000008
1.3908559999999994
1.373538
1.3864680000000007
1.3913740000000008
1.3908559999999994
1.373538
1.3864680000000007
1.3913740000000008
1.3908559999999994
1.373538
1.3864680000000007
1.3913740000000008
1.3908559999999994
1.373538
1.3864680000000007
1.3913740000000008
1.3908559999999994
1.373538
1.3864680000000007
1.3913740000000008
1.3908559999999994
1.373538
1.3864680000000007
1.3913740000000008
1.3908559999999994
1.373538
1.3864680000000007
1.3913740000000008
1.3908559999999994
1.373538
1.3864680000000007
1.3913740000000008
1.3908559999999994
1.373538
1.3864680000000007
1.3913740000000008
1.3908559999999994
1.373538
1.3864680000000007
1.3913740000000008
1.3908559999999994
1.373538
1.3864680000000007
1.3913740000000008
1.3908559999999994
1.373538
1.3864680000000007
1.3913740000000008
1.3908559999999994
1.373538
1.3864680000000007
1.3913740000000008
1.3908559999999994
1.373538
1.3864680000000007
1.3913740000000008
1.3908559999999994
1.373538
1.3864680000000007
1.3913740000000008
1.3908559999999994
1.373538
1.3864680000000007
1.3913740000000008
1.3908559999999994
1.373538
1.3864680000000007
1.3913740000000008
1.3908559999999994
1.373538
1.3864680000000007
1.3913740000000008
1.3908559999999994
1.373538
1.3864680000000007
1.3913740000000008
1.3908559999999994
-1.3782069999999997
-1.3888449999999999
-1.394399
-1.3807850000000004
-1.3782069999999997
-1.3888449999999999
-1.394399
-1.3807850000000004
-1.3782069999999997
-1.3888449999999999
-1.394399
-1.3807850000000004
-1.3782069999999997
-1.3888449999999999
-1.394399
-1.3807850000000004
-1.3782069999999997
-1.3888449999999999
-1.394399
-1.3807850000000004
-1.3782069999999997
-1.3888449999999999
-1.394399
-1.3807850000000004
-1.3782069999999997
-1.3888449999999999
-1.394399
-1.3807850000000004
-1.3782069999999997
-1.3888449999999999
-1.394399
-1.3807850000000004
-1.3782069999999997
-1.3888449999999999
-1.394399
-1.3807850000000004
-1.3782069999999997
-1.3888449999999999
-1.394399
-1.3807850000000004
-1.3782069999999997
-1.3888449999999999
-1.394399
-1.3807850000000004
-1.3782069999999997
-1.3888449999999999
-1.394399
-1.3807850000000004
-1.3782069999999997
-1.3888449999999999
-1.394399
-1.3807850000000004
-1.3782069999999997
-1.3888449999999999
-1.394399
-1.3807850000000004
-1.3782069999999997
-1.3888449999999999
-1.394399
-1.3807850000000004
-1.3782069999999997
-1.3888449999999999
-1.394399
-1.3807850000000004
-1.3782069999999997
-1.3888449999999999
-1.394399
-1.3807850000000004
-1.3782069999999997
-1.3888449999999999
-1.394399
-1.3807850000000004
-1.3782069999999997
-1.3888449999999999
-1.394399
-1.3807850000000004
-1.3782069999999997
-1.3888449999999999
-1.394399
-1.3807850000000004
-1.3782069999999997
-1.3888449999999999
-1.394399
-1.3807850000000004
-1.3782069999999997
-1.3888449999999999
-1.394399
-1.3807850000000004
-1.3782069999999997
-1.3888449999999999
-1.394399
-1.3807850000000004
-1.3782069999999997
-1.3888449999999999
-1.394399
-1.3807850000000004
-1.3782069999999997
-1.3888449999999999
-1.394399
-1.3807850000000004
-1.3782069999999997
-1.3888449999999999
-1.394399
-1.3807850000000004
-1.3782069999999997
-1.3888449999999999
-1.394399
-1.3807850000000004
-1.3782069999999997
-1.3888449999999999
-1.394399
-1.3807850000000004
-1.3782069999999997
-1.3888449999999999
-1.394399
-1.3807850000000004
-1.3782069999999997
-1.3888449999999999
-1.394399
-1.3807850000000004
-1.3782069999999997
-1.3888449999999999
-1.394399
-1.3807850000000004
-1.3782069999999997
-1.3888449999999999
-1.394399
-1.3807850000000004
-1.3782069999999997
-1.3888449999999999
-1.394399
-1.3807850000000004
-1.3782069999999997
-1.3888449999999999
-1.394399
-1.3807850000000004
-1.3782069999999997
-1.3888449999999999
-1.394399
-1.3807850000000004
-1.3782069999999997
-1.3888449999999999
-1.394399
-1.3807850000000004
-1.3782069999999997
-1.3888449999999999
-1.394399
-1.3807850000000004
-1.3782069999999997
-1.3888449999999999
-1.394399
-1.3807850000000004
-1.3782069999999997
-1.3888449999999999
-1.394399
-1.3807850000000004
-1.3782069999999997
-1.3888449999999999
-1.394399
-1.3807850000000004
-1.3782069999999997
-1.3888449999999999
-1.394399
-1.3807850000000004
-1.3782069999999997
-1.3888449999999999
-1.394399
-1.3807850000000004
-1.3782069999999997
-1.3888449999999999
-1.394399
-1.3807850000000004
-1.3782069999999997
-1.3888449999999999
-1.394399
-1.3807850000000004
-1.3782069999999997
-1.3888449999999999
-1.394399
-1.3807850000000004
-1.3782069999999997
-1.3888449999999999
-1.394399
-1.3807850000000004
-1.3782069999999997
-1.3888449999999999
-1.394399
-1.3807850000000004
-1.3782069999999997
-1.3888449999999999
-1.394399
-1.3807850000000004
