0.48902799999999935
0.48902799999999935
0.48902799999999935
0.48902799999999935
0.48902799999999935
0.48902799999999935
0.48902799999999935
0.48902799999999935
0.48902799999999935
0.48902799999999935
0.48902799999999935
0.48902799999999935
0.48902799999999935
0.48902799999999935
0.48902799999999935
0.48902799999999935
0.48902799999999935
0.48902799999999935
0.48902799999999935
0.48902799999999935
0.48902799999999935
0.48902799999999935
0.48902799999999935
0.48902799999999935
0.48902799999999935
0.48902799999999935
0.48902799999999935
0.48902799999999935
0.48902799999999935
0.48902799999999935
0.48902799999999935
0.48902799999999935
0.48902799999999935
0.48902799999999935
0.48902799999999935
0.48902799999999935
0.48902799999999935
0.48902799999999935
0.48902799999999935
0.48902799999999935
0.48902799999999935
0.48902799999999935
0.48902799999999935
0.48902799999999935
0.48902799999999935
0.48902799999999935
0.48902799999999935
0.48902799999999935
0.48902799999999935
0.48902799999999935
-0.4890290000000004
-0.4890290000000004
-0.4890290000000004
-0.4890290000000004
-0.4890290000000004
-0.4890290000000004
-0.4890290000000004
-0.4890290000000004
-0.4890290000000004
-0.4890290000000004
-0.4890290000000004
-0.4890290000000004
-0.4890290000000004
-0.4890290000000004
-0.4890290000000004
-0.4890290000000004
-0.4890290000000004
-0.4890290000000004
-0.4890290000000004
-0.4890290000000004
-0.4890290000000004
-0.4890290000000004
-0.4890290000000004
-0.4890290000000004
-0.4890290000000004
-0.4890290000000004
-0.4890290000000004
-0.4890290000000004
-0.4890290000000004
-0.4890290000000004
-0.4890290000000004
-0.4890290000000004
-0.4890290000000004
-0.4890290000000004
-0.4890290000000004
-0.4890290000000004
-0.4890290000000004
-0.4890290000000004
-0.4890290000000004
-0.4890290000000004
-0.4890290000000004
-0.4890290000000004
-0.4890290000000004
-0.4890290000000004
-0.4890290000000004
-0.4890290000000004
-0.4890290000000004
-0.4890290000000004
-0.4890290000000004
-0.4890290000000004
