1.3216020000000004
1.3216020000000004
1.3216020000000004
1.3216020000000004
1.3216020000000004
1.3216020000000004
1.3216020000000004
1.3216020000000004
1.3216020000000004
1.3216020000000004
1.3216020000000004
1.3216020000000004
1.3216020000000004
1.3216020000000004
1.3216020000000004
1.3216020000000004
1.3216020000000004
1.3216020000000004
1.3216020000000004
1.3216020000000004
1.3216020000000004
1.3216020000000004
1.3216020000000004
1.3216020000000004
1.3216020000000004
1.3216020000000004
1.3216020000000004
1.3216020000000004
1.3216020000000004
1.3216020000000004
1.3216020000000004
1.3216020000000004
1.3216020000000004
1.3216020000000004
1.3216020000000004
1.3216020000000004
1.3216020000000004
1.3216020000000004
1.3216020000000004
1.3216020000000004
1.3216020000000004
1.3216020000000004
1.3216020000000004
1.3216020000000004
1.3216020000000004
1.3216020000000004
1.3216020000000004
1.3216020000000004
1.3216020000000004
1.3216020000000004
1.3216020000000004
1.3216020000000004
1.3216020000000004
1.3216020000000004
1.3216020000000004
1.3216020000000004
1.3216020000000004
1.3216020000000004
1.3216020000000004
1.3216020000000004
1.3216020000000004
1.3216020000000004
1.3216020000000004
1.3216020000000004
1.3216020000000004
1.3216020000000004
1.3216020000000004
1.3216020000000004
1.3216020000000004
1.3216020000000004
1.3216020000000004
1.3216020000000004
1.3216020000000004
1.3216020000000004
1.3216020000000004
1.3216020000000004
1.3216020000000004
1.3216020000000004
1.3216020000000004
1.3216020000000004
1.3216020000000004
1.3216020000000004
1.3216020000000004
1.3216020000000004
1.3216020000000004
1.3216020000000004
1.3216020000000004
1.3216020000000004
1.3216020000000004
1.3216020000000004
1.3216020000000004
1.3216020000000004
1.3216020000000004
1.3216020000000004
1.3216020000000004
1.3216020000000004
-1.3215979999999998
-1.3216070000000002
-1.3215979999999998
-1.3216070000000002
-1.3215979999999998
-1.3216070000000002
-1.3215979999999998
-1.3216070000000002
-1.3215979999999998
-1.3216070000000002
-1.3215979999999998
-1.3216070000000002
-1.3215979999999998
-1.3216070000000002
-1.3215979999999998
-1.3216070000000002
-1.3215979999999998
-1.3216070000000002
-1.3215979999999998
-1.3216070000000002
-1.3215979999999998
-1.3216070000000002
-1.3215979999999998
-1.3216070000000002
-1.3215979999999998
-1.3216070000000002
-1.3215979999999998
-1.3216070000000002
-1.3215979999999998
-1.3216070000000002
-1.3215979999999998
-1.3216070000000002
-1.3215979999999998
-1.3216070000000002
-1.3215979999999998
-1.3216070000000002
-1.3215979999999998
-1.3216070000000002
-1.3215979999999998
-1.3216070000000002
-1.3215979999999998
-1.3216070000000002
-1.3215979999999998
-1.3216070000000002
-1.3215979999999998
-1.3216070000000002
-1.3215979999999998
-1.3216070000000002
-1.3215979999999998
-1.3216070000000002
-1.3215979999999998
-1.3216070000000002
-1.3215979999999998
-1.3216070000000002
-1.3215979999999998
-1.3216070000000002
-1.3215979999999998
-1.3216070000000002
-1.3215979999999998
-1.3216070000000002
-1.3215979999999998
-1.3216070000000002
-1.3215979999999998
-1.3216070000000002
-1.3215979999999998
-1.3216070000000002
-1.3215979999999998
-1.3216070000000002
-1.3215979999999998
-1.3216070000000002
-1.3215979999999998
-1.3216070000000002
-1.3215979999999998
-1.3216070000000002
-1.3215979999999998
-1.3216070000000002
-1.3215979999999998
-1.3216070000000002
-1.3215979999999998
-1.3216070000000002
-1.3215979999999998
-1.3216070000000002
-1.3215979999999998
-1.3216070000000002
-1.3215979999999998
-1.3216070000000002
-1.3215979999999998
-1.3216070000000002
-1.3215979999999998
-1.3216070000000002
-1.3215979999999998
-1.3216070000000002
-1.3215979999999998
-1.3216070000000002
-1.3215979999999998
-1.3216070000000002
