1.291544
1.291544
1.291544
1.291544
1.291544
1.291544
1.291544
1.291544
1.291544
1.291544
1.291544
1.291544
1.291544
1.291544
1.291544
1.291544
1.291544
1.291544
1.291544
1.291544
1.291544
1.291544
1.291544
1.291544
1.291544
1.291544
1.291544
-1.291544
-1.291544
-1.291544
-1.291544
-1.291544
-1.291544
-1.291544
-1.291544
-1.291544
-1.291544
-1.291544
-1.291544
-1.291544
-1.291544
-1.291544
-1.291544
-1.291544
-1.291544
-1.291544
-1.291544
-1.291544
-1.291544
-1.291544
-1.291544
-1.291544
-1.291544
-1.291544
