1.4339689999999994
1.4358559999999994
1.4345630000000007
1.4363329999999994
1.4339689999999994
1.4358559999999994
1.4345630000000007
1.4363329999999994
1.4339689999999994
1.4358559999999994
1.4345630000000007
1.4363329999999994
1.4339689999999994
1.4358559999999994
1.4345630000000007
1.4363329999999994
1.4339689999999994
1.4358559999999994
1.4345630000000007
1.4363329999999994
1.4339689999999994
1.4358559999999994
1.4345630000000007
1.4363329999999994
1.4339689999999994
1.4358559999999994
1.4345630000000007
1.4363329999999994
1.4339689999999994
1.4358559999999994
1.4345630000000007
1.4363329999999994
1.4339689999999994
1.4358559999999994
1.4345630000000007
1.4363329999999994
1.4339689999999994
1.4358559999999994
1.4345630000000007
1.4363329999999994
1.4339689999999994
1.4358559999999994
1.4345630000000007
1.4363329999999994
1.4339689999999994
1.4358559999999994
1.4345630000000007
1.4363329999999994
1.4339689999999994
1.4358559999999994
1.4345630000000007
1.4363329999999994
1.4339689999999994
1.4358559999999994
1.4345630000000007
1.4363329999999994
1.4339689999999994
1.4358559999999994
1.4345630000000007
1.4363329999999994
1.4339689999999994
1.4358559999999994
1.4345630000000007
1.4363329999999994
1.4339689999999994
1.4358559999999994
1.4345630000000007
1.4363329999999994
1.4339689999999994
1.4358559999999994
1.4345630000000007
1.4363329999999994
1.4339689999999994
1.4358559999999994
1.4345630000000007
1.4363329999999994
1.4339689999999994
1.4358559999999994
1.4345630000000007
1.4363329999999994
1.4339689999999994
1.4358559999999994
1.4345630000000007
1.4363329999999994
1.4339689999999994
1.4358559999999994
1.4345630000000007
1.4363329999999994
1.4339689999999994
1.4358559999999994
1.4345630000000007
1.4363329999999994
1.4339689999999994
1.4358559999999994
1.4345630000000007
1.4363329999999994
1.4339689999999994
1.4358559999999994
1.4345630000000007
1.4363329999999994
1.4339689999999994
1.4358559999999994
1.4345630000000007
1.4363329999999994
1.4339689999999994
1.4358559999999994
1.4345630000000007
1.4363329999999994
1.4339689999999994
1.4358559999999994
1.4345630000000007
1.4363329999999994
1.4339689999999994
1.4358559999999994
1.4345630000000007
1.4363329999999994
1.4339689999999994
1.4358559999999994
1.4345630000000007
1.4363329999999994
1.4339689999999994
1.4358559999999994
1.4345630000000007
1.4363329999999994
1.4339689999999994
1.4358559999999994
1.4345630000000007
1.4363329999999994
1.4339689999999994
1.4358559999999994
1.4345630000000007
1.4363329999999994
1.4339689999999994
1.4358559999999994
1.4345630000000007
1.4363329999999994
1.4339689999999994
1.4358559999999994
1.4345630000000007
1.4363329999999994
1.4339689999999994
1.4358559999999994
1.4345630000000007
1.4363329999999994
-1.4352179999999999
-1.434851
-1.4348010000000002
-1.4358469999999999
-1.4352179999999999
-1.434851
-1.4348010000000002
-1.4358469999999999
-1.4352179999999999
-1.434851
-1.4348010000000002
-1.4358469999999999
-1.4352179999999999
-1.434851
-1.4348010000000002
-1.4358469999999999
-1.4352179999999999
-1.434851
-1.4348010000000002
-1.4358469999999999
-1.4352179999999999
-1.434851
-1.4348010000000002
-1.4358469999999999
-1.4352179999999999
-1.434851
-1.4348010000000002
-1.4358469999999999
-1.4352179999999999
-1.434851
-1.4348010000000002
-1.4358469999999999
-1.4352179999999999
-1.434851
-1.4348010000000002
-1.4358469999999999
-1.4352179999999999
-1.434851
-1.4348010000000002
-1.4358469999999999
-1.4352179999999999
-1.434851
-1.4348010000000002
-1.4358469999999999
-1.4352179999999999
-1.434851
-1.4348010000000002
-1.4358469999999999
-1.4352179999999999
-1.434851
-1.4348010000000002
-1.4358469999999999
-1.4352179999999999
-1.434851
-1.4348010000000002
-1.4358469999999999
-1.4352179999999999
-1.434851
-1.4348010000000002
-1.4358469999999999
-1.4352179999999999
-1.434851
-1.4348010000000002
-1.4358469999999999
-1.4352179999999999
-1.434851
-1.4348010000000002
-1.4358469999999999
-1.4352179999999999
-1.434851
-1.4348010000000002
-1.4358469999999999
-1.4352179999999999
-1.434851
-1.4348010000000002
-1.4358469999999999
-1.4352179999999999
-1.434851
-1.4348010000000002
-1.4358469999999999
-1.4352179999999999
-1.434851
-1.4348010000000002
-1.4358469999999999
-1.4352179999999999
-1.434851
-1.4348010000000002
-1.4358469999999999
-1.4352179999999999
-1.434851
-1.4348010000000002
-1.4358469999999999
-1.4352179999999999
-1.434851
-1.4348010000000002
-1.4358469999999999
-1.4352179999999999
-1.434851
-1.4348010000000002
-1.4358469999999999
-1.4352179999999999
-1.434851
-1.4348010000000002
-1.4358469999999999
-1.4352179999999999
-1.434851
-1.4348010000000002
-1.4358469999999999
-1.4352179999999999
-1.434851
-1.4348010000000002
-1.4358469999999999
-1.4352179999999999
-1.434851
-1.4348010000000002
-1.4358469999999999
-1.4352179999999999
-1.434851
-1.4348010000000002
-1.4358469999999999
-1.4352179999999999
-1.434851
-1.4348010000000002
-1.4358469999999999
-1.4352179999999999
-1.434851
-1.4348010000000002
-1.4358469999999999
-1.4352179999999999
-1.434851
-1.4348010000000002
-1.4358469999999999
-1.4352179999999999
-1.434851
-1.4348010000000002
-1.4358469999999999
-1.4352179999999999
-1.434851
-1.4348010000000002
-1.4358469999999999
-1.4352179999999999
-1.434851
-1.4348010000000002
-1.4358469999999999
