1.4436649999999993
1.444077
1.4439840000000004
1.4438440000000003
1.4436649999999993
1.444077
1.4439840000000004
1.4438440000000003
1.4436649999999993
1.444077
1.4439840000000004
1.4438440000000003
1.4436649999999993
1.444077
1.4439840000000004
1.4438440000000003
1.4436649999999993
1.444077
1.4439840000000004
1.4438440000000003
1.4436649999999993
1.444077
1.4439840000000004
1.4438440000000003
1.4436649999999993
1.444077
1.4439840000000004
1.4438440000000003
1.4436649999999993
1.444077
1.4439840000000004
1.4438440000000003
1.4436649999999993
1.444077
1.4439840000000004
1.4438440000000003
1.4436649999999993
1.444077
1.4439840000000004
1.4438440000000003
1.4436649999999993
1.444077
1.4439840000000004
1.4438440000000003
1.4436649999999993
1.444077
1.4439840000000004
1.4438440000000003
1.4436649999999993
1.444077
1.4439840000000004
1.4438440000000003
1.4436649999999993
1.444077
1.4439840000000004
1.4438440000000003
1.4436649999999993
1.444077
1.4439840000000004
1.4438440000000003
1.4436649999999993
1.444077
1.4439840000000004
1.4438440000000003
1.4436649999999993
1.444077
1.4439840000000004
1.4438440000000003
1.4436649999999993
1.444077
1.4439840000000004
1.4438440000000003
1.4436649999999993
1.444077
1.4439840000000004
1.4438440000000003
1.4436649999999993
1.444077
1.4439840000000004
1.4438440000000003
1.4436649999999993
1.444077
1.4439840000000004
1.4438440000000003
1.4436649999999993
1.444077
1.4439840000000004
1.4438440000000003
1.4436649999999993
1.444077
1.4439840000000004
1.4438440000000003
1.4436649999999993
1.444077
1.4439840000000004
1.4438440000000003
1.4436649999999993
1.444077
1.4439840000000004
1.4438440000000003
1.4436649999999993
1.444077
1.4439840000000004
1.4438440000000003
1.4436649999999993
1.444077
1.4439840000000004
1.4438440000000003
-1.4439440000000001
-1.4435779999999996
-1.443905
-1.444146
-1.4439440000000001
-1.4435779999999996
-1.443905
-1.444146
-1.4439440000000001
-1.4435779999999996
-1.443905
-1.444146
-1.4439440000000001
-1.4435779999999996
-1.443905
-1.444146
-1.4439440000000001
-1.4435779999999996
-1.443905
-1.444146
-1.4439440000000001
-1.4435779999999996
-1.443905
-1.444146
-1.4439440000000001
-1.4435779999999996
-1.443905
-1.444146
-1.4439440000000001
-1.4435779999999996
-1.443905
-1.444146
-1.4439440000000001
-1.4435779999999996
-1.443905
-1.444146
-1.4439440000000001
-1.4435779999999996
-1.443905
-1.444146
-1.4439440000000001
-1.4435779999999996
-1.443905
-1.444146
-1.4439440000000001
-1.4435779999999996
-1.443905
-1.444146
-1.4439440000000001
-1.4435779999999996
-1.443905
-1.444146
-1.4439440000000001
-1.4435779999999996
-1.443905
-1.444146
-1.4439440000000001
-1.4435779999999996
-1.443905
-1.444146
-1.4439440000000001
-1.4435779999999996
-1.443905
-1.444146
-1.4439440000000001
-1.4435779999999996
-1.443905
-1.444146
-1.4439440000000001
-1.4435779999999996
-1.443905
-1.444146
-1.4439440000000001
-1.4435779999999996
-1.443905
-1.444146
-1.4439440000000001
-1.4435779999999996
-1.443905
-1.444146
-1.4439440000000001
-1.4435779999999996
-1.443905
-1.444146
-1.4439440000000001
-1.4435779999999996
-1.443905
-1.444146
-1.4439440000000001
-1.4435779999999996
-1.443905
-1.444146
-1.4439440000000001
-1.4435779999999996
-1.443905
-1.444146
-1.4439440000000001
-1.4435779999999996
-1.443905
-1.444146
-1.4439440000000001
-1.4435779999999996
-1.443905
-1.444146
-1.4439440000000001
-1.4435779999999996
-1.443905
-1.444146
