1.4388100000000001
1.4360099999999996
1.4375470000000004
1.4355080000000005
1.4388100000000001
1.4360099999999996
1.4375470000000004
1.4355080000000005
1.4388100000000001
1.4360099999999996
1.4375470000000004
1.4355080000000005
1.4388100000000001
1.4360099999999996
1.4375470000000004
1.4355080000000005
1.4388100000000001
1.4360099999999996
1.4375470000000004
1.4355080000000005
1.4388100000000001
1.4360099999999996
1.4375470000000004
1.4355080000000005
1.4388100000000001
1.4360099999999996
1.4375470000000004
1.4355080000000005
1.4388100000000001
1.4360099999999996
1.4375470000000004
1.4355080000000005
1.4388100000000001
1.4360099999999996
1.4375470000000004
1.4355080000000005
1.4388100000000001
1.4360099999999996
1.4375470000000004
1.4355080000000005
1.4388100000000001
1.4360099999999996
1.4375470000000004
1.4355080000000005
1.4388100000000001
1.4360099999999996
1.4375470000000004
1.4355080000000005
1.4388100000000001
1.4360099999999996
1.4375470000000004
1.4355080000000005
1.4388100000000001
1.4360099999999996
1.4375470000000004
1.4355080000000005
1.4388100000000001
1.4360099999999996
1.4375470000000004
1.4355080000000005
1.4388100000000001
1.4360099999999996
1.4375470000000004
1.4355080000000005
1.4388100000000001
1.4360099999999996
1.4375470000000004
1.4355080000000005
1.4388100000000001
1.4360099999999996
1.4375470000000004
1.4355080000000005
1.4388100000000001
1.4360099999999996
1.4375470000000004
1.4355080000000005
1.4388100000000001
1.4360099999999996
1.4375470000000004
1.4355080000000005
1.4388100000000001
1.4360099999999996
1.4375470000000004
1.4355080000000005
1.4388100000000001
1.4360099999999996
1.4375470000000004
1.4355080000000005
1.4388100000000001
1.4360099999999996
1.4375470000000004
1.4355080000000005
1.4388100000000001
1.4360099999999996
1.4375470000000004
1.4355080000000005
1.4388100000000001
1.4360099999999996
1.4375470000000004
1.4355080000000005
1.4388100000000001
1.4360099999999996
1.4375470000000004
1.4355080000000005
1.4388100000000001
1.4360099999999996
1.4375470000000004
1.4355080000000005
1.4388100000000001
1.4360099999999996
1.4375470000000004
1.4355080000000005
1.4388100000000001
1.4360099999999996
1.4375470000000004
1.4355080000000005
1.4388100000000001
1.4360099999999996
1.4375470000000004
1.4355080000000005
1.4388100000000001
1.4360099999999996
1.4375470000000004
1.4355080000000005
1.4388100000000001
1.4360099999999996
1.4375470000000004
1.4355080000000005
1.4388100000000001
1.4360099999999996
1.4375470000000004
1.4355080000000005
1.4388100000000001
1.4360099999999996
1.4375470000000004
1.4355080000000005
1.4388100000000001
1.4360099999999996
1.4375470000000004
1.4355080000000005
1.4388100000000001
1.4360099999999996
1.4375470000000004
1.4355080000000005
-1.43783
-1.4358820000000003
-1.4375669999999996
-1.4365930000000002
-1.43783
-1.4358820000000003
-1.4375669999999996
-1.4365930000000002
-1.43783
-1.4358820000000003
-1.4375669999999996
-1.4365930000000002
-1.43783
-1.4358820000000003
-1.4375669999999996
-1.4365930000000002
-1.43783
-1.4358820000000003
-1.4375669999999996
-1.4365930000000002
-1.43783
-1.4358820000000003
-1.4375669999999996
-1.4365930000000002
-1.43783
-1.4358820000000003
-1.4375669999999996
-1.4365930000000002
-1.43783
-1.4358820000000003
-1.4375669999999996
-1.4365930000000002
-1.43783
-1.4358820000000003
-1.4375669999999996
-1.4365930000000002
-1.43783
-1.4358820000000003
-1.4375669999999996
-1.4365930000000002
-1.43783
-1.4358820000000003
-1.4375669999999996
-1.4365930000000002
-1.43783
-1.4358820000000003
-1.4375669999999996
-1.4365930000000002
-1.43783
-1.4358820000000003
-1.4375669999999996
-1.4365930000000002
-1.43783
-1.4358820000000003
-1.4375669999999996
-1.4365930000000002
-1.43783
-1.4358820000000003
-1.4375669999999996
-1.4365930000000002
-1.43783
-1.4358820000000003
-1.4375669999999996
-1.4365930000000002
-1.43783
-1.4358820000000003
-1.4375669999999996
-1.4365930000000002
-1.43783
-1.4358820000000003
-1.4375669999999996
-1.4365930000000002
-1.43783
-1.4358820000000003
-1.4375669999999996
-1.4365930000000002
-1.43783
-1.4358820000000003
-1.4375669999999996
-1.4365930000000002
-1.43783
-1.4358820000000003
-1.4375669999999996
-1.4365930000000002
-1.43783
-1.4358820000000003
-1.4375669999999996
-1.4365930000000002
-1.43783
-1.4358820000000003
-1.4375669999999996
-1.4365930000000002
-1.43783
-1.4358820000000003
-1.4375669999999996
-1.4365930000000002
-1.43783
-1.4358820000000003
-1.4375669999999996
-1.4365930000000002
-1.43783
-1.4358820000000003
-1.4375669999999996
-1.4365930000000002
-1.43783
-1.4358820000000003
-1.4375669999999996
-1.4365930000000002
-1.43783
-1.4358820000000003
-1.4375669999999996
-1.4365930000000002
-1.43783
-1.4358820000000003
-1.4375669999999996
-1.4365930000000002
-1.43783
-1.4358820000000003
-1.4375669999999996
-1.4365930000000002
-1.43783
-1.4358820000000003
-1.4375669999999996
-1.4365930000000002
-1.43783
-1.4358820000000003
-1.4375669999999996
-1.4365930000000002
-1.43783
-1.4358820000000003
-1.4375669999999996
-1.4365930000000002
-1.43783
-1.4358820000000003
-1.4375669999999996
-1.4365930000000002
-1.43783
-1.4358820000000003
-1.4375669999999996
-1.4365930000000002
-1.43783
-1.4358820000000003
-1.4375669999999996
-1.4365930000000002
