1.412934
1.4220469999999992
1.4184289999999997
1.4191889999999994
1.412934
1.4220469999999992
1.4184289999999997
1.4191889999999994
1.412934
1.4220469999999992
1.4184289999999997
1.4191889999999994
1.412934
1.4220469999999992
1.4184289999999997
1.4191889999999994
1.412934
1.4220469999999992
1.4184289999999997
1.4191889999999994
1.412934
1.4220469999999992
1.4184289999999997
1.4191889999999994
1.412934
1.4220469999999992
1.4184289999999997
1.4191889999999994
1.412934
1.4220469999999992
1.4184289999999997
1.4191889999999994
1.412934
1.4220469999999992
1.4184289999999997
1.4191889999999994
1.412934
1.4220469999999992
1.4184289999999997
1.4191889999999994
1.412934
1.4220469999999992
1.4184289999999997
1.4191889999999994
1.412934
1.4220469999999992
1.4184289999999997
1.4191889999999994
1.412934
1.4220469999999992
1.4184289999999997
1.4191889999999994
1.412934
1.4220469999999992
1.4184289999999997
1.4191889999999994
1.412934
1.4220469999999992
1.4184289999999997
1.4191889999999994
1.412934
1.4220469999999992
1.4184289999999997
1.4191889999999994
1.412934
1.4220469999999992
1.4184289999999997
1.4191889999999994
1.412934
1.4220469999999992
1.4184289999999997
1.4191889999999994
1.412934
1.4220469999999992
1.4184289999999997
1.4191889999999994
1.412934
1.4220469999999992
1.4184289999999997
1.4191889999999994
1.412934
1.4220469999999992
1.4184289999999997
1.4191889999999994
1.412934
1.4220469999999992
1.4184289999999997
1.4191889999999994
1.412934
1.4220469999999992
1.4184289999999997
1.4191889999999994
1.412934
1.4220469999999992
1.4184289999999997
1.4191889999999994
1.412934
1.4220469999999992
1.4184289999999997
1.4191889999999994
1.412934
1.4220469999999992
1.4184289999999997
1.4191889999999994
1.412934
1.4220469999999992
1.4184289999999997
1.4191889999999994
1.412934
1.4220469999999992
1.4184289999999997
1.4191889999999994
1.412934
1.4220469999999992
1.4184289999999997
1.4191889999999994
1.412934
1.4220469999999992
1.4184289999999997
1.4191889999999994
1.412934
1.4220469999999992
1.4184289999999997
1.4191889999999994
1.412934
1.4220469999999992
1.4184289999999997
1.4191889999999994
1.412934
1.4220469999999992
1.4184289999999997
1.4191889999999994
1.412934
1.4220469999999992
1.4184289999999997
1.4191889999999994
1.412934
1.4220469999999992
1.4184289999999997
1.4191889999999994
1.412934
1.4220469999999992
1.4184289999999997
1.4191889999999994
1.412934
1.4220469999999992
1.4184289999999997
1.4191889999999994
1.412934
1.4220469999999992
1.4184289999999997
1.4191889999999994
1.412934
1.4220469999999992
1.4184289999999997
1.4191889999999994
1.412934
1.4220469999999992
1.4184289999999997
1.4191889999999994
1.412934
1.4220469999999992
1.4184289999999997
1.4191889999999994
1.412934
1.4220469999999992
1.4184289999999997
1.4191889999999994
1.412934
1.4220469999999992
1.4184289999999997
1.4191889999999994
1.412934
1.4220469999999992
1.4184289999999997
1.4191889999999994
1.412934
1.4220469999999992
1.4184289999999997
1.4191889999999994
1.412934
1.4220469999999992
1.4184289999999997
1.4191889999999994
1.412934
1.4220469999999992
1.4184289999999997
1.4191889999999994
1.412934
1.4220469999999992
1.4184289999999997
1.4191889999999994
-1.4221779999999997
-1.4213509999999996
-1.410081
-1.4189889999999998
-1.4221779999999997
-1.4213509999999996
-1.410081
-1.4189889999999998
-1.4221779999999997
-1.4213509999999996
-1.410081
-1.4189889999999998
-1.4221779999999997
-1.4213509999999996
-1.410081
-1.4189889999999998
-1.4221779999999997
-1.4213509999999996
-1.410081
-1.4189889999999998
-1.4221779999999997
-1.4213509999999996
-1.410081
-1.4189889999999998
-1.4221779999999997
-1.4213509999999996
-1.410081
-1.4189889999999998
-1.4221779999999997
-1.4213509999999996
-1.410081
-1.4189889999999998
-1.4221779999999997
-1.4213509999999996
-1.410081
-1.4189889999999998
-1.4221779999999997
-1.4213509999999996
-1.410081
-1.4189889999999998
-1.4221779999999997
-1.4213509999999996
-1.410081
-1.4189889999999998
-1.4221779999999997
-1.4213509999999996
-1.410081
-1.4189889999999998
-1.4221779999999997
-1.4213509999999996
-1.410081
-1.4189889999999998
-1.4221779999999997
-1.4213509999999996
-1.410081
-1.4189889999999998
-1.4221779999999997
-1.4213509999999996
-1.410081
-1.4189889999999998
-1.4221779999999997
-1.4213509999999996
-1.410081
-1.4189889999999998
-1.4221779999999997
-1.4213509999999996
-1.410081
-1.4189889999999998
-1.4221779999999997
-1.4213509999999996
-1.410081
-1.4189889999999998
-1.4221779999999997
-1.4213509999999996
-1.410081
-1.4189889999999998
-1.4221779999999997
-1.4213509999999996
-1.410081
-1.4189889999999998
-1.4221779999999997
-1.4213509999999996
-1.410081
-1.4189889999999998
-1.4221779999999997
-1.4213509999999996
-1.410081
-1.4189889999999998
-1.4221779999999997
-1.4213509999999996
-1.410081
-1.4189889999999998
-1.4221779999999997
-1.4213509999999996
-1.410081
-1.4189889999999998
-1.4221779999999997
-1.4213509999999996
-1.410081
-1.4189889999999998
-1.4221779999999997
-1.4213509999999996
-1.410081
-1.4189889999999998
-1.4221779999999997
-1.4213509999999996
-1.410081
-1.4189889999999998
-1.4221779999999997
-1.4213509999999996
-1.410081
-1.4189889999999998
-1.4221779999999997
-1.4213509999999996
-1.410081
-1.4189889999999998
-1.4221779999999997
-1.4213509999999996
-1.410081
-1.4189889999999998
-1.4221779999999997
-1.4213509999999996
-1.410081
-1.4189889999999998
-1.4221779999999997
-1.4213509999999996
-1.410081
-1.4189889999999998
-1.4221779999999997
-1.4213509999999996
-1.410081
-1.4189889999999998
-1.4221779999999997
-1.4213509999999996
-1.410081
-1.4189889999999998
-1.4221779999999997
-1.4213509999999996
-1.410081
-1.4189889999999998
-1.4221779999999997
-1.4213509999999996
-1.410081
-1.4189889999999998
-1.4221779999999997
-1.4213509999999996
-1.410081
-1.4189889999999998
-1.4221779999999997
-1.4213509999999996
-1.410081
-1.4189889999999998
-1.4221779999999997
-1.4213509999999996
-1.410081
-1.4189889999999998
-1.4221779999999997
-1.4213509999999996
-1.410081
-1.4189889999999998
-1.4221779999999997
-1.4213509999999996
-1.410081
-1.4189889999999998
-1.4221779999999997
-1.4213509999999996
-1.410081
-1.4189889999999998
-1.4221779999999997
-1.4213509999999996
-1.410081
-1.4189889999999998
-1.4221779999999997
-1.4213509999999996
-1.410081
-1.4189889999999998
-1.4221779999999997
-1.4213509999999996
-1.410081
-1.4189889999999998
-1.4221779999999997
-1.4213509999999996
-1.410081
-1.4189889999999998
-1.4221779999999997
-1.4213509999999996
-1.410081
-1.4189889999999998
-1.4221779999999997
-1.4213509999999996
-1.410081
-1.4189889999999998
