1.2350949999999994
1.2350949999999994
1.2350949999999994
1.2350949999999994
1.2350949999999994
1.2350949999999994
1.2350949999999994
1.2350949999999994
1.2350949999999994
1.2350949999999994
1.2350949999999994
1.2350949999999994
1.2350949999999994
1.2350949999999994
1.2350949999999994
1.2350949999999994
1.2350949999999994
1.2350949999999994
1.2350949999999994
1.2350949999999994
1.2350949999999994
1.2350949999999994
1.2350949999999994
1.2350949999999994
1.2350949999999994
1.2350949999999994
1.2350949999999994
-1.2350960000000004
-1.2350960000000004
-1.2350960000000004
-1.2350960000000004
-1.2350960000000004
-1.2350960000000004
-1.2350960000000004
-1.2350960000000004
-1.2350960000000004
-1.2350960000000004
-1.2350960000000004
-1.2350960000000004
-1.2350960000000004
-1.2350960000000004
-1.2350960000000004
-1.2350960000000004
-1.2350960000000004
-1.2350960000000004
-1.2350960000000004
-1.2350960000000004
-1.2350960000000004
-1.2350960000000004
-1.2350960000000004
-1.2350960000000004
-1.2350960000000004
-1.2350960000000004
-1.2350960000000004
