1.2615219999999994
1.2615219999999994
1.2615219999999994
1.2615219999999994
1.2615219999999994
1.2615219999999994
1.2615219999999994
1.2615219999999994
1.2615219999999994
1.2615219999999994
1.2615219999999994
1.2615219999999994
1.2615219999999994
1.2615219999999994
1.2615219999999994
1.2615219999999994
1.2615219999999994
1.2615219999999994
1.2615219999999994
1.2615219999999994
1.2615219999999994
1.2615219999999994
1.2615219999999994
1.2615219999999994
1.2615219999999994
1.2615219999999994
1.2615219999999994
1.2615219999999994
1.2615219999999994
1.2615219999999994
1.2615219999999994
1.2615219999999994
1.2615219999999994
1.2615219999999994
1.2615219999999994
1.2615219999999994
1.2615219999999994
1.2615219999999994
1.2615219999999994
1.2615219999999994
1.2615219999999994
1.2615219999999994
1.2615219999999994
1.2615219999999994
1.2615219999999994
1.2615219999999994
1.2615219999999994
1.2615219999999994
1.2615219999999994
1.2615219999999994
1.2615219999999994
1.2615219999999994
1.2615219999999994
1.2615219999999994
-1.26152
-1.26152
-1.26152
-1.26152
-1.26152
-1.26152
-1.26152
-1.26152
-1.26152
-1.26152
-1.26152
-1.26152
-1.26152
-1.26152
-1.26152
-1.26152
-1.26152
-1.26152
-1.26152
-1.26152
-1.26152
-1.26152
-1.26152
-1.26152
-1.26152
-1.26152
-1.26152
-1.26152
-1.26152
-1.26152
-1.26152
-1.26152
-1.26152
-1.26152
-1.26152
-1.26152
-1.26152
-1.26152
-1.26152
-1.26152
-1.26152
-1.26152
-1.26152
-1.26152
-1.26152
-1.26152
-1.26152
-1.26152
-1.26152
-1.26152
-1.26152
-1.26152
-1.26152
-1.26152
