1.4318629999999999
1.438891
1.4338350000000002
1.4389160000000007
1.4318629999999999
1.438891
1.4338350000000002
1.4389160000000007
1.4318629999999999
1.438891
1.4338350000000002
1.4389160000000007
1.4318629999999999
1.438891
1.4338350000000002
1.4389160000000007
1.4318629999999999
1.438891
1.4338350000000002
1.4389160000000007
1.4318629999999999
1.438891
1.4338350000000002
1.4389160000000007
1.4318629999999999
1.438891
1.4338350000000002
1.4389160000000007
1.4318629999999999
1.438891
1.4338350000000002
1.4389160000000007
1.4318629999999999
1.438891
1.4338350000000002
1.4389160000000007
1.4318629999999999
1.438891
1.4338350000000002
1.4389160000000007
1.4318629999999999
1.438891
1.4338350000000002
1.4389160000000007
1.4318629999999999
1.438891
1.4338350000000002
1.4389160000000007
1.4318629999999999
1.438891
1.4338350000000002
1.4389160000000007
1.4318629999999999
1.438891
1.4338350000000002
1.4389160000000007
1.4318629999999999
1.438891
1.4338350000000002
1.4389160000000007
1.4318629999999999
1.438891
1.4338350000000002
1.4389160000000007
1.4318629999999999
1.438891
1.4338350000000002
1.4389160000000007
1.4318629999999999
1.438891
1.4338350000000002
1.4389160000000007
1.4318629999999999
1.438891
1.4338350000000002
1.4389160000000007
1.4318629999999999
1.438891
1.4338350000000002
1.4389160000000007
1.4318629999999999
1.438891
1.4338350000000002
1.4389160000000007
1.4318629999999999
1.438891
1.4338350000000002
1.4389160000000007
1.4318629999999999
1.438891
1.4338350000000002
1.4389160000000007
1.4318629999999999
1.438891
1.4338350000000002
1.4389160000000007
1.4318629999999999
1.438891
1.4338350000000002
1.4389160000000007
1.4318629999999999
1.438891
1.4338350000000002
1.4389160000000007
1.4318629999999999
1.438891
1.4338350000000002
1.4389160000000007
1.4318629999999999
1.438891
1.4338350000000002
1.4389160000000007
1.4318629999999999
1.438891
1.4338350000000002
1.4389160000000007
1.4318629999999999
1.438891
1.4338350000000002
1.4389160000000007
1.4318629999999999
1.438891
1.4338350000000002
1.4389160000000007
1.4318629999999999
1.438891
1.4338350000000002
1.4389160000000007
1.4318629999999999
1.438891
1.4338350000000002
1.4389160000000007
1.4318629999999999
1.438891
1.4338350000000002
1.4389160000000007
1.4318629999999999
1.438891
1.4338350000000002
1.4389160000000007
1.4318629999999999
1.438891
1.4338350000000002
1.4389160000000007
-1.4354880000000003
-1.4362240000000002
-1.4358259999999996
-1.4359669999999998
-1.4354880000000003
-1.4362240000000002
-1.4358259999999996
-1.4359669999999998
-1.4354880000000003
-1.4362240000000002
-1.4358259999999996
-1.4359669999999998
-1.4354880000000003
-1.4362240000000002
-1.4358259999999996
-1.4359669999999998
-1.4354880000000003
-1.4362240000000002
-1.4358259999999996
-1.4359669999999998
-1.4354880000000003
-1.4362240000000002
-1.4358259999999996
-1.4359669999999998
-1.4354880000000003
-1.4362240000000002
-1.4358259999999996
-1.4359669999999998
-1.4354880000000003
-1.4362240000000002
-1.4358259999999996
-1.4359669999999998
-1.4354880000000003
-1.4362240000000002
-1.4358259999999996
-1.4359669999999998
-1.4354880000000003
-1.4362240000000002
-1.4358259999999996
-1.4359669999999998
-1.4354880000000003
-1.4362240000000002
-1.4358259999999996
-1.4359669999999998
-1.4354880000000003
-1.4362240000000002
-1.4358259999999996
-1.4359669999999998
-1.4354880000000003
-1.4362240000000002
-1.4358259999999996
-1.4359669999999998
-1.4354880000000003
-1.4362240000000002
-1.4358259999999996
-1.4359669999999998
-1.4354880000000003
-1.4362240000000002
-1.4358259999999996
-1.4359669999999998
-1.4354880000000003
-1.4362240000000002
-1.4358259999999996
-1.4359669999999998
-1.4354880000000003
-1.4362240000000002
-1.4358259999999996
-1.4359669999999998
-1.4354880000000003
-1.4362240000000002
-1.4358259999999996
-1.4359669999999998
-1.4354880000000003
-1.4362240000000002
-1.4358259999999996
-1.4359669999999998
-1.4354880000000003
-1.4362240000000002
-1.4358259999999996
-1.4359669999999998
-1.4354880000000003
-1.4362240000000002
-1.4358259999999996
-1.4359669999999998
-1.4354880000000003
-1.4362240000000002
-1.4358259999999996
-1.4359669999999998
-1.4354880000000003
-1.4362240000000002
-1.4358259999999996
-1.4359669999999998
-1.4354880000000003
-1.4362240000000002
-1.4358259999999996
-1.4359669999999998
-1.4354880000000003
-1.4362240000000002
-1.4358259999999996
-1.4359669999999998
-1.4354880000000003
-1.4362240000000002
-1.4358259999999996
-1.4359669999999998
-1.4354880000000003
-1.4362240000000002
-1.4358259999999996
-1.4359669999999998
-1.4354880000000003
-1.4362240000000002
-1.4358259999999996
-1.4359669999999998
-1.4354880000000003
-1.4362240000000002
-1.4358259999999996
-1.4359669999999998
-1.4354880000000003
-1.4362240000000002
-1.4358259999999996
-1.4359669999999998
-1.4354880000000003
-1.4362240000000002
-1.4358259999999996
-1.4359669999999998
-1.4354880000000003
-1.4362240000000002
-1.4358259999999996
-1.4359669999999998
-1.4354880000000003
-1.4362240000000002
-1.4358259999999996
-1.4359669999999998
-1.4354880000000003
-1.4362240000000002
-1.4358259999999996
-1.4359669999999998
-1.4354880000000003
-1.4362240000000002
-1.4358259999999996
-1.4359669999999998
-1.4354880000000003
-1.4362240000000002
-1.4358259999999996
-1.4359669999999998
