1.4682019999999998
1.4682019999999998
1.4682019999999998
1.4682019999999998
1.4682019999999998
1.4682019999999998
1.4682019999999998
1.4682019999999998
1.4682019999999998
1.4682019999999998
1.4682019999999998
1.4682019999999998
1.4682019999999998
1.4682019999999998
1.4682019999999998
1.4682019999999998
1.4682019999999998
1.4682019999999998
1.4682019999999998
1.4682019999999998
1.4682019999999998
1.4682019999999998
1.4682019999999998
1.4682019999999998
1.4682019999999998
1.4682019999999998
1.4682019999999998
1.4682019999999998
1.4682019999999998
1.4682019999999998
1.4682019999999998
1.4682019999999998
1.4682019999999998
1.4682019999999998
1.4682019999999998
1.4682019999999998
1.4682019999999998
1.4682019999999998
1.4682019999999998
1.4682019999999998
1.4682019999999998
1.4682019999999998
1.4682019999999998
1.4682019999999998
1.4682019999999998
1.4682019999999998
1.4682019999999998
1.4682019999999998
1.4682019999999998
1.4682019999999998
1.4682019999999998
1.4682019999999998
1.4682019999999998
1.4682019999999998
1.4682019999999998
1.4682019999999998
1.4682019999999998
1.4682019999999998
1.4682019999999998
1.4682019999999998
1.4682019999999998
1.4682019999999998
1.4682019999999998
1.4682019999999998
1.4682019999999998
1.4682019999999998
1.4682019999999998
1.4682019999999998
1.4682019999999998
1.4682019999999998
1.4682019999999998
1.4682019999999998
-1.468203
-1.468203
-1.468203
-1.468203
-1.468203
-1.468203
-1.468203
-1.468203
-1.468203
-1.468203
-1.468203
-1.468203
-1.468203
-1.468203
-1.468203
-1.468203
-1.468203
-1.468203
-1.468203
-1.468203
-1.468203
-1.468203
-1.468203
-1.468203
-1.468203
-1.468203
-1.468203
-1.468203
-1.468203
-1.468203
-1.468203
-1.468203
-1.468203
-1.468203
-1.468203
-1.468203
-1.468203
-1.468203
-1.468203
-1.468203
-1.468203
-1.468203
-1.468203
-1.468203
-1.468203
-1.468203
-1.468203
-1.468203
-1.468203
-1.468203
-1.468203
-1.468203
-1.468203
-1.468203
-1.468203
-1.468203
-1.468203
-1.468203
-1.468203
-1.468203
-1.468203
-1.468203
-1.468203
-1.468203
-1.468203
-1.468203
-1.468203
-1.468203
-1.468203
-1.468203
-1.468203
-1.468203
