1.4204039999999996
1.4214149999999997
1.4125189999999996
1.4153640000000003
1.4204039999999996
1.4214149999999997
1.4125189999999996
1.4153640000000003
1.4204039999999996
1.4214149999999997
1.4125189999999996
1.4153640000000003
1.4204039999999996
1.4214149999999997
1.4125189999999996
1.4153640000000003
1.4204039999999996
1.4214149999999997
1.4125189999999996
1.4153640000000003
1.4204039999999996
1.4214149999999997
1.4125189999999996
1.4153640000000003
1.4204039999999996
1.4214149999999997
1.4125189999999996
1.4153640000000003
1.4204039999999996
1.4214149999999997
1.4125189999999996
1.4153640000000003
1.4204039999999996
1.4214149999999997
1.4125189999999996
1.4153640000000003
1.4204039999999996
1.4214149999999997
1.4125189999999996
1.4153640000000003
1.4204039999999996
1.4214149999999997
1.4125189999999996
1.4153640000000003
1.4204039999999996
1.4214149999999997
1.4125189999999996
1.4153640000000003
1.4204039999999996
1.4214149999999997
1.4125189999999996
1.4153640000000003
1.4204039999999996
1.4214149999999997
1.4125189999999996
1.4153640000000003
1.4204039999999996
1.4214149999999997
1.4125189999999996
1.4153640000000003
1.4204039999999996
1.4214149999999997
1.4125189999999996
1.4153640000000003
1.4204039999999996
1.4214149999999997
1.4125189999999996
1.4153640000000003
1.4204039999999996
1.4214149999999997
1.4125189999999996
1.4153640000000003
1.4204039999999996
1.4214149999999997
1.4125189999999996
1.4153640000000003
1.4204039999999996
1.4214149999999997
1.4125189999999996
1.4153640000000003
1.4204039999999996
1.4214149999999997
1.4125189999999996
1.4153640000000003
1.4204039999999996
1.4214149999999997
1.4125189999999996
1.4153640000000003
1.4204039999999996
1.4214149999999997
1.4125189999999996
1.4153640000000003
1.4204039999999996
1.4214149999999997
1.4125189999999996
1.4153640000000003
1.4204039999999996
1.4214149999999997
1.4125189999999996
1.4153640000000003
1.4204039999999996
1.4214149999999997
1.4125189999999996
1.4153640000000003
1.4204039999999996
1.4214149999999997
1.4125189999999996
1.4153640000000003
1.4204039999999996
1.4214149999999997
1.4125189999999996
1.4153640000000003
1.4204039999999996
1.4214149999999997
1.4125189999999996
1.4153640000000003
1.4204039999999996
1.4214149999999997
1.4125189999999996
1.4153640000000003
1.4204039999999996
1.4214149999999997
1.4125189999999996
1.4153640000000003
1.4204039999999996
1.4214149999999997
1.4125189999999996
1.4153640000000003
1.4204039999999996
1.4214149999999997
1.4125189999999996
1.4153640000000003
1.4204039999999996
1.4214149999999997
1.4125189999999996
1.4153640000000003
1.4204039999999996
1.4214149999999997
1.4125189999999996
1.4153640000000003
1.4204039999999996
1.4214149999999997
1.4125189999999996
1.4153640000000003
-1.4157450000000003
-1.4196540000000004
-1.4165970000000003
-1.4177030000000004
-1.4157450000000003
-1.4196540000000004
-1.4165970000000003
-1.4177030000000004
-1.4157450000000003
-1.4196540000000004
-1.4165970000000003
-1.4177030000000004
-1.4157450000000003
-1.4196540000000004
-1.4165970000000003
-1.4177030000000004
-1.4157450000000003
-1.4196540000000004
-1.4165970000000003
-1.4177030000000004
-1.4157450000000003
-1.4196540000000004
-1.4165970000000003
-1.4177030000000004
-1.4157450000000003
-1.4196540000000004
-1.4165970000000003
-1.4177030000000004
-1.4157450000000003
-1.4196540000000004
-1.4165970000000003
-1.4177030000000004
-1.4157450000000003
-1.4196540000000004
-1.4165970000000003
-1.4177030000000004
-1.4157450000000003
-1.4196540000000004
-1.4165970000000003
-1.4177030000000004
-1.4157450000000003
-1.4196540000000004
-1.4165970000000003
-1.4177030000000004
-1.4157450000000003
-1.4196540000000004
-1.4165970000000003
-1.4177030000000004
-1.4157450000000003
-1.4196540000000004
-1.4165970000000003
-1.4177030000000004
-1.4157450000000003
-1.4196540000000004
-1.4165970000000003
-1.4177030000000004
-1.4157450000000003
-1.4196540000000004
-1.4165970000000003
-1.4177030000000004
-1.4157450000000003
-1.4196540000000004
-1.4165970000000003
-1.4177030000000004
-1.4157450000000003
-1.4196540000000004
-1.4165970000000003
-1.4177030000000004
-1.4157450000000003
-1.4196540000000004
-1.4165970000000003
-1.4177030000000004
-1.4157450000000003
-1.4196540000000004
-1.4165970000000003
-1.4177030000000004
-1.4157450000000003
-1.4196540000000004
-1.4165970000000003
-1.4177030000000004
-1.4157450000000003
-1.4196540000000004
-1.4165970000000003
-1.4177030000000004
-1.4157450000000003
-1.4196540000000004
-1.4165970000000003
-1.4177030000000004
-1.4157450000000003
-1.4196540000000004
-1.4165970000000003
-1.4177030000000004
-1.4157450000000003
-1.4196540000000004
-1.4165970000000003
-1.4177030000000004
-1.4157450000000003
-1.4196540000000004
-1.4165970000000003
-1.4177030000000004
-1.4157450000000003
-1.4196540000000004
-1.4165970000000003
-1.4177030000000004
-1.4157450000000003
-1.4196540000000004
-1.4165970000000003
-1.4177030000000004
-1.4157450000000003
-1.4196540000000004
-1.4165970000000003
-1.4177030000000004
-1.4157450000000003
-1.4196540000000004
-1.4165970000000003
-1.4177030000000004
-1.4157450000000003
-1.4196540000000004
-1.4165970000000003
-1.4177030000000004
-1.4157450000000003
-1.4196540000000004
-1.4165970000000003
-1.4177030000000004
-1.4157450000000003
-1.4196540000000004
-1.4165970000000003
-1.4177030000000004
-1.4157450000000003
-1.4196540000000004
-1.4165970000000003
-1.4177030000000004
-1.4157450000000003
-1.4196540000000004
-1.4165970000000003
-1.4177030000000004
-1.4157450000000003
-1.4196540000000004
-1.4165970000000003
-1.4177030000000004
-1.4157450000000003
-1.4196540000000004
-1.4165970000000003
-1.4177030000000004
