1.4388290000000001
1.4389140000000005
1.4394380000000009
1.4387209999999993
1.4388290000000001
1.4389140000000005
1.4394380000000009
1.4387209999999993
1.4388290000000001
1.4389140000000005
1.4394380000000009
1.4387209999999993
1.4388290000000001
1.4389140000000005
1.4394380000000009
1.4387209999999993
1.4388290000000001
1.4389140000000005
1.4394380000000009
1.4387209999999993
1.4388290000000001
1.4389140000000005
1.4394380000000009
1.4387209999999993
1.4388290000000001
1.4389140000000005
1.4394380000000009
1.4387209999999993
1.4388290000000001
1.4389140000000005
1.4394380000000009
1.4387209999999993
1.4388290000000001
1.4389140000000005
1.4394380000000009
1.4387209999999993
1.4388290000000001
1.4389140000000005
1.4394380000000009
1.4387209999999993
1.4388290000000001
1.4389140000000005
1.4394380000000009
1.4387209999999993
1.4388290000000001
1.4389140000000005
1.4394380000000009
1.4387209999999993
1.4388290000000001
1.4389140000000005
1.4394380000000009
1.4387209999999993
1.4388290000000001
1.4389140000000005
1.4394380000000009
1.4387209999999993
1.4388290000000001
1.4389140000000005
1.4394380000000009
1.4387209999999993
1.4388290000000001
1.4389140000000005
1.4394380000000009
1.4387209999999993
1.4388290000000001
1.4389140000000005
1.4394380000000009
1.4387209999999993
1.4388290000000001
1.4389140000000005
1.4394380000000009
1.4387209999999993
1.4388290000000001
1.4389140000000005
1.4394380000000009
1.4387209999999993
1.4388290000000001
1.4389140000000005
1.4394380000000009
1.4387209999999993
1.4388290000000001
1.4389140000000005
1.4394380000000009
1.4387209999999993
1.4388290000000001
1.4389140000000005
1.4394380000000009
1.4387209999999993
1.4388290000000001
1.4389140000000005
1.4394380000000009
1.4387209999999993
1.4388290000000001
1.4389140000000005
1.4394380000000009
1.4387209999999993
1.4388290000000001
1.4389140000000005
1.4394380000000009
1.4387209999999993
1.4388290000000001
1.4389140000000005
1.4394380000000009
1.4387209999999993
1.4388290000000001
1.4389140000000005
1.4394380000000009
1.4387209999999993
-1.4391179999999997
-1.4391879999999997
-1.4390599999999996
-1.438536
-1.4391179999999997
-1.4391879999999997
-1.4390599999999996
-1.438536
-1.4391179999999997
-1.4391879999999997
-1.4390599999999996
-1.438536
-1.4391179999999997
-1.4391879999999997
-1.4390599999999996
-1.438536
-1.4391179999999997
-1.4391879999999997
-1.4390599999999996
-1.438536
-1.4391179999999997
-1.4391879999999997
-1.4390599999999996
-1.438536
-1.4391179999999997
-1.4391879999999997
-1.4390599999999996
-1.438536
-1.4391179999999997
-1.4391879999999997
-1.4390599999999996
-1.438536
-1.4391179999999997
-1.4391879999999997
-1.4390599999999996
-1.438536
-1.4391179999999997
-1.4391879999999997
-1.4390599999999996
-1.438536
-1.4391179999999997
-1.4391879999999997
-1.4390599999999996
-1.438536
-1.4391179999999997
-1.4391879999999997
-1.4390599999999996
-1.438536
-1.4391179999999997
-1.4391879999999997
-1.4390599999999996
-1.438536
-1.4391179999999997
-1.4391879999999997
-1.4390599999999996
-1.438536
-1.4391179999999997
-1.4391879999999997
-1.4390599999999996
-1.438536
-1.4391179999999997
-1.4391879999999997
-1.4390599999999996
-1.438536
-1.4391179999999997
-1.4391879999999997
-1.4390599999999996
-1.438536
-1.4391179999999997
-1.4391879999999997
-1.4390599999999996
-1.438536
-1.4391179999999997
-1.4391879999999997
-1.4390599999999996
-1.438536
-1.4391179999999997
-1.4391879999999997
-1.4390599999999996
-1.438536
-1.4391179999999997
-1.4391879999999997
-1.4390599999999996
-1.438536
-1.4391179999999997
-1.4391879999999997
-1.4390599999999996
-1.438536
-1.4391179999999997
-1.4391879999999997
-1.4390599999999996
-1.438536
-1.4391179999999997
-1.4391879999999997
-1.4390599999999996
-1.438536
-1.4391179999999997
-1.4391879999999997
-1.4390599999999996
-1.438536
-1.4391179999999997
-1.4391879999999997
-1.4390599999999996
-1.438536
-1.4391179999999997
-1.4391879999999997
-1.4390599999999996
-1.438536
