1.3360230000000008
1.3532449999999994
1.3360230000000008
1.3532449999999994
1.3360230000000008
1.3532449999999994
1.3360230000000008
1.3532449999999994
1.3360230000000008
1.3532449999999994
1.3360230000000008
1.3532449999999994
1.3360230000000008
1.3532449999999994
1.3360230000000008
1.3532449999999994
1.3360230000000008
1.3532449999999994
1.3360230000000008
1.3532449999999994
1.3360230000000008
1.3532449999999994
1.3360230000000008
1.3532449999999994
1.3360230000000008
1.3532449999999994
1.3360230000000008
1.3532449999999994
1.3360230000000008
1.3532449999999994
1.3360230000000008
1.3532449999999994
1.3360230000000008
1.3532449999999994
1.3360230000000008
1.3532449999999994
1.3360230000000008
1.3532449999999994
1.3360230000000008
1.3532449999999994
1.3360230000000008
1.3532449999999994
1.3360230000000008
1.3532449999999994
1.3360230000000008
1.3532449999999994
1.3360230000000008
1.3532449999999994
1.3360230000000008
1.3532449999999994
1.3360230000000008
1.3532449999999994
1.3360230000000008
1.3532449999999994
1.3360230000000008
1.3532449999999994
1.3360230000000008
1.3532449999999994
1.3360230000000008
1.3532449999999994
1.3360230000000008
1.3532449999999994
1.3360230000000008
1.3532449999999994
1.3360230000000008
1.3532449999999994
1.3360230000000008
1.3532449999999994
1.3360230000000008
1.3532449999999994
1.3360230000000008
1.3532449999999994
1.3360230000000008
1.3532449999999994
1.3360230000000008
1.3532449999999994
1.3360230000000008
1.3532449999999994
1.3360230000000008
1.3532449999999994
1.3360230000000008
1.3532449999999994
1.3360230000000008
1.3532449999999994
1.3360230000000008
1.3532449999999994
1.3360230000000008
1.3532449999999994
1.3360230000000008
1.3532449999999994
1.3360230000000008
1.3532449999999994
1.3360230000000008
1.3532449999999994
1.3360230000000008
1.3532449999999994
1.3360230000000008
1.3532449999999994
1.3360230000000008
1.3532449999999994
1.3360230000000008
1.3532449999999994
1.3360230000000008
1.3532449999999994
1.3360230000000008
1.3532449999999994
1.3360230000000008
1.3532449999999994
1.3360230000000008
1.3532449999999994
1.3360230000000008
1.3532449999999994
1.3360230000000008
1.3532449999999994
1.3360230000000008
1.3532449999999994
1.3360230000000008
1.3532449999999994
1.3360230000000008
1.3532449999999994
-1.3506460000000002
-1.338622
-1.3506460000000002
-1.338622
-1.3506460000000002
-1.338622
-1.3506460000000002
-1.338622
-1.3506460000000002
-1.338622
-1.3506460000000002
-1.338622
-1.3506460000000002
-1.338622
-1.3506460000000002
-1.338622
-1.3506460000000002
-1.338622
-1.3506460000000002
-1.338622
-1.3506460000000002
-1.338622
-1.3506460000000002
-1.338622
-1.3506460000000002
-1.338622
-1.3506460000000002
-1.338622
-1.3506460000000002
-1.338622
-1.3506460000000002
-1.338622
-1.3506460000000002
-1.338622
-1.3506460000000002
-1.338622
-1.3506460000000002
-1.338622
-1.3506460000000002
-1.338622
-1.3506460000000002
-1.338622
-1.3506460000000002
-1.338622
-1.3506460000000002
-1.338622
-1.3506460000000002
-1.338622
-1.3506460000000002
-1.338622
-1.3506460000000002
-1.338622
-1.3506460000000002
-1.338622
-1.3506460000000002
-1.338622
-1.3506460000000002
-1.338622
-1.3506460000000002
-1.338622
-1.3506460000000002
-1.338622
-1.3506460000000002
-1.338622
-1.3506460000000002
-1.338622
-1.3506460000000002
-1.338622
-1.3506460000000002
-1.338622
-1.3506460000000002
-1.338622
-1.3506460000000002
-1.338622
-1.3506460000000002
-1.338622
-1.3506460000000002
-1.338622
-1.3506460000000002
-1.338622
-1.3506460000000002
-1.338622
-1.3506460000000002
-1.338622
-1.3506460000000002
-1.338622
-1.3506460000000002
-1.338622
-1.3506460000000002
-1.338622
-1.3506460000000002
-1.338622
-1.3506460000000002
-1.338622
-1.3506460000000002
-1.338622
-1.3506460000000002
-1.338622
-1.3506460000000002
-1.338622
-1.3506460000000002
-1.338622
-1.3506460000000002
-1.338622
-1.3506460000000002
-1.338622
-1.3506460000000002
-1.338622
-1.3506460000000002
-1.338622
-1.3506460000000002
-1.338622
-1.3506460000000002
-1.338622
-1.3506460000000002
-1.338622
-1.3506460000000002
-1.338622
-1.3506460000000002
-1.338622
