0.7681389999999997
0.7681389999999997
0.7681389999999997
0.7681389999999997
0.7681389999999997
0.7681389999999997
0.7681389999999997
0.7681389999999997
0.7681389999999997
0.7681389999999997
0.7681389999999997
0.7681389999999997
0.7681389999999997
0.7681389999999997
0.7681389999999997
0.7681389999999997
0.7681389999999997
0.7681389999999997
0.7681389999999997
0.7681389999999997
0.7681389999999997
0.7681389999999997
0.7681389999999997
0.7681389999999997
0.7681389999999997
0.7681389999999997
0.7681389999999997
0.7681389999999997
0.7681389999999997
0.7681389999999997
0.7681389999999997
0.7681389999999997
0.7681389999999997
0.7681389999999997
0.7681389999999997
0.7681389999999997
0.7681389999999997
0.7681389999999997
0.7681389999999997
0.7681389999999997
0.7681389999999997
0.7681389999999997
0.7681389999999997
0.7681389999999997
0.7681389999999997
0.7681389999999997
0.7681389999999997
0.7681389999999997
0.7681389999999997
0.7681389999999997
0.7681389999999997
0.7681389999999997
0.7681389999999997
0.7681389999999997
0.7681389999999997
0.7681389999999997
0.7681389999999997
0.7681389999999997
0.7681389999999997
0.7681389999999997
0.7681389999999997
0.7681389999999997
0.7681389999999997
0.7681389999999997
-0.7681389999999997
-0.7681389999999997
-0.7681389999999997
-0.7681389999999997
-0.7681389999999997
-0.7681389999999997
-0.7681389999999997
-0.7681389999999997
-0.7681389999999997
-0.7681389999999997
-0.7681389999999997
-0.7681389999999997
-0.7681389999999997
-0.7681389999999997
-0.7681389999999997
-0.7681389999999997
-0.7681389999999997
-0.7681389999999997
-0.7681389999999997
-0.7681389999999997
-0.7681389999999997
-0.7681389999999997
-0.7681389999999997
-0.7681389999999997
-0.7681389999999997
-0.7681389999999997
-0.7681389999999997
-0.7681389999999997
-0.7681389999999997
-0.7681389999999997
-0.7681389999999997
-0.7681389999999997
-0.7681389999999997
-0.7681389999999997
-0.7681389999999997
-0.7681389999999997
-0.7681389999999997
-0.7681389999999997
-0.7681389999999997
-0.7681389999999997
-0.7681389999999997
-0.7681389999999997
-0.7681389999999997
-0.7681389999999997
-0.7681389999999997
-0.7681389999999997
-0.7681389999999997
-0.7681389999999997
-0.7681389999999997
-0.7681389999999997
-0.7681389999999997
-0.7681389999999997
-0.7681389999999997
-0.7681389999999997
-0.7681389999999997
-0.7681389999999997
-0.7681389999999997
-0.7681389999999997
-0.7681389999999997
-0.7681389999999997
-0.7681389999999997
-0.7681389999999997
-0.7681389999999997
-0.7681389999999997
