1.4409949999999991
1.4408729999999998
1.4410539999999994
1.4406149999999993
1.4409949999999991
1.4408729999999998
1.4410539999999994
1.4406149999999993
1.4409949999999991
1.4408729999999998
1.4410539999999994
1.4406149999999993
1.4409949999999991
1.4408729999999998
1.4410539999999994
1.4406149999999993
1.4409949999999991
1.4408729999999998
1.4410539999999994
1.4406149999999993
1.4409949999999991
1.4408729999999998
1.4410539999999994
1.4406149999999993
1.4409949999999991
1.4408729999999998
1.4410539999999994
1.4406149999999993
1.4409949999999991
1.4408729999999998
1.4410539999999994
1.4406149999999993
1.4409949999999991
1.4408729999999998
1.4410539999999994
1.4406149999999993
1.4409949999999991
1.4408729999999998
1.4410539999999994
1.4406149999999993
1.4409949999999991
1.4408729999999998
1.4410539999999994
1.4406149999999993
1.4409949999999991
1.4408729999999998
1.4410539999999994
1.4406149999999993
1.4409949999999991
1.4408729999999998
1.4410539999999994
1.4406149999999993
1.4409949999999991
1.4408729999999998
1.4410539999999994
1.4406149999999993
1.4409949999999991
1.4408729999999998
1.4410539999999994
1.4406149999999993
1.4409949999999991
1.4408729999999998
1.4410539999999994
1.4406149999999993
1.4409949999999991
1.4408729999999998
1.4410539999999994
1.4406149999999993
1.4409949999999991
1.4408729999999998
1.4410539999999994
1.4406149999999993
1.4409949999999991
1.4408729999999998
1.4410539999999994
1.4406149999999993
1.4409949999999991
1.4408729999999998
1.4410539999999994
1.4406149999999993
1.4409949999999991
1.4408729999999998
1.4410539999999994
1.4406149999999993
1.4409949999999991
1.4408729999999998
1.4410539999999994
1.4406149999999993
1.4409949999999991
1.4408729999999998
1.4410539999999994
1.4406149999999993
1.4409949999999991
1.4408729999999998
1.4410539999999994
1.4406149999999993
1.4409949999999991
1.4408729999999998
1.4410539999999994
1.4406149999999993
1.4409949999999991
1.4408729999999998
1.4410539999999994
1.4406149999999993
1.4409949999999991
1.4408729999999998
1.4410539999999994
1.4406149999999993
-1.4410160000000003
-1.44081
-1.4407709999999998
-1.4409419999999997
-1.4410160000000003
-1.44081
-1.4407709999999998
-1.4409419999999997
-1.4410160000000003
-1.44081
-1.4407709999999998
-1.4409419999999997
-1.4410160000000003
-1.44081
-1.4407709999999998
-1.4409419999999997
-1.4410160000000003
-1.44081
-1.4407709999999998
-1.4409419999999997
-1.4410160000000003
-1.44081
-1.4407709999999998
-1.4409419999999997
-1.4410160000000003
-1.44081
-1.4407709999999998
-1.4409419999999997
-1.4410160000000003
-1.44081
-1.4407709999999998
-1.4409419999999997
-1.4410160000000003
-1.44081
-1.4407709999999998
-1.4409419999999997
-1.4410160000000003
-1.44081
-1.4407709999999998
-1.4409419999999997
-1.4410160000000003
-1.44081
-1.4407709999999998
-1.4409419999999997
-1.4410160000000003
-1.44081
-1.4407709999999998
-1.4409419999999997
-1.4410160000000003
-1.44081
-1.4407709999999998
-1.4409419999999997
-1.4410160000000003
-1.44081
-1.4407709999999998
-1.4409419999999997
-1.4410160000000003
-1.44081
-1.4407709999999998
-1.4409419999999997
-1.4410160000000003
-1.44081
-1.4407709999999998
-1.4409419999999997
-1.4410160000000003
-1.44081
-1.4407709999999998
-1.4409419999999997
-1.4410160000000003
-1.44081
-1.4407709999999998
-1.4409419999999997
-1.4410160000000003
-1.44081
-1.4407709999999998
-1.4409419999999997
-1.4410160000000003
-1.44081
-1.4407709999999998
-1.4409419999999997
-1.4410160000000003
-1.44081
-1.4407709999999998
-1.4409419999999997
-1.4410160000000003
-1.44081
-1.4407709999999998
-1.4409419999999997
-1.4410160000000003
-1.44081
-1.4407709999999998
-1.4409419999999997
-1.4410160000000003
-1.44081
-1.4407709999999998
-1.4409419999999997
-1.4410160000000003
-1.44081
-1.4407709999999998
-1.4409419999999997
-1.4410160000000003
-1.44081
-1.4407709999999998
-1.4409419999999997
-1.4410160000000003
-1.44081
-1.4407709999999998
-1.4409419999999997
