1.156345
1.1757720000000003
1.156345
1.1757720000000003
1.156345
1.1757720000000003
1.156345
1.1757720000000003
1.156345
1.1757720000000003
1.156345
1.1757720000000003
1.156345
1.1757720000000003
1.156345
1.1757720000000003
1.156345
1.1757720000000003
1.156345
1.1757720000000003
1.156345
1.1757720000000003
1.156345
1.1757720000000003
1.156345
1.1757720000000003
1.156345
1.1757720000000003
1.156345
1.1757720000000003
1.156345
1.1757720000000003
1.156345
1.1757720000000003
1.156345
1.1757720000000003
1.156345
1.1757720000000003
1.156345
1.1757720000000003
1.156345
1.1757720000000003
1.156345
1.1757720000000003
1.156345
1.1757720000000003
1.156345
1.1757720000000003
1.156345
1.1757720000000003
1.156345
1.1757720000000003
1.156345
1.1757720000000003
1.156345
1.1757720000000003
1.156345
1.1757720000000003
1.156345
1.1757720000000003
1.156345
1.1757720000000003
1.156345
1.1757720000000003
1.156345
1.1757720000000003
1.156345
1.1757720000000003
1.156345
1.1757720000000003
1.156345
1.1757720000000003
1.156345
1.1757720000000003
1.156345
1.1757720000000003
1.156345
1.1757720000000003
1.156345
1.1757720000000003
1.156345
1.1757720000000003
1.156345
1.1757720000000003
1.156345
1.1757720000000003
1.156345
1.1757720000000003
1.156345
1.1757720000000003
1.156345
1.1757720000000003
1.156345
1.1757720000000003
1.156345
1.1757720000000003
1.156345
1.1757720000000003
1.156345
1.1757720000000003
1.156345
1.1757720000000003
1.156345
1.1757720000000003
1.156345
1.1757720000000003
1.156345
1.1757720000000003
1.156345
1.1757720000000003
1.156345
1.1757720000000003
1.156345
1.1757720000000003
1.156345
1.1757720000000003
1.156345
1.1757720000000003
1.156345
1.1757720000000003
-1.1679469999999998
-1.164168
-1.1679469999999998
-1.164168
-1.1679469999999998
-1.164168
-1.1679469999999998
-1.164168
-1.1679469999999998
-1.164168
-1.1679469999999998
-1.164168
-1.1679469999999998
-1.164168
-1.1679469999999998
-1.164168
-1.1679469999999998
-1.164168
-1.1679469999999998
-1.164168
-1.1679469999999998
-1.164168
-1.1679469999999998
-1.164168
-1.1679469999999998
-1.164168
-1.1679469999999998
-1.164168
-1.1679469999999998
-1.164168
-1.1679469999999998
-1.164168
-1.1679469999999998
-1.164168
-1.1679469999999998
-1.164168
-1.1679469999999998
-1.164168
-1.1679469999999998
-1.164168
-1.1679469999999998
-1.164168
-1.1679469999999998
-1.164168
-1.1679469999999998
-1.164168
-1.1679469999999998
-1.164168
-1.1679469999999998
-1.164168
-1.1679469999999998
-1.164168
-1.1679469999999998
-1.164168
-1.1679469999999998
-1.164168
-1.1679469999999998
-1.164168
-1.1679469999999998
-1.164168
-1.1679469999999998
-1.164168
-1.1679469999999998
-1.164168
-1.1679469999999998
-1.164168
-1.1679469999999998
-1.164168
-1.1679469999999998
-1.164168
-1.1679469999999998
-1.164168
-1.1679469999999998
-1.164168
-1.1679469999999998
-1.164168
-1.1679469999999998
-1.164168
-1.1679469999999998
-1.164168
-1.1679469999999998
-1.164168
-1.1679469999999998
-1.164168
-1.1679469999999998
-1.164168
-1.1679469999999998
-1.164168
-1.1679469999999998
-1.164168
-1.1679469999999998
-1.164168
-1.1679469999999998
-1.164168
-1.1679469999999998
-1.164168
-1.1679469999999998
-1.164168
-1.1679469999999998
-1.164168
-1.1679469999999998
-1.164168
-1.1679469999999998
-1.164168
-1.1679469999999998
-1.164168
-1.1679469999999998
-1.164168
-1.1679469999999998
-1.164168
-1.1679469999999998
-1.164168
-1.1679469999999998
-1.164168
-1.1679469999999998
-1.164168
-1.1679469999999998
-1.164168
-1.1679469999999998
-1.164168
