1.2152840000000005
1.2212049999999994
1.220568
1.0711480000000009
1.2152840000000005
1.2212049999999994
1.220568
1.0711480000000009
1.2152840000000005
1.2212049999999994
1.220568
1.0711480000000009
1.2152840000000005
1.2212049999999994
1.220568
1.0711480000000009
1.2152840000000005
1.2212049999999994
1.220568
1.0711480000000009
1.2152840000000005
1.2212049999999994
1.220568
1.0711480000000009
1.2152840000000005
1.2212049999999994
1.220568
1.0711480000000009
1.2152840000000005
1.2212049999999994
1.220568
1.0711480000000009
1.2152840000000005
1.2212049999999994
1.220568
1.0711480000000009
1.2152840000000005
1.2212049999999994
1.220568
1.0711480000000009
1.2152840000000005
1.2212049999999994
1.220568
1.0711480000000009
1.2152840000000005
1.2212049999999994
1.220568
1.0711480000000009
1.2152840000000005
1.2212049999999994
1.220568
1.0711480000000009
1.2152840000000005
1.2212049999999994
1.220568
1.0711480000000009
1.2152840000000005
1.2212049999999994
1.220568
1.0711480000000009
1.2152840000000005
1.2212049999999994
1.220568
1.0711480000000009
1.2152840000000005
1.2212049999999994
1.220568
1.0711480000000009
1.2152840000000005
1.2212049999999994
1.220568
1.0711480000000009
1.2152840000000005
1.2212049999999994
1.220568
1.0711480000000009
1.2152840000000005
1.2212049999999994
1.220568
1.0711480000000009
1.2152840000000005
1.2212049999999994
1.220568
1.0711480000000009
1.2152840000000005
1.2212049999999994
1.220568
1.0711480000000009
1.2152840000000005
1.2212049999999994
1.220568
1.0711480000000009
1.2152840000000005
1.2212049999999994
1.220568
1.0711480000000009
1.2152840000000005
1.2212049999999994
1.220568
1.0711480000000009
1.2152840000000005
1.2212049999999994
1.220568
1.0711480000000009
1.2152840000000005
1.2212049999999994
1.220568
1.0711480000000009
1.2152840000000005
1.2212049999999994
1.220568
1.0711480000000009
1.2152840000000005
1.2212049999999994
1.220568
1.0711480000000009
1.2152840000000005
1.2212049999999994
1.220568
1.0711480000000009
1.2152840000000005
1.2212049999999994
1.220568
1.0711480000000009
1.2152840000000005
1.2212049999999994
1.220568
1.0711480000000009
1.2152840000000005
1.2212049999999994
1.220568
1.0711480000000009
1.2152840000000005
1.2212049999999994
1.220568
1.0711480000000009
1.2152840000000005
1.2212049999999994
1.220568
1.0711480000000009
1.2152840000000005
1.2212049999999994
1.220568
1.0711480000000009
1.2152840000000005
1.2212049999999994
1.220568
1.0711480000000009
1.2152840000000005
1.2212049999999994
1.220568
1.0711480000000009
1.2152840000000005
1.2212049999999994
1.220568
1.0711480000000009
1.2152840000000005
1.2212049999999994
1.220568
1.0711480000000009
1.2152840000000005
1.2212049999999994
1.220568
1.0711480000000009
1.2152840000000005
1.2212049999999994
1.220568
1.0711480000000009
1.2152840000000005
1.2212049999999994
1.220568
1.0711480000000009
1.2152840000000005
1.2212049999999994
1.220568
1.0711480000000009
1.2152840000000005
1.2212049999999994
1.220568
1.0711480000000009
-1.1670920000000002
-1.265327
-1.1497140000000003
-1.14607
-1.1670920000000002
-1.265327
-1.1497140000000003
-1.14607
-1.1670920000000002
-1.265327
-1.1497140000000003
-1.14607
-1.1670920000000002
-1.265327
-1.1497140000000003
-1.14607
-1.1670920000000002
-1.265327
-1.1497140000000003
-1.14607
-1.1670920000000002
-1.265327
-1.1497140000000003
-1.14607
-1.1670920000000002
-1.265327
-1.1497140000000003
-1.14607
-1.1670920000000002
-1.265327
-1.1497140000000003
-1.14607
-1.1670920000000002
-1.265327
-1.1497140000000003
-1.14607
-1.1670920000000002
-1.265327
-1.1497140000000003
-1.14607
-1.1670920000000002
-1.265327
-1.1497140000000003
-1.14607
-1.1670920000000002
-1.265327
-1.1497140000000003
-1.14607
-1.1670920000000002
-1.265327
-1.1497140000000003
-1.14607
-1.1670920000000002
-1.265327
-1.1497140000000003
-1.14607
-1.1670920000000002
-1.265327
-1.1497140000000003
-1.14607
-1.1670920000000002
-1.265327
-1.1497140000000003
-1.14607
-1.1670920000000002
-1.265327
-1.1497140000000003
-1.14607
-1.1670920000000002
-1.265327
-1.1497140000000003
-1.14607
-1.1670920000000002
-1.265327
-1.1497140000000003
-1.14607
-1.1670920000000002
-1.265327
-1.1497140000000003
-1.14607
-1.1670920000000002
-1.265327
-1.1497140000000003
-1.14607
-1.1670920000000002
-1.265327
-1.1497140000000003
-1.14607
-1.1670920000000002
-1.265327
-1.1497140000000003
-1.14607
-1.1670920000000002
-1.265327
-1.1497140000000003
-1.14607
-1.1670920000000002
-1.265327
-1.1497140000000003
-1.14607
-1.1670920000000002
-1.265327
-1.1497140000000003
-1.14607
-1.1670920000000002
-1.265327
-1.1497140000000003
-1.14607
-1.1670920000000002
-1.265327
-1.1497140000000003
-1.14607
-1.1670920000000002
-1.265327
-1.1497140000000003
-1.14607
-1.1670920000000002
-1.265327
-1.1497140000000003
-1.14607
-1.1670920000000002
-1.265327
-1.1497140000000003
-1.14607
-1.1670920000000002
-1.265327
-1.1497140000000003
-1.14607
-1.1670920000000002
-1.265327
-1.1497140000000003
-1.14607
-1.1670920000000002
-1.265327
-1.1497140000000003
-1.14607
-1.1670920000000002
-1.265327
-1.1497140000000003
-1.14607
-1.1670920000000002
-1.265327
-1.1497140000000003
-1.14607
-1.1670920000000002
-1.265327
-1.1497140000000003
-1.14607
-1.1670920000000002
-1.265327
-1.1497140000000003
-1.14607
-1.1670920000000002
-1.265327
-1.1497140000000003
-1.14607
-1.1670920000000002
-1.265327
-1.1497140000000003
-1.14607
-1.1670920000000002
-1.265327
-1.1497140000000003
-1.14607
-1.1670920000000002
-1.265327
-1.1497140000000003
-1.14607
-1.1670920000000002
-1.265327
-1.1497140000000003
-1.14607
-1.1670920000000002
-1.265327
-1.1497140000000003
-1.14607
-1.1670920000000002
-1.265327
-1.1497140000000003
-1.14607
