1.420598
1.3997379999999993
1.4117719999999991
1.4137640000000005
1.420598
1.3997379999999993
1.4117719999999991
1.4137640000000005
1.420598
1.3997379999999993
1.4117719999999991
1.4137640000000005
1.420598
1.3997379999999993
1.4117719999999991
1.4137640000000005
1.420598
1.3997379999999993
1.4117719999999991
1.4137640000000005
1.420598
1.3997379999999993
1.4117719999999991
1.4137640000000005
1.420598
1.3997379999999993
1.4117719999999991
1.4137640000000005
1.420598
1.3997379999999993
1.4117719999999991
1.4137640000000005
1.420598
1.3997379999999993
1.4117719999999991
1.4137640000000005
1.420598
1.3997379999999993
1.4117719999999991
1.4137640000000005
1.420598
1.3997379999999993
1.4117719999999991
1.4137640000000005
1.420598
1.3997379999999993
1.4117719999999991
1.4137640000000005
1.420598
1.3997379999999993
1.4117719999999991
1.4137640000000005
1.420598
1.3997379999999993
1.4117719999999991
1.4137640000000005
1.420598
1.3997379999999993
1.4117719999999991
1.4137640000000005
1.420598
1.3997379999999993
1.4117719999999991
1.4137640000000005
1.420598
1.3997379999999993
1.4117719999999991
1.4137640000000005
1.420598
1.3997379999999993
1.4117719999999991
1.4137640000000005
1.420598
1.3997379999999993
1.4117719999999991
1.4137640000000005
1.420598
1.3997379999999993
1.4117719999999991
1.4137640000000005
1.420598
1.3997379999999993
1.4117719999999991
1.4137640000000005
1.420598
1.3997379999999993
1.4117719999999991
1.4137640000000005
1.420598
1.3997379999999993
1.4117719999999991
1.4137640000000005
1.420598
1.3997379999999993
1.4117719999999991
1.4137640000000005
1.420598
1.3997379999999993
1.4117719999999991
1.4137640000000005
1.420598
1.3997379999999993
1.4117719999999991
1.4137640000000005
1.420598
1.3997379999999993
1.4117719999999991
1.4137640000000005
1.420598
1.3997379999999993
1.4117719999999991
1.4137640000000005
1.420598
1.3997379999999993
1.4117719999999991
1.4137640000000005
1.420598
1.3997379999999993
1.4117719999999991
1.4137640000000005
1.420598
1.3997379999999993
1.4117719999999991
1.4137640000000005
1.420598
1.3997379999999993
1.4117719999999991
1.4137640000000005
1.420598
1.3997379999999993
1.4117719999999991
1.4137640000000005
1.420598
1.3997379999999993
1.4117719999999991
1.4137640000000005
1.420598
1.3997379999999993
1.4117719999999991
1.4137640000000005
1.420598
1.3997379999999993
1.4117719999999991
1.4137640000000005
1.420598
1.3997379999999993
1.4117719999999991
1.4137640000000005
1.420598
1.3997379999999993
1.4117719999999991
1.4137640000000005
1.420598
1.3997379999999993
1.4117719999999991
1.4137640000000005
1.420598
1.3997379999999993
1.4117719999999991
1.4137640000000005
1.420598
1.3997379999999993
1.4117719999999991
1.4137640000000005
1.420598
1.3997379999999993
1.4117719999999991
1.4137640000000005
1.420598
1.3997379999999993
1.4117719999999991
1.4137640000000005
1.420598
1.3997379999999993
1.4117719999999991
1.4137640000000005
1.420598
1.3997379999999993
1.4117719999999991
1.4137640000000005
1.420598
1.3997379999999993
1.4117719999999991
1.4137640000000005
1.420598
1.3997379999999993
1.4117719999999991
1.4137640000000005
1.420598
1.3997379999999993
1.4117719999999991
1.4137640000000005
-1.4196090000000003
-1.4130339999999997
-1.4067939999999997
-1.406434
-1.4196090000000003
-1.4130339999999997
-1.4067939999999997
-1.406434
-1.4196090000000003
-1.4130339999999997
-1.4067939999999997
-1.406434
-1.4196090000000003
-1.4130339999999997
-1.4067939999999997
-1.406434
-1.4196090000000003
-1.4130339999999997
-1.4067939999999997
-1.406434
-1.4196090000000003
-1.4130339999999997
-1.4067939999999997
-1.406434
-1.4196090000000003
-1.4130339999999997
-1.4067939999999997
-1.406434
-1.4196090000000003
-1.4130339999999997
-1.4067939999999997
-1.406434
-1.4196090000000003
-1.4130339999999997
-1.4067939999999997
-1.406434
-1.4196090000000003
-1.4130339999999997
-1.4067939999999997
-1.406434
-1.4196090000000003
-1.4130339999999997
-1.4067939999999997
-1.406434
-1.4196090000000003
-1.4130339999999997
-1.4067939999999997
-1.406434
-1.4196090000000003
-1.4130339999999997
-1.4067939999999997
-1.406434
-1.4196090000000003
-1.4130339999999997
-1.4067939999999997
-1.406434
-1.4196090000000003
-1.4130339999999997
-1.4067939999999997
-1.406434
-1.4196090000000003
-1.4130339999999997
-1.4067939999999997
-1.406434
-1.4196090000000003
-1.4130339999999997
-1.4067939999999997
-1.406434
-1.4196090000000003
-1.4130339999999997
-1.4067939999999997
-1.406434
-1.4196090000000003
-1.4130339999999997
-1.4067939999999997
-1.406434
-1.4196090000000003
-1.4130339999999997
-1.4067939999999997
-1.406434
-1.4196090000000003
-1.4130339999999997
-1.4067939999999997
-1.406434
-1.4196090000000003
-1.4130339999999997
-1.4067939999999997
-1.406434
-1.4196090000000003
-1.4130339999999997
-1.4067939999999997
-1.406434
-1.4196090000000003
-1.4130339999999997
-1.4067939999999997
-1.406434
-1.4196090000000003
-1.4130339999999997
-1.4067939999999997
-1.406434
-1.4196090000000003
-1.4130339999999997
-1.4067939999999997
-1.406434
-1.4196090000000003
-1.4130339999999997
-1.4067939999999997
-1.406434
-1.4196090000000003
-1.4130339999999997
-1.4067939999999997
-1.406434
-1.4196090000000003
-1.4130339999999997
-1.4067939999999997
-1.406434
-1.4196090000000003
-1.4130339999999997
-1.4067939999999997
-1.406434
-1.4196090000000003
-1.4130339999999997
-1.4067939999999997
-1.406434
-1.4196090000000003
-1.4130339999999997
-1.4067939999999997
-1.406434
-1.4196090000000003
-1.4130339999999997
-1.4067939999999997
-1.406434
-1.4196090000000003
-1.4130339999999997
-1.4067939999999997
-1.406434
-1.4196090000000003
-1.4130339999999997
-1.4067939999999997
-1.406434
-1.4196090000000003
-1.4130339999999997
-1.4067939999999997
-1.406434
-1.4196090000000003
-1.4130339999999997
-1.4067939999999997
-1.406434
-1.4196090000000003
-1.4130339999999997
-1.4067939999999997
-1.406434
-1.4196090000000003
-1.4130339999999997
-1.4067939999999997
-1.406434
-1.4196090000000003
-1.4130339999999997
-1.4067939999999997
-1.406434
-1.4196090000000003
-1.4130339999999997
-1.4067939999999997
-1.406434
-1.4196090000000003
-1.4130339999999997
-1.4067939999999997
-1.406434
-1.4196090000000003
-1.4130339999999997
-1.4067939999999997
-1.406434
-1.4196090000000003
-1.4130339999999997
-1.4067939999999997
-1.406434
-1.4196090000000003
-1.4130339999999997
-1.4067939999999997
-1.406434
-1.4196090000000003
-1.4130339999999997
-1.4067939999999997
-1.406434
-1.4196090000000003
-1.4130339999999997
-1.4067939999999997
-1.406434
-1.4196090000000003
-1.4130339999999997
-1.4067939999999997
-1.406434
