1.4201549999999994
1.4231630000000006
1.4168040000000008
1.4259529999999998
1.4201549999999994
1.4231630000000006
1.4168040000000008
1.4259529999999998
1.4201549999999994
1.4231630000000006
1.4168040000000008
1.4259529999999998
1.4201549999999994
1.4231630000000006
1.4168040000000008
1.4259529999999998
1.4201549999999994
1.4231630000000006
1.4168040000000008
1.4259529999999998
1.4201549999999994
1.4231630000000006
1.4168040000000008
1.4259529999999998
1.4201549999999994
1.4231630000000006
1.4168040000000008
1.4259529999999998
1.4201549999999994
1.4231630000000006
1.4168040000000008
1.4259529999999998
1.4201549999999994
1.4231630000000006
1.4168040000000008
1.4259529999999998
1.4201549999999994
1.4231630000000006
1.4168040000000008
1.4259529999999998
1.4201549999999994
1.4231630000000006
1.4168040000000008
1.4259529999999998
1.4201549999999994
1.4231630000000006
1.4168040000000008
1.4259529999999998
1.4201549999999994
1.4231630000000006
1.4168040000000008
1.4259529999999998
1.4201549999999994
1.4231630000000006
1.4168040000000008
1.4259529999999998
1.4201549999999994
1.4231630000000006
1.4168040000000008
1.4259529999999998
1.4201549999999994
1.4231630000000006
1.4168040000000008
1.4259529999999998
1.4201549999999994
1.4231630000000006
1.4168040000000008
1.4259529999999998
1.4201549999999994
1.4231630000000006
1.4168040000000008
1.4259529999999998
1.4201549999999994
1.4231630000000006
1.4168040000000008
1.4259529999999998
1.4201549999999994
1.4231630000000006
1.4168040000000008
1.4259529999999998
1.4201549999999994
1.4231630000000006
1.4168040000000008
1.4259529999999998
1.4201549999999994
1.4231630000000006
1.4168040000000008
1.4259529999999998
1.4201549999999994
1.4231630000000006
1.4168040000000008
1.4259529999999998
1.4201549999999994
1.4231630000000006
1.4168040000000008
1.4259529999999998
1.4201549999999994
1.4231630000000006
1.4168040000000008
1.4259529999999998
1.4201549999999994
1.4231630000000006
1.4168040000000008
1.4259529999999998
1.4201549999999994
1.4231630000000006
1.4168040000000008
1.4259529999999998
1.4201549999999994
1.4231630000000006
1.4168040000000008
1.4259529999999998
1.4201549999999994
1.4231630000000006
1.4168040000000008
1.4259529999999998
1.4201549999999994
1.4231630000000006
1.4168040000000008
1.4259529999999998
1.4201549999999994
1.4231630000000006
1.4168040000000008
1.4259529999999998
1.4201549999999994
1.4231630000000006
1.4168040000000008
1.4259529999999998
1.4201549999999994
1.4231630000000006
1.4168040000000008
1.4259529999999998
1.4201549999999994
1.4231630000000006
1.4168040000000008
1.4259529999999998
1.4201549999999994
1.4231630000000006
1.4168040000000008
1.4259529999999998
1.4201549999999994
1.4231630000000006
1.4168040000000008
1.4259529999999998
-1.4193110000000004
-1.4221110000000001
-1.4202029999999999
-1.424449
-1.4193110000000004
-1.4221110000000001
-1.4202029999999999
-1.424449
-1.4193110000000004
-1.4221110000000001
-1.4202029999999999
-1.424449
-1.4193110000000004
-1.4221110000000001
-1.4202029999999999
-1.424449
-1.4193110000000004
-1.4221110000000001
-1.4202029999999999
-1.424449
-1.4193110000000004
-1.4221110000000001
-1.4202029999999999
-1.424449
-1.4193110000000004
-1.4221110000000001
-1.4202029999999999
-1.424449
-1.4193110000000004
-1.4221110000000001
-1.4202029999999999
-1.424449
-1.4193110000000004
-1.4221110000000001
-1.4202029999999999
-1.424449
-1.4193110000000004
-1.4221110000000001
-1.4202029999999999
-1.424449
-1.4193110000000004
-1.4221110000000001
-1.4202029999999999
-1.424449
-1.4193110000000004
-1.4221110000000001
-1.4202029999999999
-1.424449
-1.4193110000000004
-1.4221110000000001
-1.4202029999999999
-1.424449
-1.4193110000000004
-1.4221110000000001
-1.4202029999999999
-1.424449
-1.4193110000000004
-1.4221110000000001
-1.4202029999999999
-1.424449
-1.4193110000000004
-1.4221110000000001
-1.4202029999999999
-1.424449
-1.4193110000000004
-1.4221110000000001
-1.4202029999999999
-1.424449
-1.4193110000000004
-1.4221110000000001
-1.4202029999999999
-1.424449
-1.4193110000000004
-1.4221110000000001
-1.4202029999999999
-1.424449
-1.4193110000000004
-1.4221110000000001
-1.4202029999999999
-1.424449
-1.4193110000000004
-1.4221110000000001
-1.4202029999999999
-1.424449
-1.4193110000000004
-1.4221110000000001
-1.4202029999999999
-1.424449
-1.4193110000000004
-1.4221110000000001
-1.4202029999999999
-1.424449
-1.4193110000000004
-1.4221110000000001
-1.4202029999999999
-1.424449
-1.4193110000000004
-1.4221110000000001
-1.4202029999999999
-1.424449
-1.4193110000000004
-1.4221110000000001
-1.4202029999999999
-1.424449
-1.4193110000000004
-1.4221110000000001
-1.4202029999999999
-1.424449
-1.4193110000000004
-1.4221110000000001
-1.4202029999999999
-1.424449
-1.4193110000000004
-1.4221110000000001
-1.4202029999999999
-1.424449
-1.4193110000000004
-1.4221110000000001
-1.4202029999999999
-1.424449
-1.4193110000000004
-1.4221110000000001
-1.4202029999999999
-1.424449
-1.4193110000000004
-1.4221110000000001
-1.4202029999999999
-1.424449
-1.4193110000000004
-1.4221110000000001
-1.4202029999999999
-1.424449
-1.4193110000000004
-1.4221110000000001
-1.4202029999999999
-1.424449
-1.4193110000000004
-1.4221110000000001
-1.4202029999999999
-1.424449
-1.4193110000000004
-1.4221110000000001
-1.4202029999999999
-1.424449
