1.445297
1.4436309999999999
1.4452510000000007
1.4449489999999994
1.445297
1.4436309999999999
1.4452510000000007
1.4449489999999994
1.445297
1.4436309999999999
1.4452510000000007
1.4449489999999994
1.445297
1.4436309999999999
1.4452510000000007
1.4449489999999994
1.445297
1.4436309999999999
1.4452510000000007
1.4449489999999994
1.445297
1.4436309999999999
1.4452510000000007
1.4449489999999994
1.445297
1.4436309999999999
1.4452510000000007
1.4449489999999994
1.445297
1.4436309999999999
1.4452510000000007
1.4449489999999994
1.445297
1.4436309999999999
1.4452510000000007
1.4449489999999994
1.445297
1.4436309999999999
1.4452510000000007
1.4449489999999994
1.445297
1.4436309999999999
1.4452510000000007
1.4449489999999994
1.445297
1.4436309999999999
1.4452510000000007
1.4449489999999994
1.445297
1.4436309999999999
1.4452510000000007
1.4449489999999994
1.445297
1.4436309999999999
1.4452510000000007
1.4449489999999994
1.445297
1.4436309999999999
1.4452510000000007
1.4449489999999994
1.445297
1.4436309999999999
1.4452510000000007
1.4449489999999994
1.445297
1.4436309999999999
1.4452510000000007
1.4449489999999994
1.445297
1.4436309999999999
1.4452510000000007
1.4449489999999994
1.445297
1.4436309999999999
1.4452510000000007
1.4449489999999994
1.445297
1.4436309999999999
1.4452510000000007
1.4449489999999994
1.445297
1.4436309999999999
1.4452510000000007
1.4449489999999994
1.445297
1.4436309999999999
1.4452510000000007
1.4449489999999994
1.445297
1.4436309999999999
1.4452510000000007
1.4449489999999994
1.445297
1.4436309999999999
1.4452510000000007
1.4449489999999994
1.445297
1.4436309999999999
1.4452510000000007
1.4449489999999994
1.445297
1.4436309999999999
1.4452510000000007
1.4449489999999994
1.445297
1.4436309999999999
1.4452510000000007
1.4449489999999994
-1.4456629999999997
-1.4449310000000004
-1.4428739999999998
-1.4456579999999999
-1.4456629999999997
-1.4449310000000004
-1.4428739999999998
-1.4456579999999999
-1.4456629999999997
-1.4449310000000004
-1.4428739999999998
-1.4456579999999999
-1.4456629999999997
-1.4449310000000004
-1.4428739999999998
-1.4456579999999999
-1.4456629999999997
-1.4449310000000004
-1.4428739999999998
-1.4456579999999999
-1.4456629999999997
-1.4449310000000004
-1.4428739999999998
-1.4456579999999999
-1.4456629999999997
-1.4449310000000004
-1.4428739999999998
-1.4456579999999999
-1.4456629999999997
-1.4449310000000004
-1.4428739999999998
-1.4456579999999999
-1.4456629999999997
-1.4449310000000004
-1.4428739999999998
-1.4456579999999999
-1.4456629999999997
-1.4449310000000004
-1.4428739999999998
-1.4456579999999999
-1.4456629999999997
-1.4449310000000004
-1.4428739999999998
-1.4456579999999999
-1.4456629999999997
-1.4449310000000004
-1.4428739999999998
-1.4456579999999999
-1.4456629999999997
-1.4449310000000004
-1.4428739999999998
-1.4456579999999999
-1.4456629999999997
-1.4449310000000004
-1.4428739999999998
-1.4456579999999999
-1.4456629999999997
-1.4449310000000004
-1.4428739999999998
-1.4456579999999999
-1.4456629999999997
-1.4449310000000004
-1.4428739999999998
-1.4456579999999999
-1.4456629999999997
-1.4449310000000004
-1.4428739999999998
-1.4456579999999999
-1.4456629999999997
-1.4449310000000004
-1.4428739999999998
-1.4456579999999999
-1.4456629999999997
-1.4449310000000004
-1.4428739999999998
-1.4456579999999999
-1.4456629999999997
-1.4449310000000004
-1.4428739999999998
-1.4456579999999999
-1.4456629999999997
-1.4449310000000004
-1.4428739999999998
-1.4456579999999999
-1.4456629999999997
-1.4449310000000004
-1.4428739999999998
-1.4456579999999999
-1.4456629999999997
-1.4449310000000004
-1.4428739999999998
-1.4456579999999999
-1.4456629999999997
-1.4449310000000004
-1.4428739999999998
-1.4456579999999999
-1.4456629999999997
-1.4449310000000004
-1.4428739999999998
-1.4456579999999999
-1.4456629999999997
-1.4449310000000004
-1.4428739999999998
-1.4456579999999999
-1.4456629999999997
-1.4449310000000004
-1.4428739999999998
-1.4456579999999999
