1.4069870000000009
1.4069870000000009
1.4069870000000009
1.4069870000000009
1.4069870000000009
1.4069870000000009
1.4069870000000009
1.4069870000000009
1.4069870000000009
1.4069870000000009
1.4069870000000009
1.4069870000000009
1.4069870000000009
1.4069870000000009
1.4069870000000009
1.4069870000000009
1.4069870000000009
1.4069870000000009
1.4069870000000009
1.4069870000000009
1.4069870000000009
1.4069870000000009
1.4069870000000009
1.4069870000000009
1.4069870000000009
1.4069870000000009
1.4069870000000009
1.4069870000000009
1.4069870000000009
1.4069870000000009
1.4069870000000009
1.4069870000000009
1.4069870000000009
1.4069870000000009
1.4069870000000009
1.4069870000000009
1.4069870000000009
1.4069870000000009
1.4069870000000009
1.4069870000000009
1.4069870000000009
1.4069870000000009
1.4069870000000009
1.4069870000000009
1.4069870000000009
1.4069870000000009
1.4069870000000009
1.4069870000000009
1.4069870000000009
1.4069870000000009
1.4069870000000009
1.4069870000000009
1.4069870000000009
1.4069870000000009
1.4069870000000009
1.4069870000000009
1.4069870000000009
1.4069870000000009
1.4069870000000009
1.4069870000000009
1.4069870000000009
1.4069870000000009
1.4069870000000009
1.4069870000000009
-1.4069890000000003
-1.4069890000000003
-1.4069890000000003
-1.4069890000000003
-1.4069890000000003
-1.4069890000000003
-1.4069890000000003
-1.4069890000000003
-1.4069890000000003
-1.4069890000000003
-1.4069890000000003
-1.4069890000000003
-1.4069890000000003
-1.4069890000000003
-1.4069890000000003
-1.4069890000000003
-1.4069890000000003
-1.4069890000000003
-1.4069890000000003
-1.4069890000000003
-1.4069890000000003
-1.4069890000000003
-1.4069890000000003
-1.4069890000000003
-1.4069890000000003
-1.4069890000000003
-1.4069890000000003
-1.4069890000000003
-1.4069890000000003
-1.4069890000000003
-1.4069890000000003
-1.4069890000000003
-1.4069890000000003
-1.4069890000000003
-1.4069890000000003
-1.4069890000000003
-1.4069890000000003
-1.4069890000000003
-1.4069890000000003
-1.4069890000000003
-1.4069890000000003
-1.4069890000000003
-1.4069890000000003
-1.4069890000000003
-1.4069890000000003
-1.4069890000000003
-1.4069890000000003
-1.4069890000000003
-1.4069890000000003
-1.4069890000000003
-1.4069890000000003
-1.4069890000000003
-1.4069890000000003
-1.4069890000000003
-1.4069890000000003
-1.4069890000000003
-1.4069890000000003
-1.4069890000000003
-1.4069890000000003
-1.4069890000000003
-1.4069890000000003
-1.4069890000000003
-1.4069890000000003
-1.4069890000000003
