1.0305700000000009
1.0305700000000009
1.0305700000000009
1.0305700000000009
1.0305700000000009
1.0305700000000009
1.0305700000000009
1.0305700000000009
1.0305700000000009
1.0305700000000009
1.0305700000000009
1.0305700000000009
1.0305700000000009
1.0305700000000009
1.0305700000000009
1.0305700000000009
1.0305700000000009
1.0305700000000009
1.0305700000000009
1.0305700000000009
1.0305700000000009
1.0305700000000009
1.0305700000000009
1.0305700000000009
1.0305700000000009
1.0305700000000009
1.0305700000000009
1.0305700000000009
1.0305700000000009
1.0305700000000009
1.0305700000000009
1.0305700000000009
1.0305700000000009
1.0305700000000009
1.0305700000000009
1.0305700000000009
1.0305700000000009
1.0305700000000009
1.0305700000000009
1.0305700000000009
1.0305700000000009
1.0305700000000009
1.0305700000000009
1.0305700000000009
1.0305700000000009
1.0305700000000009
1.0305700000000009
1.0305700000000009
1.0305700000000009
1.0305700000000009
1.0305700000000009
1.0305700000000009
1.0305700000000009
1.0305700000000009
1.0305700000000009
1.0305700000000009
1.0305700000000009
1.0305700000000009
1.0305700000000009
1.0305700000000009
1.0305700000000009
1.0305700000000009
1.0305700000000009
1.0305700000000009
-1.0305689999999998
-1.0305689999999998
-1.0305689999999998
-1.0305689999999998
-1.0305689999999998
-1.0305689999999998
-1.0305689999999998
-1.0305689999999998
-1.0305689999999998
-1.0305689999999998
-1.0305689999999998
-1.0305689999999998
-1.0305689999999998
-1.0305689999999998
-1.0305689999999998
-1.0305689999999998
-1.0305689999999998
-1.0305689999999998
-1.0305689999999998
-1.0305689999999998
-1.0305689999999998
-1.0305689999999998
-1.0305689999999998
-1.0305689999999998
-1.0305689999999998
-1.0305689999999998
-1.0305689999999998
-1.0305689999999998
-1.0305689999999998
-1.0305689999999998
-1.0305689999999998
-1.0305689999999998
-1.0305689999999998
-1.0305689999999998
-1.0305689999999998
-1.0305689999999998
-1.0305689999999998
-1.0305689999999998
-1.0305689999999998
-1.0305689999999998
-1.0305689999999998
-1.0305689999999998
-1.0305689999999998
-1.0305689999999998
-1.0305689999999998
-1.0305689999999998
-1.0305689999999998
-1.0305689999999998
-1.0305689999999998
-1.0305689999999998
-1.0305689999999998
-1.0305689999999998
-1.0305689999999998
-1.0305689999999998
-1.0305689999999998
-1.0305689999999998
-1.0305689999999998
-1.0305689999999998
-1.0305689999999998
-1.0305689999999998
-1.0305689999999998
-1.0305689999999998
-1.0305689999999998
-1.0305689999999998
