0.9323069999999998
0.9323069999999998
0.9323069999999998
0.9323069999999998
0.9323069999999998
0.9323069999999998
0.9323069999999998
0.9323069999999998
0.9323069999999998
0.9323069999999998
0.9323069999999998
0.9323069999999998
0.9323069999999998
0.9323069999999998
0.9323069999999998
0.9323069999999998
0.9323069999999998
0.9323069999999998
0.9323069999999998
0.9323069999999998
0.9323069999999998
0.9323069999999998
0.9323069999999998
0.9323069999999998
0.9323069999999998
0.9323069999999998
0.9323069999999998
0.9323069999999998
0.9323069999999998
0.9323069999999998
0.9323069999999998
0.9323069999999998
0.9323069999999998
0.9323069999999998
0.9323069999999998
0.9323069999999998
0.9323069999999998
0.9323069999999998
0.9323069999999998
0.9323069999999998
0.9323069999999998
0.9323069999999998
0.9323069999999998
0.9323069999999998
0.9323069999999998
0.9323069999999998
0.9323069999999998
0.9323069999999998
0.9323069999999998
0.9323069999999998
0.9323069999999998
0.9323069999999998
0.9323069999999998
0.9323069999999998
0.9323069999999998
0.9323069999999998
0.9323069999999998
0.9323069999999998
0.9323069999999998
0.9323069999999998
0.9323069999999998
0.9323069999999998
0.9323069999999998
0.9323069999999998
-0.9323069999999998
-0.9323069999999998
-0.9323069999999998
-0.9323069999999998
-0.9323069999999998
-0.9323069999999998
-0.9323069999999998
-0.9323069999999998
-0.9323069999999998
-0.9323069999999998
-0.9323069999999998
-0.9323069999999998
-0.9323069999999998
-0.9323069999999998
-0.9323069999999998
-0.9323069999999998
-0.9323069999999998
-0.9323069999999998
-0.9323069999999998
-0.9323069999999998
-0.9323069999999998
-0.9323069999999998
-0.9323069999999998
-0.9323069999999998
-0.9323069999999998
-0.9323069999999998
-0.9323069999999998
-0.9323069999999998
-0.9323069999999998
-0.9323069999999998
-0.9323069999999998
-0.9323069999999998
-0.9323069999999998
-0.9323069999999998
-0.9323069999999998
-0.9323069999999998
-0.9323069999999998
-0.9323069999999998
-0.9323069999999998
-0.9323069999999998
-0.9323069999999998
-0.9323069999999998
-0.9323069999999998
-0.9323069999999998
-0.9323069999999998
-0.9323069999999998
-0.9323069999999998
-0.9323069999999998
-0.9323069999999998
-0.9323069999999998
-0.9323069999999998
-0.9323069999999998
-0.9323069999999998
-0.9323069999999998
-0.9323069999999998
-0.9323069999999998
-0.9323069999999998
-0.9323069999999998
-0.9323069999999998
-0.9323069999999998
-0.9323069999999998
-0.9323069999999998
-0.9323069999999998
-0.9323069999999998
