1.3649190000000004
1.3713300000000004
1.3649190000000004
1.3713300000000004
1.3649190000000004
1.3713300000000004
1.3649190000000004
1.3713300000000004
1.3649190000000004
1.3713300000000004
1.3649190000000004
1.3713300000000004
1.3649190000000004
1.3713300000000004
1.3649190000000004
1.3713300000000004
1.3649190000000004
1.3713300000000004
1.3649190000000004
1.3713300000000004
1.3649190000000004
1.3713300000000004
1.3649190000000004
1.3713300000000004
1.3649190000000004
1.3713300000000004
1.3649190000000004
1.3713300000000004
1.3649190000000004
1.3713300000000004
1.3649190000000004
1.3713300000000004
1.3649190000000004
1.3713300000000004
1.3649190000000004
1.3713300000000004
1.3649190000000004
1.3713300000000004
1.3649190000000004
1.3713300000000004
1.3649190000000004
1.3713300000000004
1.3649190000000004
1.3713300000000004
1.3649190000000004
1.3713300000000004
1.3649190000000004
1.3713300000000004
1.3649190000000004
1.3713300000000004
1.3649190000000004
1.3713300000000004
1.3649190000000004
1.3713300000000004
1.3649190000000004
1.3713300000000004
1.3649190000000004
1.3713300000000004
1.3649190000000004
1.3713300000000004
1.3649190000000004
1.3713300000000004
1.3649190000000004
1.3713300000000004
1.3649190000000004
1.3713300000000004
1.3649190000000004
1.3713300000000004
1.3649190000000004
1.3713300000000004
1.3649190000000004
1.3713300000000004
1.3649190000000004
1.3713300000000004
1.3649190000000004
1.3713300000000004
1.3649190000000004
1.3713300000000004
1.3649190000000004
1.3713300000000004
1.3649190000000004
1.3713300000000004
1.3649190000000004
1.3713300000000004
1.3649190000000004
1.3713300000000004
1.3649190000000004
1.3713300000000004
1.3649190000000004
1.3713300000000004
1.3649190000000004
1.3713300000000004
1.3649190000000004
1.3713300000000004
1.3649190000000004
1.3713300000000004
1.3649190000000004
1.3713300000000004
1.3649190000000004
1.3713300000000004
1.3649190000000004
1.3713300000000004
1.3649190000000004
1.3713300000000004
1.3649190000000004
1.3713300000000004
1.3649190000000004
1.3713300000000004
1.3649190000000004
1.3713300000000004
1.3649190000000004
1.3713300000000004
1.3649190000000004
1.3713300000000004
1.3649190000000004
1.3713300000000004
1.3649190000000004
1.3713300000000004
1.3649190000000004
1.3713300000000004
-1.3698769999999998
-1.3663730000000003
-1.3698769999999998
-1.3663730000000003
-1.3698769999999998
-1.3663730000000003
-1.3698769999999998
-1.3663730000000003
-1.3698769999999998
-1.3663730000000003
-1.3698769999999998
-1.3663730000000003
-1.3698769999999998
-1.3663730000000003
-1.3698769999999998
-1.3663730000000003
-1.3698769999999998
-1.3663730000000003
-1.3698769999999998
-1.3663730000000003
-1.3698769999999998
-1.3663730000000003
-1.3698769999999998
-1.3663730000000003
-1.3698769999999998
-1.3663730000000003
-1.3698769999999998
-1.3663730000000003
-1.3698769999999998
-1.3663730000000003
-1.3698769999999998
-1.3663730000000003
-1.3698769999999998
-1.3663730000000003
-1.3698769999999998
-1.3663730000000003
-1.3698769999999998
-1.3663730000000003
-1.3698769999999998
-1.3663730000000003
-1.3698769999999998
-1.3663730000000003
-1.3698769999999998
-1.3663730000000003
-1.3698769999999998
-1.3663730000000003
-1.3698769999999998
-1.3663730000000003
-1.3698769999999998
-1.3663730000000003
-1.3698769999999998
-1.3663730000000003
-1.3698769999999998
-1.3663730000000003
-1.3698769999999998
-1.3663730000000003
-1.3698769999999998
-1.3663730000000003
-1.3698769999999998
-1.3663730000000003
-1.3698769999999998
-1.3663730000000003
-1.3698769999999998
-1.3663730000000003
-1.3698769999999998
-1.3663730000000003
-1.3698769999999998
-1.3663730000000003
-1.3698769999999998
-1.3663730000000003
-1.3698769999999998
-1.3663730000000003
-1.3698769999999998
-1.3663730000000003
-1.3698769999999998
-1.3663730000000003
-1.3698769999999998
-1.3663730000000003
-1.3698769999999998
-1.3663730000000003
-1.3698769999999998
-1.3663730000000003
-1.3698769999999998
-1.3663730000000003
-1.3698769999999998
-1.3663730000000003
-1.3698769999999998
-1.3663730000000003
-1.3698769999999998
-1.3663730000000003
-1.3698769999999998
-1.3663730000000003
-1.3698769999999998
-1.3663730000000003
-1.3698769999999998
-1.3663730000000003
-1.3698769999999998
-1.3663730000000003
-1.3698769999999998
-1.3663730000000003
-1.3698769999999998
-1.3663730000000003
-1.3698769999999998
-1.3663730000000003
-1.3698769999999998
-1.3663730000000003
-1.3698769999999998
-1.3663730000000003
-1.3698769999999998
-1.3663730000000003
-1.3698769999999998
-1.3663730000000003
-1.3698769999999998
-1.3663730000000003
-1.3698769999999998
-1.3663730000000003
-1.3698769999999998
-1.3663730000000003
-1.3698769999999998
-1.3663730000000003
