1.3790209999999998
1.3804420000000004
1.3790209999999998
1.3804420000000004
1.3790209999999998
1.3804420000000004
1.3790209999999998
1.3804420000000004
1.3790209999999998
1.3804420000000004
1.3790209999999998
1.3804420000000004
1.3790209999999998
1.3804420000000004
1.3790209999999998
1.3804420000000004
1.3790209999999998
1.3804420000000004
1.3790209999999998
1.3804420000000004
1.3790209999999998
1.3804420000000004
1.3790209999999998
1.3804420000000004
1.3790209999999998
1.3804420000000004
1.3790209999999998
1.3804420000000004
1.3790209999999998
1.3804420000000004
1.3790209999999998
1.3804420000000004
1.3790209999999998
1.3804420000000004
1.3790209999999998
1.3804420000000004
1.3790209999999998
1.3804420000000004
1.3790209999999998
1.3804420000000004
1.3790209999999998
1.3804420000000004
1.3790209999999998
1.3804420000000004
1.3790209999999998
1.3804420000000004
1.3790209999999998
1.3804420000000004
1.3790209999999998
1.3804420000000004
1.3790209999999998
1.3804420000000004
1.3790209999999998
1.3804420000000004
1.3790209999999998
1.3804420000000004
1.3790209999999998
1.3804420000000004
1.3790209999999998
1.3804420000000004
1.3790209999999998
1.3804420000000004
1.3790209999999998
1.3804420000000004
1.3790209999999998
1.3804420000000004
1.3790209999999998
1.3804420000000004
1.3790209999999998
1.3804420000000004
1.3790209999999998
1.3804420000000004
1.3790209999999998
1.3804420000000004
1.3790209999999998
1.3804420000000004
1.3790209999999998
1.3804420000000004
1.3790209999999998
1.3804420000000004
1.3790209999999998
1.3804420000000004
1.3790209999999998
1.3804420000000004
1.3790209999999998
1.3804420000000004
1.3790209999999998
1.3804420000000004
1.3790209999999998
1.3804420000000004
1.3790209999999998
1.3804420000000004
1.3790209999999998
1.3804420000000004
1.3790209999999998
1.3804420000000004
1.3790209999999998
1.3804420000000004
1.3790209999999998
1.3804420000000004
1.3790209999999998
1.3804420000000004
1.3790209999999998
1.3804420000000004
1.3790209999999998
1.3804420000000004
1.3790209999999998
1.3804420000000004
1.3790209999999998
1.3804420000000004
1.3790209999999998
1.3804420000000004
1.3790209999999998
1.3804420000000004
1.3790209999999998
1.3804420000000004
1.3790209999999998
1.3804420000000004
1.3790209999999998
1.3804420000000004
-1.3803419999999997
-1.3791219999999997
-1.3803419999999997
-1.3791219999999997
-1.3803419999999997
-1.3791219999999997
-1.3803419999999997
-1.3791219999999997
-1.3803419999999997
-1.3791219999999997
-1.3803419999999997
-1.3791219999999997
-1.3803419999999997
-1.3791219999999997
-1.3803419999999997
-1.3791219999999997
-1.3803419999999997
-1.3791219999999997
-1.3803419999999997
-1.3791219999999997
-1.3803419999999997
-1.3791219999999997
-1.3803419999999997
-1.3791219999999997
-1.3803419999999997
-1.3791219999999997
-1.3803419999999997
-1.3791219999999997
-1.3803419999999997
-1.3791219999999997
-1.3803419999999997
-1.3791219999999997
-1.3803419999999997
-1.3791219999999997
-1.3803419999999997
-1.3791219999999997
-1.3803419999999997
-1.3791219999999997
-1.3803419999999997
-1.3791219999999997
-1.3803419999999997
-1.3791219999999997
-1.3803419999999997
-1.3791219999999997
-1.3803419999999997
-1.3791219999999997
-1.3803419999999997
-1.3791219999999997
-1.3803419999999997
-1.3791219999999997
-1.3803419999999997
-1.3791219999999997
-1.3803419999999997
-1.3791219999999997
-1.3803419999999997
-1.3791219999999997
-1.3803419999999997
-1.3791219999999997
-1.3803419999999997
-1.3791219999999997
-1.3803419999999997
-1.3791219999999997
-1.3803419999999997
-1.3791219999999997
-1.3803419999999997
-1.3791219999999997
-1.3803419999999997
-1.3791219999999997
-1.3803419999999997
-1.3791219999999997
-1.3803419999999997
-1.3791219999999997
-1.3803419999999997
-1.3791219999999997
-1.3803419999999997
-1.3791219999999997
-1.3803419999999997
-1.3791219999999997
-1.3803419999999997
-1.3791219999999997
-1.3803419999999997
-1.3791219999999997
-1.3803419999999997
-1.3791219999999997
-1.3803419999999997
-1.3791219999999997
-1.3803419999999997
-1.3791219999999997
-1.3803419999999997
-1.3791219999999997
-1.3803419999999997
-1.3791219999999997
-1.3803419999999997
-1.3791219999999997
-1.3803419999999997
-1.3791219999999997
-1.3803419999999997
-1.3791219999999997
-1.3803419999999997
-1.3791219999999997
-1.3803419999999997
-1.3791219999999997
-1.3803419999999997
-1.3791219999999997
-1.3803419999999997
-1.3791219999999997
-1.3803419999999997
-1.3791219999999997
-1.3803419999999997
-1.3791219999999997
-1.3803419999999997
-1.3791219999999997
-1.3803419999999997
-1.3791219999999997
-1.3803419999999997
-1.3791219999999997
-1.3803419999999997
-1.3791219999999997
-1.3803419999999997
-1.3791219999999997
