0.4438689999999994
0.4438689999999994
0.4438689999999994
0.4438689999999994
0.4438689999999994
0.4438689999999994
0.4438689999999994
0.4438689999999994
0.4438689999999994
0.4438689999999994
0.4438689999999994
0.4438689999999994
0.4438689999999994
0.4438689999999994
0.4438689999999994
0.4438689999999994
0.4438689999999994
0.4438689999999994
0.4438689999999994
0.4438689999999994
0.4438689999999994
0.4438689999999994
0.4438689999999994
0.4438689999999994
0.4438689999999994
0.4438689999999994
0.4438689999999994
0.4438689999999994
0.4438689999999994
0.4438689999999994
0.4438689999999994
0.4438689999999994
0.4438689999999994
0.4438689999999994
0.4438689999999994
0.4438689999999994
0.4438689999999994
0.4438689999999994
0.4438689999999994
0.4438689999999994
0.4438689999999994
0.4438689999999994
0.4438689999999994
0.4438689999999994
0.4438689999999994
0.4438689999999994
0.4438689999999994
0.4438689999999994
0.4438689999999994
0.4438689999999994
-0.4438709999999997
-0.4438709999999997
-0.4438709999999997
-0.4438709999999997
-0.4438709999999997
-0.4438709999999997
-0.4438709999999997
-0.4438709999999997
-0.4438709999999997
-0.4438709999999997
-0.4438709999999997
-0.4438709999999997
-0.4438709999999997
-0.4438709999999997
-0.4438709999999997
-0.4438709999999997
-0.4438709999999997
-0.4438709999999997
-0.4438709999999997
-0.4438709999999997
-0.4438709999999997
-0.4438709999999997
-0.4438709999999997
-0.4438709999999997
-0.4438709999999997
-0.4438709999999997
-0.4438709999999997
-0.4438709999999997
-0.4438709999999997
-0.4438709999999997
-0.4438709999999997
-0.4438709999999997
-0.4438709999999997
-0.4438709999999997
-0.4438709999999997
-0.4438709999999997
-0.4438709999999997
-0.4438709999999997
-0.4438709999999997
-0.4438709999999997
-0.4438709999999997
-0.4438709999999997
-0.4438709999999997
-0.4438709999999997
-0.4438709999999997
-0.4438709999999997
-0.4438709999999997
-0.4438709999999997
-0.4438709999999997
-0.4438709999999997
