1.2190449999999995
1.2006859999999993
1.2190449999999995
1.2006859999999993
1.2190449999999995
1.2006859999999993
1.2190449999999995
1.2006859999999993
1.2190449999999995
1.2006859999999993
1.2190449999999995
1.2006859999999993
1.2190449999999995
1.2006859999999993
1.2190449999999995
1.2006859999999993
1.2190449999999995
1.2006859999999993
1.2190449999999995
1.2006859999999993
1.2190449999999995
1.2006859999999993
1.2190449999999995
1.2006859999999993
1.2190449999999995
1.2006859999999993
1.2190449999999995
1.2006859999999993
1.2190449999999995
1.2006859999999993
1.2190449999999995
1.2006859999999993
1.2190449999999995
1.2006859999999993
1.2190449999999995
1.2006859999999993
1.2190449999999995
1.2006859999999993
1.2190449999999995
1.2006859999999993
1.2190449999999995
1.2006859999999993
1.2190449999999995
1.2006859999999993
1.2190449999999995
1.2006859999999993
1.2190449999999995
1.2006859999999993
1.2190449999999995
1.2006859999999993
1.2190449999999995
1.2006859999999993
1.2190449999999995
1.2006859999999993
1.2190449999999995
1.2006859999999993
1.2190449999999995
1.2006859999999993
1.2190449999999995
1.2006859999999993
1.2190449999999995
1.2006859999999993
1.2190449999999995
1.2006859999999993
1.2190449999999995
1.2006859999999993
1.2190449999999995
1.2006859999999993
1.2190449999999995
1.2006859999999993
1.2190449999999995
1.2006859999999993
1.2190449999999995
1.2006859999999993
1.2190449999999995
1.2006859999999993
1.2190449999999995
1.2006859999999993
1.2190449999999995
1.2006859999999993
1.2190449999999995
1.2006859999999993
1.2190449999999995
1.2006859999999993
1.2190449999999995
1.2006859999999993
1.2190449999999995
1.2006859999999993
1.2190449999999995
1.2006859999999993
1.2190449999999995
1.2006859999999993
1.2190449999999995
1.2006859999999993
1.2190449999999995
1.2006859999999993
1.2190449999999995
1.2006859999999993
1.2190449999999995
1.2006859999999993
1.2190449999999995
1.2006859999999993
1.2190449999999995
1.2006859999999993
1.2190449999999995
1.2006859999999993
1.2190449999999995
1.2006859999999993
-1.2207910000000002
-1.1989390000000002
-1.2207910000000002
-1.1989390000000002
-1.2207910000000002
-1.1989390000000002
-1.2207910000000002
-1.1989390000000002
-1.2207910000000002
-1.1989390000000002
-1.2207910000000002
-1.1989390000000002
-1.2207910000000002
-1.1989390000000002
-1.2207910000000002
-1.1989390000000002
-1.2207910000000002
-1.1989390000000002
-1.2207910000000002
-1.1989390000000002
-1.2207910000000002
-1.1989390000000002
-1.2207910000000002
-1.1989390000000002
-1.2207910000000002
-1.1989390000000002
-1.2207910000000002
-1.1989390000000002
-1.2207910000000002
-1.1989390000000002
-1.2207910000000002
-1.1989390000000002
-1.2207910000000002
-1.1989390000000002
-1.2207910000000002
-1.1989390000000002
-1.2207910000000002
-1.1989390000000002
-1.2207910000000002
-1.1989390000000002
-1.2207910000000002
-1.1989390000000002
-1.2207910000000002
-1.1989390000000002
-1.2207910000000002
-1.1989390000000002
-1.2207910000000002
-1.1989390000000002
-1.2207910000000002
-1.1989390000000002
-1.2207910000000002
-1.1989390000000002
-1.2207910000000002
-1.1989390000000002
-1.2207910000000002
-1.1989390000000002
-1.2207910000000002
-1.1989390000000002
-1.2207910000000002
-1.1989390000000002
-1.2207910000000002
-1.1989390000000002
-1.2207910000000002
-1.1989390000000002
-1.2207910000000002
-1.1989390000000002
-1.2207910000000002
-1.1989390000000002
-1.2207910000000002
-1.1989390000000002
-1.2207910000000002
-1.1989390000000002
-1.2207910000000002
-1.1989390000000002
-1.2207910000000002
-1.1989390000000002
-1.2207910000000002
-1.1989390000000002
-1.2207910000000002
-1.1989390000000002
-1.2207910000000002
-1.1989390000000002
-1.2207910000000002
-1.1989390000000002
-1.2207910000000002
-1.1989390000000002
-1.2207910000000002
-1.1989390000000002
-1.2207910000000002
-1.1989390000000002
-1.2207910000000002
-1.1989390000000002
-1.2207910000000002
-1.1989390000000002
-1.2207910000000002
-1.1989390000000002
-1.2207910000000002
-1.1989390000000002
-1.2207910000000002
-1.1989390000000002
-1.2207910000000002
-1.1989390000000002
-1.2207910000000002
-1.1989390000000002
-1.2207910000000002
-1.1989390000000002
-1.2207910000000002
-1.1989390000000002
