1.357894
1.3767340000000008
1.357894
1.3767340000000008
1.357894
1.3767340000000008
1.357894
1.3767340000000008
1.357894
1.3767340000000008
1.357894
1.3767340000000008
1.357894
1.3767340000000008
1.357894
1.3767340000000008
1.357894
1.3767340000000008
1.357894
1.3767340000000008
1.357894
1.3767340000000008
1.357894
1.3767340000000008
1.357894
1.3767340000000008
1.357894
1.3767340000000008
1.357894
1.3767340000000008
1.357894
1.3767340000000008
1.357894
1.3767340000000008
1.357894
1.3767340000000008
1.357894
1.3767340000000008
1.357894
1.3767340000000008
1.357894
1.3767340000000008
1.357894
1.3767340000000008
1.357894
1.3767340000000008
1.357894
1.3767340000000008
1.357894
1.3767340000000008
1.357894
1.3767340000000008
1.357894
1.3767340000000008
1.357894
1.3767340000000008
1.357894
1.3767340000000008
1.357894
1.3767340000000008
1.357894
1.3767340000000008
1.357894
1.3767340000000008
1.357894
1.3767340000000008
1.357894
1.3767340000000008
1.357894
1.3767340000000008
1.357894
1.3767340000000008
1.357894
1.3767340000000008
1.357894
1.3767340000000008
1.357894
1.3767340000000008
1.357894
1.3767340000000008
1.357894
1.3767340000000008
1.357894
1.3767340000000008
1.357894
1.3767340000000008
1.357894
1.3767340000000008
1.357894
1.3767340000000008
1.357894
1.3767340000000008
1.357894
1.3767340000000008
1.357894
1.3767340000000008
-1.3604010000000004
-1.3742279999999996
-1.3604010000000004
-1.3742279999999996
-1.3604010000000004
-1.3742279999999996
-1.3604010000000004
-1.3742279999999996
-1.3604010000000004
-1.3742279999999996
-1.3604010000000004
-1.3742279999999996
-1.3604010000000004
-1.3742279999999996
-1.3604010000000004
-1.3742279999999996
-1.3604010000000004
-1.3742279999999996
-1.3604010000000004
-1.3742279999999996
-1.3604010000000004
-1.3742279999999996
-1.3604010000000004
-1.3742279999999996
-1.3604010000000004
-1.3742279999999996
-1.3604010000000004
-1.3742279999999996
-1.3604010000000004
-1.3742279999999996
-1.3604010000000004
-1.3742279999999996
-1.3604010000000004
-1.3742279999999996
-1.3604010000000004
-1.3742279999999996
-1.3604010000000004
-1.3742279999999996
-1.3604010000000004
-1.3742279999999996
-1.3604010000000004
-1.3742279999999996
-1.3604010000000004
-1.3742279999999996
-1.3604010000000004
-1.3742279999999996
-1.3604010000000004
-1.3742279999999996
-1.3604010000000004
-1.3742279999999996
-1.3604010000000004
-1.3742279999999996
-1.3604010000000004
-1.3742279999999996
-1.3604010000000004
-1.3742279999999996
-1.3604010000000004
-1.3742279999999996
-1.3604010000000004
-1.3742279999999996
-1.3604010000000004
-1.3742279999999996
-1.3604010000000004
-1.3742279999999996
-1.3604010000000004
-1.3742279999999996
-1.3604010000000004
-1.3742279999999996
-1.3604010000000004
-1.3742279999999996
-1.3604010000000004
-1.3742279999999996
-1.3604010000000004
-1.3742279999999996
-1.3604010000000004
-1.3742279999999996
-1.3604010000000004
-1.3742279999999996
-1.3604010000000004
-1.3742279999999996
-1.3604010000000004
-1.3742279999999996
-1.3604010000000004
-1.3742279999999996
-1.3604010000000004
-1.3742279999999996
-1.3604010000000004
-1.3742279999999996
-1.3604010000000004
-1.3742279999999996
-1.3604010000000004
-1.3742279999999996
-1.3604010000000004
-1.3742279999999996
-1.3604010000000004
-1.3742279999999996
