1.431082
1.4317150000000005
1.4323029999999992
1.4313789999999997
1.431082
1.4317150000000005
1.4323029999999992
1.4313789999999997
1.431082
1.4317150000000005
1.4323029999999992
1.4313789999999997
1.431082
1.4317150000000005
1.4323029999999992
1.4313789999999997
1.431082
1.4317150000000005
1.4323029999999992
1.4313789999999997
1.431082
1.4317150000000005
1.4323029999999992
1.4313789999999997
1.431082
1.4317150000000005
1.4323029999999992
1.4313789999999997
1.431082
1.4317150000000005
1.4323029999999992
1.4313789999999997
1.431082
1.4317150000000005
1.4323029999999992
1.4313789999999997
1.431082
1.4317150000000005
1.4323029999999992
1.4313789999999997
1.431082
1.4317150000000005
1.4323029999999992
1.4313789999999997
1.431082
1.4317150000000005
1.4323029999999992
1.4313789999999997
1.431082
1.4317150000000005
1.4323029999999992
1.4313789999999997
1.431082
1.4317150000000005
1.4323029999999992
1.4313789999999997
1.431082
1.4317150000000005
1.4323029999999992
1.4313789999999997
1.431082
1.4317150000000005
1.4323029999999992
1.4313789999999997
1.431082
1.4317150000000005
1.4323029999999992
1.4313789999999997
1.431082
1.4317150000000005
1.4323029999999992
1.4313789999999997
1.431082
1.4317150000000005
1.4323029999999992
1.4313789999999997
1.431082
1.4317150000000005
1.4323029999999992
1.4313789999999997
1.431082
1.4317150000000005
1.4323029999999992
1.4313789999999997
1.431082
1.4317150000000005
1.4323029999999992
1.4313789999999997
1.431082
1.4317150000000005
1.4323029999999992
1.4313789999999997
1.431082
1.4317150000000005
1.4323029999999992
1.4313789999999997
1.431082
1.4317150000000005
1.4323029999999992
1.4313789999999997
1.431082
1.4317150000000005
1.4323029999999992
1.4313789999999997
1.431082
1.4317150000000005
1.4323029999999992
1.4313789999999997
1.431082
1.4317150000000005
1.4323029999999992
1.4313789999999997
1.431082
1.4317150000000005
1.4323029999999992
1.4313789999999997
1.431082
1.4317150000000005
1.4323029999999992
1.4313789999999997
1.431082
1.4317150000000005
1.4323029999999992
1.4313789999999997
1.431082
1.4317150000000005
1.4323029999999992
1.4313789999999997
1.431082
1.4317150000000005
1.4323029999999992
1.4313789999999997
1.431082
1.4317150000000005
1.4323029999999992
1.4313789999999997
1.431082
1.4317150000000005
1.4323029999999992
1.4313789999999997
1.431082
1.4317150000000005
1.4323029999999992
1.4313789999999997
-1.4319199999999999
-1.4321229999999998
-1.4310080000000003
-1.4314280000000004
-1.4319199999999999
-1.4321229999999998
-1.4310080000000003
-1.4314280000000004
-1.4319199999999999
-1.4321229999999998
-1.4310080000000003
-1.4314280000000004
-1.4319199999999999
-1.4321229999999998
-1.4310080000000003
-1.4314280000000004
-1.4319199999999999
-1.4321229999999998
-1.4310080000000003
-1.4314280000000004
-1.4319199999999999
-1.4321229999999998
-1.4310080000000003
-1.4314280000000004
-1.4319199999999999
-1.4321229999999998
-1.4310080000000003
-1.4314280000000004
-1.4319199999999999
-1.4321229999999998
-1.4310080000000003
-1.4314280000000004
-1.4319199999999999
-1.4321229999999998
-1.4310080000000003
-1.4314280000000004
-1.4319199999999999
-1.4321229999999998
-1.4310080000000003
-1.4314280000000004
-1.4319199999999999
-1.4321229999999998
-1.4310080000000003
-1.4314280000000004
-1.4319199999999999
-1.4321229999999998
-1.4310080000000003
-1.4314280000000004
-1.4319199999999999
-1.4321229999999998
-1.4310080000000003
-1.4314280000000004
-1.4319199999999999
-1.4321229999999998
-1.4310080000000003
-1.4314280000000004
-1.4319199999999999
-1.4321229999999998
-1.4310080000000003
-1.4314280000000004
-1.4319199999999999
-1.4321229999999998
-1.4310080000000003
-1.4314280000000004
-1.4319199999999999
-1.4321229999999998
-1.4310080000000003
-1.4314280000000004
-1.4319199999999999
-1.4321229999999998
-1.4310080000000003
-1.4314280000000004
-1.4319199999999999
-1.4321229999999998
-1.4310080000000003
-1.4314280000000004
-1.4319199999999999
-1.4321229999999998
-1.4310080000000003
-1.4314280000000004
-1.4319199999999999
-1.4321229999999998
-1.4310080000000003
-1.4314280000000004
-1.4319199999999999
-1.4321229999999998
-1.4310080000000003
-1.4314280000000004
-1.4319199999999999
-1.4321229999999998
-1.4310080000000003
-1.4314280000000004
-1.4319199999999999
-1.4321229999999998
-1.4310080000000003
-1.4314280000000004
-1.4319199999999999
-1.4321229999999998
-1.4310080000000003
-1.4314280000000004
-1.4319199999999999
-1.4321229999999998
-1.4310080000000003
-1.4314280000000004
-1.4319199999999999
-1.4321229999999998
-1.4310080000000003
-1.4314280000000004
-1.4319199999999999
-1.4321229999999998
-1.4310080000000003
-1.4314280000000004
-1.4319199999999999
-1.4321229999999998
-1.4310080000000003
-1.4314280000000004
-1.4319199999999999
-1.4321229999999998
-1.4310080000000003
-1.4314280000000004
-1.4319199999999999
-1.4321229999999998
-1.4310080000000003
-1.4314280000000004
-1.4319199999999999
-1.4321229999999998
-1.4310080000000003
-1.4314280000000004
-1.4319199999999999
-1.4321229999999998
-1.4310080000000003
-1.4314280000000004
-1.4319199999999999
-1.4321229999999998
-1.4310080000000003
-1.4314280000000004
-1.4319199999999999
-1.4321229999999998
-1.4310080000000003
-1.4314280000000004
-1.4319199999999999
-1.4321229999999998
-1.4310080000000003
-1.4314280000000004
