1.3758119999999998
1.3890320000000003
1.3758119999999998
1.3890320000000003
1.3758119999999998
1.3890320000000003
1.3758119999999998
1.3890320000000003
1.3758119999999998
1.3890320000000003
1.3758119999999998
1.3890320000000003
1.3758119999999998
1.3890320000000003
1.3758119999999998
1.3890320000000003
1.3758119999999998
1.3890320000000003
1.3758119999999998
1.3890320000000003
1.3758119999999998
1.3890320000000003
1.3758119999999998
1.3890320000000003
1.3758119999999998
1.3890320000000003
1.3758119999999998
1.3890320000000003
1.3758119999999998
1.3890320000000003
1.3758119999999998
1.3890320000000003
1.3758119999999998
1.3890320000000003
1.3758119999999998
1.3890320000000003
1.3758119999999998
1.3890320000000003
1.3758119999999998
1.3890320000000003
1.3758119999999998
1.3890320000000003
1.3758119999999998
1.3890320000000003
1.3758119999999998
1.3890320000000003
1.3758119999999998
1.3890320000000003
1.3758119999999998
1.3890320000000003
1.3758119999999998
1.3890320000000003
1.3758119999999998
1.3890320000000003
1.3758119999999998
1.3890320000000003
1.3758119999999998
1.3890320000000003
1.3758119999999998
1.3890320000000003
1.3758119999999998
1.3890320000000003
1.3758119999999998
1.3890320000000003
1.3758119999999998
1.3890320000000003
1.3758119999999998
1.3890320000000003
1.3758119999999998
1.3890320000000003
1.3758119999999998
1.3890320000000003
1.3758119999999998
1.3890320000000003
1.3758119999999998
1.3890320000000003
1.3758119999999998
1.3890320000000003
1.3758119999999998
1.3890320000000003
1.3758119999999998
1.3890320000000003
1.3758119999999998
1.3890320000000003
1.3758119999999998
1.3890320000000003
1.3758119999999998
1.3890320000000003
1.3758119999999998
1.3890320000000003
1.3758119999999998
1.3890320000000003
1.3758119999999998
1.3890320000000003
1.3758119999999998
1.3890320000000003
1.3758119999999998
1.3890320000000003
1.3758119999999998
1.3890320000000003
1.3758119999999998
1.3890320000000003
1.3758119999999998
1.3890320000000003
1.3758119999999998
1.3890320000000003
1.3758119999999998
1.3890320000000003
1.3758119999999998
1.3890320000000003
1.3758119999999998
1.3890320000000003
1.3758119999999998
1.3890320000000003
1.3758119999999998
1.3890320000000003
1.3758119999999998
1.3890320000000003
1.3758119999999998
1.3890320000000003
-1.38746
-1.3773840000000002
-1.38746
-1.3773840000000002
-1.38746
-1.3773840000000002
-1.38746
-1.3773840000000002
-1.38746
-1.3773840000000002
-1.38746
-1.3773840000000002
-1.38746
-1.3773840000000002
-1.38746
-1.3773840000000002
-1.38746
-1.3773840000000002
-1.38746
-1.3773840000000002
-1.38746
-1.3773840000000002
-1.38746
-1.3773840000000002
-1.38746
-1.3773840000000002
-1.38746
-1.3773840000000002
-1.38746
-1.3773840000000002
-1.38746
-1.3773840000000002
-1.38746
-1.3773840000000002
-1.38746
-1.3773840000000002
-1.38746
-1.3773840000000002
-1.38746
-1.3773840000000002
-1.38746
-1.3773840000000002
-1.38746
-1.3773840000000002
-1.38746
-1.3773840000000002
-1.38746
-1.3773840000000002
-1.38746
-1.3773840000000002
-1.38746
-1.3773840000000002
-1.38746
-1.3773840000000002
-1.38746
-1.3773840000000002
-1.38746
-1.3773840000000002
-1.38746
-1.3773840000000002
-1.38746
-1.3773840000000002
-1.38746
-1.3773840000000002
-1.38746
-1.3773840000000002
-1.38746
-1.3773840000000002
-1.38746
-1.3773840000000002
-1.38746
-1.3773840000000002
-1.38746
-1.3773840000000002
-1.38746
-1.3773840000000002
-1.38746
-1.3773840000000002
-1.38746
-1.3773840000000002
-1.38746
-1.3773840000000002
-1.38746
-1.3773840000000002
-1.38746
-1.3773840000000002
-1.38746
-1.3773840000000002
-1.38746
-1.3773840000000002
-1.38746
-1.3773840000000002
-1.38746
-1.3773840000000002
-1.38746
-1.3773840000000002
-1.38746
-1.3773840000000002
-1.38746
-1.3773840000000002
-1.38746
-1.3773840000000002
-1.38746
-1.3773840000000002
-1.38746
-1.3773840000000002
-1.38746
-1.3773840000000002
-1.38746
-1.3773840000000002
-1.38746
-1.3773840000000002
-1.38746
-1.3773840000000002
-1.38746
-1.3773840000000002
-1.38746
-1.3773840000000002
-1.38746
-1.3773840000000002
