1.3299830000000004
1.3299830000000004
1.3299830000000004
1.3299830000000004
1.3299830000000004
1.3299830000000004
1.3299830000000004
1.3299830000000004
1.3299830000000004
1.3299830000000004
1.3299830000000004
1.3299830000000004
1.3299830000000004
1.3299830000000004
1.3299830000000004
1.3299830000000004
1.3299830000000004
1.3299830000000004
1.3299830000000004
1.3299830000000004
1.3299830000000004
1.3299830000000004
1.3299830000000004
1.3299830000000004
1.3299830000000004
1.3299830000000004
1.3299830000000004
1.3299830000000004
1.3299830000000004
1.3299830000000004
1.3299830000000004
1.3299830000000004
1.3299830000000004
1.3299830000000004
1.3299830000000004
1.3299830000000004
1.3299830000000004
1.3299830000000004
1.3299830000000004
1.3299830000000004
1.3299830000000004
1.3299830000000004
1.3299830000000004
1.3299830000000004
1.3299830000000004
1.3299830000000004
1.3299830000000004
1.3299830000000004
1.3299830000000004
1.3299830000000004
1.3299830000000004
1.3299830000000004
1.3299830000000004
1.3299830000000004
-1.329986
-1.329986
-1.329986
-1.329986
-1.329986
-1.329986
-1.329986
-1.329986
-1.329986
-1.329986
-1.329986
-1.329986
-1.329986
-1.329986
-1.329986
-1.329986
-1.329986
-1.329986
-1.329986
-1.329986
-1.329986
-1.329986
-1.329986
-1.329986
-1.329986
-1.329986
-1.329986
-1.329986
-1.329986
-1.329986
-1.329986
-1.329986
-1.329986
-1.329986
-1.329986
-1.329986
-1.329986
-1.329986
-1.329986
-1.329986
-1.329986
-1.329986
-1.329986
-1.329986
-1.329986
-1.329986
-1.329986
-1.329986
-1.329986
-1.329986
-1.329986
-1.329986
-1.329986
-1.329986
