1.3498929999999998
1.3789320000000007
1.3498929999999998
1.3789320000000007
1.3498929999999998
1.3789320000000007
1.3498929999999998
1.3789320000000007
1.3498929999999998
1.3789320000000007
1.3498929999999998
1.3789320000000007
1.3498929999999998
1.3789320000000007
1.3498929999999998
1.3789320000000007
1.3498929999999998
1.3789320000000007
1.3498929999999998
1.3789320000000007
1.3498929999999998
1.3789320000000007
1.3498929999999998
1.3789320000000007
1.3498929999999998
1.3789320000000007
1.3498929999999998
1.3789320000000007
1.3498929999999998
1.3789320000000007
1.3498929999999998
1.3789320000000007
1.3498929999999998
1.3789320000000007
1.3498929999999998
1.3789320000000007
1.3498929999999998
1.3789320000000007
1.3498929999999998
1.3789320000000007
1.3498929999999998
1.3789320000000007
1.3498929999999998
1.3789320000000007
1.3498929999999998
1.3789320000000007
1.3498929999999998
1.3789320000000007
1.3498929999999998
1.3789320000000007
1.3498929999999998
1.3789320000000007
1.3498929999999998
1.3789320000000007
1.3498929999999998
1.3789320000000007
1.3498929999999998
1.3789320000000007
1.3498929999999998
1.3789320000000007
1.3498929999999998
1.3789320000000007
1.3498929999999998
1.3789320000000007
1.3498929999999998
1.3789320000000007
1.3498929999999998
1.3789320000000007
1.3498929999999998
1.3789320000000007
1.3498929999999998
1.3789320000000007
1.3498929999999998
1.3789320000000007
1.3498929999999998
1.3789320000000007
1.3498929999999998
1.3789320000000007
1.3498929999999998
1.3789320000000007
1.3498929999999998
1.3789320000000007
1.3498929999999998
1.3789320000000007
1.3498929999999998
1.3789320000000007
1.3498929999999998
1.3789320000000007
1.3498929999999998
1.3789320000000007
1.3498929999999998
1.3789320000000007
1.3498929999999998
1.3789320000000007
1.3498929999999998
1.3789320000000007
1.3498929999999998
1.3789320000000007
1.3498929999999998
1.3789320000000007
1.3498929999999998
1.3789320000000007
1.3498929999999998
1.3789320000000007
1.3498929999999998
1.3789320000000007
1.3498929999999998
1.3789320000000007
1.3498929999999998
1.3789320000000007
1.3498929999999998
1.3789320000000007
1.3498929999999998
1.3789320000000007
1.3498929999999998
1.3789320000000007
1.3498929999999998
1.3789320000000007
1.3498929999999998
1.3789320000000007
-1.3693520000000001
-1.3594720000000002
-1.3693520000000001
-1.3594720000000002
-1.3693520000000001
-1.3594720000000002
-1.3693520000000001
-1.3594720000000002
-1.3693520000000001
-1.3594720000000002
-1.3693520000000001
-1.3594720000000002
-1.3693520000000001
-1.3594720000000002
-1.3693520000000001
-1.3594720000000002
-1.3693520000000001
-1.3594720000000002
-1.3693520000000001
-1.3594720000000002
-1.3693520000000001
-1.3594720000000002
-1.3693520000000001
-1.3594720000000002
-1.3693520000000001
-1.3594720000000002
-1.3693520000000001
-1.3594720000000002
-1.3693520000000001
-1.3594720000000002
-1.3693520000000001
-1.3594720000000002
-1.3693520000000001
-1.3594720000000002
-1.3693520000000001
-1.3594720000000002
-1.3693520000000001
-1.3594720000000002
-1.3693520000000001
-1.3594720000000002
-1.3693520000000001
-1.3594720000000002
-1.3693520000000001
-1.3594720000000002
-1.3693520000000001
-1.3594720000000002
-1.3693520000000001
-1.3594720000000002
-1.3693520000000001
-1.3594720000000002
-1.3693520000000001
-1.3594720000000002
-1.3693520000000001
-1.3594720000000002
-1.3693520000000001
-1.3594720000000002
-1.3693520000000001
-1.3594720000000002
-1.3693520000000001
-1.3594720000000002
-1.3693520000000001
-1.3594720000000002
-1.3693520000000001
-1.3594720000000002
-1.3693520000000001
-1.3594720000000002
-1.3693520000000001
-1.3594720000000002
-1.3693520000000001
-1.3594720000000002
-1.3693520000000001
-1.3594720000000002
-1.3693520000000001
-1.3594720000000002
-1.3693520000000001
-1.3594720000000002
-1.3693520000000001
-1.3594720000000002
-1.3693520000000001
-1.3594720000000002
-1.3693520000000001
-1.3594720000000002
-1.3693520000000001
-1.3594720000000002
-1.3693520000000001
-1.3594720000000002
-1.3693520000000001
-1.3594720000000002
-1.3693520000000001
-1.3594720000000002
-1.3693520000000001
-1.3594720000000002
-1.3693520000000001
-1.3594720000000002
-1.3693520000000001
-1.3594720000000002
-1.3693520000000001
-1.3594720000000002
-1.3693520000000001
-1.3594720000000002
-1.3693520000000001
-1.3594720000000002
-1.3693520000000001
-1.3594720000000002
-1.3693520000000001
-1.3594720000000002
-1.3693520000000001
-1.3594720000000002
-1.3693520000000001
-1.3594720000000002
-1.3693520000000001
-1.3594720000000002
-1.3693520000000001
-1.3594720000000002
-1.3693520000000001
-1.3594720000000002
-1.3693520000000001
-1.3594720000000002
-1.3693520000000001
-1.3594720000000002
