1.4354709999999997
1.429506
1.4380609999999994
1.4345149999999993
1.4354709999999997
1.429506
1.4380609999999994
1.4345149999999993
1.4354709999999997
1.429506
1.4380609999999994
1.4345149999999993
1.4354709999999997
1.429506
1.4380609999999994
1.4345149999999993
1.4354709999999997
1.429506
1.4380609999999994
1.4345149999999993
1.4354709999999997
1.429506
1.4380609999999994
1.4345149999999993
1.4354709999999997
1.429506
1.4380609999999994
1.4345149999999993
1.4354709999999997
1.429506
1.4380609999999994
1.4345149999999993
1.4354709999999997
1.429506
1.4380609999999994
1.4345149999999993
1.4354709999999997
1.429506
1.4380609999999994
1.4345149999999993
1.4354709999999997
1.429506
1.4380609999999994
1.4345149999999993
1.4354709999999997
1.429506
1.4380609999999994
1.4345149999999993
1.4354709999999997
1.429506
1.4380609999999994
1.4345149999999993
1.4354709999999997
1.429506
1.4380609999999994
1.4345149999999993
1.4354709999999997
1.429506
1.4380609999999994
1.4345149999999993
1.4354709999999997
1.429506
1.4380609999999994
1.4345149999999993
1.4354709999999997
1.429506
1.4380609999999994
1.4345149999999993
1.4354709999999997
1.429506
1.4380609999999994
1.4345149999999993
1.4354709999999997
1.429506
1.4380609999999994
1.4345149999999993
1.4354709999999997
1.429506
1.4380609999999994
1.4345149999999993
1.4354709999999997
1.429506
1.4380609999999994
1.4345149999999993
1.4354709999999997
1.429506
1.4380609999999994
1.4345149999999993
1.4354709999999997
1.429506
1.4380609999999994
1.4345149999999993
1.4354709999999997
1.429506
1.4380609999999994
1.4345149999999993
1.4354709999999997
1.429506
1.4380609999999994
1.4345149999999993
1.4354709999999997
1.429506
1.4380609999999994
1.4345149999999993
1.4354709999999997
1.429506
1.4380609999999994
1.4345149999999993
1.4354709999999997
1.429506
1.4380609999999994
1.4345149999999993
1.4354709999999997
1.429506
1.4380609999999994
1.4345149999999993
1.4354709999999997
1.429506
1.4380609999999994
1.4345149999999993
1.4354709999999997
1.429506
1.4380609999999994
1.4345149999999993
1.4354709999999997
1.429506
1.4380609999999994
1.4345149999999993
1.4354709999999997
1.429506
1.4380609999999994
1.4345149999999993
1.4354709999999997
1.429506
1.4380609999999994
1.4345149999999993
1.4354709999999997
1.429506
1.4380609999999994
1.4345149999999993
1.4354709999999997
1.429506
1.4380609999999994
1.4345149999999993
-1.4344780000000004
-1.4346459999999999
-1.4323560000000004
-1.436071
-1.4344780000000004
-1.4346459999999999
-1.4323560000000004
-1.436071
-1.4344780000000004
-1.4346459999999999
-1.4323560000000004
-1.436071
-1.4344780000000004
-1.4346459999999999
-1.4323560000000004
-1.436071
-1.4344780000000004
-1.4346459999999999
-1.4323560000000004
-1.436071
-1.4344780000000004
-1.4346459999999999
-1.4323560000000004
-1.436071
-1.4344780000000004
-1.4346459999999999
-1.4323560000000004
-1.436071
-1.4344780000000004
-1.4346459999999999
-1.4323560000000004
-1.436071
-1.4344780000000004
-1.4346459999999999
-1.4323560000000004
-1.436071
-1.4344780000000004
-1.4346459999999999
-1.4323560000000004
-1.436071
-1.4344780000000004
-1.4346459999999999
-1.4323560000000004
-1.436071
-1.4344780000000004
-1.4346459999999999
-1.4323560000000004
-1.436071
-1.4344780000000004
-1.4346459999999999
-1.4323560000000004
-1.436071
-1.4344780000000004
-1.4346459999999999
-1.4323560000000004
-1.436071
-1.4344780000000004
-1.4346459999999999
-1.4323560000000004
-1.436071
-1.4344780000000004
-1.4346459999999999
-1.4323560000000004
-1.436071
-1.4344780000000004
-1.4346459999999999
-1.4323560000000004
-1.436071
-1.4344780000000004
-1.4346459999999999
-1.4323560000000004
-1.436071
-1.4344780000000004
-1.4346459999999999
-1.4323560000000004
-1.436071
-1.4344780000000004
-1.4346459999999999
-1.4323560000000004
-1.436071
-1.4344780000000004
-1.4346459999999999
-1.4323560000000004
-1.436071
-1.4344780000000004
-1.4346459999999999
-1.4323560000000004
-1.436071
-1.4344780000000004
-1.4346459999999999
-1.4323560000000004
-1.436071
-1.4344780000000004
-1.4346459999999999
-1.4323560000000004
-1.436071
-1.4344780000000004
-1.4346459999999999
-1.4323560000000004
-1.436071
-1.4344780000000004
-1.4346459999999999
-1.4323560000000004
-1.436071
-1.4344780000000004
-1.4346459999999999
-1.4323560000000004
-1.436071
-1.4344780000000004
-1.4346459999999999
-1.4323560000000004
-1.436071
-1.4344780000000004
-1.4346459999999999
-1.4323560000000004
-1.436071
-1.4344780000000004
-1.4346459999999999
-1.4323560000000004
-1.436071
-1.4344780000000004
-1.4346459999999999
-1.4323560000000004
-1.436071
-1.4344780000000004
-1.4346459999999999
-1.4323560000000004
-1.436071
-1.4344780000000004
-1.4346459999999999
-1.4323560000000004
-1.436071
-1.4344780000000004
-1.4346459999999999
-1.4323560000000004
-1.436071
-1.4344780000000004
-1.4346459999999999
-1.4323560000000004
-1.436071
-1.4344780000000004
-1.4346459999999999
-1.4323560000000004
-1.436071
