1.3479790000000005
1.3738259999999993
1.3479790000000005
1.3738259999999993
1.3479790000000005
1.3738259999999993
1.3479790000000005
1.3738259999999993
1.3479790000000005
1.3738259999999993
1.3479790000000005
1.3738259999999993
1.3479790000000005
1.3738259999999993
1.3479790000000005
1.3738259999999993
1.3479790000000005
1.3738259999999993
1.3479790000000005
1.3738259999999993
1.3479790000000005
1.3738259999999993
1.3479790000000005
1.3738259999999993
1.3479790000000005
1.3738259999999993
1.3479790000000005
1.3738259999999993
1.3479790000000005
1.3738259999999993
1.3479790000000005
1.3738259999999993
1.3479790000000005
1.3738259999999993
1.3479790000000005
1.3738259999999993
1.3479790000000005
1.3738259999999993
1.3479790000000005
1.3738259999999993
1.3479790000000005
1.3738259999999993
1.3479790000000005
1.3738259999999993
1.3479790000000005
1.3738259999999993
1.3479790000000005
1.3738259999999993
1.3479790000000005
1.3738259999999993
1.3479790000000005
1.3738259999999993
1.3479790000000005
1.3738259999999993
1.3479790000000005
1.3738259999999993
1.3479790000000005
1.3738259999999993
1.3479790000000005
1.3738259999999993
1.3479790000000005
1.3738259999999993
1.3479790000000005
1.3738259999999993
1.3479790000000005
1.3738259999999993
1.3479790000000005
1.3738259999999993
1.3479790000000005
1.3738259999999993
1.3479790000000005
1.3738259999999993
1.3479790000000005
1.3738259999999993
1.3479790000000005
1.3738259999999993
1.3479790000000005
1.3738259999999993
1.3479790000000005
1.3738259999999993
1.3479790000000005
1.3738259999999993
1.3479790000000005
1.3738259999999993
1.3479790000000005
1.3738259999999993
1.3479790000000005
1.3738259999999993
1.3479790000000005
1.3738259999999993
1.3479790000000005
1.3738259999999993
1.3479790000000005
1.3738259999999993
1.3479790000000005
1.3738259999999993
-1.3592250000000003
-1.3625800000000003
-1.3592250000000003
-1.3625800000000003
-1.3592250000000003
-1.3625800000000003
-1.3592250000000003
-1.3625800000000003
-1.3592250000000003
-1.3625800000000003
-1.3592250000000003
-1.3625800000000003
-1.3592250000000003
-1.3625800000000003
-1.3592250000000003
-1.3625800000000003
-1.3592250000000003
-1.3625800000000003
-1.3592250000000003
-1.3625800000000003
-1.3592250000000003
-1.3625800000000003
-1.3592250000000003
-1.3625800000000003
-1.3592250000000003
-1.3625800000000003
-1.3592250000000003
-1.3625800000000003
-1.3592250000000003
-1.3625800000000003
-1.3592250000000003
-1.3625800000000003
-1.3592250000000003
-1.3625800000000003
-1.3592250000000003
-1.3625800000000003
-1.3592250000000003
-1.3625800000000003
-1.3592250000000003
-1.3625800000000003
-1.3592250000000003
-1.3625800000000003
-1.3592250000000003
-1.3625800000000003
-1.3592250000000003
-1.3625800000000003
-1.3592250000000003
-1.3625800000000003
-1.3592250000000003
-1.3625800000000003
-1.3592250000000003
-1.3625800000000003
-1.3592250000000003
-1.3625800000000003
-1.3592250000000003
-1.3625800000000003
-1.3592250000000003
-1.3625800000000003
-1.3592250000000003
-1.3625800000000003
-1.3592250000000003
-1.3625800000000003
-1.3592250000000003
-1.3625800000000003
-1.3592250000000003
-1.3625800000000003
-1.3592250000000003
-1.3625800000000003
-1.3592250000000003
-1.3625800000000003
-1.3592250000000003
-1.3625800000000003
-1.3592250000000003
-1.3625800000000003
-1.3592250000000003
-1.3625800000000003
-1.3592250000000003
-1.3625800000000003
-1.3592250000000003
-1.3625800000000003
-1.3592250000000003
-1.3625800000000003
-1.3592250000000003
-1.3625800000000003
-1.3592250000000003
-1.3625800000000003
-1.3592250000000003
-1.3625800000000003
-1.3592250000000003
-1.3625800000000003
-1.3592250000000003
-1.3625800000000003
-1.3592250000000003
-1.3625800000000003
-1.3592250000000003
-1.3625800000000003
