0.35613200000000056
0.35613200000000056
0.35613200000000056
0.35613200000000056
0.35613200000000056
0.35613200000000056
0.35613200000000056
0.35613200000000056
0.35613200000000056
0.35613200000000056
0.35613200000000056
0.35613200000000056
0.35613200000000056
0.35613200000000056
0.35613200000000056
0.35613200000000056
0.35613200000000056
0.35613200000000056
0.35613200000000056
0.35613200000000056
0.35613200000000056
0.35613200000000056
0.35613200000000056
0.35613200000000056
0.35613200000000056
0.35613200000000056
0.35613200000000056
0.35613200000000056
0.35613200000000056
0.35613200000000056
0.35613200000000056
0.35613200000000056
0.35613200000000056
0.35613200000000056
0.35613200000000056
0.35613200000000056
0.35613200000000056
0.35613200000000056
0.35613200000000056
0.35613200000000056
0.35613200000000056
0.35613200000000056
0.35613200000000056
0.35613200000000056
0.35613200000000056
0.35613200000000056
0.35613200000000056
0.35613200000000056
0.35613200000000056
0.35613200000000056
-0.3561329999999998
-0.3561329999999998
-0.3561329999999998
-0.3561329999999998
-0.3561329999999998
-0.3561329999999998
-0.3561329999999998
-0.3561329999999998
-0.3561329999999998
-0.3561329999999998
-0.3561329999999998
-0.3561329999999998
-0.3561329999999998
-0.3561329999999998
-0.3561329999999998
-0.3561329999999998
-0.3561329999999998
-0.3561329999999998
-0.3561329999999998
-0.3561329999999998
-0.3561329999999998
-0.3561329999999998
-0.3561329999999998
-0.3561329999999998
-0.3561329999999998
-0.3561329999999998
-0.3561329999999998
-0.3561329999999998
-0.3561329999999998
-0.3561329999999998
-0.3561329999999998
-0.3561329999999998
-0.3561329999999998
-0.3561329999999998
-0.3561329999999998
-0.3561329999999998
-0.3561329999999998
-0.3561329999999998
-0.3561329999999998
-0.3561329999999998
-0.3561329999999998
-0.3561329999999998
-0.3561329999999998
-0.3561329999999998
-0.3561329999999998
-0.3561329999999998
-0.3561329999999998
-0.3561329999999998
-0.3561329999999998
-0.3561329999999998
