1.2352539999999994
1.2257809999999996
1.2352539999999994
1.2257809999999996
1.2352539999999994
1.2257809999999996
1.2352539999999994
1.2257809999999996
1.2352539999999994
1.2257809999999996
1.2352539999999994
1.2257809999999996
1.2352539999999994
1.2257809999999996
1.2352539999999994
1.2257809999999996
1.2352539999999994
1.2257809999999996
1.2352539999999994
1.2257809999999996
1.2352539999999994
1.2257809999999996
1.2352539999999994
1.2257809999999996
1.2352539999999994
1.2257809999999996
1.2352539999999994
1.2257809999999996
1.2352539999999994
1.2257809999999996
1.2352539999999994
1.2257809999999996
1.2352539999999994
1.2257809999999996
1.2352539999999994
1.2257809999999996
1.2352539999999994
1.2257809999999996
1.2352539999999994
1.2257809999999996
1.2352539999999994
1.2257809999999996
1.2352539999999994
1.2257809999999996
1.2352539999999994
1.2257809999999996
1.2352539999999994
1.2257809999999996
1.2352539999999994
1.2257809999999996
1.2352539999999994
1.2257809999999996
1.2352539999999994
1.2257809999999996
1.2352539999999994
1.2257809999999996
1.2352539999999994
1.2257809999999996
1.2352539999999994
1.2257809999999996
1.2352539999999994
1.2257809999999996
1.2352539999999994
1.2257809999999996
1.2352539999999994
1.2257809999999996
1.2352539999999994
1.2257809999999996
1.2352539999999994
1.2257809999999996
1.2352539999999994
1.2257809999999996
1.2352539999999994
1.2257809999999996
1.2352539999999994
1.2257809999999996
1.2352539999999994
1.2257809999999996
1.2352539999999994
1.2257809999999996
1.2352539999999994
1.2257809999999996
1.2352539999999994
1.2257809999999996
1.2352539999999994
1.2257809999999996
1.2352539999999994
1.2257809999999996
1.2352539999999994
1.2257809999999996
1.2352539999999994
1.2257809999999996
1.2352539999999994
1.2257809999999996
1.2352539999999994
1.2257809999999996
1.2352539999999994
1.2257809999999996
1.2352539999999994
1.2257809999999996
1.2352539999999994
1.2257809999999996
1.2352539999999994
1.2257809999999996
1.2352539999999994
1.2257809999999996
1.2352539999999994
1.2257809999999996
1.2352539999999994
1.2257809999999996
1.2352539999999994
1.2257809999999996
1.2352539999999994
1.2257809999999996
1.2352539999999994
1.2257809999999996
1.2352539999999994
1.2257809999999996
1.2352539999999994
1.2257809999999996
-1.2282570000000002
-1.2327779999999997
-1.2282570000000002
-1.2327779999999997
-1.2282570000000002
-1.2327779999999997
-1.2282570000000002
-1.2327779999999997
-1.2282570000000002
-1.2327779999999997
-1.2282570000000002
-1.2327779999999997
-1.2282570000000002
-1.2327779999999997
-1.2282570000000002
-1.2327779999999997
-1.2282570000000002
-1.2327779999999997
-1.2282570000000002
-1.2327779999999997
-1.2282570000000002
-1.2327779999999997
-1.2282570000000002
-1.2327779999999997
-1.2282570000000002
-1.2327779999999997
-1.2282570000000002
-1.2327779999999997
-1.2282570000000002
-1.2327779999999997
-1.2282570000000002
-1.2327779999999997
-1.2282570000000002
-1.2327779999999997
-1.2282570000000002
-1.2327779999999997
-1.2282570000000002
-1.2327779999999997
-1.2282570000000002
-1.2327779999999997
-1.2282570000000002
-1.2327779999999997
-1.2282570000000002
-1.2327779999999997
-1.2282570000000002
-1.2327779999999997
-1.2282570000000002
-1.2327779999999997
-1.2282570000000002
-1.2327779999999997
-1.2282570000000002
-1.2327779999999997
-1.2282570000000002
-1.2327779999999997
-1.2282570000000002
-1.2327779999999997
-1.2282570000000002
-1.2327779999999997
-1.2282570000000002
-1.2327779999999997
-1.2282570000000002
-1.2327779999999997
-1.2282570000000002
-1.2327779999999997
-1.2282570000000002
-1.2327779999999997
-1.2282570000000002
-1.2327779999999997
-1.2282570000000002
-1.2327779999999997
-1.2282570000000002
-1.2327779999999997
-1.2282570000000002
-1.2327779999999997
-1.2282570000000002
-1.2327779999999997
-1.2282570000000002
-1.2327779999999997
-1.2282570000000002
-1.2327779999999997
-1.2282570000000002
-1.2327779999999997
-1.2282570000000002
-1.2327779999999997
-1.2282570000000002
-1.2327779999999997
-1.2282570000000002
-1.2327779999999997
-1.2282570000000002
-1.2327779999999997
-1.2282570000000002
-1.2327779999999997
-1.2282570000000002
-1.2327779999999997
-1.2282570000000002
-1.2327779999999997
-1.2282570000000002
-1.2327779999999997
-1.2282570000000002
-1.2327779999999997
-1.2282570000000002
-1.2327779999999997
-1.2282570000000002
-1.2327779999999997
-1.2282570000000002
-1.2327779999999997
-1.2282570000000002
-1.2327779999999997
-1.2282570000000002
-1.2327779999999997
-1.2282570000000002
-1.2327779999999997
-1.2282570000000002
-1.2327779999999997
-1.2282570000000002
-1.2327779999999997
-1.2282570000000002
-1.2327779999999997
-1.2282570000000002
-1.2327779999999997
