0.9616799999999994
0.9616799999999994
0.9616799999999994
0.9616799999999994
0.9616799999999994
0.9616799999999994
0.9616799999999994
0.9616799999999994
0.9616799999999994
0.9616799999999994
0.9616799999999994
0.9616799999999994
0.9616799999999994
0.9616799999999994
0.9616799999999994
0.9616799999999994
0.9616799999999994
0.9616799999999994
0.9616799999999994
0.9616799999999994
0.9616799999999994
0.9616799999999994
0.9616799999999994
0.9616799999999994
0.9616799999999994
0.9616799999999994
0.9616799999999994
-0.9616800000000003
-0.9616800000000003
-0.9616800000000003
-0.9616800000000003
-0.9616800000000003
-0.9616800000000003
-0.9616800000000003
-0.9616800000000003
-0.9616800000000003
-0.9616800000000003
-0.9616800000000003
-0.9616800000000003
-0.9616800000000003
-0.9616800000000003
-0.9616800000000003
-0.9616800000000003
-0.9616800000000003
-0.9616800000000003
-0.9616800000000003
-0.9616800000000003
-0.9616800000000003
-0.9616800000000003
-0.9616800000000003
-0.9616800000000003
-0.9616800000000003
-0.9616800000000003
-0.9616800000000003
