1.4396159999999991
1.4414180000000005
1.4414490000000004
1.4427839999999996
1.4396159999999991
1.4414180000000005
1.4414490000000004
1.4427839999999996
1.4396159999999991
1.4414180000000005
1.4414490000000004
1.4427839999999996
1.4396159999999991
1.4414180000000005
1.4414490000000004
1.4427839999999996
1.4396159999999991
1.4414180000000005
1.4414490000000004
1.4427839999999996
1.4396159999999991
1.4414180000000005
1.4414490000000004
1.4427839999999996
1.4396159999999991
1.4414180000000005
1.4414490000000004
1.4427839999999996
1.4396159999999991
1.4414180000000005
1.4414490000000004
1.4427839999999996
1.4396159999999991
1.4414180000000005
1.4414490000000004
1.4427839999999996
1.4396159999999991
1.4414180000000005
1.4414490000000004
1.4427839999999996
1.4396159999999991
1.4414180000000005
1.4414490000000004
1.4427839999999996
1.4396159999999991
1.4414180000000005
1.4414490000000004
1.4427839999999996
1.4396159999999991
1.4414180000000005
1.4414490000000004
1.4427839999999996
1.4396159999999991
1.4414180000000005
1.4414490000000004
1.4427839999999996
1.4396159999999991
1.4414180000000005
1.4414490000000004
1.4427839999999996
1.4396159999999991
1.4414180000000005
1.4414490000000004
1.4427839999999996
1.4396159999999991
1.4414180000000005
1.4414490000000004
1.4427839999999996
1.4396159999999991
1.4414180000000005
1.4414490000000004
1.4427839999999996
1.4396159999999991
1.4414180000000005
1.4414490000000004
1.4427839999999996
1.4396159999999991
1.4414180000000005
1.4414490000000004
1.4427839999999996
1.4396159999999991
1.4414180000000005
1.4414490000000004
1.4427839999999996
1.4396159999999991
1.4414180000000005
1.4414490000000004
1.4427839999999996
1.4396159999999991
1.4414180000000005
1.4414490000000004
1.4427839999999996
1.4396159999999991
1.4414180000000005
1.4414490000000004
1.4427839999999996
1.4396159999999991
1.4414180000000005
1.4414490000000004
1.4427839999999996
1.4396159999999991
1.4414180000000005
1.4414490000000004
1.4427839999999996
1.4396159999999991
1.4414180000000005
1.4414490000000004
1.4427839999999996
-1.4429249999999998
-1.4408130000000003
-1.4411360000000002
-1.4403920000000001
-1.4429249999999998
-1.4408130000000003
-1.4411360000000002
-1.4403920000000001
-1.4429249999999998
-1.4408130000000003
-1.4411360000000002
-1.4403920000000001
-1.4429249999999998
-1.4408130000000003
-1.4411360000000002
-1.4403920000000001
-1.4429249999999998
-1.4408130000000003
-1.4411360000000002
-1.4403920000000001
-1.4429249999999998
-1.4408130000000003
-1.4411360000000002
-1.4403920000000001
-1.4429249999999998
-1.4408130000000003
-1.4411360000000002
-1.4403920000000001
-1.4429249999999998
-1.4408130000000003
-1.4411360000000002
-1.4403920000000001
-1.4429249999999998
-1.4408130000000003
-1.4411360000000002
-1.4403920000000001
-1.4429249999999998
-1.4408130000000003
-1.4411360000000002
-1.4403920000000001
-1.4429249999999998
-1.4408130000000003
-1.4411360000000002
-1.4403920000000001
-1.4429249999999998
-1.4408130000000003
-1.4411360000000002
-1.4403920000000001
-1.4429249999999998
-1.4408130000000003
-1.4411360000000002
-1.4403920000000001
-1.4429249999999998
-1.4408130000000003
-1.4411360000000002
-1.4403920000000001
-1.4429249999999998
-1.4408130000000003
-1.4411360000000002
-1.4403920000000001
-1.4429249999999998
-1.4408130000000003
-1.4411360000000002
-1.4403920000000001
-1.4429249999999998
-1.4408130000000003
-1.4411360000000002
-1.4403920000000001
-1.4429249999999998
-1.4408130000000003
-1.4411360000000002
-1.4403920000000001
-1.4429249999999998
-1.4408130000000003
-1.4411360000000002
-1.4403920000000001
-1.4429249999999998
-1.4408130000000003
-1.4411360000000002
-1.4403920000000001
-1.4429249999999998
-1.4408130000000003
-1.4411360000000002
-1.4403920000000001
-1.4429249999999998
-1.4408130000000003
-1.4411360000000002
-1.4403920000000001
-1.4429249999999998
-1.4408130000000003
-1.4411360000000002
-1.4403920000000001
-1.4429249999999998
-1.4408130000000003
-1.4411360000000002
-1.4403920000000001
-1.4429249999999998
-1.4408130000000003
-1.4411360000000002
-1.4403920000000001
-1.4429249999999998
-1.4408130000000003
-1.4411360000000002
-1.4403920000000001
-1.4429249999999998
-1.4408130000000003
-1.4411360000000002
-1.4403920000000001
