1.4305040000000009
1.4305040000000009
1.4305040000000009
1.4305040000000009
1.4305040000000009
1.4305040000000009
1.4305040000000009
1.4305040000000009
1.4305040000000009
1.4305040000000009
1.4305040000000009
1.4305040000000009
1.4305040000000009
1.4305040000000009
1.4305040000000009
1.4305040000000009
1.4305040000000009
1.4305040000000009
1.4305040000000009
1.4305040000000009
1.4305040000000009
1.4305040000000009
1.4305040000000009
1.4305040000000009
1.4305040000000009
1.4305040000000009
1.4305040000000009
1.4305040000000009
1.4305040000000009
1.4305040000000009
1.4305040000000009
1.4305040000000009
1.4305040000000009
1.4305040000000009
1.4305040000000009
1.4305040000000009
1.4305040000000009
1.4305040000000009
1.4305040000000009
1.4305040000000009
1.4305040000000009
1.4305040000000009
1.4305040000000009
1.4305040000000009
1.4305040000000009
1.4305040000000009
1.4305040000000009
1.4305040000000009
1.4305040000000009
1.4305040000000009
1.4305040000000009
1.4305040000000009
1.4305040000000009
1.4305040000000009
1.4305040000000009
1.4305040000000009
1.4305040000000009
1.4305040000000009
1.4305040000000009
1.4305040000000009
1.4305040000000009
1.4305040000000009
1.4305040000000009
1.4305040000000009
-1.4305029999999999
-1.4305029999999999
-1.4305029999999999
-1.4305029999999999
-1.4305029999999999
-1.4305029999999999
-1.4305029999999999
-1.4305029999999999
-1.4305029999999999
-1.4305029999999999
-1.4305029999999999
-1.4305029999999999
-1.4305029999999999
-1.4305029999999999
-1.4305029999999999
-1.4305029999999999
-1.4305029999999999
-1.4305029999999999
-1.4305029999999999
-1.4305029999999999
-1.4305029999999999
-1.4305029999999999
-1.4305029999999999
-1.4305029999999999
-1.4305029999999999
-1.4305029999999999
-1.4305029999999999
-1.4305029999999999
-1.4305029999999999
-1.4305029999999999
-1.4305029999999999
-1.4305029999999999
-1.4305029999999999
-1.4305029999999999
-1.4305029999999999
-1.4305029999999999
-1.4305029999999999
-1.4305029999999999
-1.4305029999999999
-1.4305029999999999
-1.4305029999999999
-1.4305029999999999
-1.4305029999999999
-1.4305029999999999
-1.4305029999999999
-1.4305029999999999
-1.4305029999999999
-1.4305029999999999
-1.4305029999999999
-1.4305029999999999
-1.4305029999999999
-1.4305029999999999
-1.4305029999999999
-1.4305029999999999
-1.4305029999999999
-1.4305029999999999
-1.4305029999999999
-1.4305029999999999
-1.4305029999999999
-1.4305029999999999
-1.4305029999999999
-1.4305029999999999
-1.4305029999999999
-1.4305029999999999
