1.359515
1.3738650000000003
1.359515
1.3738650000000003
1.359515
1.3738650000000003
1.359515
1.3738650000000003
1.359515
1.3738650000000003
1.359515
1.3738650000000003
1.359515
1.3738650000000003
1.359515
1.3738650000000003
1.359515
1.3738650000000003
1.359515
1.3738650000000003
1.359515
1.3738650000000003
1.359515
1.3738650000000003
1.359515
1.3738650000000003
1.359515
1.3738650000000003
1.359515
1.3738650000000003
1.359515
1.3738650000000003
1.359515
1.3738650000000003
1.359515
1.3738650000000003
1.359515
1.3738650000000003
1.359515
1.3738650000000003
1.359515
1.3738650000000003
1.359515
1.3738650000000003
1.359515
1.3738650000000003
1.359515
1.3738650000000003
1.359515
1.3738650000000003
1.359515
1.3738650000000003
1.359515
1.3738650000000003
1.359515
1.3738650000000003
1.359515
1.3738650000000003
1.359515
1.3738650000000003
1.359515
1.3738650000000003
1.359515
1.3738650000000003
1.359515
1.3738650000000003
1.359515
1.3738650000000003
1.359515
1.3738650000000003
1.359515
1.3738650000000003
1.359515
1.3738650000000003
1.359515
1.3738650000000003
1.359515
1.3738650000000003
1.359515
1.3738650000000003
1.359515
1.3738650000000003
1.359515
1.3738650000000003
1.359515
1.3738650000000003
1.359515
1.3738650000000003
1.359515
1.3738650000000003
1.359515
1.3738650000000003
1.359515
1.3738650000000003
1.359515
1.3738650000000003
1.359515
1.3738650000000003
1.359515
1.3738650000000003
1.359515
1.3738650000000003
1.359515
1.3738650000000003
1.359515
1.3738650000000003
1.359515
1.3738650000000003
1.359515
1.3738650000000003
1.359515
1.3738650000000003
1.359515
1.3738650000000003
1.359515
1.3738650000000003
1.359515
1.3738650000000003
1.359515
1.3738650000000003
-1.362228
-1.3711510000000002
-1.362228
-1.3711510000000002
-1.362228
-1.3711510000000002
-1.362228
-1.3711510000000002
-1.362228
-1.3711510000000002
-1.362228
-1.3711510000000002
-1.362228
-1.3711510000000002
-1.362228
-1.3711510000000002
-1.362228
-1.3711510000000002
-1.362228
-1.3711510000000002
-1.362228
-1.3711510000000002
-1.362228
-1.3711510000000002
-1.362228
-1.3711510000000002
-1.362228
-1.3711510000000002
-1.362228
-1.3711510000000002
-1.362228
-1.3711510000000002
-1.362228
-1.3711510000000002
-1.362228
-1.3711510000000002
-1.362228
-1.3711510000000002
-1.362228
-1.3711510000000002
-1.362228
-1.3711510000000002
-1.362228
-1.3711510000000002
-1.362228
-1.3711510000000002
-1.362228
-1.3711510000000002
-1.362228
-1.3711510000000002
-1.362228
-1.3711510000000002
-1.362228
-1.3711510000000002
-1.362228
-1.3711510000000002
-1.362228
-1.3711510000000002
-1.362228
-1.3711510000000002
-1.362228
-1.3711510000000002
-1.362228
-1.3711510000000002
-1.362228
-1.3711510000000002
-1.362228
-1.3711510000000002
-1.362228
-1.3711510000000002
-1.362228
-1.3711510000000002
-1.362228
-1.3711510000000002
-1.362228
-1.3711510000000002
-1.362228
-1.3711510000000002
-1.362228
-1.3711510000000002
-1.362228
-1.3711510000000002
-1.362228
-1.3711510000000002
-1.362228
-1.3711510000000002
-1.362228
-1.3711510000000002
-1.362228
-1.3711510000000002
-1.362228
-1.3711510000000002
-1.362228
-1.3711510000000002
-1.362228
-1.3711510000000002
-1.362228
-1.3711510000000002
-1.362228
-1.3711510000000002
-1.362228
-1.3711510000000002
-1.362228
-1.3711510000000002
-1.362228
-1.3711510000000002
-1.362228
-1.3711510000000002
-1.362228
-1.3711510000000002
-1.362228
-1.3711510000000002
-1.362228
-1.3711510000000002
-1.362228
-1.3711510000000002
-1.362228
-1.3711510000000002
-1.362228
-1.3711510000000002
