0.3797619999999995
0.3797619999999995
0.3797619999999995
0.3797619999999995
0.3797619999999995
0.3797619999999995
0.3797619999999995
0.3797619999999995
0.3797619999999995
0.3797619999999995
0.3797619999999995
0.3797619999999995
0.3797619999999995
0.3797619999999995
0.3797619999999995
0.3797619999999995
0.3797619999999995
0.3797619999999995
0.3797619999999995
0.3797619999999995
0.3797619999999995
0.3797619999999995
0.3797619999999995
0.3797619999999995
0.3797619999999995
0.3797619999999995
0.3797619999999995
0.3797619999999995
0.3797619999999995
0.3797619999999995
0.3797619999999995
0.3797619999999995
0.3797619999999995
0.3797619999999995
0.3797619999999995
0.3797619999999995
0.3797619999999995
0.3797619999999995
0.3797619999999995
0.3797619999999995
0.3797619999999995
0.3797619999999995
0.3797619999999995
0.3797619999999995
0.3797619999999995
0.3797619999999995
0.3797619999999995
0.3797619999999995
0.3797619999999995
0.3797619999999995
-0.37976299999999963
-0.37976299999999963
-0.37976299999999963
-0.37976299999999963
-0.37976299999999963
-0.37976299999999963
-0.37976299999999963
-0.37976299999999963
-0.37976299999999963
-0.37976299999999963
-0.37976299999999963
-0.37976299999999963
-0.37976299999999963
-0.37976299999999963
-0.37976299999999963
-0.37976299999999963
-0.37976299999999963
-0.37976299999999963
-0.37976299999999963
-0.37976299999999963
-0.37976299999999963
-0.37976299999999963
-0.37976299999999963
-0.37976299999999963
-0.37976299999999963
-0.37976299999999963
-0.37976299999999963
-0.37976299999999963
-0.37976299999999963
-0.37976299999999963
-0.37976299999999963
-0.37976299999999963
-0.37976299999999963
-0.37976299999999963
-0.37976299999999963
-0.37976299999999963
-0.37976299999999963
-0.37976299999999963
-0.37976299999999963
-0.37976299999999963
-0.37976299999999963
-0.37976299999999963
-0.37976299999999963
-0.37976299999999963
-0.37976299999999963
-0.37976299999999963
-0.37976299999999963
-0.37976299999999963
-0.37976299999999963
-0.37976299999999963
