1.437901
1.4368390000000009
1.4449369999999995
1.4439930000000007
1.437901
1.4368390000000009
1.4449369999999995
1.4439930000000007
1.437901
1.4368390000000009
1.4449369999999995
1.4439930000000007
1.437901
1.4368390000000009
1.4449369999999995
1.4439930000000007
1.437901
1.4368390000000009
1.4449369999999995
1.4439930000000007
1.437901
1.4368390000000009
1.4449369999999995
1.4439930000000007
1.437901
1.4368390000000009
1.4449369999999995
1.4439930000000007
1.437901
1.4368390000000009
1.4449369999999995
1.4439930000000007
1.437901
1.4368390000000009
1.4449369999999995
1.4439930000000007
1.437901
1.4368390000000009
1.4449369999999995
1.4439930000000007
1.437901
1.4368390000000009
1.4449369999999995
1.4439930000000007
1.437901
1.4368390000000009
1.4449369999999995
1.4439930000000007
1.437901
1.4368390000000009
1.4449369999999995
1.4439930000000007
1.437901
1.4368390000000009
1.4449369999999995
1.4439930000000007
1.437901
1.4368390000000009
1.4449369999999995
1.4439930000000007
1.437901
1.4368390000000009
1.4449369999999995
1.4439930000000007
1.437901
1.4368390000000009
1.4449369999999995
1.4439930000000007
1.437901
1.4368390000000009
1.4449369999999995
1.4439930000000007
1.437901
1.4368390000000009
1.4449369999999995
1.4439930000000007
1.437901
1.4368390000000009
1.4449369999999995
1.4439930000000007
1.437901
1.4368390000000009
1.4449369999999995
1.4439930000000007
1.437901
1.4368390000000009
1.4449369999999995
1.4439930000000007
1.437901
1.4368390000000009
1.4449369999999995
1.4439930000000007
1.437901
1.4368390000000009
1.4449369999999995
1.4439930000000007
1.437901
1.4368390000000009
1.4449369999999995
1.4439930000000007
1.437901
1.4368390000000009
1.4449369999999995
1.4439930000000007
1.437901
1.4368390000000009
1.4449369999999995
1.4439930000000007
-1.4425280000000003
-1.441484
-1.439056
-1.4405999999999999
-1.4425280000000003
-1.441484
-1.439056
-1.4405999999999999
-1.4425280000000003
-1.441484
-1.439056
-1.4405999999999999
-1.4425280000000003
-1.441484
-1.439056
-1.4405999999999999
-1.4425280000000003
-1.441484
-1.439056
-1.4405999999999999
-1.4425280000000003
-1.441484
-1.439056
-1.4405999999999999
-1.4425280000000003
-1.441484
-1.439056
-1.4405999999999999
-1.4425280000000003
-1.441484
-1.439056
-1.4405999999999999
-1.4425280000000003
-1.441484
-1.439056
-1.4405999999999999
-1.4425280000000003
-1.441484
-1.439056
-1.4405999999999999
-1.4425280000000003
-1.441484
-1.439056
-1.4405999999999999
-1.4425280000000003
-1.441484
-1.439056
-1.4405999999999999
-1.4425280000000003
-1.441484
-1.439056
-1.4405999999999999
-1.4425280000000003
-1.441484
-1.439056
-1.4405999999999999
-1.4425280000000003
-1.441484
-1.439056
-1.4405999999999999
-1.4425280000000003
-1.441484
-1.439056
-1.4405999999999999
-1.4425280000000003
-1.441484
-1.439056
-1.4405999999999999
-1.4425280000000003
-1.441484
-1.439056
-1.4405999999999999
-1.4425280000000003
-1.441484
-1.439056
-1.4405999999999999
-1.4425280000000003
-1.441484
-1.439056
-1.4405999999999999
-1.4425280000000003
-1.441484
-1.439056
-1.4405999999999999
-1.4425280000000003
-1.441484
-1.439056
-1.4405999999999999
-1.4425280000000003
-1.441484
-1.439056
-1.4405999999999999
-1.4425280000000003
-1.441484
-1.439056
-1.4405999999999999
-1.4425280000000003
-1.441484
-1.439056
-1.4405999999999999
-1.4425280000000003
-1.441484
-1.439056
-1.4405999999999999
-1.4425280000000003
-1.441484
-1.439056
-1.4405999999999999
