1.439406
1.4419310000000003
1.4406890000000008
1.4379460000000002
1.439406
1.4419310000000003
1.4406890000000008
1.4379460000000002
1.439406
1.4419310000000003
1.4406890000000008
1.4379460000000002
1.439406
1.4419310000000003
1.4406890000000008
1.4379460000000002
1.439406
1.4419310000000003
1.4406890000000008
1.4379460000000002
1.439406
1.4419310000000003
1.4406890000000008
1.4379460000000002
1.439406
1.4419310000000003
1.4406890000000008
1.4379460000000002
1.439406
1.4419310000000003
1.4406890000000008
1.4379460000000002
1.439406
1.4419310000000003
1.4406890000000008
1.4379460000000002
1.439406
1.4419310000000003
1.4406890000000008
1.4379460000000002
1.439406
1.4419310000000003
1.4406890000000008
1.4379460000000002
1.439406
1.4419310000000003
1.4406890000000008
1.4379460000000002
1.439406
1.4419310000000003
1.4406890000000008
1.4379460000000002
1.439406
1.4419310000000003
1.4406890000000008
1.4379460000000002
1.439406
1.4419310000000003
1.4406890000000008
1.4379460000000002
1.439406
1.4419310000000003
1.4406890000000008
1.4379460000000002
1.439406
1.4419310000000003
1.4406890000000008
1.4379460000000002
1.439406
1.4419310000000003
1.4406890000000008
1.4379460000000002
1.439406
1.4419310000000003
1.4406890000000008
1.4379460000000002
1.439406
1.4419310000000003
1.4406890000000008
1.4379460000000002
1.439406
1.4419310000000003
1.4406890000000008
1.4379460000000002
1.439406
1.4419310000000003
1.4406890000000008
1.4379460000000002
1.439406
1.4419310000000003
1.4406890000000008
1.4379460000000002
1.439406
1.4419310000000003
1.4406890000000008
1.4379460000000002
1.439406
1.4419310000000003
1.4406890000000008
1.4379460000000002
1.439406
1.4419310000000003
1.4406890000000008
1.4379460000000002
1.439406
1.4419310000000003
1.4406890000000008
1.4379460000000002
1.439406
1.4419310000000003
1.4406890000000008
1.4379460000000002
1.439406
1.4419310000000003
1.4406890000000008
1.4379460000000002
1.439406
1.4419310000000003
1.4406890000000008
1.4379460000000002
1.439406
1.4419310000000003
1.4406890000000008
1.4379460000000002
1.439406
1.4419310000000003
1.4406890000000008
1.4379460000000002
1.439406
1.4419310000000003
1.4406890000000008
1.4379460000000002
1.439406
1.4419310000000003
1.4406890000000008
1.4379460000000002
1.439406
1.4419310000000003
1.4406890000000008
1.4379460000000002
1.439406
1.4419310000000003
1.4406890000000008
1.4379460000000002
-1.4407750000000004
-1.440251
-1.439647
-1.4392959999999997
-1.4407750000000004
-1.440251
-1.439647
-1.4392959999999997
-1.4407750000000004
-1.440251
-1.439647
-1.4392959999999997
-1.4407750000000004
-1.440251
-1.439647
-1.4392959999999997
-1.4407750000000004
-1.440251
-1.439647
-1.4392959999999997
-1.4407750000000004
-1.440251
-1.439647
-1.4392959999999997
-1.4407750000000004
-1.440251
-1.439647
-1.4392959999999997
-1.4407750000000004
-1.440251
-1.439647
-1.4392959999999997
-1.4407750000000004
-1.440251
-1.439647
-1.4392959999999997
-1.4407750000000004
-1.440251
-1.439647
-1.4392959999999997
-1.4407750000000004
-1.440251
-1.439647
-1.4392959999999997
-1.4407750000000004
-1.440251
-1.439647
-1.4392959999999997
-1.4407750000000004
-1.440251
-1.439647
-1.4392959999999997
-1.4407750000000004
-1.440251
-1.439647
-1.4392959999999997
-1.4407750000000004
-1.440251
-1.439647
-1.4392959999999997
-1.4407750000000004
-1.440251
-1.439647
-1.4392959999999997
-1.4407750000000004
-1.440251
-1.439647
-1.4392959999999997
-1.4407750000000004
-1.440251
-1.439647
-1.4392959999999997
-1.4407750000000004
-1.440251
-1.439647
-1.4392959999999997
-1.4407750000000004
-1.440251
-1.439647
-1.4392959999999997
-1.4407750000000004
-1.440251
-1.439647
-1.4392959999999997
-1.4407750000000004
-1.440251
-1.439647
-1.4392959999999997
-1.4407750000000004
-1.440251
-1.439647
-1.4392959999999997
-1.4407750000000004
-1.440251
-1.439647
-1.4392959999999997
-1.4407750000000004
-1.440251
-1.439647
-1.4392959999999997
-1.4407750000000004
-1.440251
-1.439647
-1.4392959999999997
-1.4407750000000004
-1.440251
-1.439647
-1.4392959999999997
-1.4407750000000004
-1.440251
-1.439647
-1.4392959999999997
-1.4407750000000004
-1.440251
-1.439647
-1.4392959999999997
-1.4407750000000004
-1.440251
-1.439647
-1.4392959999999997
-1.4407750000000004
-1.440251
-1.439647
-1.4392959999999997
-1.4407750000000004
-1.440251
-1.439647
-1.4392959999999997
-1.4407750000000004
-1.440251
-1.439647
-1.4392959999999997
-1.4407750000000004
-1.440251
-1.439647
-1.4392959999999997
-1.4407750000000004
-1.440251
-1.439647
-1.4392959999999997
-1.4407750000000004
-1.440251
-1.439647
-1.4392959999999997
