1.3955479999999998
1.3625889999999998
1.3955479999999998
1.3625889999999998
1.3955479999999998
1.3625889999999998
1.3955479999999998
1.3625889999999998
1.3955479999999998
1.3625889999999998
1.3955479999999998
1.3625889999999998
1.3955479999999998
1.3625889999999998
1.3955479999999998
1.3625889999999998
1.3955479999999998
1.3625889999999998
1.3955479999999998
1.3625889999999998
1.3955479999999998
1.3625889999999998
1.3955479999999998
1.3625889999999998
1.3955479999999998
1.3625889999999998
1.3955479999999998
1.3625889999999998
1.3955479999999998
1.3625889999999998
1.3955479999999998
1.3625889999999998
1.3955479999999998
1.3625889999999998
1.3955479999999998
1.3625889999999998
1.3955479999999998
1.3625889999999998
1.3955479999999998
1.3625889999999998
1.3955479999999998
1.3625889999999998
1.3955479999999998
1.3625889999999998
1.3955479999999998
1.3625889999999998
1.3955479999999998
1.3625889999999998
1.3955479999999998
1.3625889999999998
1.3955479999999998
1.3625889999999998
1.3955479999999998
1.3625889999999998
1.3955479999999998
1.3625889999999998
1.3955479999999998
1.3625889999999998
1.3955479999999998
1.3625889999999998
1.3955479999999998
1.3625889999999998
1.3955479999999998
1.3625889999999998
1.3955479999999998
1.3625889999999998
1.3955479999999998
1.3625889999999998
1.3955479999999998
1.3625889999999998
1.3955479999999998
1.3625889999999998
1.3955479999999998
1.3625889999999998
1.3955479999999998
1.3625889999999998
1.3955479999999998
1.3625889999999998
1.3955479999999998
1.3625889999999998
1.3955479999999998
1.3625889999999998
1.3955479999999998
1.3625889999999998
1.3955479999999998
1.3625889999999998
1.3955479999999998
1.3625889999999998
1.3955479999999998
1.3625889999999998
1.3955479999999998
1.3625889999999998
1.3955479999999998
1.3625889999999998
1.3955479999999998
1.3625889999999998
-1.379988
-1.3781489999999996
-1.379988
-1.3781489999999996
-1.379988
-1.3781489999999996
-1.379988
-1.3781489999999996
-1.379988
-1.3781489999999996
-1.379988
-1.3781489999999996
-1.379988
-1.3781489999999996
-1.379988
-1.3781489999999996
-1.379988
-1.3781489999999996
-1.379988
-1.3781489999999996
-1.379988
-1.3781489999999996
-1.379988
-1.3781489999999996
-1.379988
-1.3781489999999996
-1.379988
-1.3781489999999996
-1.379988
-1.3781489999999996
-1.379988
-1.3781489999999996
-1.379988
-1.3781489999999996
-1.379988
-1.3781489999999996
-1.379988
-1.3781489999999996
-1.379988
-1.3781489999999996
-1.379988
-1.3781489999999996
-1.379988
-1.3781489999999996
-1.379988
-1.3781489999999996
-1.379988
-1.3781489999999996
-1.379988
-1.3781489999999996
-1.379988
-1.3781489999999996
-1.379988
-1.3781489999999996
-1.379988
-1.3781489999999996
-1.379988
-1.3781489999999996
-1.379988
-1.3781489999999996
-1.379988
-1.3781489999999996
-1.379988
-1.3781489999999996
-1.379988
-1.3781489999999996
-1.379988
-1.3781489999999996
-1.379988
-1.3781489999999996
-1.379988
-1.3781489999999996
-1.379988
-1.3781489999999996
-1.379988
-1.3781489999999996
-1.379988
-1.3781489999999996
-1.379988
-1.3781489999999996
-1.379988
-1.3781489999999996
-1.379988
-1.3781489999999996
-1.379988
-1.3781489999999996
-1.379988
-1.3781489999999996
-1.379988
-1.3781489999999996
-1.379988
-1.3781489999999996
-1.379988
-1.3781489999999996
-1.379988
-1.3781489999999996
