1.441758
1.4437359999999995
1.4438010000000006
1.4405249999999992
1.4353789999999993
1.4457550000000001
1.4474719999999994
1.4483940000000004
1.44097
1.4382370000000009
1.4395620000000005
1.4384289999999993
1.441758
1.4437359999999995
1.4438010000000006
1.4405249999999992
1.4353789999999993
1.4457550000000001
1.4474719999999994
1.4483940000000004
1.44097
1.4382370000000009
1.4395620000000005
1.4384289999999993
1.441758
1.4437359999999995
1.4438010000000006
1.4405249999999992
1.4353789999999993
1.4457550000000001
1.4474719999999994
1.4483940000000004
1.44097
1.4382370000000009
1.4395620000000005
1.4384289999999993
1.441758
1.4437359999999995
1.4438010000000006
1.4405249999999992
1.4353789999999993
1.4457550000000001
1.4474719999999994
1.4483940000000004
1.44097
1.4382370000000009
1.4395620000000005
1.4384289999999993
1.441758
1.4437359999999995
1.4438010000000006
1.4405249999999992
1.4353789999999993
1.4457550000000001
1.4474719999999994
1.4483940000000004
1.44097
1.4382370000000009
1.4395620000000005
1.4384289999999993
1.441758
1.4437359999999995
1.4438010000000006
1.4405249999999992
1.4353789999999993
1.4457550000000001
1.4474719999999994
1.4483940000000004
1.44097
1.4382370000000009
1.4395620000000005
1.4384289999999993
1.441758
1.4437359999999995
1.4438010000000006
1.4405249999999992
1.4353789999999993
1.4457550000000001
1.4474719999999994
1.4483940000000004
1.44097
1.4382370000000009
1.4395620000000005
1.4384289999999993
1.441758
1.4437359999999995
1.4438010000000006
1.4405249999999992
1.4353789999999993
1.4457550000000001
1.4474719999999994
1.4483940000000004
1.44097
1.4382370000000009
1.4395620000000005
1.4384289999999993
1.441758
1.4437359999999995
1.4438010000000006
1.4405249999999992
1.4353789999999993
1.4457550000000001
1.4474719999999994
1.4483940000000004
1.44097
1.4382370000000009
1.4395620000000005
1.4384289999999993
-1.4393710000000004
-1.4451
-1.4449680000000003
-1.442552
-1.4458130000000002
-1.4428260000000002
-1.4429249999999998
-1.4443580000000003
-1.4370329999999996
-1.4377399999999998
-1.4401200000000003
-1.4412149999999997
-1.4393710000000004
-1.4451
-1.4449680000000003
-1.442552
-1.4458130000000002
-1.4428260000000002
-1.4429249999999998
-1.4443580000000003
-1.4370329999999996
-1.4377399999999998
-1.4401200000000003
-1.4412149999999997
-1.4393710000000004
-1.4451
-1.4449680000000003
-1.442552
-1.4458130000000002
-1.4428260000000002
-1.4429249999999998
-1.4443580000000003
-1.4370329999999996
-1.4377399999999998
-1.4401200000000003
-1.4412149999999997
-1.4393710000000004
-1.4451
-1.4449680000000003
-1.442552
-1.4458130000000002
-1.4428260000000002
-1.4429249999999998
-1.4443580000000003
-1.4370329999999996
-1.4377399999999998
-1.4401200000000003
-1.4412149999999997
-1.4393710000000004
-1.4451
-1.4449680000000003
-1.442552
-1.4458130000000002
-1.4428260000000002
-1.4429249999999998
-1.4443580000000003
-1.4370329999999996
-1.4377399999999998
-1.4401200000000003
-1.4412149999999997
-1.4393710000000004
-1.4451
-1.4449680000000003
-1.442552
-1.4458130000000002
-1.4428260000000002
-1.4429249999999998
-1.4443580000000003
-1.4370329999999996
-1.4377399999999998
-1.4401200000000003
-1.4412149999999997
-1.4393710000000004
-1.4451
-1.4449680000000003
-1.442552
-1.4458130000000002
-1.4428260000000002
-1.4429249999999998
-1.4443580000000003
-1.4370329999999996
-1.4377399999999998
-1.4401200000000003
-1.4412149999999997
-1.4393710000000004
-1.4451
-1.4449680000000003
-1.442552
-1.4458130000000002
-1.4428260000000002
-1.4429249999999998
-1.4443580000000003
-1.4370329999999996
-1.4377399999999998
-1.4401200000000003
-1.4412149999999997
-1.4393710000000004
-1.4451
-1.4449680000000003
-1.442552
-1.4458130000000002
-1.4428260000000002
-1.4429249999999998
-1.4443580000000003
-1.4370329999999996
-1.4377399999999998
-1.4401200000000003
-1.4412149999999997
