1.4104740000000007
1.3992500000000003
1.4104740000000007
1.3992500000000003
1.4104740000000007
1.3992500000000003
1.4104740000000007
1.3992500000000003
1.4104740000000007
1.3992500000000003
1.4104740000000007
1.3992500000000003
1.4104740000000007
1.3992500000000003
1.4104740000000007
1.3992500000000003
1.4104740000000007
1.3992500000000003
1.4104740000000007
1.3992500000000003
1.4104740000000007
1.3992500000000003
1.4104740000000007
1.3992500000000003
1.4104740000000007
1.3992500000000003
1.4104740000000007
1.3992500000000003
1.4104740000000007
1.3992500000000003
1.4104740000000007
1.3992500000000003
1.4104740000000007
1.3992500000000003
1.4104740000000007
1.3992500000000003
1.4104740000000007
1.3992500000000003
1.4104740000000007
1.3992500000000003
1.4104740000000007
1.3992500000000003
1.4104740000000007
1.3992500000000003
1.4104740000000007
1.3992500000000003
1.4104740000000007
1.3992500000000003
1.4104740000000007
1.3992500000000003
1.4104740000000007
1.3992500000000003
1.4104740000000007
1.3992500000000003
1.4104740000000007
1.3992500000000003
1.4104740000000007
1.3992500000000003
1.4104740000000007
1.3992500000000003
1.4104740000000007
1.3992500000000003
1.4104740000000007
1.3992500000000003
1.4104740000000007
1.3992500000000003
1.4104740000000007
1.3992500000000003
1.4104740000000007
1.3992500000000003
1.4104740000000007
1.3992500000000003
1.4104740000000007
1.3992500000000003
1.4104740000000007
1.3992500000000003
1.4104740000000007
1.3992500000000003
1.4104740000000007
1.3992500000000003
1.4104740000000007
1.3992500000000003
1.4104740000000007
1.3992500000000003
1.4104740000000007
1.3992500000000003
1.4104740000000007
1.3992500000000003
1.4104740000000007
1.3992500000000003
1.4104740000000007
1.3992500000000003
1.4104740000000007
1.3992500000000003
1.4104740000000007
1.3992500000000003
1.4104740000000007
1.3992500000000003
1.4104740000000007
1.3992500000000003
1.4104740000000007
1.3992500000000003
1.4104740000000007
1.3992500000000003
1.4104740000000007
1.3992500000000003
1.4104740000000007
1.3992500000000003
1.4104740000000007
1.3992500000000003
1.4104740000000007
1.3992500000000003
1.4104740000000007
1.3992500000000003
1.4104740000000007
1.3992500000000003
1.4104740000000007
1.3992500000000003
1.4104740000000007
1.3992500000000003
-1.4024960000000002
-1.4072300000000002
-1.4024960000000002
-1.4072300000000002
-1.4024960000000002
-1.4072300000000002
-1.4024960000000002
-1.4072300000000002
-1.4024960000000002
-1.4072300000000002
-1.4024960000000002
-1.4072300000000002
-1.4024960000000002
-1.4072300000000002
-1.4024960000000002
-1.4072300000000002
-1.4024960000000002
-1.4072300000000002
-1.4024960000000002
-1.4072300000000002
-1.4024960000000002
-1.4072300000000002
-1.4024960000000002
-1.4072300000000002
-1.4024960000000002
-1.4072300000000002
-1.4024960000000002
-1.4072300000000002
-1.4024960000000002
-1.4072300000000002
-1.4024960000000002
-1.4072300000000002
-1.4024960000000002
-1.4072300000000002
-1.4024960000000002
-1.4072300000000002
-1.4024960000000002
-1.4072300000000002
-1.4024960000000002
-1.4072300000000002
-1.4024960000000002
-1.4072300000000002
-1.4024960000000002
-1.4072300000000002
-1.4024960000000002
-1.4072300000000002
-1.4024960000000002
-1.4072300000000002
-1.4024960000000002
-1.4072300000000002
-1.4024960000000002
-1.4072300000000002
-1.4024960000000002
-1.4072300000000002
-1.4024960000000002
-1.4072300000000002
-1.4024960000000002
-1.4072300000000002
-1.4024960000000002
-1.4072300000000002
-1.4024960000000002
-1.4072300000000002
-1.4024960000000002
-1.4072300000000002
-1.4024960000000002
-1.4072300000000002
-1.4024960000000002
-1.4072300000000002
-1.4024960000000002
-1.4072300000000002
-1.4024960000000002
-1.4072300000000002
-1.4024960000000002
-1.4072300000000002
-1.4024960000000002
-1.4072300000000002
-1.4024960000000002
-1.4072300000000002
-1.4024960000000002
-1.4072300000000002
-1.4024960000000002
-1.4072300000000002
-1.4024960000000002
-1.4072300000000002
-1.4024960000000002
-1.4072300000000002
-1.4024960000000002
-1.4072300000000002
-1.4024960000000002
-1.4072300000000002
-1.4024960000000002
-1.4072300000000002
-1.4024960000000002
-1.4072300000000002
-1.4024960000000002
-1.4072300000000002
-1.4024960000000002
-1.4072300000000002
-1.4024960000000002
-1.4072300000000002
-1.4024960000000002
-1.4072300000000002
-1.4024960000000002
-1.4072300000000002
-1.4024960000000002
-1.4072300000000002
-1.4024960000000002
-1.4072300000000002
-1.4024960000000002
-1.4072300000000002
-1.4024960000000002
-1.4072300000000002
-1.4024960000000002
-1.4072300000000002
-1.4024960000000002
-1.4072300000000002
-1.4024960000000002
-1.4072300000000002
-1.4024960000000002
-1.4072300000000002
