1.4276160000000004
1.4310880000000008
1.4299540000000004
1.4286460000000005
1.4276160000000004
1.4310880000000008
1.4299540000000004
1.4286460000000005
1.4276160000000004
1.4310880000000008
1.4299540000000004
1.4286460000000005
1.4276160000000004
1.4310880000000008
1.4299540000000004
1.4286460000000005
1.4276160000000004
1.4310880000000008
1.4299540000000004
1.4286460000000005
1.4276160000000004
1.4310880000000008
1.4299540000000004
1.4286460000000005
1.4276160000000004
1.4310880000000008
1.4299540000000004
1.4286460000000005
1.4276160000000004
1.4310880000000008
1.4299540000000004
1.4286460000000005
1.4276160000000004
1.4310880000000008
1.4299540000000004
1.4286460000000005
1.4276160000000004
1.4310880000000008
1.4299540000000004
1.4286460000000005
1.4276160000000004
1.4310880000000008
1.4299540000000004
1.4286460000000005
1.4276160000000004
1.4310880000000008
1.4299540000000004
1.4286460000000005
1.4276160000000004
1.4310880000000008
1.4299540000000004
1.4286460000000005
1.4276160000000004
1.4310880000000008
1.4299540000000004
1.4286460000000005
1.4276160000000004
1.4310880000000008
1.4299540000000004
1.4286460000000005
1.4276160000000004
1.4310880000000008
1.4299540000000004
1.4286460000000005
1.4276160000000004
1.4310880000000008
1.4299540000000004
1.4286460000000005
1.4276160000000004
1.4310880000000008
1.4299540000000004
1.4286460000000005
1.4276160000000004
1.4310880000000008
1.4299540000000004
1.4286460000000005
1.4276160000000004
1.4310880000000008
1.4299540000000004
1.4286460000000005
1.4276160000000004
1.4310880000000008
1.4299540000000004
1.4286460000000005
1.4276160000000004
1.4310880000000008
1.4299540000000004
1.4286460000000005
1.4276160000000004
1.4310880000000008
1.4299540000000004
1.4286460000000005
1.4276160000000004
1.4310880000000008
1.4299540000000004
1.4286460000000005
1.4276160000000004
1.4310880000000008
1.4299540000000004
1.4286460000000005
1.4276160000000004
1.4310880000000008
1.4299540000000004
1.4286460000000005
1.4276160000000004
1.4310880000000008
1.4299540000000004
1.4286460000000005
1.4276160000000004
1.4310880000000008
1.4299540000000004
1.4286460000000005
1.4276160000000004
1.4310880000000008
1.4299540000000004
1.4286460000000005
1.4276160000000004
1.4310880000000008
1.4299540000000004
1.4286460000000005
1.4276160000000004
1.4310880000000008
1.4299540000000004
1.4286460000000005
1.4276160000000004
1.4310880000000008
1.4299540000000004
1.4286460000000005
1.4276160000000004
1.4310880000000008
1.4299540000000004
1.4286460000000005
1.4276160000000004
1.4310880000000008
1.4299540000000004
1.4286460000000005
1.4276160000000004
1.4310880000000008
1.4299540000000004
1.4286460000000005
1.4276160000000004
1.4310880000000008
1.4299540000000004
1.4286460000000005
-1.4296430000000004
-1.427588
-1.4303850000000002
-1.4296860000000002
-1.4296430000000004
-1.427588
-1.4303850000000002
-1.4296860000000002
-1.4296430000000004
-1.427588
-1.4303850000000002
-1.4296860000000002
-1.4296430000000004
-1.427588
-1.4303850000000002
-1.4296860000000002
-1.4296430000000004
-1.427588
-1.4303850000000002
-1.4296860000000002
-1.4296430000000004
-1.427588
-1.4303850000000002
-1.4296860000000002
-1.4296430000000004
-1.427588
-1.4303850000000002
-1.4296860000000002
-1.4296430000000004
-1.427588
-1.4303850000000002
-1.4296860000000002
-1.4296430000000004
-1.427588
-1.4303850000000002
-1.4296860000000002
-1.4296430000000004
-1.427588
-1.4303850000000002
-1.4296860000000002
-1.4296430000000004
-1.427588
-1.4303850000000002
-1.4296860000000002
-1.4296430000000004
-1.427588
-1.4303850000000002
-1.4296860000000002
-1.4296430000000004
-1.427588
-1.4303850000000002
-1.4296860000000002
-1.4296430000000004
-1.427588
-1.4303850000000002
-1.4296860000000002
-1.4296430000000004
-1.427588
-1.4303850000000002
-1.4296860000000002
-1.4296430000000004
-1.427588
-1.4303850000000002
-1.4296860000000002
-1.4296430000000004
-1.427588
-1.4303850000000002
-1.4296860000000002
-1.4296430000000004
-1.427588
-1.4303850000000002
-1.4296860000000002
-1.4296430000000004
-1.427588
-1.4303850000000002
-1.4296860000000002
-1.4296430000000004
-1.427588
-1.4303850000000002
-1.4296860000000002
-1.4296430000000004
-1.427588
-1.4303850000000002
-1.4296860000000002
-1.4296430000000004
-1.427588
-1.4303850000000002
-1.4296860000000002
-1.4296430000000004
-1.427588
-1.4303850000000002
-1.4296860000000002
-1.4296430000000004
-1.427588
-1.4303850000000002
-1.4296860000000002
-1.4296430000000004
-1.427588
-1.4303850000000002
-1.4296860000000002
-1.4296430000000004
-1.427588
-1.4303850000000002
-1.4296860000000002
-1.4296430000000004
-1.427588
-1.4303850000000002
-1.4296860000000002
-1.4296430000000004
-1.427588
-1.4303850000000002
-1.4296860000000002
-1.4296430000000004
-1.427588
-1.4303850000000002
-1.4296860000000002
-1.4296430000000004
-1.427588
-1.4303850000000002
-1.4296860000000002
-1.4296430000000004
-1.427588
-1.4303850000000002
-1.4296860000000002
-1.4296430000000004
-1.427588
-1.4303850000000002
-1.4296860000000002
-1.4296430000000004
-1.427588
-1.4303850000000002
-1.4296860000000002
-1.4296430000000004
-1.427588
-1.4303850000000002
-1.4296860000000002
-1.4296430000000004
-1.427588
-1.4303850000000002
-1.4296860000000002
-1.4296430000000004
-1.427588
-1.4303850000000002
-1.4296860000000002
