1.3811289999999996
1.3811289999999996
1.3811289999999996
1.3811289999999996
1.3811289999999996
1.3811289999999996
1.3811289999999996
1.3811289999999996
1.3811289999999996
1.3811289999999996
1.3811289999999996
1.3811289999999996
1.3811289999999996
1.3811289999999996
1.3811289999999996
1.3811289999999996
1.3811289999999996
1.3811289999999996
1.3811289999999996
1.3811289999999996
1.3811289999999996
1.3811289999999996
1.3811289999999996
1.3811289999999996
1.3811289999999996
1.3811289999999996
1.3811289999999996
1.3811289999999996
1.3811289999999996
1.3811289999999996
1.3811289999999996
1.3811289999999996
1.3811289999999996
1.3811289999999996
1.3811289999999996
1.3811289999999996
1.3811289999999996
1.3811289999999996
1.3811289999999996
1.3811289999999996
1.3811289999999996
1.3811289999999996
1.3811289999999996
1.3811289999999996
1.3811289999999996
1.3811289999999996
1.3811289999999996
1.3811289999999996
1.3811289999999996
1.3811289999999996
1.3811289999999996
1.3811289999999996
1.3811289999999996
1.3811289999999996
1.3811289999999996
1.3811289999999996
1.3811289999999996
1.3811289999999996
1.3811289999999996
1.3811289999999996
1.3811289999999996
1.3811289999999996
1.3811289999999996
1.3811289999999996
-1.3811280000000004
-1.3811280000000004
-1.3811280000000004
-1.3811280000000004
-1.3811280000000004
-1.3811280000000004
-1.3811280000000004
-1.3811280000000004
-1.3811280000000004
-1.3811280000000004
-1.3811280000000004
-1.3811280000000004
-1.3811280000000004
-1.3811280000000004
-1.3811280000000004
-1.3811280000000004
-1.3811280000000004
-1.3811280000000004
-1.3811280000000004
-1.3811280000000004
-1.3811280000000004
-1.3811280000000004
-1.3811280000000004
-1.3811280000000004
-1.3811280000000004
-1.3811280000000004
-1.3811280000000004
-1.3811280000000004
-1.3811280000000004
-1.3811280000000004
-1.3811280000000004
-1.3811280000000004
-1.3811280000000004
-1.3811280000000004
-1.3811280000000004
-1.3811280000000004
-1.3811280000000004
-1.3811280000000004
-1.3811280000000004
-1.3811280000000004
-1.3811280000000004
-1.3811280000000004
-1.3811280000000004
-1.3811280000000004
-1.3811280000000004
-1.3811280000000004
-1.3811280000000004
-1.3811280000000004
-1.3811280000000004
-1.3811280000000004
-1.3811280000000004
-1.3811280000000004
-1.3811280000000004
-1.3811280000000004
-1.3811280000000004
-1.3811280000000004
-1.3811280000000004
-1.3811280000000004
-1.3811280000000004
-1.3811280000000004
-1.3811280000000004
-1.3811280000000004
-1.3811280000000004
-1.3811280000000004
