1.4502900000000007
1.4479179999999996
1.4494690000000006
1.4407429999999994
1.4502900000000007
1.4479179999999996
1.4494690000000006
1.4407429999999994
1.4502900000000007
1.4479179999999996
1.4494690000000006
1.4407429999999994
1.4502900000000007
1.4479179999999996
1.4494690000000006
1.4407429999999994
1.4502900000000007
1.4479179999999996
1.4494690000000006
1.4407429999999994
1.4502900000000007
1.4479179999999996
1.4494690000000006
1.4407429999999994
1.4502900000000007
1.4479179999999996
1.4494690000000006
1.4407429999999994
1.4502900000000007
1.4479179999999996
1.4494690000000006
1.4407429999999994
1.4502900000000007
1.4479179999999996
1.4494690000000006
1.4407429999999994
1.4502900000000007
1.4479179999999996
1.4494690000000006
1.4407429999999994
1.4502900000000007
1.4479179999999996
1.4494690000000006
1.4407429999999994
1.4502900000000007
1.4479179999999996
1.4494690000000006
1.4407429999999994
1.4502900000000007
1.4479179999999996
1.4494690000000006
1.4407429999999994
1.4502900000000007
1.4479179999999996
1.4494690000000006
1.4407429999999994
1.4502900000000007
1.4479179999999996
1.4494690000000006
1.4407429999999994
1.4502900000000007
1.4479179999999996
1.4494690000000006
1.4407429999999994
1.4502900000000007
1.4479179999999996
1.4494690000000006
1.4407429999999994
1.4502900000000007
1.4479179999999996
1.4494690000000006
1.4407429999999994
1.4502900000000007
1.4479179999999996
1.4494690000000006
1.4407429999999994
1.4502900000000007
1.4479179999999996
1.4494690000000006
1.4407429999999994
1.4502900000000007
1.4479179999999996
1.4494690000000006
1.4407429999999994
1.4502900000000007
1.4479179999999996
1.4494690000000006
1.4407429999999994
1.4502900000000007
1.4479179999999996
1.4494690000000006
1.4407429999999994
1.4502900000000007
1.4479179999999996
1.4494690000000006
1.4407429999999994
1.4502900000000007
1.4479179999999996
1.4494690000000006
1.4407429999999994
1.4502900000000007
1.4479179999999996
1.4494690000000006
1.4407429999999994
1.4502900000000007
1.4479179999999996
1.4494690000000006
1.4407429999999994
-1.4495120000000004
-1.4437499999999996
-1.4473640000000003
-1.4477979999999997
-1.4495120000000004
-1.4437499999999996
-1.4473640000000003
-1.4477979999999997
-1.4495120000000004
-1.4437499999999996
-1.4473640000000003
-1.4477979999999997
-1.4495120000000004
-1.4437499999999996
-1.4473640000000003
-1.4477979999999997
-1.4495120000000004
-1.4437499999999996
-1.4473640000000003
-1.4477979999999997
-1.4495120000000004
-1.4437499999999996
-1.4473640000000003
-1.4477979999999997
-1.4495120000000004
-1.4437499999999996
-1.4473640000000003
-1.4477979999999997
-1.4495120000000004
-1.4437499999999996
-1.4473640000000003
-1.4477979999999997
-1.4495120000000004
-1.4437499999999996
-1.4473640000000003
-1.4477979999999997
-1.4495120000000004
-1.4437499999999996
-1.4473640000000003
-1.4477979999999997
-1.4495120000000004
-1.4437499999999996
-1.4473640000000003
-1.4477979999999997
-1.4495120000000004
-1.4437499999999996
-1.4473640000000003
-1.4477979999999997
-1.4495120000000004
-1.4437499999999996
-1.4473640000000003
-1.4477979999999997
-1.4495120000000004
-1.4437499999999996
-1.4473640000000003
-1.4477979999999997
-1.4495120000000004
-1.4437499999999996
-1.4473640000000003
-1.4477979999999997
-1.4495120000000004
-1.4437499999999996
-1.4473640000000003
-1.4477979999999997
-1.4495120000000004
-1.4437499999999996
-1.4473640000000003
-1.4477979999999997
-1.4495120000000004
-1.4437499999999996
-1.4473640000000003
-1.4477979999999997
-1.4495120000000004
-1.4437499999999996
-1.4473640000000003
-1.4477979999999997
-1.4495120000000004
-1.4437499999999996
-1.4473640000000003
-1.4477979999999997
-1.4495120000000004
-1.4437499999999996
-1.4473640000000003
-1.4477979999999997
-1.4495120000000004
-1.4437499999999996
-1.4473640000000003
-1.4477979999999997
-1.4495120000000004
-1.4437499999999996
-1.4473640000000003
-1.4477979999999997
-1.4495120000000004
-1.4437499999999996
-1.4473640000000003
-1.4477979999999997
-1.4495120000000004
-1.4437499999999996
-1.4473640000000003
-1.4477979999999997
-1.4495120000000004
-1.4437499999999996
-1.4473640000000003
-1.4477979999999997
-1.4495120000000004
-1.4437499999999996
-1.4473640000000003
-1.4477979999999997
