1.4444850000000002
1.4436540000000004
1.443372
1.4362460000000006
1.4444850000000002
1.4436540000000004
1.443372
1.4362460000000006
1.4444850000000002
1.4436540000000004
1.443372
1.4362460000000006
1.4444850000000002
1.4436540000000004
1.443372
1.4362460000000006
1.4444850000000002
1.4436540000000004
1.443372
1.4362460000000006
1.4444850000000002
1.4436540000000004
1.443372
1.4362460000000006
1.4444850000000002
1.4436540000000004
1.443372
1.4362460000000006
1.4444850000000002
1.4436540000000004
1.443372
1.4362460000000006
1.4444850000000002
1.4436540000000004
1.443372
1.4362460000000006
1.4444850000000002
1.4436540000000004
1.443372
1.4362460000000006
1.4444850000000002
1.4436540000000004
1.443372
1.4362460000000006
1.4444850000000002
1.4436540000000004
1.443372
1.4362460000000006
1.4444850000000002
1.4436540000000004
1.443372
1.4362460000000006
1.4444850000000002
1.4436540000000004
1.443372
1.4362460000000006
1.4444850000000002
1.4436540000000004
1.443372
1.4362460000000006
1.4444850000000002
1.4436540000000004
1.443372
1.4362460000000006
1.4444850000000002
1.4436540000000004
1.443372
1.4362460000000006
1.4444850000000002
1.4436540000000004
1.443372
1.4362460000000006
1.4444850000000002
1.4436540000000004
1.443372
1.4362460000000006
1.4444850000000002
1.4436540000000004
1.443372
1.4362460000000006
1.4444850000000002
1.4436540000000004
1.443372
1.4362460000000006
1.4444850000000002
1.4436540000000004
1.443372
1.4362460000000006
1.4444850000000002
1.4436540000000004
1.443372
1.4362460000000006
1.4444850000000002
1.4436540000000004
1.443372
1.4362460000000006
1.4444850000000002
1.4436540000000004
1.443372
1.4362460000000006
1.4444850000000002
1.4436540000000004
1.443372
1.4362460000000006
1.4444850000000002
1.4436540000000004
1.443372
1.4362460000000006
1.4444850000000002
1.4436540000000004
1.443372
1.4362460000000006
1.4444850000000002
1.4436540000000004
1.443372
1.4362460000000006
1.4444850000000002
1.4436540000000004
1.443372
1.4362460000000006
1.4444850000000002
1.4436540000000004
1.443372
1.4362460000000006
1.4444850000000002
1.4436540000000004
1.443372
1.4362460000000006
1.4444850000000002
1.4436540000000004
1.443372
1.4362460000000006
1.4444850000000002
1.4436540000000004
1.443372
1.4362460000000006
1.4444850000000002
1.4436540000000004
1.443372
1.4362460000000006
1.4444850000000002
1.4436540000000004
1.443372
1.4362460000000006
-1.4420159999999997
-1.4440340000000003
-1.4436989999999996
-1.4380030000000001
-1.4420159999999997
-1.4440340000000003
-1.4436989999999996
-1.4380030000000001
-1.4420159999999997
-1.4440340000000003
-1.4436989999999996
-1.4380030000000001
-1.4420159999999997
-1.4440340000000003
-1.4436989999999996
-1.4380030000000001
-1.4420159999999997
-1.4440340000000003
-1.4436989999999996
-1.4380030000000001
-1.4420159999999997
-1.4440340000000003
-1.4436989999999996
-1.4380030000000001
-1.4420159999999997
-1.4440340000000003
-1.4436989999999996
-1.4380030000000001
-1.4420159999999997
-1.4440340000000003
-1.4436989999999996
-1.4380030000000001
-1.4420159999999997
-1.4440340000000003
-1.4436989999999996
-1.4380030000000001
-1.4420159999999997
-1.4440340000000003
-1.4436989999999996
-1.4380030000000001
-1.4420159999999997
-1.4440340000000003
-1.4436989999999996
-1.4380030000000001
-1.4420159999999997
-1.4440340000000003
-1.4436989999999996
-1.4380030000000001
-1.4420159999999997
-1.4440340000000003
-1.4436989999999996
-1.4380030000000001
-1.4420159999999997
-1.4440340000000003
-1.4436989999999996
-1.4380030000000001
-1.4420159999999997
-1.4440340000000003
-1.4436989999999996
-1.4380030000000001
-1.4420159999999997
-1.4440340000000003
-1.4436989999999996
-1.4380030000000001
-1.4420159999999997
-1.4440340000000003
-1.4436989999999996
-1.4380030000000001
-1.4420159999999997
-1.4440340000000003
-1.4436989999999996
-1.4380030000000001
-1.4420159999999997
-1.4440340000000003
-1.4436989999999996
-1.4380030000000001
-1.4420159999999997
-1.4440340000000003
-1.4436989999999996
-1.4380030000000001
-1.4420159999999997
-1.4440340000000003
-1.4436989999999996
-1.4380030000000001
-1.4420159999999997
-1.4440340000000003
-1.4436989999999996
-1.4380030000000001
-1.4420159999999997
-1.4440340000000003
-1.4436989999999996
-1.4380030000000001
-1.4420159999999997
-1.4440340000000003
-1.4436989999999996
-1.4380030000000001
-1.4420159999999997
-1.4440340000000003
-1.4436989999999996
-1.4380030000000001
-1.4420159999999997
-1.4440340000000003
-1.4436989999999996
-1.4380030000000001
-1.4420159999999997
-1.4440340000000003
-1.4436989999999996
-1.4380030000000001
-1.4420159999999997
-1.4440340000000003
-1.4436989999999996
-1.4380030000000001
-1.4420159999999997
-1.4440340000000003
-1.4436989999999996
-1.4380030000000001
-1.4420159999999997
-1.4440340000000003
-1.4436989999999996
-1.4380030000000001
-1.4420159999999997
-1.4440340000000003
-1.4436989999999996
-1.4380030000000001
-1.4420159999999997
-1.4440340000000003
-1.4436989999999996
-1.4380030000000001
-1.4420159999999997
-1.4440340000000003
-1.4436989999999996
-1.4380030000000001
-1.4420159999999997
-1.4440340000000003
-1.4436989999999996
-1.4380030000000001
-1.4420159999999997
-1.4440340000000003
-1.4436989999999996
-1.4380030000000001
-1.4420159999999997
-1.4440340000000003
-1.4436989999999996
-1.4380030000000001
