1.1611740000000008
1.135128
1.1611740000000008
1.135128
1.1611740000000008
1.135128
1.1611740000000008
1.135128
1.1611740000000008
1.135128
1.1611740000000008
1.135128
1.1611740000000008
1.135128
1.1611740000000008
1.135128
1.1611740000000008
1.135128
1.1611740000000008
1.135128
1.1611740000000008
1.135128
1.1611740000000008
1.135128
1.1611740000000008
1.135128
1.1611740000000008
1.135128
1.1611740000000008
1.135128
1.1611740000000008
1.135128
1.1611740000000008
1.135128
1.1611740000000008
1.135128
1.1611740000000008
1.135128
1.1611740000000008
1.135128
1.1611740000000008
1.135128
1.1611740000000008
1.135128
1.1611740000000008
1.135128
1.1611740000000008
1.135128
1.1611740000000008
1.135128
1.1611740000000008
1.135128
1.1611740000000008
1.135128
1.1611740000000008
1.135128
1.1611740000000008
1.135128
1.1611740000000008
1.135128
1.1611740000000008
1.135128
1.1611740000000008
1.135128
1.1611740000000008
1.135128
1.1611740000000008
1.135128
1.1611740000000008
1.135128
1.1611740000000008
1.135128
1.1611740000000008
1.135128
1.1611740000000008
1.135128
1.1611740000000008
1.135128
1.1611740000000008
1.135128
1.1611740000000008
1.135128
1.1611740000000008
1.135128
1.1611740000000008
1.135128
1.1611740000000008
1.135128
1.1611740000000008
1.135128
1.1611740000000008
1.135128
1.1611740000000008
1.135128
1.1611740000000008
1.135128
1.1611740000000008
1.135128
1.1611740000000008
1.135128
1.1611740000000008
1.135128
1.1611740000000008
1.135128
1.1611740000000008
1.135128
1.1611740000000008
1.135128
-1.1579569999999997
-1.1383429999999999
-1.1579569999999997
-1.1383429999999999
-1.1579569999999997
-1.1383429999999999
-1.1579569999999997
-1.1383429999999999
-1.1579569999999997
-1.1383429999999999
-1.1579569999999997
-1.1383429999999999
-1.1579569999999997
-1.1383429999999999
-1.1579569999999997
-1.1383429999999999
-1.1579569999999997
-1.1383429999999999
-1.1579569999999997
-1.1383429999999999
-1.1579569999999997
-1.1383429999999999
-1.1579569999999997
-1.1383429999999999
-1.1579569999999997
-1.1383429999999999
-1.1579569999999997
-1.1383429999999999
-1.1579569999999997
-1.1383429999999999
-1.1579569999999997
-1.1383429999999999
-1.1579569999999997
-1.1383429999999999
-1.1579569999999997
-1.1383429999999999
-1.1579569999999997
-1.1383429999999999
-1.1579569999999997
-1.1383429999999999
-1.1579569999999997
-1.1383429999999999
-1.1579569999999997
-1.1383429999999999
-1.1579569999999997
-1.1383429999999999
-1.1579569999999997
-1.1383429999999999
-1.1579569999999997
-1.1383429999999999
-1.1579569999999997
-1.1383429999999999
-1.1579569999999997
-1.1383429999999999
-1.1579569999999997
-1.1383429999999999
-1.1579569999999997
-1.1383429999999999
-1.1579569999999997
-1.1383429999999999
-1.1579569999999997
-1.1383429999999999
-1.1579569999999997
-1.1383429999999999
-1.1579569999999997
-1.1383429999999999
-1.1579569999999997
-1.1383429999999999
-1.1579569999999997
-1.1383429999999999
-1.1579569999999997
-1.1383429999999999
-1.1579569999999997
-1.1383429999999999
-1.1579569999999997
-1.1383429999999999
-1.1579569999999997
-1.1383429999999999
-1.1579569999999997
-1.1383429999999999
-1.1579569999999997
-1.1383429999999999
-1.1579569999999997
-1.1383429999999999
-1.1579569999999997
-1.1383429999999999
-1.1579569999999997
-1.1383429999999999
-1.1579569999999997
-1.1383429999999999
-1.1579569999999997
-1.1383429999999999
-1.1579569999999997
-1.1383429999999999
-1.1579569999999997
-1.1383429999999999
-1.1579569999999997
-1.1383429999999999
-1.1579569999999997
-1.1383429999999999
-1.1579569999999997
-1.1383429999999999
-1.1579569999999997
-1.1383429999999999
-1.1579569999999997
-1.1383429999999999
-1.1579569999999997
-1.1383429999999999
