1.4248209999999997
1.4248209999999997
1.4248209999999997
1.4248209999999997
1.4248209999999997
1.4248209999999997
1.4248209999999997
1.4248209999999997
1.4248209999999997
1.4248209999999997
1.4248209999999997
1.4248209999999997
1.4248209999999997
1.4248209999999997
1.4248209999999997
1.4248209999999997
1.4248209999999997
1.4248209999999997
1.4248209999999997
1.4248209999999997
1.4248209999999997
1.4248209999999997
1.4248209999999997
1.4248209999999997
1.4248209999999997
1.4248209999999997
1.4248209999999997
1.4248209999999997
1.4248209999999997
1.4248209999999997
1.4248209999999997
1.4248209999999997
1.4248209999999997
1.4248209999999997
1.4248209999999997
1.4248209999999997
1.4248209999999997
1.4248209999999997
1.4248209999999997
1.4248209999999997
1.4248209999999997
1.4248209999999997
1.4248209999999997
1.4248209999999997
1.4248209999999997
1.4248209999999997
1.4248209999999997
1.4248209999999997
1.4248209999999997
1.4248209999999997
1.4248209999999997
1.4248209999999997
1.4248209999999997
1.4248209999999997
1.4248209999999997
1.4248209999999997
1.4248209999999997
1.4248209999999997
1.4248209999999997
1.4248209999999997
1.4248209999999997
1.4248209999999997
1.4248209999999997
1.4248209999999997
-1.4248200000000004
-1.4248200000000004
-1.4248200000000004
-1.4248200000000004
-1.4248200000000004
-1.4248200000000004
-1.4248200000000004
-1.4248200000000004
-1.4248200000000004
-1.4248200000000004
-1.4248200000000004
-1.4248200000000004
-1.4248200000000004
-1.4248200000000004
-1.4248200000000004
-1.4248200000000004
-1.4248200000000004
-1.4248200000000004
-1.4248200000000004
-1.4248200000000004
-1.4248200000000004
-1.4248200000000004
-1.4248200000000004
-1.4248200000000004
-1.4248200000000004
-1.4248200000000004
-1.4248200000000004
-1.4248200000000004
-1.4248200000000004
-1.4248200000000004
-1.4248200000000004
-1.4248200000000004
-1.4248200000000004
-1.4248200000000004
-1.4248200000000004
-1.4248200000000004
-1.4248200000000004
-1.4248200000000004
-1.4248200000000004
-1.4248200000000004
-1.4248200000000004
-1.4248200000000004
-1.4248200000000004
-1.4248200000000004
-1.4248200000000004
-1.4248200000000004
-1.4248200000000004
-1.4248200000000004
-1.4248200000000004
-1.4248200000000004
-1.4248200000000004
-1.4248200000000004
-1.4248200000000004
-1.4248200000000004
-1.4248200000000004
-1.4248200000000004
-1.4248200000000004
-1.4248200000000004
-1.4248200000000004
-1.4248200000000004
-1.4248200000000004
-1.4248200000000004
-1.4248200000000004
-1.4248200000000004
