1.4135650000000002
1.4034879999999994
1.4154110000000006
1.4045690000000004
1.4135650000000002
1.4034879999999994
1.4154110000000006
1.4045690000000004
1.4135650000000002
1.4034879999999994
1.4154110000000006
1.4045690000000004
1.4135650000000002
1.4034879999999994
1.4154110000000006
1.4045690000000004
1.4135650000000002
1.4034879999999994
1.4154110000000006
1.4045690000000004
1.4135650000000002
1.4034879999999994
1.4154110000000006
1.4045690000000004
1.4135650000000002
1.4034879999999994
1.4154110000000006
1.4045690000000004
1.4135650000000002
1.4034879999999994
1.4154110000000006
1.4045690000000004
1.4135650000000002
1.4034879999999994
1.4154110000000006
1.4045690000000004
1.4135650000000002
1.4034879999999994
1.4154110000000006
1.4045690000000004
1.4135650000000002
1.4034879999999994
1.4154110000000006
1.4045690000000004
1.4135650000000002
1.4034879999999994
1.4154110000000006
1.4045690000000004
1.4135650000000002
1.4034879999999994
1.4154110000000006
1.4045690000000004
1.4135650000000002
1.4034879999999994
1.4154110000000006
1.4045690000000004
1.4135650000000002
1.4034879999999994
1.4154110000000006
1.4045690000000004
1.4135650000000002
1.4034879999999994
1.4154110000000006
1.4045690000000004
1.4135650000000002
1.4034879999999994
1.4154110000000006
1.4045690000000004
1.4135650000000002
1.4034879999999994
1.4154110000000006
1.4045690000000004
1.4135650000000002
1.4034879999999994
1.4154110000000006
1.4045690000000004
1.4135650000000002
1.4034879999999994
1.4154110000000006
1.4045690000000004
1.4135650000000002
1.4034879999999994
1.4154110000000006
1.4045690000000004
1.4135650000000002
1.4034879999999994
1.4154110000000006
1.4045690000000004
1.4135650000000002
1.4034879999999994
1.4154110000000006
1.4045690000000004
1.4135650000000002
1.4034879999999994
1.4154110000000006
1.4045690000000004
1.4135650000000002
1.4034879999999994
1.4154110000000006
1.4045690000000004
1.4135650000000002
1.4034879999999994
1.4154110000000006
1.4045690000000004
1.4135650000000002
1.4034879999999994
1.4154110000000006
1.4045690000000004
1.4135650000000002
1.4034879999999994
1.4154110000000006
1.4045690000000004
1.4135650000000002
1.4034879999999994
1.4154110000000006
1.4045690000000004
1.4135650000000002
1.4034879999999994
1.4154110000000006
1.4045690000000004
1.4135650000000002
1.4034879999999994
1.4154110000000006
1.4045690000000004
1.4135650000000002
1.4034879999999994
1.4154110000000006
1.4045690000000004
1.4135650000000002
1.4034879999999994
1.4154110000000006
1.4045690000000004
1.4135650000000002
1.4034879999999994
1.4154110000000006
1.4045690000000004
1.4135650000000002
1.4034879999999994
1.4154110000000006
1.4045690000000004
1.4135650000000002
1.4034879999999994
1.4154110000000006
1.4045690000000004
-1.4053399999999998
-1.411804
-1.4129300000000002
-1.4069570000000002
-1.4053399999999998
-1.411804
-1.4129300000000002
-1.4069570000000002
-1.4053399999999998
-1.411804
-1.4129300000000002
-1.4069570000000002
-1.4053399999999998
-1.411804
-1.4129300000000002
-1.4069570000000002
-1.4053399999999998
-1.411804
-1.4129300000000002
-1.4069570000000002
-1.4053399999999998
-1.411804
-1.4129300000000002
-1.4069570000000002
-1.4053399999999998
-1.411804
-1.4129300000000002
-1.4069570000000002
-1.4053399999999998
-1.411804
-1.4129300000000002
-1.4069570000000002
-1.4053399999999998
-1.411804
-1.4129300000000002
-1.4069570000000002
-1.4053399999999998
-1.411804
-1.4129300000000002
-1.4069570000000002
-1.4053399999999998
-1.411804
-1.4129300000000002
-1.4069570000000002
-1.4053399999999998
-1.411804
-1.4129300000000002
-1.4069570000000002
-1.4053399999999998
-1.411804
-1.4129300000000002
-1.4069570000000002
-1.4053399999999998
-1.411804
-1.4129300000000002
-1.4069570000000002
-1.4053399999999998
-1.411804
-1.4129300000000002
-1.4069570000000002
-1.4053399999999998
-1.411804
-1.4129300000000002
-1.4069570000000002
-1.4053399999999998
-1.411804
-1.4129300000000002
-1.4069570000000002
-1.4053399999999998
-1.411804
-1.4129300000000002
-1.4069570000000002
-1.4053399999999998
-1.411804
-1.4129300000000002
-1.4069570000000002
-1.4053399999999998
-1.411804
-1.4129300000000002
-1.4069570000000002
-1.4053399999999998
-1.411804
-1.4129300000000002
-1.4069570000000002
-1.4053399999999998
-1.411804
-1.4129300000000002
-1.4069570000000002
-1.4053399999999998
-1.411804
-1.4129300000000002
-1.4069570000000002
-1.4053399999999998
-1.411804
-1.4129300000000002
-1.4069570000000002
-1.4053399999999998
-1.411804
-1.4129300000000002
-1.4069570000000002
-1.4053399999999998
-1.411804
-1.4129300000000002
-1.4069570000000002
-1.4053399999999998
-1.411804
-1.4129300000000002
-1.4069570000000002
-1.4053399999999998
-1.411804
-1.4129300000000002
-1.4069570000000002
-1.4053399999999998
-1.411804
-1.4129300000000002
-1.4069570000000002
-1.4053399999999998
-1.411804
-1.4129300000000002
-1.4069570000000002
-1.4053399999999998
-1.411804
-1.4129300000000002
-1.4069570000000002
-1.4053399999999998
-1.411804
-1.4129300000000002
-1.4069570000000002
-1.4053399999999998
-1.411804
-1.4129300000000002
-1.4069570000000002
-1.4053399999999998
-1.411804
-1.4129300000000002
-1.4069570000000002
-1.4053399999999998
-1.411804
-1.4129300000000002
-1.4069570000000002
-1.4053399999999998
-1.411804
-1.4129300000000002
-1.4069570000000002
