1.4306940000000008
1.4302240000000008
1.4296229999999994
1.4301879999999993
1.4306940000000008
1.4302240000000008
1.4296229999999994
1.4301879999999993
1.4306940000000008
1.4302240000000008
1.4296229999999994
1.4301879999999993
1.4306940000000008
1.4302240000000008
1.4296229999999994
1.4301879999999993
1.4306940000000008
1.4302240000000008
1.4296229999999994
1.4301879999999993
1.4306940000000008
1.4302240000000008
1.4296229999999994
1.4301879999999993
1.4306940000000008
1.4302240000000008
1.4296229999999994
1.4301879999999993
1.4306940000000008
1.4302240000000008
1.4296229999999994
1.4301879999999993
1.4306940000000008
1.4302240000000008
1.4296229999999994
1.4301879999999993
1.4306940000000008
1.4302240000000008
1.4296229999999994
1.4301879999999993
1.4306940000000008
1.4302240000000008
1.4296229999999994
1.4301879999999993
1.4306940000000008
1.4302240000000008
1.4296229999999994
1.4301879999999993
1.4306940000000008
1.4302240000000008
1.4296229999999994
1.4301879999999993
1.4306940000000008
1.4302240000000008
1.4296229999999994
1.4301879999999993
1.4306940000000008
1.4302240000000008
1.4296229999999994
1.4301879999999993
1.4306940000000008
1.4302240000000008
1.4296229999999994
1.4301879999999993
1.4306940000000008
1.4302240000000008
1.4296229999999994
1.4301879999999993
1.4306940000000008
1.4302240000000008
1.4296229999999994
1.4301879999999993
1.4306940000000008
1.4302240000000008
1.4296229999999994
1.4301879999999993
1.4306940000000008
1.4302240000000008
1.4296229999999994
1.4301879999999993
1.4306940000000008
1.4302240000000008
1.4296229999999994
1.4301879999999993
1.4306940000000008
1.4302240000000008
1.4296229999999994
1.4301879999999993
1.4306940000000008
1.4302240000000008
1.4296229999999994
1.4301879999999993
1.4306940000000008
1.4302240000000008
1.4296229999999994
1.4301879999999993
1.4306940000000008
1.4302240000000008
1.4296229999999994
1.4301879999999993
1.4306940000000008
1.4302240000000008
1.4296229999999994
1.4301879999999993
1.4306940000000008
1.4302240000000008
1.4296229999999994
1.4301879999999993
1.4306940000000008
1.4302240000000008
1.4296229999999994
1.4301879999999993
1.4306940000000008
1.4302240000000008
1.4296229999999994
1.4301879999999993
1.4306940000000008
1.4302240000000008
1.4296229999999994
1.4301879999999993
1.4306940000000008
1.4302240000000008
1.4296229999999994
1.4301879999999993
1.4306940000000008
1.4302240000000008
1.4296229999999994
1.4301879999999993
1.4306940000000008
1.4302240000000008
1.4296229999999994
1.4301879999999993
1.4306940000000008
1.4302240000000008
1.4296229999999994
1.4301879999999993
1.4306940000000008
1.4302240000000008
1.4296229999999994
1.4301879999999993
1.4306940000000008
1.4302240000000008
1.4296229999999994
1.4301879999999993
1.4306940000000008
1.4302240000000008
1.4296229999999994
1.4301879999999993
1.4306940000000008
1.4302240000000008
1.4296229999999994
1.4301879999999993
1.4306940000000008
1.4302240000000008
1.4296229999999994
1.4301879999999993
1.4306940000000008
1.4302240000000008
1.4296229999999994
1.4301879999999993
1.4306940000000008
1.4302240000000008
1.4296229999999994
1.4301879999999993
1.4306940000000008
1.4302240000000008
1.4296229999999994
1.4301879999999993
1.4306940000000008
1.4302240000000008
1.4296229999999994
1.4301879999999993
1.4306940000000008
1.4302240000000008
1.4296229999999994
1.4301879999999993
1.4306940000000008
1.4302240000000008
1.4296229999999994
1.4301879999999993
1.4306940000000008
1.4302240000000008
1.4296229999999994
1.4301879999999993
1.4306940000000008
1.4302240000000008
1.4296229999999994
1.4301879999999993
1.4306940000000008
1.4302240000000008
1.4296229999999994
1.4301879999999993
-1.4301250000000003
-1.4309570000000003
-1.4302020000000004
-1.429449
-1.4301250000000003
-1.4309570000000003
-1.4302020000000004
-1.429449
-1.4301250000000003
-1.4309570000000003
-1.4302020000000004
-1.429449
-1.4301250000000003
-1.4309570000000003
-1.4302020000000004
-1.429449
-1.4301250000000003
-1.4309570000000003
-1.4302020000000004
-1.429449
-1.4301250000000003
-1.4309570000000003
-1.4302020000000004
-1.429449
-1.4301250000000003
-1.4309570000000003
-1.4302020000000004
-1.429449
-1.4301250000000003
-1.4309570000000003
-1.4302020000000004
-1.429449
-1.4301250000000003
-1.4309570000000003
-1.4302020000000004
-1.429449
-1.4301250000000003
-1.4309570000000003
-1.4302020000000004
-1.429449
-1.4301250000000003
-1.4309570000000003
-1.4302020000000004
-1.429449
-1.4301250000000003
-1.4309570000000003
-1.4302020000000004
-1.429449
-1.4301250000000003
-1.4309570000000003
-1.4302020000000004
-1.429449
-1.4301250000000003
-1.4309570000000003
-1.4302020000000004
-1.429449
-1.4301250000000003
-1.4309570000000003
-1.4302020000000004
-1.429449
-1.4301250000000003
-1.4309570000000003
-1.4302020000000004
-1.429449
-1.4301250000000003
-1.4309570000000003
-1.4302020000000004
-1.429449
-1.4301250000000003
-1.4309570000000003
-1.4302020000000004
-1.429449
-1.4301250000000003
-1.4309570000000003
-1.4302020000000004
-1.429449
-1.4301250000000003
-1.4309570000000003
-1.4302020000000004
-1.429449
-1.4301250000000003
-1.4309570000000003
-1.4302020000000004
-1.429449
-1.4301250000000003
-1.4309570000000003
-1.4302020000000004
-1.429449
-1.4301250000000003
-1.4309570000000003
-1.4302020000000004
-1.429449
-1.4301250000000003
-1.4309570000000003
-1.4302020000000004
-1.429449
-1.4301250000000003
-1.4309570000000003
-1.4302020000000004
-1.429449
-1.4301250000000003
-1.4309570000000003
-1.4302020000000004
-1.429449
-1.4301250000000003
-1.4309570000000003
-1.4302020000000004
-1.429449
-1.4301250000000003
-1.4309570000000003
-1.4302020000000004
-1.429449
-1.4301250000000003
-1.4309570000000003
-1.4302020000000004
-1.429449
-1.4301250000000003
-1.4309570000000003
-1.4302020000000004
-1.429449
-1.4301250000000003
-1.4309570000000003
-1.4302020000000004
-1.429449
-1.4301250000000003
-1.4309570000000003
-1.4302020000000004
-1.429449
-1.4301250000000003
-1.4309570000000003
-1.4302020000000004
-1.429449
-1.4301250000000003
-1.4309570000000003
-1.4302020000000004
-1.429449
-1.4301250000000003
-1.4309570000000003
-1.4302020000000004
-1.429449
-1.4301250000000003
-1.4309570000000003
-1.4302020000000004
-1.429449
-1.4301250000000003
-1.4309570000000003
-1.4302020000000004
-1.429449
-1.4301250000000003
-1.4309570000000003
-1.4302020000000004
-1.429449
-1.4301250000000003
-1.4309570000000003
-1.4302020000000004
-1.429449
-1.4301250000000003
-1.4309570000000003
-1.4302020000000004
-1.429449
-1.4301250000000003
-1.4309570000000003
-1.4302020000000004
-1.429449
-1.4301250000000003
-1.4309570000000003
-1.4302020000000004
-1.429449
-1.4301250000000003
-1.4309570000000003
-1.4302020000000004
-1.429449
-1.4301250000000003
-1.4309570000000003
-1.4302020000000004
-1.429449
-1.4301250000000003
-1.4309570000000003
-1.4302020000000004
-1.429449
-1.4301250000000003
-1.4309570000000003
-1.4302020000000004
-1.429449
-1.4301250000000003
-1.4309570000000003
-1.4302020000000004
-1.429449
-1.4301250000000003
-1.4309570000000003
-1.4302020000000004
-1.429449
