1.4371980000000004
1.4380849999999992
1.4384379999999997
1.435499
1.4371980000000004
1.4380849999999992
1.4384379999999997
1.435499
1.4371980000000004
1.4380849999999992
1.4384379999999997
1.435499
1.4371980000000004
1.4380849999999992
1.4384379999999997
1.435499
1.4371980000000004
1.4380849999999992
1.4384379999999997
1.435499
1.4371980000000004
1.4380849999999992
1.4384379999999997
1.435499
1.4371980000000004
1.4380849999999992
1.4384379999999997
1.435499
1.4371980000000004
1.4380849999999992
1.4384379999999997
1.435499
1.4371980000000004
1.4380849999999992
1.4384379999999997
1.435499
1.4371980000000004
1.4380849999999992
1.4384379999999997
1.435499
1.4371980000000004
1.4380849999999992
1.4384379999999997
1.435499
1.4371980000000004
1.4380849999999992
1.4384379999999997
1.435499
1.4371980000000004
1.4380849999999992
1.4384379999999997
1.435499
1.4371980000000004
1.4380849999999992
1.4384379999999997
1.435499
1.4371980000000004
1.4380849999999992
1.4384379999999997
1.435499
1.4371980000000004
1.4380849999999992
1.4384379999999997
1.435499
1.4371980000000004
1.4380849999999992
1.4384379999999997
1.435499
1.4371980000000004
1.4380849999999992
1.4384379999999997
1.435499
1.4371980000000004
1.4380849999999992
1.4384379999999997
1.435499
1.4371980000000004
1.4380849999999992
1.4384379999999997
1.435499
1.4371980000000004
1.4380849999999992
1.4384379999999997
1.435499
1.4371980000000004
1.4380849999999992
1.4384379999999997
1.435499
1.4371980000000004
1.4380849999999992
1.4384379999999997
1.435499
1.4371980000000004
1.4380849999999992
1.4384379999999997
1.435499
1.4371980000000004
1.4380849999999992
1.4384379999999997
1.435499
1.4371980000000004
1.4380849999999992
1.4384379999999997
1.435499
1.4371980000000004
1.4380849999999992
1.4384379999999997
1.435499
1.4371980000000004
1.4380849999999992
1.4384379999999997
1.435499
1.4371980000000004
1.4380849999999992
1.4384379999999997
1.435499
1.4371980000000004
1.4380849999999992
1.4384379999999997
1.435499
1.4371980000000004
1.4380849999999992
1.4384379999999997
1.435499
1.4371980000000004
1.4380849999999992
1.4384379999999997
1.435499
1.4371980000000004
1.4380849999999992
1.4384379999999997
1.435499
1.4371980000000004
1.4380849999999992
1.4384379999999997
1.435499
1.4371980000000004
1.4380849999999992
1.4384379999999997
1.435499
1.4371980000000004
1.4380849999999992
1.4384379999999997
1.435499
-1.4375359999999997
-1.4373250000000004
-1.4378960000000003
-1.4364590000000002
-1.4375359999999997
-1.4373250000000004
-1.4378960000000003
-1.4364590000000002
-1.4375359999999997
-1.4373250000000004
-1.4378960000000003
-1.4364590000000002
-1.4375359999999997
-1.4373250000000004
-1.4378960000000003
-1.4364590000000002
-1.4375359999999997
-1.4373250000000004
-1.4378960000000003
-1.4364590000000002
-1.4375359999999997
-1.4373250000000004
-1.4378960000000003
-1.4364590000000002
-1.4375359999999997
-1.4373250000000004
-1.4378960000000003
-1.4364590000000002
-1.4375359999999997
-1.4373250000000004
-1.4378960000000003
-1.4364590000000002
-1.4375359999999997
-1.4373250000000004
-1.4378960000000003
-1.4364590000000002
-1.4375359999999997
-1.4373250000000004
-1.4378960000000003
-1.4364590000000002
-1.4375359999999997
-1.4373250000000004
-1.4378960000000003
-1.4364590000000002
-1.4375359999999997
-1.4373250000000004
-1.4378960000000003
-1.4364590000000002
-1.4375359999999997
-1.4373250000000004
-1.4378960000000003
-1.4364590000000002
-1.4375359999999997
-1.4373250000000004
-1.4378960000000003
-1.4364590000000002
-1.4375359999999997
-1.4373250000000004
-1.4378960000000003
-1.4364590000000002
-1.4375359999999997
-1.4373250000000004
-1.4378960000000003
-1.4364590000000002
-1.4375359999999997
-1.4373250000000004
-1.4378960000000003
-1.4364590000000002
-1.4375359999999997
-1.4373250000000004
-1.4378960000000003
-1.4364590000000002
-1.4375359999999997
-1.4373250000000004
-1.4378960000000003
-1.4364590000000002
-1.4375359999999997
-1.4373250000000004
-1.4378960000000003
-1.4364590000000002
-1.4375359999999997
-1.4373250000000004
-1.4378960000000003
-1.4364590000000002
-1.4375359999999997
-1.4373250000000004
-1.4378960000000003
-1.4364590000000002
-1.4375359999999997
-1.4373250000000004
-1.4378960000000003
-1.4364590000000002
-1.4375359999999997
-1.4373250000000004
-1.4378960000000003
-1.4364590000000002
-1.4375359999999997
-1.4373250000000004
-1.4378960000000003
-1.4364590000000002
-1.4375359999999997
-1.4373250000000004
-1.4378960000000003
-1.4364590000000002
-1.4375359999999997
-1.4373250000000004
-1.4378960000000003
-1.4364590000000002
-1.4375359999999997
-1.4373250000000004
-1.4378960000000003
-1.4364590000000002
-1.4375359999999997
-1.4373250000000004
-1.4378960000000003
-1.4364590000000002
-1.4375359999999997
-1.4373250000000004
-1.4378960000000003
-1.4364590000000002
-1.4375359999999997
-1.4373250000000004
-1.4378960000000003
-1.4364590000000002
-1.4375359999999997
-1.4373250000000004
-1.4378960000000003
-1.4364590000000002
-1.4375359999999997
-1.4373250000000004
-1.4378960000000003
-1.4364590000000002
-1.4375359999999997
-1.4373250000000004
-1.4378960000000003
-1.4364590000000002
-1.4375359999999997
-1.4373250000000004
-1.4378960000000003
-1.4364590000000002
-1.4375359999999997
-1.4373250000000004
-1.4378960000000003
-1.4364590000000002
