1.3318829999999995
1.3307199999999995
1.3318829999999995
1.3307199999999995
1.3318829999999995
1.3307199999999995
1.3318829999999995
1.3307199999999995
1.3318829999999995
1.3307199999999995
1.3318829999999995
1.3307199999999995
1.3318829999999995
1.3307199999999995
1.3318829999999995
1.3307199999999995
1.3318829999999995
1.3307199999999995
1.3318829999999995
1.3307199999999995
1.3318829999999995
1.3307199999999995
1.3318829999999995
1.3307199999999995
1.3318829999999995
1.3307199999999995
1.3318829999999995
1.3307199999999995
1.3318829999999995
1.3307199999999995
1.3318829999999995
1.3307199999999995
1.3318829999999995
1.3307199999999995
1.3318829999999995
1.3307199999999995
1.3318829999999995
1.3307199999999995
1.3318829999999995
1.3307199999999995
1.3318829999999995
1.3307199999999995
1.3318829999999995
1.3307199999999995
1.3318829999999995
1.3307199999999995
1.3318829999999995
1.3307199999999995
1.3318829999999995
1.3307199999999995
1.3318829999999995
1.3307199999999995
1.3318829999999995
1.3307199999999995
1.3318829999999995
1.3307199999999995
1.3318829999999995
1.3307199999999995
1.3318829999999995
1.3307199999999995
1.3318829999999995
1.3307199999999995
1.3318829999999995
1.3307199999999995
1.3318829999999995
1.3307199999999995
1.3318829999999995
1.3307199999999995
1.3318829999999995
1.3307199999999995
1.3318829999999995
1.3307199999999995
1.3318829999999995
1.3307199999999995
1.3318829999999995
1.3307199999999995
1.3318829999999995
1.3307199999999995
1.3318829999999995
1.3307199999999995
1.3318829999999995
1.3307199999999995
1.3318829999999995
1.3307199999999995
1.3318829999999995
1.3307199999999995
1.3318829999999995
1.3307199999999995
1.3318829999999995
1.3307199999999995
1.3318829999999995
1.3307199999999995
1.3318829999999995
1.3307199999999995
1.3318829999999995
1.3307199999999995
1.3318829999999995
1.3307199999999995
1.3318829999999995
1.3307199999999995
1.3318829999999995
1.3307199999999995
1.3318829999999995
1.3307199999999995
1.3318829999999995
1.3307199999999995
1.3318829999999995
1.3307199999999995
1.3318829999999995
1.3307199999999995
1.3318829999999995
1.3307199999999995
1.3318829999999995
1.3307199999999995
1.3318829999999995
1.3307199999999995
1.3318829999999995
1.3307199999999995
1.3318829999999995
1.3307199999999995
-1.3325230000000001
-1.3300809999999998
-1.3325230000000001
-1.3300809999999998
-1.3325230000000001
-1.3300809999999998
-1.3325230000000001
-1.3300809999999998
-1.3325230000000001
-1.3300809999999998
-1.3325230000000001
-1.3300809999999998
-1.3325230000000001
-1.3300809999999998
-1.3325230000000001
-1.3300809999999998
-1.3325230000000001
-1.3300809999999998
-1.3325230000000001
-1.3300809999999998
-1.3325230000000001
-1.3300809999999998
-1.3325230000000001
-1.3300809999999998
-1.3325230000000001
-1.3300809999999998
-1.3325230000000001
-1.3300809999999998
-1.3325230000000001
-1.3300809999999998
-1.3325230000000001
-1.3300809999999998
-1.3325230000000001
-1.3300809999999998
-1.3325230000000001
-1.3300809999999998
-1.3325230000000001
-1.3300809999999998
-1.3325230000000001
-1.3300809999999998
-1.3325230000000001
-1.3300809999999998
-1.3325230000000001
-1.3300809999999998
-1.3325230000000001
-1.3300809999999998
-1.3325230000000001
-1.3300809999999998
-1.3325230000000001
-1.3300809999999998
-1.3325230000000001
-1.3300809999999998
-1.3325230000000001
-1.3300809999999998
-1.3325230000000001
-1.3300809999999998
-1.3325230000000001
-1.3300809999999998
-1.3325230000000001
-1.3300809999999998
-1.3325230000000001
-1.3300809999999998
-1.3325230000000001
-1.3300809999999998
-1.3325230000000001
-1.3300809999999998
-1.3325230000000001
-1.3300809999999998
-1.3325230000000001
-1.3300809999999998
-1.3325230000000001
-1.3300809999999998
-1.3325230000000001
-1.3300809999999998
-1.3325230000000001
-1.3300809999999998
-1.3325230000000001
-1.3300809999999998
-1.3325230000000001
-1.3300809999999998
-1.3325230000000001
-1.3300809999999998
-1.3325230000000001
-1.3300809999999998
-1.3325230000000001
-1.3300809999999998
-1.3325230000000001
-1.3300809999999998
-1.3325230000000001
-1.3300809999999998
-1.3325230000000001
-1.3300809999999998
-1.3325230000000001
-1.3300809999999998
-1.3325230000000001
-1.3300809999999998
-1.3325230000000001
-1.3300809999999998
-1.3325230000000001
-1.3300809999999998
-1.3325230000000001
-1.3300809999999998
-1.3325230000000001
-1.3300809999999998
-1.3325230000000001
-1.3300809999999998
-1.3325230000000001
-1.3300809999999998
-1.3325230000000001
-1.3300809999999998
-1.3325230000000001
-1.3300809999999998
-1.3325230000000001
-1.3300809999999998
-1.3325230000000001
-1.3300809999999998
-1.3325230000000001
-1.3300809999999998
-1.3325230000000001
-1.3300809999999998
