1.3539999999999992
1.3539999999999992
1.3539999999999992
1.3539999999999992
1.3539999999999992
1.3539999999999992
1.3539999999999992
1.3539999999999992
1.3539999999999992
1.3539999999999992
1.3539999999999992
1.3539999999999992
1.3539999999999992
1.3539999999999992
1.3539999999999992
1.3539999999999992
1.3539999999999992
1.3539999999999992
1.3539999999999992
1.3539999999999992
1.3539999999999992
1.3539999999999992
1.3539999999999992
1.3539999999999992
1.3539999999999992
1.3539999999999992
1.3539999999999992
1.3539999999999992
1.3539999999999992
1.3539999999999992
1.3539999999999992
1.3539999999999992
1.3539999999999992
1.3539999999999992
1.3539999999999992
1.3539999999999992
1.3539999999999992
1.3539999999999992
1.3539999999999992
1.3539999999999992
1.3539999999999992
1.3539999999999992
1.3539999999999992
1.3539999999999992
1.3539999999999992
1.3539999999999992
1.3539999999999992
1.3539999999999992
1.3539999999999992
1.3539999999999992
1.3539999999999992
1.3539999999999992
1.3539999999999992
1.3539999999999992
1.3539999999999992
1.3539999999999992
1.3539999999999992
1.3539999999999992
1.3539999999999992
1.3539999999999992
1.3539999999999992
1.3539999999999992
1.3539999999999992
1.3539999999999992
-1.353999
-1.353999
-1.353999
-1.353999
-1.353999
-1.353999
-1.353999
-1.353999
-1.353999
-1.353999
-1.353999
-1.353999
-1.353999
-1.353999
-1.353999
-1.353999
-1.353999
-1.353999
-1.353999
-1.353999
-1.353999
-1.353999
-1.353999
-1.353999
-1.353999
-1.353999
-1.353999
-1.353999
-1.353999
-1.353999
-1.353999
-1.353999
-1.353999
-1.353999
-1.353999
-1.353999
-1.353999
-1.353999
-1.353999
-1.353999
-1.353999
-1.353999
-1.353999
-1.353999
-1.353999
-1.353999
-1.353999
-1.353999
-1.353999
-1.353999
-1.353999
-1.353999
-1.353999
-1.353999
-1.353999
-1.353999
-1.353999
-1.353999
-1.353999
-1.353999
-1.353999
-1.353999
-1.353999
-1.353999
