0.6727670000000003
0.6727670000000003
0.6727670000000003
0.6727670000000003
0.6727670000000003
0.6727670000000003
0.6727670000000003
0.6727670000000003
0.6727670000000003
0.6727670000000003
0.6727670000000003
0.6727670000000003
0.6727670000000003
0.6727670000000003
0.6727670000000003
0.6727670000000003
0.6727670000000003
0.6727670000000003
0.6727670000000003
0.6727670000000003
0.6727670000000003
0.6727670000000003
0.6727670000000003
0.6727670000000003
0.6727670000000003
0.6727670000000003
0.6727670000000003
0.6727670000000003
0.6727670000000003
0.6727670000000003
0.6727670000000003
0.6727670000000003
0.6727670000000003
0.6727670000000003
0.6727670000000003
0.6727670000000003
0.6727670000000003
0.6727670000000003
0.6727670000000003
0.6727670000000003
0.6727670000000003
0.6727670000000003
0.6727670000000003
0.6727670000000003
0.6727670000000003
0.6727670000000003
0.6727670000000003
0.6727670000000003
0.6727670000000003
0.6727670000000003
0.6727670000000003
0.6727670000000003
0.6727670000000003
0.6727670000000003
0.6727670000000003
0.6727670000000003
0.6727670000000003
0.6727670000000003
0.6727670000000003
0.6727670000000003
0.6727670000000003
0.6727670000000003
0.6727670000000003
0.6727670000000003
-0.6727660000000002
-0.6727660000000002
-0.6727660000000002
-0.6727660000000002
-0.6727660000000002
-0.6727660000000002
-0.6727660000000002
-0.6727660000000002
-0.6727660000000002
-0.6727660000000002
-0.6727660000000002
-0.6727660000000002
-0.6727660000000002
-0.6727660000000002
-0.6727660000000002
-0.6727660000000002
-0.6727660000000002
-0.6727660000000002
-0.6727660000000002
-0.6727660000000002
-0.6727660000000002
-0.6727660000000002
-0.6727660000000002
-0.6727660000000002
-0.6727660000000002
-0.6727660000000002
-0.6727660000000002
-0.6727660000000002
-0.6727660000000002
-0.6727660000000002
-0.6727660000000002
-0.6727660000000002
-0.6727660000000002
-0.6727660000000002
-0.6727660000000002
-0.6727660000000002
-0.6727660000000002
-0.6727660000000002
-0.6727660000000002
-0.6727660000000002
-0.6727660000000002
-0.6727660000000002
-0.6727660000000002
-0.6727660000000002
-0.6727660000000002
-0.6727660000000002
-0.6727660000000002
-0.6727660000000002
-0.6727660000000002
-0.6727660000000002
-0.6727660000000002
-0.6727660000000002
-0.6727660000000002
-0.6727660000000002
-0.6727660000000002
-0.6727660000000002
-0.6727660000000002
-0.6727660000000002
-0.6727660000000002
-0.6727660000000002
-0.6727660000000002
-0.6727660000000002
-0.6727660000000002
-0.6727660000000002
