1.3570290000000007
1.3294339999999991
1.3570290000000007
1.3294339999999991
1.3570290000000007
1.3294339999999991
1.3570290000000007
1.3294339999999991
1.3570290000000007
1.3294339999999991
1.3570290000000007
1.3294339999999991
1.3570290000000007
1.3294339999999991
1.3570290000000007
1.3294339999999991
1.3570290000000007
1.3294339999999991
1.3570290000000007
1.3294339999999991
1.3570290000000007
1.3294339999999991
1.3570290000000007
1.3294339999999991
1.3570290000000007
1.3294339999999991
1.3570290000000007
1.3294339999999991
1.3570290000000007
1.3294339999999991
1.3570290000000007
1.3294339999999991
1.3570290000000007
1.3294339999999991
1.3570290000000007
1.3294339999999991
1.3570290000000007
1.3294339999999991
1.3570290000000007
1.3294339999999991
1.3570290000000007
1.3294339999999991
1.3570290000000007
1.3294339999999991
1.3570290000000007
1.3294339999999991
1.3570290000000007
1.3294339999999991
1.3570290000000007
1.3294339999999991
1.3570290000000007
1.3294339999999991
1.3570290000000007
1.3294339999999991
1.3570290000000007
1.3294339999999991
1.3570290000000007
1.3294339999999991
1.3570290000000007
1.3294339999999991
1.3570290000000007
1.3294339999999991
1.3570290000000007
1.3294339999999991
1.3570290000000007
1.3294339999999991
1.3570290000000007
1.3294339999999991
1.3570290000000007
1.3294339999999991
1.3570290000000007
1.3294339999999991
1.3570290000000007
1.3294339999999991
1.3570290000000007
1.3294339999999991
1.3570290000000007
1.3294339999999991
1.3570290000000007
1.3294339999999991
1.3570290000000007
1.3294339999999991
1.3570290000000007
1.3294339999999991
1.3570290000000007
1.3294339999999991
1.3570290000000007
1.3294339999999991
1.3570290000000007
1.3294339999999991
1.3570290000000007
1.3294339999999991
1.3570290000000007
1.3294339999999991
1.3570290000000007
1.3294339999999991
-1.3309569999999997
-1.355506
-1.3309569999999997
-1.355506
-1.3309569999999997
-1.355506
-1.3309569999999997
-1.355506
-1.3309569999999997
-1.355506
-1.3309569999999997
-1.355506
-1.3309569999999997
-1.355506
-1.3309569999999997
-1.355506
-1.3309569999999997
-1.355506
-1.3309569999999997
-1.355506
-1.3309569999999997
-1.355506
-1.3309569999999997
-1.355506
-1.3309569999999997
-1.355506
-1.3309569999999997
-1.355506
-1.3309569999999997
-1.355506
-1.3309569999999997
-1.355506
-1.3309569999999997
-1.355506
-1.3309569999999997
-1.355506
-1.3309569999999997
-1.355506
-1.3309569999999997
-1.355506
-1.3309569999999997
-1.355506
-1.3309569999999997
-1.355506
-1.3309569999999997
-1.355506
-1.3309569999999997
-1.355506
-1.3309569999999997
-1.355506
-1.3309569999999997
-1.355506
-1.3309569999999997
-1.355506
-1.3309569999999997
-1.355506
-1.3309569999999997
-1.355506
-1.3309569999999997
-1.355506
-1.3309569999999997
-1.355506
-1.3309569999999997
-1.355506
-1.3309569999999997
-1.355506
-1.3309569999999997
-1.355506
-1.3309569999999997
-1.355506
-1.3309569999999997
-1.355506
-1.3309569999999997
-1.355506
-1.3309569999999997
-1.355506
-1.3309569999999997
-1.355506
-1.3309569999999997
-1.355506
-1.3309569999999997
-1.355506
-1.3309569999999997
-1.355506
-1.3309569999999997
-1.355506
-1.3309569999999997
-1.355506
-1.3309569999999997
-1.355506
-1.3309569999999997
-1.355506
-1.3309569999999997
-1.355506
-1.3309569999999997
-1.355506
