1.3455899999999996
1.3455899999999996
1.3455899999999996
1.3455899999999996
1.3455899999999996
1.3455899999999996
1.3455899999999996
1.3455899999999996
1.3455899999999996
1.3455899999999996
1.3455899999999996
1.3455899999999996
1.3455899999999996
1.3455899999999996
1.3455899999999996
1.3455899999999996
1.3455899999999996
1.3455899999999996
1.3455899999999996
1.3455899999999996
1.3455899999999996
1.3455899999999996
1.3455899999999996
1.3455899999999996
1.3455899999999996
1.3455899999999996
1.3455899999999996
1.3455899999999996
1.3455899999999996
1.3455899999999996
1.3455899999999996
1.3455899999999996
1.3455899999999996
1.3455899999999996
1.3455899999999996
1.3455899999999996
1.3455899999999996
1.3455899999999996
1.3455899999999996
1.3455899999999996
1.3455899999999996
1.3455899999999996
1.3455899999999996
1.3455899999999996
1.3455899999999996
1.3455899999999996
1.3455899999999996
1.3455899999999996
1.3455899999999996
1.3455899999999996
1.3455899999999996
1.3455899999999996
1.3455899999999996
1.3455899999999996
1.3455899999999996
1.3455899999999996
1.3455899999999996
1.3455899999999996
1.3455899999999996
1.3455899999999996
1.3455899999999996
1.3455899999999996
1.3455899999999996
1.3455899999999996
1.3455899999999996
1.3455899999999996
1.3455899999999996
1.3455899999999996
1.3455899999999996
1.3455899999999996
1.3455899999999996
1.3455899999999996
1.3455899999999996
1.3455899999999996
1.3455899999999996
1.3455899999999996
1.3455899999999996
1.3455899999999996
1.3455899999999996
1.3455899999999996
1.3455899999999996
1.3455899999999996
1.3455899999999996
1.3455899999999996
1.3455899999999996
1.3455899999999996
1.3455899999999996
1.3455899999999996
1.3455899999999996
1.3455899999999996
-1.3455880000000002
-1.3455890000000004
-1.3455880000000002
-1.3455890000000004
-1.3455880000000002
-1.3455890000000004
-1.3455880000000002
-1.3455890000000004
-1.3455880000000002
-1.3455890000000004
-1.3455880000000002
-1.3455890000000004
-1.3455880000000002
-1.3455890000000004
-1.3455880000000002
-1.3455890000000004
-1.3455880000000002
-1.3455890000000004
-1.3455880000000002
-1.3455890000000004
-1.3455880000000002
-1.3455890000000004
-1.3455880000000002
-1.3455890000000004
-1.3455880000000002
-1.3455890000000004
-1.3455880000000002
-1.3455890000000004
-1.3455880000000002
-1.3455890000000004
-1.3455880000000002
-1.3455890000000004
-1.3455880000000002
-1.3455890000000004
-1.3455880000000002
-1.3455890000000004
-1.3455880000000002
-1.3455890000000004
-1.3455880000000002
-1.3455890000000004
-1.3455880000000002
-1.3455890000000004
-1.3455880000000002
-1.3455890000000004
-1.3455880000000002
-1.3455890000000004
-1.3455880000000002
-1.3455890000000004
-1.3455880000000002
-1.3455890000000004
-1.3455880000000002
-1.3455890000000004
-1.3455880000000002
-1.3455890000000004
-1.3455880000000002
-1.3455890000000004
-1.3455880000000002
-1.3455890000000004
-1.3455880000000002
-1.3455890000000004
-1.3455880000000002
-1.3455890000000004
-1.3455880000000002
-1.3455890000000004
-1.3455880000000002
-1.3455890000000004
-1.3455880000000002
-1.3455890000000004
-1.3455880000000002
-1.3455890000000004
-1.3455880000000002
-1.3455890000000004
-1.3455880000000002
-1.3455890000000004
-1.3455880000000002
-1.3455890000000004
-1.3455880000000002
-1.3455890000000004
-1.3455880000000002
-1.3455890000000004
-1.3455880000000002
-1.3455890000000004
-1.3455880000000002
-1.3455890000000004
-1.3455880000000002
-1.3455890000000004
-1.3455880000000002
-1.3455890000000004
-1.3455880000000002
-1.3455890000000004
