1.3120349999999998
1.1594280000000001
1.2191620000000007
1.2532309999999995
1.3120349999999998
1.1594280000000001
1.2191620000000007
1.2532309999999995
1.3120349999999998
1.1594280000000001
1.2191620000000007
1.2532309999999995
1.3120349999999998
1.1594280000000001
1.2191620000000007
1.2532309999999995
1.3120349999999998
1.1594280000000001
1.2191620000000007
1.2532309999999995
1.3120349999999998
1.1594280000000001
1.2191620000000007
1.2532309999999995
1.3120349999999998
1.1594280000000001
1.2191620000000007
1.2532309999999995
1.3120349999999998
1.1594280000000001
1.2191620000000007
1.2532309999999995
1.3120349999999998
1.1594280000000001
1.2191620000000007
1.2532309999999995
1.3120349999999998
1.1594280000000001
1.2191620000000007
1.2532309999999995
1.3120349999999998
1.1594280000000001
1.2191620000000007
1.2532309999999995
1.3120349999999998
1.1594280000000001
1.2191620000000007
1.2532309999999995
1.3120349999999998
1.1594280000000001
1.2191620000000007
1.2532309999999995
1.3120349999999998
1.1594280000000001
1.2191620000000007
1.2532309999999995
1.3120349999999998
1.1594280000000001
1.2191620000000007
1.2532309999999995
1.3120349999999998
1.1594280000000001
1.2191620000000007
1.2532309999999995
1.3120349999999998
1.1594280000000001
1.2191620000000007
1.2532309999999995
1.3120349999999998
1.1594280000000001
1.2191620000000007
1.2532309999999995
1.3120349999999998
1.1594280000000001
1.2191620000000007
1.2532309999999995
1.3120349999999998
1.1594280000000001
1.2191620000000007
1.2532309999999995
1.3120349999999998
1.1594280000000001
1.2191620000000007
1.2532309999999995
1.3120349999999998
1.1594280000000001
1.2191620000000007
1.2532309999999995
1.3120349999999998
1.1594280000000001
1.2191620000000007
1.2532309999999995
1.3120349999999998
1.1594280000000001
1.2191620000000007
1.2532309999999995
1.3120349999999998
1.1594280000000001
1.2191620000000007
1.2532309999999995
1.3120349999999998
1.1594280000000001
1.2191620000000007
1.2532309999999995
1.3120349999999998
1.1594280000000001
1.2191620000000007
1.2532309999999995
1.3120349999999998
1.1594280000000001
1.2191620000000007
1.2532309999999995
1.3120349999999998
1.1594280000000001
1.2191620000000007
1.2532309999999995
1.3120349999999998
1.1594280000000001
1.2191620000000007
1.2532309999999995
1.3120349999999998
1.1594280000000001
1.2191620000000007
1.2532309999999995
1.3120349999999998
1.1594280000000001
1.2191620000000007
1.2532309999999995
1.3120349999999998
1.1594280000000001
1.2191620000000007
1.2532309999999995
1.3120349999999998
1.1594280000000001
1.2191620000000007
1.2532309999999995
1.3120349999999998
1.1594280000000001
1.2191620000000007
1.2532309999999995
1.3120349999999998
1.1594280000000001
1.2191620000000007
1.2532309999999995
1.3120349999999998
1.1594280000000001
1.2191620000000007
1.2532309999999995
1.3120349999999998
1.1594280000000001
1.2191620000000007
1.2532309999999995
1.3120349999999998
1.1594280000000001
1.2191620000000007
1.2532309999999995
1.3120349999999998
1.1594280000000001
1.2191620000000007
1.2532309999999995
1.3120349999999998
1.1594280000000001
1.2191620000000007
1.2532309999999995
1.3120349999999998
1.1594280000000001
1.2191620000000007
1.2532309999999995
1.3120349999999998
1.1594280000000001
1.2191620000000007
1.2532309999999995
1.3120349999999998
1.1594280000000001
1.2191620000000007
1.2532309999999995
1.3120349999999998
1.1594280000000001
1.2191620000000007
1.2532309999999995
-1.2049159999999999
-1.291112
-1.1943460000000004
-1.2534840000000003
-1.2049159999999999
-1.291112
-1.1943460000000004
-1.2534840000000003
-1.2049159999999999
-1.291112
-1.1943460000000004
-1.2534840000000003
-1.2049159999999999
-1.291112
-1.1943460000000004
-1.2534840000000003
-1.2049159999999999
-1.291112
-1.1943460000000004
-1.2534840000000003
-1.2049159999999999
-1.291112
-1.1943460000000004
-1.2534840000000003
-1.2049159999999999
-1.291112
-1.1943460000000004
-1.2534840000000003
-1.2049159999999999
-1.291112
-1.1943460000000004
-1.2534840000000003
-1.2049159999999999
-1.291112
-1.1943460000000004
-1.2534840000000003
-1.2049159999999999
-1.291112
-1.1943460000000004
-1.2534840000000003
-1.2049159999999999
-1.291112
-1.1943460000000004
-1.2534840000000003
-1.2049159999999999
-1.291112
-1.1943460000000004
-1.2534840000000003
-1.2049159999999999
-1.291112
-1.1943460000000004
-1.2534840000000003
-1.2049159999999999
-1.291112
-1.1943460000000004
-1.2534840000000003
-1.2049159999999999
-1.291112
-1.1943460000000004
-1.2534840000000003
-1.2049159999999999
-1.291112
-1.1943460000000004
-1.2534840000000003
-1.2049159999999999
-1.291112
-1.1943460000000004
-1.2534840000000003
-1.2049159999999999
-1.291112
-1.1943460000000004
-1.2534840000000003
-1.2049159999999999
-1.291112
-1.1943460000000004
-1.2534840000000003
-1.2049159999999999
-1.291112
-1.1943460000000004
-1.2534840000000003
-1.2049159999999999
-1.291112
-1.1943460000000004
-1.2534840000000003
-1.2049159999999999
-1.291112
-1.1943460000000004
-1.2534840000000003
-1.2049159999999999
-1.291112
-1.1943460000000004
-1.2534840000000003
-1.2049159999999999
-1.291112
-1.1943460000000004
-1.2534840000000003
-1.2049159999999999
-1.291112
-1.1943460000000004
-1.2534840000000003
-1.2049159999999999
-1.291112
-1.1943460000000004
-1.2534840000000003
-1.2049159999999999
-1.291112
-1.1943460000000004
-1.2534840000000003
-1.2049159999999999
-1.291112
-1.1943460000000004
-1.2534840000000003
-1.2049159999999999
-1.291112
-1.1943460000000004
-1.2534840000000003
-1.2049159999999999
-1.291112
-1.1943460000000004
-1.2534840000000003
-1.2049159999999999
-1.291112
-1.1943460000000004
-1.2534840000000003
-1.2049159999999999
-1.291112
-1.1943460000000004
-1.2534840000000003
-1.2049159999999999
-1.291112
-1.1943460000000004
-1.2534840000000003
-1.2049159999999999
-1.291112
-1.1943460000000004
-1.2534840000000003
-1.2049159999999999
-1.291112
-1.1943460000000004
-1.2534840000000003
-1.2049159999999999
-1.291112
-1.1943460000000004
-1.2534840000000003
-1.2049159999999999
-1.291112
-1.1943460000000004
-1.2534840000000003
-1.2049159999999999
-1.291112
-1.1943460000000004
-1.2534840000000003
-1.2049159999999999
-1.291112
-1.1943460000000004
-1.2534840000000003
-1.2049159999999999
-1.291112
-1.1943460000000004
-1.2534840000000003
-1.2049159999999999
-1.291112
-1.1943460000000004
-1.2534840000000003
-1.2049159999999999
-1.291112
-1.1943460000000004
-1.2534840000000003
-1.2049159999999999
-1.291112
-1.1943460000000004
-1.2534840000000003
-1.2049159999999999
-1.291112
-1.1943460000000004
-1.2534840000000003
-1.2049159999999999
-1.291112
-1.1943460000000004
-1.2534840000000003
