1.270244
1.270244
1.270244
1.270244
1.270244
1.270244
1.270244
1.270244
1.270244
1.270244
1.270244
1.270244
1.270244
1.270244
1.270244
1.270244
1.270244
1.270244
1.270244
1.270244
1.270244
1.270244
1.270244
1.270244
1.270244
1.270244
1.270244
1.270244
1.270244
1.270244
1.270244
1.270244
1.270244
1.270244
1.270244
1.270244
1.270244
1.270244
1.270244
1.270244
1.270244
1.270244
1.270244
1.270244
1.270244
1.270244
1.270244
1.270244
1.270244
1.270244
1.270244
1.270244
1.270244
1.270244
1.270244
1.270244
1.270244
1.270244
1.270244
1.270244
1.270244
1.270244
1.270244
1.270244
1.270244
1.270244
1.270244
1.270244
1.270244
1.270244
1.270244
1.270244
1.270244
1.270244
1.270244
1.270244
1.270244
1.270244
1.270244
1.270244
1.270244
1.270244
1.270244
1.270244
1.270244
1.270244
1.270244
1.270244
1.270244
1.270244
-1.270244
-1.2702419999999996
-1.270244
-1.2702419999999996
-1.270244
-1.2702419999999996
-1.270244
-1.2702419999999996
-1.270244
-1.2702419999999996
-1.270244
-1.2702419999999996
-1.270244
-1.2702419999999996
-1.270244
-1.2702419999999996
-1.270244
-1.2702419999999996
-1.270244
-1.2702419999999996
-1.270244
-1.2702419999999996
-1.270244
-1.2702419999999996
-1.270244
-1.2702419999999996
-1.270244
-1.2702419999999996
-1.270244
-1.2702419999999996
-1.270244
-1.2702419999999996
-1.270244
-1.2702419999999996
-1.270244
-1.2702419999999996
-1.270244
-1.2702419999999996
-1.270244
-1.2702419999999996
-1.270244
-1.2702419999999996
-1.270244
-1.2702419999999996
-1.270244
-1.2702419999999996
-1.270244
-1.2702419999999996
-1.270244
-1.2702419999999996
-1.270244
-1.2702419999999996
-1.270244
-1.2702419999999996
-1.270244
-1.2702419999999996
-1.270244
-1.2702419999999996
-1.270244
-1.2702419999999996
-1.270244
-1.2702419999999996
-1.270244
-1.2702419999999996
-1.270244
-1.2702419999999996
-1.270244
-1.2702419999999996
-1.270244
-1.2702419999999996
-1.270244
-1.2702419999999996
-1.270244
-1.2702419999999996
-1.270244
-1.2702419999999996
-1.270244
-1.2702419999999996
-1.270244
-1.2702419999999996
-1.270244
-1.2702419999999996
-1.270244
-1.2702419999999996
-1.270244
-1.2702419999999996
-1.270244
-1.2702419999999996
-1.270244
-1.2702419999999996
