0.8354929999999996
0.8354929999999996
0.8354929999999996
0.8354929999999996
0.8354929999999996
0.8354929999999996
0.8354929999999996
0.8354929999999996
0.8354929999999996
0.8354929999999996
0.8354929999999996
0.8354929999999996
0.8354929999999996
0.8354929999999996
0.8354929999999996
0.8354929999999996
0.8354929999999996
0.8354929999999996
0.8354929999999996
0.8354929999999996
0.8354929999999996
0.8354929999999996
0.8354929999999996
0.8354929999999996
0.8354929999999996
0.8354929999999996
0.8354929999999996
0.8354929999999996
0.8354929999999996
0.8354929999999996
0.8354929999999996
0.8354929999999996
0.8354929999999996
0.8354929999999996
0.8354929999999996
0.8354929999999996
0.8354929999999996
0.8354929999999996
0.8354929999999996
0.8354929999999996
0.8354929999999996
0.8354929999999996
0.8354929999999996
0.8354929999999996
0.8354929999999996
0.8354929999999996
0.8354929999999996
0.8354929999999996
0.8354929999999996
0.8354929999999996
0.8354929999999996
0.8354929999999996
0.8354929999999996
0.8354929999999996
0.8354929999999996
0.8354929999999996
0.8354929999999996
0.8354929999999996
0.8354929999999996
0.8354929999999996
0.8354929999999996
0.8354929999999996
0.8354929999999996
0.8354929999999996
-0.8354920000000003
-0.8354920000000003
-0.8354920000000003
-0.8354920000000003
-0.8354920000000003
-0.8354920000000003
-0.8354920000000003
-0.8354920000000003
-0.8354920000000003
-0.8354920000000003
-0.8354920000000003
-0.8354920000000003
-0.8354920000000003
-0.8354920000000003
-0.8354920000000003
-0.8354920000000003
-0.8354920000000003
-0.8354920000000003
-0.8354920000000003
-0.8354920000000003
-0.8354920000000003
-0.8354920000000003
-0.8354920000000003
-0.8354920000000003
-0.8354920000000003
-0.8354920000000003
-0.8354920000000003
-0.8354920000000003
-0.8354920000000003
-0.8354920000000003
-0.8354920000000003
-0.8354920000000003
-0.8354920000000003
-0.8354920000000003
-0.8354920000000003
-0.8354920000000003
-0.8354920000000003
-0.8354920000000003
-0.8354920000000003
-0.8354920000000003
-0.8354920000000003
-0.8354920000000003
-0.8354920000000003
-0.8354920000000003
-0.8354920000000003
-0.8354920000000003
-0.8354920000000003
-0.8354920000000003
-0.8354920000000003
-0.8354920000000003
-0.8354920000000003
-0.8354920000000003
-0.8354920000000003
-0.8354920000000003
-0.8354920000000003
-0.8354920000000003
-0.8354920000000003
-0.8354920000000003
-0.8354920000000003
-0.8354920000000003
-0.8354920000000003
-0.8354920000000003
-0.8354920000000003
-0.8354920000000003
