1.3818839999999994
1.3820499999999996
1.3818839999999994
1.3820499999999996
1.3818839999999994
1.3820499999999996
1.3818839999999994
1.3820499999999996
1.3818839999999994
1.3820499999999996
1.3818839999999994
1.3820499999999996
1.3818839999999994
1.3820499999999996
1.3818839999999994
1.3820499999999996
1.3818839999999994
1.3820499999999996
1.3818839999999994
1.3820499999999996
1.3818839999999994
1.3820499999999996
1.3818839999999994
1.3820499999999996
1.3818839999999994
1.3820499999999996
1.3818839999999994
1.3820499999999996
1.3818839999999994
1.3820499999999996
1.3818839999999994
1.3820499999999996
1.3818839999999994
1.3820499999999996
1.3818839999999994
1.3820499999999996
1.3818839999999994
1.3820499999999996
1.3818839999999994
1.3820499999999996
1.3818839999999994
1.3820499999999996
1.3818839999999994
1.3820499999999996
1.3818839999999994
1.3820499999999996
1.3818839999999994
1.3820499999999996
1.3818839999999994
1.3820499999999996
1.3818839999999994
1.3820499999999996
1.3818839999999994
1.3820499999999996
1.3818839999999994
1.3820499999999996
1.3818839999999994
1.3820499999999996
1.3818839999999994
1.3820499999999996
1.3818839999999994
1.3820499999999996
1.3818839999999994
1.3820499999999996
1.3818839999999994
1.3820499999999996
1.3818839999999994
1.3820499999999996
1.3818839999999994
1.3820499999999996
1.3818839999999994
1.3820499999999996
1.3818839999999994
1.3820499999999996
1.3818839999999994
1.3820499999999996
1.3818839999999994
1.3820499999999996
1.3818839999999994
1.3820499999999996
1.3818839999999994
1.3820499999999996
1.3818839999999994
1.3820499999999996
1.3818839999999994
1.3820499999999996
1.3818839999999994
1.3820499999999996
1.3818839999999994
1.3820499999999996
1.3818839999999994
1.3820499999999996
1.3818839999999994
1.3820499999999996
1.3818839999999994
1.3820499999999996
-1.381596
-1.3823379999999998
-1.381596
-1.3823379999999998
-1.381596
-1.3823379999999998
-1.381596
-1.3823379999999998
-1.381596
-1.3823379999999998
-1.381596
-1.3823379999999998
-1.381596
-1.3823379999999998
-1.381596
-1.3823379999999998
-1.381596
-1.3823379999999998
-1.381596
-1.3823379999999998
-1.381596
-1.3823379999999998
-1.381596
-1.3823379999999998
-1.381596
-1.3823379999999998
-1.381596
-1.3823379999999998
-1.381596
-1.3823379999999998
-1.381596
-1.3823379999999998
-1.381596
-1.3823379999999998
-1.381596
-1.3823379999999998
-1.381596
-1.3823379999999998
-1.381596
-1.3823379999999998
-1.381596
-1.3823379999999998
-1.381596
-1.3823379999999998
-1.381596
-1.3823379999999998
-1.381596
-1.3823379999999998
-1.381596
-1.3823379999999998
-1.381596
-1.3823379999999998
-1.381596
-1.3823379999999998
-1.381596
-1.3823379999999998
-1.381596
-1.3823379999999998
-1.381596
-1.3823379999999998
-1.381596
-1.3823379999999998
-1.381596
-1.3823379999999998
-1.381596
-1.3823379999999998
-1.381596
-1.3823379999999998
-1.381596
-1.3823379999999998
-1.381596
-1.3823379999999998
-1.381596
-1.3823379999999998
-1.381596
-1.3823379999999998
-1.381596
-1.3823379999999998
-1.381596
-1.3823379999999998
-1.381596
-1.3823379999999998
-1.381596
-1.3823379999999998
-1.381596
-1.3823379999999998
-1.381596
-1.3823379999999998
-1.381596
-1.3823379999999998
-1.381596
-1.3823379999999998
-1.381596
-1.3823379999999998
-1.381596
-1.3823379999999998
