1.4265969999999992
1.4246660000000002
1.4271879999999992
1.4213349999999991
1.4265969999999992
1.4246660000000002
1.4271879999999992
1.4213349999999991
1.4265969999999992
1.4246660000000002
1.4271879999999992
1.4213349999999991
1.4265969999999992
1.4246660000000002
1.4271879999999992
1.4213349999999991
1.4265969999999992
1.4246660000000002
1.4271879999999992
1.4213349999999991
1.4265969999999992
1.4246660000000002
1.4271879999999992
1.4213349999999991
1.4265969999999992
1.4246660000000002
1.4271879999999992
1.4213349999999991
1.4265969999999992
1.4246660000000002
1.4271879999999992
1.4213349999999991
1.4265969999999992
1.4246660000000002
1.4271879999999992
1.4213349999999991
1.4265969999999992
1.4246660000000002
1.4271879999999992
1.4213349999999991
1.4265969999999992
1.4246660000000002
1.4271879999999992
1.4213349999999991
1.4265969999999992
1.4246660000000002
1.4271879999999992
1.4213349999999991
1.4265969999999992
1.4246660000000002
1.4271879999999992
1.4213349999999991
1.4265969999999992
1.4246660000000002
1.4271879999999992
1.4213349999999991
1.4265969999999992
1.4246660000000002
1.4271879999999992
1.4213349999999991
1.4265969999999992
1.4246660000000002
1.4271879999999992
1.4213349999999991
1.4265969999999992
1.4246660000000002
1.4271879999999992
1.4213349999999991
1.4265969999999992
1.4246660000000002
1.4271879999999992
1.4213349999999991
1.4265969999999992
1.4246660000000002
1.4271879999999992
1.4213349999999991
1.4265969999999992
1.4246660000000002
1.4271879999999992
1.4213349999999991
1.4265969999999992
1.4246660000000002
1.4271879999999992
1.4213349999999991
1.4265969999999992
1.4246660000000002
1.4271879999999992
1.4213349999999991
1.4265969999999992
1.4246660000000002
1.4271879999999992
1.4213349999999991
1.4265969999999992
1.4246660000000002
1.4271879999999992
1.4213349999999991
1.4265969999999992
1.4246660000000002
1.4271879999999992
1.4213349999999991
1.4265969999999992
1.4246660000000002
1.4271879999999992
1.4213349999999991
1.4265969999999992
1.4246660000000002
1.4271879999999992
1.4213349999999991
1.4265969999999992
1.4246660000000002
1.4271879999999992
1.4213349999999991
1.4265969999999992
1.4246660000000002
1.4271879999999992
1.4213349999999991
1.4265969999999992
1.4246660000000002
1.4271879999999992
1.4213349999999991
1.4265969999999992
1.4246660000000002
1.4271879999999992
1.4213349999999991
1.4265969999999992
1.4246660000000002
1.4271879999999992
1.4213349999999991
1.4265969999999992
1.4246660000000002
1.4271879999999992
1.4213349999999991
1.4265969999999992
1.4246660000000002
1.4271879999999992
1.4213349999999991
1.4265969999999992
1.4246660000000002
1.4271879999999992
1.4213349999999991
1.4265969999999992
1.4246660000000002
1.4271879999999992
1.4213349999999991
-1.4259829999999996
-1.425186
-1.426082
-1.4225329999999996
-1.4259829999999996
-1.425186
-1.426082
-1.4225329999999996
-1.4259829999999996
-1.425186
-1.426082
-1.4225329999999996
-1.4259829999999996
-1.425186
-1.426082
-1.4225329999999996
-1.4259829999999996
-1.425186
-1.426082
-1.4225329999999996
-1.4259829999999996
-1.425186
-1.426082
-1.4225329999999996
-1.4259829999999996
-1.425186
-1.426082
-1.4225329999999996
-1.4259829999999996
-1.425186
-1.426082
-1.4225329999999996
-1.4259829999999996
-1.425186
-1.426082
-1.4225329999999996
-1.4259829999999996
-1.425186
-1.426082
-1.4225329999999996
-1.4259829999999996
-1.425186
-1.426082
-1.4225329999999996
-1.4259829999999996
-1.425186
-1.426082
-1.4225329999999996
-1.4259829999999996
-1.425186
-1.426082
-1.4225329999999996
-1.4259829999999996
-1.425186
-1.426082
-1.4225329999999996
-1.4259829999999996
-1.425186
-1.426082
-1.4225329999999996
-1.4259829999999996
-1.425186
-1.426082
-1.4225329999999996
-1.4259829999999996
-1.425186
-1.426082
-1.4225329999999996
-1.4259829999999996
-1.425186
-1.426082
-1.4225329999999996
-1.4259829999999996
-1.425186
-1.426082
-1.4225329999999996
-1.4259829999999996
-1.425186
-1.426082
-1.4225329999999996
-1.4259829999999996
-1.425186
-1.426082
-1.4225329999999996
-1.4259829999999996
-1.425186
-1.426082
-1.4225329999999996
-1.4259829999999996
-1.425186
-1.426082
-1.4225329999999996
-1.4259829999999996
-1.425186
-1.426082
-1.4225329999999996
-1.4259829999999996
-1.425186
-1.426082
-1.4225329999999996
-1.4259829999999996
-1.425186
-1.426082
-1.4225329999999996
-1.4259829999999996
-1.425186
-1.426082
-1.4225329999999996
-1.4259829999999996
-1.425186
-1.426082
-1.4225329999999996
-1.4259829999999996
-1.425186
-1.426082
-1.4225329999999996
-1.4259829999999996
-1.425186
-1.426082
-1.4225329999999996
-1.4259829999999996
-1.425186
-1.426082
-1.4225329999999996
-1.4259829999999996
-1.425186
-1.426082
-1.4225329999999996
-1.4259829999999996
-1.425186
-1.426082
-1.4225329999999996
-1.4259829999999996
-1.425186
-1.426082
-1.4225329999999996
-1.4259829999999996
-1.425186
-1.426082
-1.4225329999999996
-1.4259829999999996
-1.425186
-1.426082
-1.4225329999999996
