1.3611609999999992
1.3611609999999992
1.3611609999999992
1.3611609999999992
1.3611609999999992
1.3611609999999992
1.3611609999999992
1.3611609999999992
1.3611609999999992
1.3611609999999992
1.3611609999999992
1.3611609999999992
1.3611609999999992
1.3611609999999992
1.3611609999999992
1.3611609999999992
1.3611609999999992
1.3611609999999992
1.3611609999999992
1.3611609999999992
1.3611609999999992
1.3611609999999992
1.3611609999999992
1.3611609999999992
1.3611609999999992
1.3611609999999992
1.3611609999999992
1.3611609999999992
1.3611609999999992
1.3611609999999992
1.3611609999999992
1.3611609999999992
1.3611609999999992
1.3611609999999992
1.3611609999999992
1.3611609999999992
1.3611609999999992
1.3611609999999992
1.3611609999999992
1.3611609999999992
1.3611609999999992
1.3611609999999992
1.3611609999999992
1.3611609999999992
1.3611609999999992
1.3611609999999992
1.3611609999999992
1.3611609999999992
1.3611609999999992
1.3611609999999992
1.3611609999999992
1.3611609999999992
1.3611609999999992
1.3611609999999992
1.3611609999999992
1.3611609999999992
1.3611609999999992
1.3611609999999992
1.3611609999999992
1.3611609999999992
1.3611609999999992
1.3611609999999992
1.3611609999999992
1.3611609999999992
-1.36116
-1.36116
-1.36116
-1.36116
-1.36116
-1.36116
-1.36116
-1.36116
-1.36116
-1.36116
-1.36116
-1.36116
-1.36116
-1.36116
-1.36116
-1.36116
-1.36116
-1.36116
-1.36116
-1.36116
-1.36116
-1.36116
-1.36116
-1.36116
-1.36116
-1.36116
-1.36116
-1.36116
-1.36116
-1.36116
-1.36116
-1.36116
-1.36116
-1.36116
-1.36116
-1.36116
-1.36116
-1.36116
-1.36116
-1.36116
-1.36116
-1.36116
-1.36116
-1.36116
-1.36116
-1.36116
-1.36116
-1.36116
-1.36116
-1.36116
-1.36116
-1.36116
-1.36116
-1.36116
-1.36116
-1.36116
-1.36116
-1.36116
-1.36116
-1.36116
-1.36116
-1.36116
-1.36116
-1.36116
