1.3758759999999999
1.363835
1.3570510000000002
1.3696169999999999
1.3758759999999999
1.363835
1.3570510000000002
1.3696169999999999
1.3758759999999999
1.363835
1.3570510000000002
1.3696169999999999
1.3758759999999999
1.363835
1.3570510000000002
1.3696169999999999
1.3758759999999999
1.363835
1.3570510000000002
1.3696169999999999
1.3758759999999999
1.363835
1.3570510000000002
1.3696169999999999
1.3758759999999999
1.363835
1.3570510000000002
1.3696169999999999
1.3758759999999999
1.363835
1.3570510000000002
1.3696169999999999
1.3758759999999999
1.363835
1.3570510000000002
1.3696169999999999
1.3758759999999999
1.363835
1.3570510000000002
1.3696169999999999
1.3758759999999999
1.363835
1.3570510000000002
1.3696169999999999
1.3758759999999999
1.363835
1.3570510000000002
1.3696169999999999
1.3758759999999999
1.363835
1.3570510000000002
1.3696169999999999
1.3758759999999999
1.363835
1.3570510000000002
1.3696169999999999
1.3758759999999999
1.363835
1.3570510000000002
1.3696169999999999
1.3758759999999999
1.363835
1.3570510000000002
1.3696169999999999
1.3758759999999999
1.363835
1.3570510000000002
1.3696169999999999
1.3758759999999999
1.363835
1.3570510000000002
1.3696169999999999
1.3758759999999999
1.363835
1.3570510000000002
1.3696169999999999
1.3758759999999999
1.363835
1.3570510000000002
1.3696169999999999
1.3758759999999999
1.363835
1.3570510000000002
1.3696169999999999
1.3758759999999999
1.363835
1.3570510000000002
1.3696169999999999
1.3758759999999999
1.363835
1.3570510000000002
1.3696169999999999
1.3758759999999999
1.363835
1.3570510000000002
1.3696169999999999
1.3758759999999999
1.363835
1.3570510000000002
1.3696169999999999
1.3758759999999999
1.363835
1.3570510000000002
1.3696169999999999
1.3758759999999999
1.363835
1.3570510000000002
1.3696169999999999
1.3758759999999999
1.363835
1.3570510000000002
1.3696169999999999
1.3758759999999999
1.363835
1.3570510000000002
1.3696169999999999
1.3758759999999999
1.363835
1.3570510000000002
1.3696169999999999
1.3758759999999999
1.363835
1.3570510000000002
1.3696169999999999
1.3758759999999999
1.363835
1.3570510000000002
1.3696169999999999
1.3758759999999999
1.363835
1.3570510000000002
1.3696169999999999
1.3758759999999999
1.363835
1.3570510000000002
1.3696169999999999
1.3758759999999999
1.363835
1.3570510000000002
1.3696169999999999
1.3758759999999999
1.363835
1.3570510000000002
1.3696169999999999
1.3758759999999999
1.363835
1.3570510000000002
1.3696169999999999
1.3758759999999999
1.363835
1.3570510000000002
1.3696169999999999
1.3758759999999999
1.363835
1.3570510000000002
1.3696169999999999
1.3758759999999999
1.363835
1.3570510000000002
1.3696169999999999
1.3758759999999999
1.363835
1.3570510000000002
1.3696169999999999
1.3758759999999999
1.363835
1.3570510000000002
1.3696169999999999
1.3758759999999999
1.363835
1.3570510000000002
1.3696169999999999
1.3758759999999999
1.363835
1.3570510000000002
1.3696169999999999
1.3758759999999999
1.363835
1.3570510000000002
1.3696169999999999
1.3758759999999999
1.363835
1.3570510000000002
1.3696169999999999
1.3758759999999999
1.363835
1.3570510000000002
1.3696169999999999
1.3758759999999999
1.363835
1.3570510000000002
1.3696169999999999
-1.3703380000000003
-1.3670309999999999
-1.3642159999999999
-1.3647939999999998
-1.3703380000000003
-1.3670309999999999
-1.3642159999999999
-1.3647939999999998
-1.3703380000000003
-1.3670309999999999
-1.3642159999999999
-1.3647939999999998
-1.3703380000000003
-1.3670309999999999
-1.3642159999999999
-1.3647939999999998
-1.3703380000000003
-1.3670309999999999
-1.3642159999999999
-1.3647939999999998
-1.3703380000000003
-1.3670309999999999
-1.3642159999999999
-1.3647939999999998
-1.3703380000000003
-1.3670309999999999
-1.3642159999999999
-1.3647939999999998
-1.3703380000000003
-1.3670309999999999
-1.3642159999999999
-1.3647939999999998
-1.3703380000000003
-1.3670309999999999
-1.3642159999999999
-1.3647939999999998
-1.3703380000000003
-1.3670309999999999
-1.3642159999999999
-1.3647939999999998
-1.3703380000000003
-1.3670309999999999
-1.3642159999999999
-1.3647939999999998
-1.3703380000000003
-1.3670309999999999
-1.3642159999999999
-1.3647939999999998
-1.3703380000000003
-1.3670309999999999
-1.3642159999999999
-1.3647939999999998
-1.3703380000000003
-1.3670309999999999
-1.3642159999999999
-1.3647939999999998
-1.3703380000000003
-1.3670309999999999
-1.3642159999999999
-1.3647939999999998
-1.3703380000000003
-1.3670309999999999
-1.3642159999999999
-1.3647939999999998
-1.3703380000000003
-1.3670309999999999
-1.3642159999999999
-1.3647939999999998
-1.3703380000000003
-1.3670309999999999
-1.3642159999999999
-1.3647939999999998
-1.3703380000000003
-1.3670309999999999
-1.3642159999999999
-1.3647939999999998
-1.3703380000000003
-1.3670309999999999
-1.3642159999999999
-1.3647939999999998
-1.3703380000000003
-1.3670309999999999
-1.3642159999999999
-1.3647939999999998
-1.3703380000000003
-1.3670309999999999
-1.3642159999999999
-1.3647939999999998
-1.3703380000000003
-1.3670309999999999
-1.3642159999999999
-1.3647939999999998
-1.3703380000000003
-1.3670309999999999
-1.3642159999999999
-1.3647939999999998
-1.3703380000000003
-1.3670309999999999
-1.3642159999999999
-1.3647939999999998
-1.3703380000000003
-1.3670309999999999
-1.3642159999999999
-1.3647939999999998
-1.3703380000000003
-1.3670309999999999
-1.3642159999999999
-1.3647939999999998
-1.3703380000000003
-1.3670309999999999
-1.3642159999999999
-1.3647939999999998
-1.3703380000000003
-1.3670309999999999
-1.3642159999999999
-1.3647939999999998
-1.3703380000000003
-1.3670309999999999
-1.3642159999999999
-1.3647939999999998
-1.3703380000000003
-1.3670309999999999
-1.3642159999999999
-1.3647939999999998
-1.3703380000000003
-1.3670309999999999
-1.3642159999999999
-1.3647939999999998
-1.3703380000000003
-1.3670309999999999
-1.3642159999999999
-1.3647939999999998
-1.3703380000000003
-1.3670309999999999
-1.3642159999999999
-1.3647939999999998
-1.3703380000000003
-1.3670309999999999
-1.3642159999999999
-1.3647939999999998
-1.3703380000000003
-1.3670309999999999
-1.3642159999999999
-1.3647939999999998
-1.3703380000000003
-1.3670309999999999
-1.3642159999999999
-1.3647939999999998
-1.3703380000000003
-1.3670309999999999
-1.3642159999999999
-1.3647939999999998
-1.3703380000000003
-1.3670309999999999
-1.3642159999999999
-1.3647939999999998
-1.3703380000000003
-1.3670309999999999
-1.3642159999999999
-1.3647939999999998
-1.3703380000000003
-1.3670309999999999
-1.3642159999999999
-1.3647939999999998
-1.3703380000000003
-1.3670309999999999
-1.3642159999999999
-1.3647939999999998
-1.3703380000000003
-1.3670309999999999
-1.3642159999999999
-1.3647939999999998
-1.3703380000000003
-1.3670309999999999
-1.3642159999999999
-1.3647939999999998
-1.3703380000000003
-1.3670309999999999
-1.3642159999999999
-1.3647939999999998
-1.3703380000000003
-1.3670309999999999
-1.3642159999999999
-1.3647939999999998
-1.3703380000000003
-1.3670309999999999
-1.3642159999999999
-1.3647939999999998
-1.3703380000000003
-1.3670309999999999
-1.3642159999999999
-1.3647939999999998
