1.4240340000000007
1.4209180000000003
1.4224940000000004
1.4235319999999998
1.4240340000000007
1.4209180000000003
1.4224940000000004
1.4235319999999998
1.4240340000000007
1.4209180000000003
1.4224940000000004
1.4235319999999998
1.4240340000000007
1.4209180000000003
1.4224940000000004
1.4235319999999998
1.4240340000000007
1.4209180000000003
1.4224940000000004
1.4235319999999998
1.4240340000000007
1.4209180000000003
1.4224940000000004
1.4235319999999998
1.4240340000000007
1.4209180000000003
1.4224940000000004
1.4235319999999998
1.4240340000000007
1.4209180000000003
1.4224940000000004
1.4235319999999998
1.4240340000000007
1.4209180000000003
1.4224940000000004
1.4235319999999998
1.4240340000000007
1.4209180000000003
1.4224940000000004
1.4235319999999998
1.4240340000000007
1.4209180000000003
1.4224940000000004
1.4235319999999998
1.4240340000000007
1.4209180000000003
1.4224940000000004
1.4235319999999998
1.4240340000000007
1.4209180000000003
1.4224940000000004
1.4235319999999998
1.4240340000000007
1.4209180000000003
1.4224940000000004
1.4235319999999998
1.4240340000000007
1.4209180000000003
1.4224940000000004
1.4235319999999998
1.4240340000000007
1.4209180000000003
1.4224940000000004
1.4235319999999998
1.4240340000000007
1.4209180000000003
1.4224940000000004
1.4235319999999998
1.4240340000000007
1.4209180000000003
1.4224940000000004
1.4235319999999998
1.4240340000000007
1.4209180000000003
1.4224940000000004
1.4235319999999998
1.4240340000000007
1.4209180000000003
1.4224940000000004
1.4235319999999998
1.4240340000000007
1.4209180000000003
1.4224940000000004
1.4235319999999998
1.4240340000000007
1.4209180000000003
1.4224940000000004
1.4235319999999998
1.4240340000000007
1.4209180000000003
1.4224940000000004
1.4235319999999998
1.4240340000000007
1.4209180000000003
1.4224940000000004
1.4235319999999998
1.4240340000000007
1.4209180000000003
1.4224940000000004
1.4235319999999998
1.4240340000000007
1.4209180000000003
1.4224940000000004
1.4235319999999998
1.4240340000000007
1.4209180000000003
1.4224940000000004
1.4235319999999998
1.4240340000000007
1.4209180000000003
1.4224940000000004
1.4235319999999998
1.4240340000000007
1.4209180000000003
1.4224940000000004
1.4235319999999998
1.4240340000000007
1.4209180000000003
1.4224940000000004
1.4235319999999998
1.4240340000000007
1.4209180000000003
1.4224940000000004
1.4235319999999998
1.4240340000000007
1.4209180000000003
1.4224940000000004
1.4235319999999998
1.4240340000000007
1.4209180000000003
1.4224940000000004
1.4235319999999998
1.4240340000000007
1.4209180000000003
1.4224940000000004
1.4235319999999998
1.4240340000000007
1.4209180000000003
1.4224940000000004
1.4235319999999998
1.4240340000000007
1.4209180000000003
1.4224940000000004
1.4235319999999998
-1.4247519999999998
-1.422193
-1.4212379999999998
-1.422797
-1.4247519999999998
-1.422193
-1.4212379999999998
-1.422797
-1.4247519999999998
-1.422193
-1.4212379999999998
-1.422797
-1.4247519999999998
-1.422193
-1.4212379999999998
-1.422797
-1.4247519999999998
-1.422193
-1.4212379999999998
-1.422797
-1.4247519999999998
-1.422193
-1.4212379999999998
-1.422797
-1.4247519999999998
-1.422193
-1.4212379999999998
-1.422797
-1.4247519999999998
-1.422193
-1.4212379999999998
-1.422797
-1.4247519999999998
-1.422193
-1.4212379999999998
-1.422797
-1.4247519999999998
-1.422193
-1.4212379999999998
-1.422797
-1.4247519999999998
-1.422193
-1.4212379999999998
-1.422797
-1.4247519999999998
-1.422193
-1.4212379999999998
-1.422797
-1.4247519999999998
-1.422193
-1.4212379999999998
-1.422797
-1.4247519999999998
-1.422193
-1.4212379999999998
-1.422797
-1.4247519999999998
-1.422193
-1.4212379999999998
-1.422797
-1.4247519999999998
-1.422193
-1.4212379999999998
-1.422797
-1.4247519999999998
-1.422193
-1.4212379999999998
-1.422797
-1.4247519999999998
-1.422193
-1.4212379999999998
-1.422797
-1.4247519999999998
-1.422193
-1.4212379999999998
-1.422797
-1.4247519999999998
-1.422193
-1.4212379999999998
-1.422797
-1.4247519999999998
-1.422193
-1.4212379999999998
-1.422797
-1.4247519999999998
-1.422193
-1.4212379999999998
-1.422797
-1.4247519999999998
-1.422193
-1.4212379999999998
-1.422797
-1.4247519999999998
-1.422193
-1.4212379999999998
-1.422797
-1.4247519999999998
-1.422193
-1.4212379999999998
-1.422797
-1.4247519999999998
-1.422193
-1.4212379999999998
-1.422797
-1.4247519999999998
-1.422193
-1.4212379999999998
-1.422797
-1.4247519999999998
-1.422193
-1.4212379999999998
-1.422797
-1.4247519999999998
-1.422193
-1.4212379999999998
-1.422797
-1.4247519999999998
-1.422193
-1.4212379999999998
-1.422797
-1.4247519999999998
-1.422193
-1.4212379999999998
-1.422797
-1.4247519999999998
-1.422193
-1.4212379999999998
-1.422797
-1.4247519999999998
-1.422193
-1.4212379999999998
-1.422797
-1.4247519999999998
-1.422193
-1.4212379999999998
-1.422797
-1.4247519999999998
-1.422193
-1.4212379999999998
-1.422797
-1.4247519999999998
-1.422193
-1.4212379999999998
-1.422797
