1.2774070000000002
1.2915849999999995
1.2732890000000001
1.2809600000000003
1.2774070000000002
1.2915849999999995
1.2732890000000001
1.2809600000000003
1.2774070000000002
1.2915849999999995
1.2732890000000001
1.2809600000000003
1.2774070000000002
1.2915849999999995
1.2732890000000001
1.2809600000000003
1.2774070000000002
1.2915849999999995
1.2732890000000001
1.2809600000000003
1.2774070000000002
1.2915849999999995
1.2732890000000001
1.2809600000000003
1.2774070000000002
1.2915849999999995
1.2732890000000001
1.2809600000000003
1.2774070000000002
1.2915849999999995
1.2732890000000001
1.2809600000000003
1.2774070000000002
1.2915849999999995
1.2732890000000001
1.2809600000000003
1.2774070000000002
1.2915849999999995
1.2732890000000001
1.2809600000000003
1.2774070000000002
1.2915849999999995
1.2732890000000001
1.2809600000000003
1.2774070000000002
1.2915849999999995
1.2732890000000001
1.2809600000000003
1.2774070000000002
1.2915849999999995
1.2732890000000001
1.2809600000000003
1.2774070000000002
1.2915849999999995
1.2732890000000001
1.2809600000000003
1.2774070000000002
1.2915849999999995
1.2732890000000001
1.2809600000000003
1.2774070000000002
1.2915849999999995
1.2732890000000001
1.2809600000000003
1.2774070000000002
1.2915849999999995
1.2732890000000001
1.2809600000000003
1.2774070000000002
1.2915849999999995
1.2732890000000001
1.2809600000000003
1.2774070000000002
1.2915849999999995
1.2732890000000001
1.2809600000000003
1.2774070000000002
1.2915849999999995
1.2732890000000001
1.2809600000000003
1.2774070000000002
1.2915849999999995
1.2732890000000001
1.2809600000000003
1.2774070000000002
1.2915849999999995
1.2732890000000001
1.2809600000000003
1.2774070000000002
1.2915849999999995
1.2732890000000001
1.2809600000000003
1.2774070000000002
1.2915849999999995
1.2732890000000001
1.2809600000000003
1.2774070000000002
1.2915849999999995
1.2732890000000001
1.2809600000000003
1.2774070000000002
1.2915849999999995
1.2732890000000001
1.2809600000000003
1.2774070000000002
1.2915849999999995
1.2732890000000001
1.2809600000000003
-1.2837269999999998
-1.294314
-1.279814
-1.2653860000000003
-1.2837269999999998
-1.294314
-1.279814
-1.2653860000000003
-1.2837269999999998
-1.294314
-1.279814
-1.2653860000000003
-1.2837269999999998
-1.294314
-1.279814
-1.2653860000000003
-1.2837269999999998
-1.294314
-1.279814
-1.2653860000000003
-1.2837269999999998
-1.294314
-1.279814
-1.2653860000000003
-1.2837269999999998
-1.294314
-1.279814
-1.2653860000000003
-1.2837269999999998
-1.294314
-1.279814
-1.2653860000000003
-1.2837269999999998
-1.294314
-1.279814
-1.2653860000000003
-1.2837269999999998
-1.294314
-1.279814
-1.2653860000000003
-1.2837269999999998
-1.294314
-1.279814
-1.2653860000000003
-1.2837269999999998
-1.294314
-1.279814
-1.2653860000000003
-1.2837269999999998
-1.294314
-1.279814
-1.2653860000000003
-1.2837269999999998
-1.294314
-1.279814
-1.2653860000000003
-1.2837269999999998
-1.294314
-1.279814
-1.2653860000000003
-1.2837269999999998
-1.294314
-1.279814
-1.2653860000000003
-1.2837269999999998
-1.294314
-1.279814
-1.2653860000000003
-1.2837269999999998
-1.294314
-1.279814
-1.2653860000000003
-1.2837269999999998
-1.294314
-1.279814
-1.2653860000000003
-1.2837269999999998
-1.294314
-1.279814
-1.2653860000000003
-1.2837269999999998
-1.294314
-1.279814
-1.2653860000000003
-1.2837269999999998
-1.294314
-1.279814
-1.2653860000000003
-1.2837269999999998
-1.294314
-1.279814
-1.2653860000000003
-1.2837269999999998
-1.294314
-1.279814
-1.2653860000000003
-1.2837269999999998
-1.294314
-1.279814
-1.2653860000000003
-1.2837269999999998
-1.294314
-1.279814
-1.2653860000000003
-1.2837269999999998
-1.294314
-1.279814
-1.2653860000000003
