1.3808729999999994
1.3831679999999995
1.3808729999999994
1.3831679999999995
1.3808729999999994
1.3831679999999995
1.3808729999999994
1.3831679999999995
1.3808729999999994
1.3831679999999995
1.3808729999999994
1.3831679999999995
1.3808729999999994
1.3831679999999995
1.3808729999999994
1.3831679999999995
1.3808729999999994
1.3831679999999995
1.3808729999999994
1.3831679999999995
1.3808729999999994
1.3831679999999995
1.3808729999999994
1.3831679999999995
1.3808729999999994
1.3831679999999995
1.3808729999999994
1.3831679999999995
1.3808729999999994
1.3831679999999995
1.3808729999999994
1.3831679999999995
1.3808729999999994
1.3831679999999995
1.3808729999999994
1.3831679999999995
1.3808729999999994
1.3831679999999995
1.3808729999999994
1.3831679999999995
1.3808729999999994
1.3831679999999995
1.3808729999999994
1.3831679999999995
1.3808729999999994
1.3831679999999995
1.3808729999999994
1.3831679999999995
1.3808729999999994
1.3831679999999995
1.3808729999999994
1.3831679999999995
1.3808729999999994
1.3831679999999995
1.3808729999999994
1.3831679999999995
1.3808729999999994
1.3831679999999995
1.3808729999999994
1.3831679999999995
1.3808729999999994
1.3831679999999995
1.3808729999999994
1.3831679999999995
1.3808729999999994
1.3831679999999995
1.3808729999999994
1.3831679999999995
1.3808729999999994
1.3831679999999995
1.3808729999999994
1.3831679999999995
1.3808729999999994
1.3831679999999995
1.3808729999999994
1.3831679999999995
1.3808729999999994
1.3831679999999995
1.3808729999999994
1.3831679999999995
1.3808729999999994
1.3831679999999995
1.3808729999999994
1.3831679999999995
1.3808729999999994
1.3831679999999995
1.3808729999999994
1.3831679999999995
1.3808729999999994
1.3831679999999995
1.3808729999999994
1.3831679999999995
1.3808729999999994
1.3831679999999995
1.3808729999999994
1.3831679999999995
-1.3796489999999997
-1.384392
-1.3796489999999997
-1.384392
-1.3796489999999997
-1.384392
-1.3796489999999997
-1.384392
-1.3796489999999997
-1.384392
-1.3796489999999997
-1.384392
-1.3796489999999997
-1.384392
-1.3796489999999997
-1.384392
-1.3796489999999997
-1.384392
-1.3796489999999997
-1.384392
-1.3796489999999997
-1.384392
-1.3796489999999997
-1.384392
-1.3796489999999997
-1.384392
-1.3796489999999997
-1.384392
-1.3796489999999997
-1.384392
-1.3796489999999997
-1.384392
-1.3796489999999997
-1.384392
-1.3796489999999997
-1.384392
-1.3796489999999997
-1.384392
-1.3796489999999997
-1.384392
-1.3796489999999997
-1.384392
-1.3796489999999997
-1.384392
-1.3796489999999997
-1.384392
-1.3796489999999997
-1.384392
-1.3796489999999997
-1.384392
-1.3796489999999997
-1.384392
-1.3796489999999997
-1.384392
-1.3796489999999997
-1.384392
-1.3796489999999997
-1.384392
-1.3796489999999997
-1.384392
-1.3796489999999997
-1.384392
-1.3796489999999997
-1.384392
-1.3796489999999997
-1.384392
-1.3796489999999997
-1.384392
-1.3796489999999997
-1.384392
-1.3796489999999997
-1.384392
-1.3796489999999997
-1.384392
-1.3796489999999997
-1.384392
-1.3796489999999997
-1.384392
-1.3796489999999997
-1.384392
-1.3796489999999997
-1.384392
-1.3796489999999997
-1.384392
-1.3796489999999997
-1.384392
-1.3796489999999997
-1.384392
-1.3796489999999997
-1.384392
-1.3796489999999997
-1.384392
-1.3796489999999997
-1.384392
-1.3796489999999997
-1.384392
