1.2730340000000009
1.3200210000000006
1.2730340000000009
1.3200210000000006
1.2730340000000009
1.3200210000000006
1.2730340000000009
1.3200210000000006
1.2730340000000009
1.3200210000000006
1.2730340000000009
1.3200210000000006
1.2730340000000009
1.3200210000000006
1.2730340000000009
1.3200210000000006
1.2730340000000009
1.3200210000000006
1.2730340000000009
1.3200210000000006
1.2730340000000009
1.3200210000000006
1.2730340000000009
1.3200210000000006
1.2730340000000009
1.3200210000000006
1.2730340000000009
1.3200210000000006
1.2730340000000009
1.3200210000000006
1.2730340000000009
1.3200210000000006
1.2730340000000009
1.3200210000000006
1.2730340000000009
1.3200210000000006
1.2730340000000009
1.3200210000000006
1.2730340000000009
1.3200210000000006
1.2730340000000009
1.3200210000000006
1.2730340000000009
1.3200210000000006
1.2730340000000009
1.3200210000000006
1.2730340000000009
1.3200210000000006
1.2730340000000009
1.3200210000000006
1.2730340000000009
1.3200210000000006
1.2730340000000009
1.3200210000000006
1.2730340000000009
1.3200210000000006
1.2730340000000009
1.3200210000000006
1.2730340000000009
1.3200210000000006
1.2730340000000009
1.3200210000000006
1.2730340000000009
1.3200210000000006
1.2730340000000009
1.3200210000000006
1.2730340000000009
1.3200210000000006
1.2730340000000009
1.3200210000000006
1.2730340000000009
1.3200210000000006
1.2730340000000009
1.3200210000000006
1.2730340000000009
1.3200210000000006
1.2730340000000009
1.3200210000000006
1.2730340000000009
1.3200210000000006
1.2730340000000009
1.3200210000000006
1.2730340000000009
1.3200210000000006
1.2730340000000009
1.3200210000000006
1.2730340000000009
1.3200210000000006
1.2730340000000009
1.3200210000000006
1.2730340000000009
1.3200210000000006
1.2730340000000009
1.3200210000000006
1.2730340000000009
1.3200210000000006
1.2730340000000009
1.3200210000000006
1.2730340000000009
1.3200210000000006
1.2730340000000009
1.3200210000000006
1.2730340000000009
1.3200210000000006
1.2730340000000009
1.3200210000000006
1.2730340000000009
1.3200210000000006
1.2730340000000009
1.3200210000000006
1.2730340000000009
1.3200210000000006
1.2730340000000009
1.3200210000000006
1.2730340000000009
1.3200210000000006
1.2730340000000009
1.3200210000000006
1.2730340000000009
1.3200210000000006
-1.2800399999999996
-1.313014
-1.2800399999999996
-1.313014
-1.2800399999999996
-1.313014
-1.2800399999999996
-1.313014
-1.2800399999999996
-1.313014
-1.2800399999999996
-1.313014
-1.2800399999999996
-1.313014
-1.2800399999999996
-1.313014
-1.2800399999999996
-1.313014
-1.2800399999999996
-1.313014
-1.2800399999999996
-1.313014
-1.2800399999999996
-1.313014
-1.2800399999999996
-1.313014
-1.2800399999999996
-1.313014
-1.2800399999999996
-1.313014
-1.2800399999999996
-1.313014
-1.2800399999999996
-1.313014
-1.2800399999999996
-1.313014
-1.2800399999999996
-1.313014
-1.2800399999999996
-1.313014
-1.2800399999999996
-1.313014
-1.2800399999999996
-1.313014
-1.2800399999999996
-1.313014
-1.2800399999999996
-1.313014
-1.2800399999999996
-1.313014
-1.2800399999999996
-1.313014
-1.2800399999999996
-1.313014
-1.2800399999999996
-1.313014
-1.2800399999999996
-1.313014
-1.2800399999999996
-1.313014
-1.2800399999999996
-1.313014
-1.2800399999999996
-1.313014
-1.2800399999999996
-1.313014
-1.2800399999999996
-1.313014
-1.2800399999999996
-1.313014
-1.2800399999999996
-1.313014
-1.2800399999999996
-1.313014
-1.2800399999999996
-1.313014
-1.2800399999999996
-1.313014
-1.2800399999999996
-1.313014
-1.2800399999999996
-1.313014
-1.2800399999999996
-1.313014
-1.2800399999999996
-1.313014
-1.2800399999999996
-1.313014
-1.2800399999999996
-1.313014
-1.2800399999999996
-1.313014
-1.2800399999999996
-1.313014
-1.2800399999999996
-1.313014
-1.2800399999999996
-1.313014
-1.2800399999999996
-1.313014
-1.2800399999999996
-1.313014
-1.2800399999999996
-1.313014
-1.2800399999999996
-1.313014
-1.2800399999999996
-1.313014
-1.2800399999999996
-1.313014
-1.2800399999999996
-1.313014
-1.2800399999999996
-1.313014
-1.2800399999999996
-1.313014
-1.2800399999999996
-1.313014
-1.2800399999999996
-1.313014
