1.2277310000000003
1.2277310000000003
1.2277310000000003
1.2277310000000003
1.2277310000000003
1.2277310000000003
1.2277310000000003
1.2277310000000003
1.2277310000000003
1.2277310000000003
1.2277310000000003
1.2277310000000003
1.2277310000000003
1.2277310000000003
1.2277310000000003
1.2277310000000003
1.2277310000000003
1.2277310000000003
1.2277310000000003
1.2277310000000003
1.2277310000000003
1.2277310000000003
1.2277310000000003
1.2277310000000003
1.2277310000000003
1.2277310000000003
1.2277310000000003
1.2277310000000003
1.2277310000000003
1.2277310000000003
1.2277310000000003
1.2277310000000003
1.2277310000000003
1.2277310000000003
1.2277310000000003
1.2277310000000003
1.2277310000000003
1.2277310000000003
1.2277310000000003
1.2277310000000003
1.2277310000000003
1.2277310000000003
1.2277310000000003
1.2277310000000003
1.2277310000000003
1.2277310000000003
1.2277310000000003
1.2277310000000003
1.2277310000000003
1.2277310000000003
1.2277310000000003
1.2277310000000003
1.2277310000000003
1.2277310000000003
1.2277310000000003
1.2277310000000003
1.2277310000000003
1.2277310000000003
1.2277310000000003
1.2277310000000003
1.2277310000000003
1.2277310000000003
1.2277310000000003
1.2277310000000003
1.2277310000000003
1.2277310000000003
1.2277310000000003
1.2277310000000003
1.2277310000000003
1.2277310000000003
1.2277310000000003
1.2277310000000003
1.2277310000000003
1.2277310000000003
1.2277310000000003
1.2277310000000003
1.2277310000000003
1.2277310000000003
1.2277310000000003
1.2277310000000003
1.2277310000000003
1.2277310000000003
1.2277310000000003
1.2277310000000003
1.2277310000000003
1.2277310000000003
1.2277310000000003
1.2277310000000003
1.2277310000000003
1.2277310000000003
-1.2277339999999999
-1.2277250000000004
-1.2277339999999999
-1.2277250000000004
-1.2277339999999999
-1.2277250000000004
-1.2277339999999999
-1.2277250000000004
-1.2277339999999999
-1.2277250000000004
-1.2277339999999999
-1.2277250000000004
-1.2277339999999999
-1.2277250000000004
-1.2277339999999999
-1.2277250000000004
-1.2277339999999999
-1.2277250000000004
-1.2277339999999999
-1.2277250000000004
-1.2277339999999999
-1.2277250000000004
-1.2277339999999999
-1.2277250000000004
-1.2277339999999999
-1.2277250000000004
-1.2277339999999999
-1.2277250000000004
-1.2277339999999999
-1.2277250000000004
-1.2277339999999999
-1.2277250000000004
-1.2277339999999999
-1.2277250000000004
-1.2277339999999999
-1.2277250000000004
-1.2277339999999999
-1.2277250000000004
-1.2277339999999999
-1.2277250000000004
-1.2277339999999999
-1.2277250000000004
-1.2277339999999999
-1.2277250000000004
-1.2277339999999999
-1.2277250000000004
-1.2277339999999999
-1.2277250000000004
-1.2277339999999999
-1.2277250000000004
-1.2277339999999999
-1.2277250000000004
-1.2277339999999999
-1.2277250000000004
-1.2277339999999999
-1.2277250000000004
-1.2277339999999999
-1.2277250000000004
-1.2277339999999999
-1.2277250000000004
-1.2277339999999999
-1.2277250000000004
-1.2277339999999999
-1.2277250000000004
-1.2277339999999999
-1.2277250000000004
-1.2277339999999999
-1.2277250000000004
-1.2277339999999999
-1.2277250000000004
-1.2277339999999999
-1.2277250000000004
-1.2277339999999999
-1.2277250000000004
-1.2277339999999999
-1.2277250000000004
-1.2277339999999999
-1.2277250000000004
-1.2277339999999999
-1.2277250000000004
-1.2277339999999999
-1.2277250000000004
-1.2277339999999999
-1.2277250000000004
-1.2277339999999999
-1.2277250000000004
-1.2277339999999999
-1.2277250000000004
-1.2277339999999999
-1.2277250000000004
