1.4392010000000006
1.439121
1.4392180000000003
1.4388319999999997
1.4392010000000006
1.439121
1.4392180000000003
1.4388319999999997
1.4392010000000006
1.439121
1.4392180000000003
1.4388319999999997
1.4392010000000006
1.439121
1.4392180000000003
1.4388319999999997
1.4392010000000006
1.439121
1.4392180000000003
1.4388319999999997
1.4392010000000006
1.439121
1.4392180000000003
1.4388319999999997
1.4392010000000006
1.439121
1.4392180000000003
1.4388319999999997
1.4392010000000006
1.439121
1.4392180000000003
1.4388319999999997
1.4392010000000006
1.439121
1.4392180000000003
1.4388319999999997
1.4392010000000006
1.439121
1.4392180000000003
1.4388319999999997
1.4392010000000006
1.439121
1.4392180000000003
1.4388319999999997
1.4392010000000006
1.439121
1.4392180000000003
1.4388319999999997
1.4392010000000006
1.439121
1.4392180000000003
1.4388319999999997
1.4392010000000006
1.439121
1.4392180000000003
1.4388319999999997
1.4392010000000006
1.439121
1.4392180000000003
1.4388319999999997
1.4392010000000006
1.439121
1.4392180000000003
1.4388319999999997
1.4392010000000006
1.439121
1.4392180000000003
1.4388319999999997
1.4392010000000006
1.439121
1.4392180000000003
1.4388319999999997
1.4392010000000006
1.439121
1.4392180000000003
1.4388319999999997
1.4392010000000006
1.439121
1.4392180000000003
1.4388319999999997
1.4392010000000006
1.439121
1.4392180000000003
1.4388319999999997
1.4392010000000006
1.439121
1.4392180000000003
1.4388319999999997
1.4392010000000006
1.439121
1.4392180000000003
1.4388319999999997
1.4392010000000006
1.439121
1.4392180000000003
1.4388319999999997
1.4392010000000006
1.439121
1.4392180000000003
1.4388319999999997
1.4392010000000006
1.439121
1.4392180000000003
1.4388319999999997
1.4392010000000006
1.439121
1.4392180000000003
1.4388319999999997
-1.4389560000000001
-1.4389880000000002
-1.4393260000000003
-1.439102
-1.4389560000000001
-1.4389880000000002
-1.4393260000000003
-1.439102
-1.4389560000000001
-1.4389880000000002
-1.4393260000000003
-1.439102
-1.4389560000000001
-1.4389880000000002
-1.4393260000000003
-1.439102
-1.4389560000000001
-1.4389880000000002
-1.4393260000000003
-1.439102
-1.4389560000000001
-1.4389880000000002
-1.4393260000000003
-1.439102
-1.4389560000000001
-1.4389880000000002
-1.4393260000000003
-1.439102
-1.4389560000000001
-1.4389880000000002
-1.4393260000000003
-1.439102
-1.4389560000000001
-1.4389880000000002
-1.4393260000000003
-1.439102
-1.4389560000000001
-1.4389880000000002
-1.4393260000000003
-1.439102
-1.4389560000000001
-1.4389880000000002
-1.4393260000000003
-1.439102
-1.4389560000000001
-1.4389880000000002
-1.4393260000000003
-1.439102
-1.4389560000000001
-1.4389880000000002
-1.4393260000000003
-1.439102
-1.4389560000000001
-1.4389880000000002
-1.4393260000000003
-1.439102
-1.4389560000000001
-1.4389880000000002
-1.4393260000000003
-1.439102
-1.4389560000000001
-1.4389880000000002
-1.4393260000000003
-1.439102
-1.4389560000000001
-1.4389880000000002
-1.4393260000000003
-1.439102
-1.4389560000000001
-1.4389880000000002
-1.4393260000000003
-1.439102
-1.4389560000000001
-1.4389880000000002
-1.4393260000000003
-1.439102
-1.4389560000000001
-1.4389880000000002
-1.4393260000000003
-1.439102
-1.4389560000000001
-1.4389880000000002
-1.4393260000000003
-1.439102
-1.4389560000000001
-1.4389880000000002
-1.4393260000000003
-1.439102
-1.4389560000000001
-1.4389880000000002
-1.4393260000000003
-1.439102
-1.4389560000000001
-1.4389880000000002
-1.4393260000000003
-1.439102
-1.4389560000000001
-1.4389880000000002
-1.4393260000000003
-1.439102
-1.4389560000000001
-1.4389880000000002
-1.4393260000000003
-1.439102
-1.4389560000000001
-1.4389880000000002
-1.4393260000000003
-1.439102
