1.4266869999999994
1.394349
1.4142849999999996
1.4152039999999992
1.4266869999999994
1.394349
1.4142849999999996
1.4152039999999992
1.4266869999999994
1.394349
1.4142849999999996
1.4152039999999992
1.4266869999999994
1.394349
1.4142849999999996
1.4152039999999992
1.4266869999999994
1.394349
1.4142849999999996
1.4152039999999992
1.4266869999999994
1.394349
1.4142849999999996
1.4152039999999992
1.4266869999999994
1.394349
1.4142849999999996
1.4152039999999992
1.4266869999999994
1.394349
1.4142849999999996
1.4152039999999992
1.4266869999999994
1.394349
1.4142849999999996
1.4152039999999992
1.4266869999999994
1.394349
1.4142849999999996
1.4152039999999992
1.4266869999999994
1.394349
1.4142849999999996
1.4152039999999992
1.4266869999999994
1.394349
1.4142849999999996
1.4152039999999992
1.4266869999999994
1.394349
1.4142849999999996
1.4152039999999992
1.4266869999999994
1.394349
1.4142849999999996
1.4152039999999992
1.4266869999999994
1.394349
1.4142849999999996
1.4152039999999992
1.4266869999999994
1.394349
1.4142849999999996
1.4152039999999992
1.4266869999999994
1.394349
1.4142849999999996
1.4152039999999992
1.4266869999999994
1.394349
1.4142849999999996
1.4152039999999992
1.4266869999999994
1.394349
1.4142849999999996
1.4152039999999992
1.4266869999999994
1.394349
1.4142849999999996
1.4152039999999992
1.4266869999999994
1.394349
1.4142849999999996
1.4152039999999992
1.4266869999999994
1.394349
1.4142849999999996
1.4152039999999992
1.4266869999999994
1.394349
1.4142849999999996
1.4152039999999992
1.4266869999999994
1.394349
1.4142849999999996
1.4152039999999992
1.4266869999999994
1.394349
1.4142849999999996
1.4152039999999992
1.4266869999999994
1.394349
1.4142849999999996
1.4152039999999992
1.4266869999999994
1.394349
1.4142849999999996
1.4152039999999992
1.4266869999999994
1.394349
1.4142849999999996
1.4152039999999992
1.4266869999999994
1.394349
1.4142849999999996
1.4152039999999992
1.4266869999999994
1.394349
1.4142849999999996
1.4152039999999992
1.4266869999999994
1.394349
1.4142849999999996
1.4152039999999992
1.4266869999999994
1.394349
1.4142849999999996
1.4152039999999992
1.4266869999999994
1.394349
1.4142849999999996
1.4152039999999992
1.4266869999999994
1.394349
1.4142849999999996
1.4152039999999992
1.4266869999999994
1.394349
1.4142849999999996
1.4152039999999992
1.4266869999999994
1.394349
1.4142849999999996
1.4152039999999992
-1.4194009999999997
-1.4197920000000002
-1.4083129999999997
-1.4030189999999996
-1.4194009999999997
-1.4197920000000002
-1.4083129999999997
-1.4030189999999996
-1.4194009999999997
-1.4197920000000002
-1.4083129999999997
-1.4030189999999996
-1.4194009999999997
-1.4197920000000002
-1.4083129999999997
-1.4030189999999996
-1.4194009999999997
-1.4197920000000002
-1.4083129999999997
-1.4030189999999996
-1.4194009999999997
-1.4197920000000002
-1.4083129999999997
-1.4030189999999996
-1.4194009999999997
-1.4197920000000002
-1.4083129999999997
-1.4030189999999996
-1.4194009999999997
-1.4197920000000002
-1.4083129999999997
-1.4030189999999996
-1.4194009999999997
-1.4197920000000002
-1.4083129999999997
-1.4030189999999996
-1.4194009999999997
-1.4197920000000002
-1.4083129999999997
-1.4030189999999996
-1.4194009999999997
-1.4197920000000002
-1.4083129999999997
-1.4030189999999996
-1.4194009999999997
-1.4197920000000002
-1.4083129999999997
-1.4030189999999996
-1.4194009999999997
-1.4197920000000002
-1.4083129999999997
-1.4030189999999996
-1.4194009999999997
-1.4197920000000002
-1.4083129999999997
-1.4030189999999996
-1.4194009999999997
-1.4197920000000002
-1.4083129999999997
-1.4030189999999996
-1.4194009999999997
-1.4197920000000002
-1.4083129999999997
-1.4030189999999996
-1.4194009999999997
-1.4197920000000002
-1.4083129999999997
-1.4030189999999996
-1.4194009999999997
-1.4197920000000002
-1.4083129999999997
-1.4030189999999996
-1.4194009999999997
-1.4197920000000002
-1.4083129999999997
-1.4030189999999996
-1.4194009999999997
-1.4197920000000002
-1.4083129999999997
-1.4030189999999996
-1.4194009999999997
-1.4197920000000002
-1.4083129999999997
-1.4030189999999996
-1.4194009999999997
-1.4197920000000002
-1.4083129999999997
-1.4030189999999996
-1.4194009999999997
-1.4197920000000002
-1.4083129999999997
-1.4030189999999996
-1.4194009999999997
-1.4197920000000002
-1.4083129999999997
-1.4030189999999996
-1.4194009999999997
-1.4197920000000002
-1.4083129999999997
-1.4030189999999996
-1.4194009999999997
-1.4197920000000002
-1.4083129999999997
-1.4030189999999996
-1.4194009999999997
-1.4197920000000002
-1.4083129999999997
-1.4030189999999996
-1.4194009999999997
-1.4197920000000002
-1.4083129999999997
-1.4030189999999996
-1.4194009999999997
-1.4197920000000002
-1.4083129999999997
-1.4030189999999996
-1.4194009999999997
-1.4197920000000002
-1.4083129999999997
-1.4030189999999996
-1.4194009999999997
-1.4197920000000002
-1.4083129999999997
-1.4030189999999996
-1.4194009999999997
-1.4197920000000002
-1.4083129999999997
-1.4030189999999996
-1.4194009999999997
-1.4197920000000002
-1.4083129999999997
-1.4030189999999996
-1.4194009999999997
-1.4197920000000002
-1.4083129999999997
-1.4030189999999996
-1.4194009999999997
-1.4197920000000002
-1.4083129999999997
-1.4030189999999996
-1.4194009999999997
-1.4197920000000002
-1.4083129999999997
-1.4030189999999996
