1.4198000000000004
1.4200809999999997
1.4221909999999998
1.4222699999999993
1.4198000000000004
1.4200809999999997
1.4221909999999998
1.4222699999999993
1.4198000000000004
1.4200809999999997
1.4221909999999998
1.4222699999999993
1.4198000000000004
1.4200809999999997
1.4221909999999998
1.4222699999999993
1.4198000000000004
1.4200809999999997
1.4221909999999998
1.4222699999999993
1.4198000000000004
1.4200809999999997
1.4221909999999998
1.4222699999999993
1.4198000000000004
1.4200809999999997
1.4221909999999998
1.4222699999999993
1.4198000000000004
1.4200809999999997
1.4221909999999998
1.4222699999999993
1.4198000000000004
1.4200809999999997
1.4221909999999998
1.4222699999999993
1.4198000000000004
1.4200809999999997
1.4221909999999998
1.4222699999999993
1.4198000000000004
1.4200809999999997
1.4221909999999998
1.4222699999999993
1.4198000000000004
1.4200809999999997
1.4221909999999998
1.4222699999999993
1.4198000000000004
1.4200809999999997
1.4221909999999998
1.4222699999999993
1.4198000000000004
1.4200809999999997
1.4221909999999998
1.4222699999999993
1.4198000000000004
1.4200809999999997
1.4221909999999998
1.4222699999999993
1.4198000000000004
1.4200809999999997
1.4221909999999998
1.4222699999999993
1.4198000000000004
1.4200809999999997
1.4221909999999998
1.4222699999999993
1.4198000000000004
1.4200809999999997
1.4221909999999998
1.4222699999999993
1.4198000000000004
1.4200809999999997
1.4221909999999998
1.4222699999999993
1.4198000000000004
1.4200809999999997
1.4221909999999998
1.4222699999999993
1.4198000000000004
1.4200809999999997
1.4221909999999998
1.4222699999999993
1.4198000000000004
1.4200809999999997
1.4221909999999998
1.4222699999999993
1.4198000000000004
1.4200809999999997
1.4221909999999998
1.4222699999999993
1.4198000000000004
1.4200809999999997
1.4221909999999998
1.4222699999999993
1.4198000000000004
1.4200809999999997
1.4221909999999998
1.4222699999999993
1.4198000000000004
1.4200809999999997
1.4221909999999998
1.4222699999999993
1.4198000000000004
1.4200809999999997
1.4221909999999998
1.4222699999999993
1.4198000000000004
1.4200809999999997
1.4221909999999998
1.4222699999999993
1.4198000000000004
1.4200809999999997
1.4221909999999998
1.4222699999999993
1.4198000000000004
1.4200809999999997
1.4221909999999998
1.4222699999999993
1.4198000000000004
1.4200809999999997
1.4221909999999998
1.4222699999999993
1.4198000000000004
1.4200809999999997
1.4221909999999998
1.4222699999999993
1.4198000000000004
1.4200809999999997
1.4221909999999998
1.4222699999999993
1.4198000000000004
1.4200809999999997
1.4221909999999998
1.4222699999999993
1.4198000000000004
1.4200809999999997
1.4221909999999998
1.4222699999999993
1.4198000000000004
1.4200809999999997
1.4221909999999998
1.4222699999999993
1.4198000000000004
1.4200809999999997
1.4221909999999998
1.4222699999999993
1.4198000000000004
1.4200809999999997
1.4221909999999998
1.4222699999999993
1.4198000000000004
1.4200809999999997
1.4221909999999998
1.4222699999999993
1.4198000000000004
1.4200809999999997
1.4221909999999998
1.4222699999999993
1.4198000000000004
1.4200809999999997
1.4221909999999998
1.4222699999999993
1.4198000000000004
1.4200809999999997
1.4221909999999998
1.4222699999999993
1.4198000000000004
1.4200809999999997
1.4221909999999998
1.4222699999999993
1.4198000000000004
1.4200809999999997
1.4221909999999998
1.4222699999999993
1.4198000000000004
1.4200809999999997
1.4221909999999998
1.4222699999999993
1.4198000000000004
1.4200809999999997
1.4221909999999998
1.4222699999999993
1.4198000000000004
1.4200809999999997
1.4221909999999998
1.4222699999999993
1.4198000000000004
1.4200809999999997
1.4221909999999998
1.4222699999999993
-1.418164
-1.4209630000000004
-1.4228930000000002
-1.4223229999999996
-1.418164
-1.4209630000000004
-1.4228930000000002
-1.4223229999999996
-1.418164
-1.4209630000000004
-1.4228930000000002
-1.4223229999999996
-1.418164
-1.4209630000000004
-1.4228930000000002
-1.4223229999999996
-1.418164
-1.4209630000000004
-1.4228930000000002
-1.4223229999999996
-1.418164
-1.4209630000000004
-1.4228930000000002
-1.4223229999999996
-1.418164
-1.4209630000000004
-1.4228930000000002
-1.4223229999999996
-1.418164
-1.4209630000000004
-1.4228930000000002
-1.4223229999999996
-1.418164
-1.4209630000000004
-1.4228930000000002
-1.4223229999999996
-1.418164
-1.4209630000000004
-1.4228930000000002
-1.4223229999999996
-1.418164
-1.4209630000000004
-1.4228930000000002
-1.4223229999999996
-1.418164
-1.4209630000000004
-1.4228930000000002
-1.4223229999999996
-1.418164
-1.4209630000000004
-1.4228930000000002
-1.4223229999999996
-1.418164
-1.4209630000000004
-1.4228930000000002
-1.4223229999999996
-1.418164
-1.4209630000000004
-1.4228930000000002
-1.4223229999999996
-1.418164
-1.4209630000000004
-1.4228930000000002
-1.4223229999999996
-1.418164
-1.4209630000000004
-1.4228930000000002
-1.4223229999999996
-1.418164
-1.4209630000000004
-1.4228930000000002
-1.4223229999999996
-1.418164
-1.4209630000000004
-1.4228930000000002
-1.4223229999999996
-1.418164
-1.4209630000000004
-1.4228930000000002
-1.4223229999999996
-1.418164
-1.4209630000000004
-1.4228930000000002
-1.4223229999999996
-1.418164
-1.4209630000000004
-1.4228930000000002
-1.4223229999999996
-1.418164
-1.4209630000000004
-1.4228930000000002
-1.4223229999999996
-1.418164
-1.4209630000000004
-1.4228930000000002
-1.4223229999999996
-1.418164
-1.4209630000000004
-1.4228930000000002
-1.4223229999999996
-1.418164
-1.4209630000000004
-1.4228930000000002
-1.4223229999999996
-1.418164
-1.4209630000000004
-1.4228930000000002
-1.4223229999999996
-1.418164
-1.4209630000000004
-1.4228930000000002
-1.4223229999999996
-1.418164
-1.4209630000000004
-1.4228930000000002
-1.4223229999999996
-1.418164
-1.4209630000000004
-1.4228930000000002
-1.4223229999999996
-1.418164
-1.4209630000000004
-1.4228930000000002
-1.4223229999999996
-1.418164
-1.4209630000000004
-1.4228930000000002
-1.4223229999999996
-1.418164
-1.4209630000000004
-1.4228930000000002
-1.4223229999999996
-1.418164
-1.4209630000000004
-1.4228930000000002
-1.4223229999999996
-1.418164
-1.4209630000000004
-1.4228930000000002
-1.4223229999999996
-1.418164
-1.4209630000000004
-1.4228930000000002
-1.4223229999999996
-1.418164
-1.4209630000000004
-1.4228930000000002
-1.4223229999999996
-1.418164
-1.4209630000000004
-1.4228930000000002
-1.4223229999999996
-1.418164
-1.4209630000000004
-1.4228930000000002
-1.4223229999999996
-1.418164
-1.4209630000000004
-1.4228930000000002
-1.4223229999999996
-1.418164
-1.4209630000000004
-1.4228930000000002
-1.4223229999999996
-1.418164
-1.4209630000000004
-1.4228930000000002
-1.4223229999999996
-1.418164
-1.4209630000000004
-1.4228930000000002
-1.4223229999999996
-1.418164
-1.4209630000000004
-1.4228930000000002
-1.4223229999999996
-1.418164
-1.4209630000000004
-1.4228930000000002
-1.4223229999999996
-1.418164
-1.4209630000000004
-1.4228930000000002
-1.4223229999999996
-1.418164
-1.4209630000000004
-1.4228930000000002
-1.4223229999999996
-1.418164
-1.4209630000000004
-1.4228930000000002
-1.4223229999999996
