1.3849800000000005
1.3288849999999996
1.3849800000000005
1.3288849999999996
1.3849800000000005
1.3288849999999996
1.3849800000000005
1.3288849999999996
1.3849800000000005
1.3288849999999996
1.3849800000000005
1.3288849999999996
1.3849800000000005
1.3288849999999996
1.3849800000000005
1.3288849999999996
1.3849800000000005
1.3288849999999996
1.3849800000000005
1.3288849999999996
1.3849800000000005
1.3288849999999996
1.3849800000000005
1.3288849999999996
1.3849800000000005
1.3288849999999996
1.3849800000000005
1.3288849999999996
1.3849800000000005
1.3288849999999996
1.3849800000000005
1.3288849999999996
1.3849800000000005
1.3288849999999996
1.3849800000000005
1.3288849999999996
1.3849800000000005
1.3288849999999996
1.3849800000000005
1.3288849999999996
1.3849800000000005
1.3288849999999996
1.3849800000000005
1.3288849999999996
1.3849800000000005
1.3288849999999996
1.3849800000000005
1.3288849999999996
1.3849800000000005
1.3288849999999996
1.3849800000000005
1.3288849999999996
1.3849800000000005
1.3288849999999996
1.3849800000000005
1.3288849999999996
1.3849800000000005
1.3288849999999996
1.3849800000000005
1.3288849999999996
1.3849800000000005
1.3288849999999996
1.3849800000000005
1.3288849999999996
1.3849800000000005
1.3288849999999996
1.3849800000000005
1.3288849999999996
1.3849800000000005
1.3288849999999996
1.3849800000000005
1.3288849999999996
1.3849800000000005
1.3288849999999996
1.3849800000000005
1.3288849999999996
1.3849800000000005
1.3288849999999996
1.3849800000000005
1.3288849999999996
1.3849800000000005
1.3288849999999996
1.3849800000000005
1.3288849999999996
1.3849800000000005
1.3288849999999996
1.3849800000000005
1.3288849999999996
1.3849800000000005
1.3288849999999996
1.3849800000000005
1.3288849999999996
1.3849800000000005
1.3288849999999996
1.3849800000000005
1.3288849999999996
1.3849800000000005
1.3288849999999996
1.3849800000000005
1.3288849999999996
1.3849800000000005
1.3288849999999996
1.3849800000000005
1.3288849999999996
1.3849800000000005
1.3288849999999996
1.3849800000000005
1.3288849999999996
1.3849800000000005
1.3288849999999996
1.3849800000000005
1.3288849999999996
1.3849800000000005
1.3288849999999996
1.3849800000000005
1.3288849999999996
1.3849800000000005
1.3288849999999996
1.3849800000000005
1.3288849999999996
-1.3676300000000001
-1.346235
-1.3676300000000001
-1.346235
-1.3676300000000001
-1.346235
-1.3676300000000001
-1.346235
-1.3676300000000001
-1.346235
-1.3676300000000001
-1.346235
-1.3676300000000001
-1.346235
-1.3676300000000001
-1.346235
-1.3676300000000001
-1.346235
-1.3676300000000001
-1.346235
-1.3676300000000001
-1.346235
-1.3676300000000001
-1.346235
-1.3676300000000001
-1.346235
-1.3676300000000001
-1.346235
-1.3676300000000001
-1.346235
-1.3676300000000001
-1.346235
-1.3676300000000001
-1.346235
-1.3676300000000001
-1.346235
-1.3676300000000001
-1.346235
-1.3676300000000001
-1.346235
-1.3676300000000001
-1.346235
-1.3676300000000001
-1.346235
-1.3676300000000001
-1.346235
-1.3676300000000001
-1.346235
-1.3676300000000001
-1.346235
-1.3676300000000001
-1.346235
-1.3676300000000001
-1.346235
-1.3676300000000001
-1.346235
-1.3676300000000001
-1.346235
-1.3676300000000001
-1.346235
-1.3676300000000001
-1.346235
-1.3676300000000001
-1.346235
-1.3676300000000001
-1.346235
-1.3676300000000001
-1.346235
-1.3676300000000001
-1.346235
-1.3676300000000001
-1.346235
-1.3676300000000001
-1.346235
-1.3676300000000001
-1.346235
-1.3676300000000001
-1.346235
-1.3676300000000001
-1.346235
-1.3676300000000001
-1.346235
-1.3676300000000001
-1.346235
-1.3676300000000001
-1.346235
-1.3676300000000001
-1.346235
-1.3676300000000001
-1.346235
-1.3676300000000001
-1.346235
-1.3676300000000001
-1.346235
-1.3676300000000001
-1.346235
-1.3676300000000001
-1.346235
-1.3676300000000001
-1.346235
-1.3676300000000001
-1.346235
-1.3676300000000001
-1.346235
-1.3676300000000001
-1.346235
-1.3676300000000001
-1.346235
-1.3676300000000001
-1.346235
-1.3676300000000001
-1.346235
-1.3676300000000001
-1.346235
-1.3676300000000001
-1.346235
-1.3676300000000001
-1.346235
-1.3676300000000001
-1.346235
