0.8542059999999996
0.8542059999999996
0.8542059999999996
0.8542059999999996
0.8542059999999996
0.8542059999999996
0.8542059999999996
0.8542059999999996
0.8542059999999996
0.8542059999999996
0.8542059999999996
0.8542059999999996
0.8542059999999996
0.8542059999999996
0.8542059999999996
0.8542059999999996
0.8542059999999996
0.8542059999999996
0.8542059999999996
0.8542059999999996
0.8542059999999996
0.8542059999999996
0.8542059999999996
0.8542059999999996
0.8542059999999996
0.8542059999999996
0.8542059999999996
0.8542059999999996
0.8542059999999996
0.8542059999999996
0.8542059999999996
0.8542059999999996
0.8542059999999996
0.8542059999999996
0.8542059999999996
0.8542059999999996
0.8542059999999996
0.8542059999999996
0.8542059999999996
0.8542059999999996
0.8542059999999996
0.8542059999999996
0.8542059999999996
0.8542059999999996
0.8542059999999996
0.8542059999999996
0.8542059999999996
0.8542059999999996
0.8542059999999996
0.8542059999999996
0.8542059999999996
0.8542059999999996
0.8542059999999996
0.8542059999999996
0.8542059999999996
0.8542059999999996
0.8542059999999996
0.8542059999999996
0.8542059999999996
0.8542059999999996
0.8542059999999996
0.8542059999999996
0.8542059999999996
0.8542059999999996
-0.8542050000000003
-0.8542050000000003
-0.8542050000000003
-0.8542050000000003
-0.8542050000000003
-0.8542050000000003
-0.8542050000000003
-0.8542050000000003
-0.8542050000000003
-0.8542050000000003
-0.8542050000000003
-0.8542050000000003
-0.8542050000000003
-0.8542050000000003
-0.8542050000000003
-0.8542050000000003
-0.8542050000000003
-0.8542050000000003
-0.8542050000000003
-0.8542050000000003
-0.8542050000000003
-0.8542050000000003
-0.8542050000000003
-0.8542050000000003
-0.8542050000000003
-0.8542050000000003
-0.8542050000000003
-0.8542050000000003
-0.8542050000000003
-0.8542050000000003
-0.8542050000000003
-0.8542050000000003
-0.8542050000000003
-0.8542050000000003
-0.8542050000000003
-0.8542050000000003
-0.8542050000000003
-0.8542050000000003
-0.8542050000000003
-0.8542050000000003
-0.8542050000000003
-0.8542050000000003
-0.8542050000000003
-0.8542050000000003
-0.8542050000000003
-0.8542050000000003
-0.8542050000000003
-0.8542050000000003
-0.8542050000000003
-0.8542050000000003
-0.8542050000000003
-0.8542050000000003
-0.8542050000000003
-0.8542050000000003
-0.8542050000000003
-0.8542050000000003
-0.8542050000000003
-0.8542050000000003
-0.8542050000000003
-0.8542050000000003
-0.8542050000000003
-0.8542050000000003
-0.8542050000000003
-0.8542050000000003
