1.2254509999999996
1.2567090000000007
1.2254509999999996
1.2567090000000007
1.2254509999999996
1.2567090000000007
1.2254509999999996
1.2567090000000007
1.2254509999999996
1.2567090000000007
1.2254509999999996
1.2567090000000007
1.2254509999999996
1.2567090000000007
1.2254509999999996
1.2567090000000007
1.2254509999999996
1.2567090000000007
1.2254509999999996
1.2567090000000007
1.2254509999999996
1.2567090000000007
1.2254509999999996
1.2567090000000007
1.2254509999999996
1.2567090000000007
1.2254509999999996
1.2567090000000007
1.2254509999999996
1.2567090000000007
1.2254509999999996
1.2567090000000007
1.2254509999999996
1.2567090000000007
1.2254509999999996
1.2567090000000007
1.2254509999999996
1.2567090000000007
1.2254509999999996
1.2567090000000007
1.2254509999999996
1.2567090000000007
1.2254509999999996
1.2567090000000007
1.2254509999999996
1.2567090000000007
1.2254509999999996
1.2567090000000007
1.2254509999999996
1.2567090000000007
1.2254509999999996
1.2567090000000007
1.2254509999999996
1.2567090000000007
1.2254509999999996
1.2567090000000007
1.2254509999999996
1.2567090000000007
1.2254509999999996
1.2567090000000007
1.2254509999999996
1.2567090000000007
1.2254509999999996
1.2567090000000007
1.2254509999999996
1.2567090000000007
1.2254509999999996
1.2567090000000007
1.2254509999999996
1.2567090000000007
1.2254509999999996
1.2567090000000007
1.2254509999999996
1.2567090000000007
1.2254509999999996
1.2567090000000007
1.2254509999999996
1.2567090000000007
1.2254509999999996
1.2567090000000007
1.2254509999999996
1.2567090000000007
1.2254509999999996
1.2567090000000007
1.2254509999999996
1.2567090000000007
1.2254509999999996
1.2567090000000007
1.2254509999999996
1.2567090000000007
1.2254509999999996
1.2567090000000007
1.2254509999999996
1.2567090000000007
1.2254509999999996
1.2567090000000007
1.2254509999999996
1.2567090000000007
1.2254509999999996
1.2567090000000007
1.2254509999999996
1.2567090000000007
1.2254509999999996
1.2567090000000007
1.2254509999999996
1.2567090000000007
1.2254509999999996
1.2567090000000007
1.2254509999999996
1.2567090000000007
1.2254509999999996
1.2567090000000007
1.2254509999999996
1.2567090000000007
1.2254509999999996
1.2567090000000007
1.2254509999999996
1.2567090000000007
1.2254509999999996
1.2567090000000007
-1.2322579999999999
-1.2499029999999998
-1.2322579999999999
-1.2499029999999998
-1.2322579999999999
-1.2499029999999998
-1.2322579999999999
-1.2499029999999998
-1.2322579999999999
-1.2499029999999998
-1.2322579999999999
-1.2499029999999998
-1.2322579999999999
-1.2499029999999998
-1.2322579999999999
-1.2499029999999998
-1.2322579999999999
-1.2499029999999998
-1.2322579999999999
-1.2499029999999998
-1.2322579999999999
-1.2499029999999998
-1.2322579999999999
-1.2499029999999998
-1.2322579999999999
-1.2499029999999998
-1.2322579999999999
-1.2499029999999998
-1.2322579999999999
-1.2499029999999998
-1.2322579999999999
-1.2499029999999998
-1.2322579999999999
-1.2499029999999998
-1.2322579999999999
-1.2499029999999998
-1.2322579999999999
-1.2499029999999998
-1.2322579999999999
-1.2499029999999998
-1.2322579999999999
-1.2499029999999998
-1.2322579999999999
-1.2499029999999998
-1.2322579999999999
-1.2499029999999998
-1.2322579999999999
-1.2499029999999998
-1.2322579999999999
-1.2499029999999998
-1.2322579999999999
-1.2499029999999998
-1.2322579999999999
-1.2499029999999998
-1.2322579999999999
-1.2499029999999998
-1.2322579999999999
-1.2499029999999998
-1.2322579999999999
-1.2499029999999998
-1.2322579999999999
-1.2499029999999998
-1.2322579999999999
-1.2499029999999998
-1.2322579999999999
-1.2499029999999998
-1.2322579999999999
-1.2499029999999998
-1.2322579999999999
-1.2499029999999998
-1.2322579999999999
-1.2499029999999998
-1.2322579999999999
-1.2499029999999998
-1.2322579999999999
-1.2499029999999998
-1.2322579999999999
-1.2499029999999998
-1.2322579999999999
-1.2499029999999998
-1.2322579999999999
-1.2499029999999998
-1.2322579999999999
-1.2499029999999998
-1.2322579999999999
-1.2499029999999998
-1.2322579999999999
-1.2499029999999998
-1.2322579999999999
-1.2499029999999998
-1.2322579999999999
-1.2499029999999998
-1.2322579999999999
-1.2499029999999998
-1.2322579999999999
-1.2499029999999998
-1.2322579999999999
-1.2499029999999998
-1.2322579999999999
-1.2499029999999998
-1.2322579999999999
-1.2499029999999998
-1.2322579999999999
-1.2499029999999998
-1.2322579999999999
-1.2499029999999998
-1.2322579999999999
-1.2499029999999998
-1.2322579999999999
-1.2499029999999998
-1.2322579999999999
-1.2499029999999998
-1.2322579999999999
-1.2499029999999998
-1.2322579999999999
-1.2499029999999998
-1.2322579999999999
-1.2499029999999998
-1.2322579999999999
-1.2499029999999998
