1.3081110000000002
1.2956400000000006
1.3081110000000002
1.2956400000000006
1.3081110000000002
1.2956400000000006
1.3081110000000002
1.2956400000000006
1.3081110000000002
1.2956400000000006
1.3081110000000002
1.2956400000000006
1.3081110000000002
1.2956400000000006
1.3081110000000002
1.2956400000000006
1.3081110000000002
1.2956400000000006
1.3081110000000002
1.2956400000000006
1.3081110000000002
1.2956400000000006
1.3081110000000002
1.2956400000000006
1.3081110000000002
1.2956400000000006
1.3081110000000002
1.2956400000000006
1.3081110000000002
1.2956400000000006
1.3081110000000002
1.2956400000000006
1.3081110000000002
1.2956400000000006
1.3081110000000002
1.2956400000000006
1.3081110000000002
1.2956400000000006
1.3081110000000002
1.2956400000000006
1.3081110000000002
1.2956400000000006
1.3081110000000002
1.2956400000000006
1.3081110000000002
1.2956400000000006
1.3081110000000002
1.2956400000000006
1.3081110000000002
1.2956400000000006
1.3081110000000002
1.2956400000000006
1.3081110000000002
1.2956400000000006
1.3081110000000002
1.2956400000000006
1.3081110000000002
1.2956400000000006
1.3081110000000002
1.2956400000000006
1.3081110000000002
1.2956400000000006
1.3081110000000002
1.2956400000000006
1.3081110000000002
1.2956400000000006
1.3081110000000002
1.2956400000000006
1.3081110000000002
1.2956400000000006
1.3081110000000002
1.2956400000000006
1.3081110000000002
1.2956400000000006
1.3081110000000002
1.2956400000000006
1.3081110000000002
1.2956400000000006
1.3081110000000002
1.2956400000000006
1.3081110000000002
1.2956400000000006
1.3081110000000002
1.2956400000000006
1.3081110000000002
1.2956400000000006
1.3081110000000002
1.2956400000000006
1.3081110000000002
1.2956400000000006
1.3081110000000002
1.2956400000000006
1.3081110000000002
1.2956400000000006
1.3081110000000002
1.2956400000000006
1.3081110000000002
1.2956400000000006
1.3081110000000002
1.2956400000000006
1.3081110000000002
1.2956400000000006
1.3081110000000002
1.2956400000000006
1.3081110000000002
1.2956400000000006
1.3081110000000002
1.2956400000000006
1.3081110000000002
1.2956400000000006
1.3081110000000002
1.2956400000000006
1.3081110000000002
1.2956400000000006
1.3081110000000002
1.2956400000000006
1.3081110000000002
1.2956400000000006
1.3081110000000002
1.2956400000000006
-1.3078510000000003
-1.2959009999999997
-1.3078510000000003
-1.2959009999999997
-1.3078510000000003
-1.2959009999999997
-1.3078510000000003
-1.2959009999999997
-1.3078510000000003
-1.2959009999999997
-1.3078510000000003
-1.2959009999999997
-1.3078510000000003
-1.2959009999999997
-1.3078510000000003
-1.2959009999999997
-1.3078510000000003
-1.2959009999999997
-1.3078510000000003
-1.2959009999999997
-1.3078510000000003
-1.2959009999999997
-1.3078510000000003
-1.2959009999999997
-1.3078510000000003
-1.2959009999999997
-1.3078510000000003
-1.2959009999999997
-1.3078510000000003
-1.2959009999999997
-1.3078510000000003
-1.2959009999999997
-1.3078510000000003
-1.2959009999999997
-1.3078510000000003
-1.2959009999999997
-1.3078510000000003
-1.2959009999999997
-1.3078510000000003
-1.2959009999999997
-1.3078510000000003
-1.2959009999999997
-1.3078510000000003
-1.2959009999999997
-1.3078510000000003
-1.2959009999999997
-1.3078510000000003
-1.2959009999999997
-1.3078510000000003
-1.2959009999999997
-1.3078510000000003
-1.2959009999999997
-1.3078510000000003
-1.2959009999999997
-1.3078510000000003
-1.2959009999999997
-1.3078510000000003
-1.2959009999999997
-1.3078510000000003
-1.2959009999999997
-1.3078510000000003
-1.2959009999999997
-1.3078510000000003
-1.2959009999999997
-1.3078510000000003
-1.2959009999999997
-1.3078510000000003
-1.2959009999999997
-1.3078510000000003
-1.2959009999999997
-1.3078510000000003
-1.2959009999999997
-1.3078510000000003
-1.2959009999999997
-1.3078510000000003
-1.2959009999999997
-1.3078510000000003
-1.2959009999999997
-1.3078510000000003
-1.2959009999999997
-1.3078510000000003
-1.2959009999999997
-1.3078510000000003
-1.2959009999999997
-1.3078510000000003
-1.2959009999999997
-1.3078510000000003
-1.2959009999999997
-1.3078510000000003
-1.2959009999999997
-1.3078510000000003
-1.2959009999999997
-1.3078510000000003
-1.2959009999999997
-1.3078510000000003
-1.2959009999999997
-1.3078510000000003
-1.2959009999999997
-1.3078510000000003
-1.2959009999999997
-1.3078510000000003
-1.2959009999999997
-1.3078510000000003
-1.2959009999999997
-1.3078510000000003
-1.2959009999999997
-1.3078510000000003
-1.2959009999999997
-1.3078510000000003
-1.2959009999999997
-1.3078510000000003
-1.2959009999999997
-1.3078510000000003
-1.2959009999999997
-1.3078510000000003
-1.2959009999999997
-1.3078510000000003
-1.2959009999999997
-1.3078510000000003
-1.2959009999999997
