1.3825040000000008
1.4069179999999992
1.3825040000000008
1.4069179999999992
1.3825040000000008
1.4069179999999992
1.3825040000000008
1.4069179999999992
1.3825040000000008
1.4069179999999992
1.3825040000000008
1.4069179999999992
1.3825040000000008
1.4069179999999992
1.3825040000000008
1.4069179999999992
1.3825040000000008
1.4069179999999992
1.3825040000000008
1.4069179999999992
1.3825040000000008
1.4069179999999992
1.3825040000000008
1.4069179999999992
1.3825040000000008
1.4069179999999992
1.3825040000000008
1.4069179999999992
1.3825040000000008
1.4069179999999992
1.3825040000000008
1.4069179999999992
1.3825040000000008
1.4069179999999992
1.3825040000000008
1.4069179999999992
1.3825040000000008
1.4069179999999992
1.3825040000000008
1.4069179999999992
1.3825040000000008
1.4069179999999992
1.3825040000000008
1.4069179999999992
1.3825040000000008
1.4069179999999992
1.3825040000000008
1.4069179999999992
1.3825040000000008
1.4069179999999992
1.3825040000000008
1.4069179999999992
1.3825040000000008
1.4069179999999992
1.3825040000000008
1.4069179999999992
1.3825040000000008
1.4069179999999992
1.3825040000000008
1.4069179999999992
1.3825040000000008
1.4069179999999992
1.3825040000000008
1.4069179999999992
1.3825040000000008
1.4069179999999992
1.3825040000000008
1.4069179999999992
1.3825040000000008
1.4069179999999992
1.3825040000000008
1.4069179999999992
1.3825040000000008
1.4069179999999992
1.3825040000000008
1.4069179999999992
1.3825040000000008
1.4069179999999992
1.3825040000000008
1.4069179999999992
1.3825040000000008
1.4069179999999992
1.3825040000000008
1.4069179999999992
1.3825040000000008
1.4069179999999992
1.3825040000000008
1.4069179999999992
1.3825040000000008
1.4069179999999992
1.3825040000000008
1.4069179999999992
1.3825040000000008
1.4069179999999992
1.3825040000000008
1.4069179999999992
-1.3954209999999998
-1.3940020000000004
-1.3954209999999998
-1.3940020000000004
-1.3954209999999998
-1.3940020000000004
-1.3954209999999998
-1.3940020000000004
-1.3954209999999998
-1.3940020000000004
-1.3954209999999998
-1.3940020000000004
-1.3954209999999998
-1.3940020000000004
-1.3954209999999998
-1.3940020000000004
-1.3954209999999998
-1.3940020000000004
-1.3954209999999998
-1.3940020000000004
-1.3954209999999998
-1.3940020000000004
-1.3954209999999998
-1.3940020000000004
-1.3954209999999998
-1.3940020000000004
-1.3954209999999998
-1.3940020000000004
-1.3954209999999998
-1.3940020000000004
-1.3954209999999998
-1.3940020000000004
-1.3954209999999998
-1.3940020000000004
-1.3954209999999998
-1.3940020000000004
-1.3954209999999998
-1.3940020000000004
-1.3954209999999998
-1.3940020000000004
-1.3954209999999998
-1.3940020000000004
-1.3954209999999998
-1.3940020000000004
-1.3954209999999998
-1.3940020000000004
-1.3954209999999998
-1.3940020000000004
-1.3954209999999998
-1.3940020000000004
-1.3954209999999998
-1.3940020000000004
-1.3954209999999998
-1.3940020000000004
-1.3954209999999998
-1.3940020000000004
-1.3954209999999998
-1.3940020000000004
-1.3954209999999998
-1.3940020000000004
-1.3954209999999998
-1.3940020000000004
-1.3954209999999998
-1.3940020000000004
-1.3954209999999998
-1.3940020000000004
-1.3954209999999998
-1.3940020000000004
-1.3954209999999998
-1.3940020000000004
-1.3954209999999998
-1.3940020000000004
-1.3954209999999998
-1.3940020000000004
-1.3954209999999998
-1.3940020000000004
-1.3954209999999998
-1.3940020000000004
-1.3954209999999998
-1.3940020000000004
-1.3954209999999998
-1.3940020000000004
-1.3954209999999998
-1.3940020000000004
-1.3954209999999998
-1.3940020000000004
-1.3954209999999998
-1.3940020000000004
-1.3954209999999998
-1.3940020000000004
-1.3954209999999998
-1.3940020000000004
-1.3954209999999998
-1.3940020000000004
-1.3954209999999998
-1.3940020000000004
