1.4434009999999997
1.4390859999999996
1.440982
1.4424270000000003
1.4434009999999997
1.4390859999999996
1.440982
1.4424270000000003
1.4434009999999997
1.4390859999999996
1.440982
1.4424270000000003
1.4434009999999997
1.4390859999999996
1.440982
1.4424270000000003
1.4434009999999997
1.4390859999999996
1.440982
1.4424270000000003
1.4434009999999997
1.4390859999999996
1.440982
1.4424270000000003
1.4434009999999997
1.4390859999999996
1.440982
1.4424270000000003
1.4434009999999997
1.4390859999999996
1.440982
1.4424270000000003
1.4434009999999997
1.4390859999999996
1.440982
1.4424270000000003
1.4434009999999997
1.4390859999999996
1.440982
1.4424270000000003
1.4434009999999997
1.4390859999999996
1.440982
1.4424270000000003
1.4434009999999997
1.4390859999999996
1.440982
1.4424270000000003
1.4434009999999997
1.4390859999999996
1.440982
1.4424270000000003
1.4434009999999997
1.4390859999999996
1.440982
1.4424270000000003
1.4434009999999997
1.4390859999999996
1.440982
1.4424270000000003
1.4434009999999997
1.4390859999999996
1.440982
1.4424270000000003
1.4434009999999997
1.4390859999999996
1.440982
1.4424270000000003
1.4434009999999997
1.4390859999999996
1.440982
1.4424270000000003
1.4434009999999997
1.4390859999999996
1.440982
1.4424270000000003
1.4434009999999997
1.4390859999999996
1.440982
1.4424270000000003
1.4434009999999997
1.4390859999999996
1.440982
1.4424270000000003
1.4434009999999997
1.4390859999999996
1.440982
1.4424270000000003
1.4434009999999997
1.4390859999999996
1.440982
1.4424270000000003
1.4434009999999997
1.4390859999999996
1.440982
1.4424270000000003
1.4434009999999997
1.4390859999999996
1.440982
1.4424270000000003
1.4434009999999997
1.4390859999999996
1.440982
1.4424270000000003
1.4434009999999997
1.4390859999999996
1.440982
1.4424270000000003
-1.4421359999999996
-1.4421109999999997
-1.4405279999999996
-1.4411199999999997
-1.4421359999999996
-1.4421109999999997
-1.4405279999999996
-1.4411199999999997
-1.4421359999999996
-1.4421109999999997
-1.4405279999999996
-1.4411199999999997
-1.4421359999999996
-1.4421109999999997
-1.4405279999999996
-1.4411199999999997
-1.4421359999999996
-1.4421109999999997
-1.4405279999999996
-1.4411199999999997
-1.4421359999999996
-1.4421109999999997
-1.4405279999999996
-1.4411199999999997
-1.4421359999999996
-1.4421109999999997
-1.4405279999999996
-1.4411199999999997
-1.4421359999999996
-1.4421109999999997
-1.4405279999999996
-1.4411199999999997
-1.4421359999999996
-1.4421109999999997
-1.4405279999999996
-1.4411199999999997
-1.4421359999999996
-1.4421109999999997
-1.4405279999999996
-1.4411199999999997
-1.4421359999999996
-1.4421109999999997
-1.4405279999999996
-1.4411199999999997
-1.4421359999999996
-1.4421109999999997
-1.4405279999999996
-1.4411199999999997
-1.4421359999999996
-1.4421109999999997
-1.4405279999999996
-1.4411199999999997
-1.4421359999999996
-1.4421109999999997
-1.4405279999999996
-1.4411199999999997
-1.4421359999999996
-1.4421109999999997
-1.4405279999999996
-1.4411199999999997
-1.4421359999999996
-1.4421109999999997
-1.4405279999999996
-1.4411199999999997
-1.4421359999999996
-1.4421109999999997
-1.4405279999999996
-1.4411199999999997
-1.4421359999999996
-1.4421109999999997
-1.4405279999999996
-1.4411199999999997
-1.4421359999999996
-1.4421109999999997
-1.4405279999999996
-1.4411199999999997
-1.4421359999999996
-1.4421109999999997
-1.4405279999999996
-1.4411199999999997
-1.4421359999999996
-1.4421109999999997
-1.4405279999999996
-1.4411199999999997
-1.4421359999999996
-1.4421109999999997
-1.4405279999999996
-1.4411199999999997
-1.4421359999999996
-1.4421109999999997
-1.4405279999999996
-1.4411199999999997
-1.4421359999999996
-1.4421109999999997
-1.4405279999999996
-1.4411199999999997
-1.4421359999999996
-1.4421109999999997
-1.4405279999999996
-1.4411199999999997
-1.4421359999999996
-1.4421109999999997
-1.4405279999999996
-1.4411199999999997
-1.4421359999999996
-1.4421109999999997
-1.4405279999999996
-1.4411199999999997
