1.427854
1.4295880000000007
1.4308580000000006
1.4274760000000004
1.427854
1.4295880000000007
1.4308580000000006
1.4274760000000004
1.427854
1.4295880000000007
1.4308580000000006
1.4274760000000004
1.427854
1.4295880000000007
1.4308580000000006
1.4274760000000004
1.427854
1.4295880000000007
1.4308580000000006
1.4274760000000004
1.427854
1.4295880000000007
1.4308580000000006
1.4274760000000004
1.427854
1.4295880000000007
1.4308580000000006
1.4274760000000004
1.427854
1.4295880000000007
1.4308580000000006
1.4274760000000004
1.427854
1.4295880000000007
1.4308580000000006
1.4274760000000004
1.427854
1.4295880000000007
1.4308580000000006
1.4274760000000004
1.427854
1.4295880000000007
1.4308580000000006
1.4274760000000004
1.427854
1.4295880000000007
1.4308580000000006
1.4274760000000004
1.427854
1.4295880000000007
1.4308580000000006
1.4274760000000004
1.427854
1.4295880000000007
1.4308580000000006
1.4274760000000004
1.427854
1.4295880000000007
1.4308580000000006
1.4274760000000004
1.427854
1.4295880000000007
1.4308580000000006
1.4274760000000004
1.427854
1.4295880000000007
1.4308580000000006
1.4274760000000004
1.427854
1.4295880000000007
1.4308580000000006
1.4274760000000004
1.427854
1.4295880000000007
1.4308580000000006
1.4274760000000004
1.427854
1.4295880000000007
1.4308580000000006
1.4274760000000004
1.427854
1.4295880000000007
1.4308580000000006
1.4274760000000004
1.427854
1.4295880000000007
1.4308580000000006
1.4274760000000004
1.427854
1.4295880000000007
1.4308580000000006
1.4274760000000004
1.427854
1.4295880000000007
1.4308580000000006
1.4274760000000004
1.427854
1.4295880000000007
1.4308580000000006
1.4274760000000004
1.427854
1.4295880000000007
1.4308580000000006
1.4274760000000004
1.427854
1.4295880000000007
1.4308580000000006
1.4274760000000004
1.427854
1.4295880000000007
1.4308580000000006
1.4274760000000004
1.427854
1.4295880000000007
1.4308580000000006
1.4274760000000004
1.427854
1.4295880000000007
1.4308580000000006
1.4274760000000004
1.427854
1.4295880000000007
1.4308580000000006
1.4274760000000004
1.427854
1.4295880000000007
1.4308580000000006
1.4274760000000004
1.427854
1.4295880000000007
1.4308580000000006
1.4274760000000004
1.427854
1.4295880000000007
1.4308580000000006
1.4274760000000004
1.427854
1.4295880000000007
1.4308580000000006
1.4274760000000004
1.427854
1.4295880000000007
1.4308580000000006
1.4274760000000004
-1.4295499999999999
-1.4276160000000004
-1.4291939999999999
-1.4294159999999998
-1.4295499999999999
-1.4276160000000004
-1.4291939999999999
-1.4294159999999998
-1.4295499999999999
-1.4276160000000004
-1.4291939999999999
-1.4294159999999998
-1.4295499999999999
-1.4276160000000004
-1.4291939999999999
-1.4294159999999998
-1.4295499999999999
-1.4276160000000004
-1.4291939999999999
-1.4294159999999998
-1.4295499999999999
-1.4276160000000004
-1.4291939999999999
-1.4294159999999998
-1.4295499999999999
-1.4276160000000004
-1.4291939999999999
-1.4294159999999998
-1.4295499999999999
-1.4276160000000004
-1.4291939999999999
-1.4294159999999998
-1.4295499999999999
-1.4276160000000004
-1.4291939999999999
-1.4294159999999998
-1.4295499999999999
-1.4276160000000004
-1.4291939999999999
-1.4294159999999998
-1.4295499999999999
-1.4276160000000004
-1.4291939999999999
-1.4294159999999998
-1.4295499999999999
-1.4276160000000004
-1.4291939999999999
-1.4294159999999998
-1.4295499999999999
-1.4276160000000004
-1.4291939999999999
-1.4294159999999998
-1.4295499999999999
-1.4276160000000004
-1.4291939999999999
-1.4294159999999998
-1.4295499999999999
-1.4276160000000004
-1.4291939999999999
-1.4294159999999998
-1.4295499999999999
-1.4276160000000004
-1.4291939999999999
-1.4294159999999998
-1.4295499999999999
-1.4276160000000004
-1.4291939999999999
-1.4294159999999998
-1.4295499999999999
-1.4276160000000004
-1.4291939999999999
-1.4294159999999998
-1.4295499999999999
-1.4276160000000004
-1.4291939999999999
-1.4294159999999998
-1.4295499999999999
-1.4276160000000004
-1.4291939999999999
-1.4294159999999998
-1.4295499999999999
-1.4276160000000004
-1.4291939999999999
-1.4294159999999998
-1.4295499999999999
-1.4276160000000004
-1.4291939999999999
-1.4294159999999998
-1.4295499999999999
-1.4276160000000004
-1.4291939999999999
-1.4294159999999998
-1.4295499999999999
-1.4276160000000004
-1.4291939999999999
-1.4294159999999998
-1.4295499999999999
-1.4276160000000004
-1.4291939999999999
-1.4294159999999998
-1.4295499999999999
-1.4276160000000004
-1.4291939999999999
-1.4294159999999998
-1.4295499999999999
-1.4276160000000004
-1.4291939999999999
-1.4294159999999998
-1.4295499999999999
-1.4276160000000004
-1.4291939999999999
-1.4294159999999998
-1.4295499999999999
-1.4276160000000004
-1.4291939999999999
-1.4294159999999998
-1.4295499999999999
-1.4276160000000004
-1.4291939999999999
-1.4294159999999998
-1.4295499999999999
-1.4276160000000004
-1.4291939999999999
-1.4294159999999998
-1.4295499999999999
-1.4276160000000004
-1.4291939999999999
-1.4294159999999998
-1.4295499999999999
-1.4276160000000004
-1.4291939999999999
-1.4294159999999998
-1.4295499999999999
-1.4276160000000004
-1.4291939999999999
-1.4294159999999998
-1.4295499999999999
-1.4276160000000004
-1.4291939999999999
-1.4294159999999998
-1.4295499999999999
-1.4276160000000004
-1.4291939999999999
-1.4294159999999998
