1.3324359999999995
1.3324359999999995
1.3324359999999995
1.3324359999999995
1.3324359999999995
1.3324359999999995
1.3324359999999995
1.3324359999999995
1.3324359999999995
1.3324359999999995
1.3324359999999995
1.3324359999999995
1.3324359999999995
1.3324359999999995
1.3324359999999995
1.3324359999999995
1.3324359999999995
1.3324359999999995
1.3324359999999995
1.3324359999999995
1.3324359999999995
1.3324359999999995
1.3324359999999995
1.3324359999999995
1.3324359999999995
1.3324359999999995
1.3324359999999995
1.3324359999999995
1.3324359999999995
1.3324359999999995
1.3324359999999995
1.3324359999999995
1.3324359999999995
1.3324359999999995
1.3324359999999995
1.3324359999999995
1.3324359999999995
1.3324359999999995
1.3324359999999995
1.3324359999999995
1.3324359999999995
1.3324359999999995
1.3324359999999995
1.3324359999999995
1.3324359999999995
1.3324359999999995
1.3324359999999995
1.3324359999999995
1.3324359999999995
1.3324359999999995
1.3324359999999995
1.3324359999999995
1.3324359999999995
1.3324359999999995
1.3324359999999995
1.3324359999999995
1.3324359999999995
1.3324359999999995
1.3324359999999995
1.3324359999999995
1.3324359999999995
1.3324359999999995
1.3324359999999995
1.3324359999999995
-1.3324379999999998
-1.3324379999999998
-1.3324379999999998
-1.3324379999999998
-1.3324379999999998
-1.3324379999999998
-1.3324379999999998
-1.3324379999999998
-1.3324379999999998
-1.3324379999999998
-1.3324379999999998
-1.3324379999999998
-1.3324379999999998
-1.3324379999999998
-1.3324379999999998
-1.3324379999999998
-1.3324379999999998
-1.3324379999999998
-1.3324379999999998
-1.3324379999999998
-1.3324379999999998
-1.3324379999999998
-1.3324379999999998
-1.3324379999999998
-1.3324379999999998
-1.3324379999999998
-1.3324379999999998
-1.3324379999999998
-1.3324379999999998
-1.3324379999999998
-1.3324379999999998
-1.3324379999999998
-1.3324379999999998
-1.3324379999999998
-1.3324379999999998
-1.3324379999999998
-1.3324379999999998
-1.3324379999999998
-1.3324379999999998
-1.3324379999999998
-1.3324379999999998
-1.3324379999999998
-1.3324379999999998
-1.3324379999999998
-1.3324379999999998
-1.3324379999999998
-1.3324379999999998
-1.3324379999999998
-1.3324379999999998
-1.3324379999999998
-1.3324379999999998
-1.3324379999999998
-1.3324379999999998
-1.3324379999999998
-1.3324379999999998
-1.3324379999999998
-1.3324379999999998
-1.3324379999999998
-1.3324379999999998
-1.3324379999999998
-1.3324379999999998
-1.3324379999999998
-1.3324379999999998
-1.3324379999999998
