1.4383490000000005
1.4395939999999996
1.4390529999999995
1.4370779999999996
1.4383490000000005
1.4395939999999996
1.4390529999999995
1.4370779999999996
1.4383490000000005
1.4395939999999996
1.4390529999999995
1.4370779999999996
1.4383490000000005
1.4395939999999996
1.4390529999999995
1.4370779999999996
1.4383490000000005
1.4395939999999996
1.4390529999999995
1.4370779999999996
1.4383490000000005
1.4395939999999996
1.4390529999999995
1.4370779999999996
1.4383490000000005
1.4395939999999996
1.4390529999999995
1.4370779999999996
1.4383490000000005
1.4395939999999996
1.4390529999999995
1.4370779999999996
1.4383490000000005
1.4395939999999996
1.4390529999999995
1.4370779999999996
1.4383490000000005
1.4395939999999996
1.4390529999999995
1.4370779999999996
1.4383490000000005
1.4395939999999996
1.4390529999999995
1.4370779999999996
1.4383490000000005
1.4395939999999996
1.4390529999999995
1.4370779999999996
1.4383490000000005
1.4395939999999996
1.4390529999999995
1.4370779999999996
1.4383490000000005
1.4395939999999996
1.4390529999999995
1.4370779999999996
1.4383490000000005
1.4395939999999996
1.4390529999999995
1.4370779999999996
1.4383490000000005
1.4395939999999996
1.4390529999999995
1.4370779999999996
1.4383490000000005
1.4395939999999996
1.4390529999999995
1.4370779999999996
1.4383490000000005
1.4395939999999996
1.4390529999999995
1.4370779999999996
1.4383490000000005
1.4395939999999996
1.4390529999999995
1.4370779999999996
1.4383490000000005
1.4395939999999996
1.4390529999999995
1.4370779999999996
1.4383490000000005
1.4395939999999996
1.4390529999999995
1.4370779999999996
1.4383490000000005
1.4395939999999996
1.4390529999999995
1.4370779999999996
1.4383490000000005
1.4395939999999996
1.4390529999999995
1.4370779999999996
1.4383490000000005
1.4395939999999996
1.4390529999999995
1.4370779999999996
1.4383490000000005
1.4395939999999996
1.4390529999999995
1.4370779999999996
1.4383490000000005
1.4395939999999996
1.4390529999999995
1.4370779999999996
1.4383490000000005
1.4395939999999996
1.4390529999999995
1.4370779999999996
1.4383490000000005
1.4395939999999996
1.4390529999999995
1.4370779999999996
1.4383490000000005
1.4395939999999996
1.4390529999999995
1.4370779999999996
1.4383490000000005
1.4395939999999996
1.4390529999999995
1.4370779999999996
1.4383490000000005
1.4395939999999996
1.4390529999999995
1.4370779999999996
1.4383490000000005
1.4395939999999996
1.4390529999999995
1.4370779999999996
1.4383490000000005
1.4395939999999996
1.4390529999999995
1.4370779999999996
1.4383490000000005
1.4395939999999996
1.4390529999999995
1.4370779999999996
1.4383490000000005
1.4395939999999996
1.4390529999999995
1.4370779999999996
1.4383490000000005
1.4395939999999996
1.4390529999999995
1.4370779999999996
-1.4382479999999997
-1.4386
-1.438689
-1.4385370000000002
-1.4382479999999997
-1.4386
-1.438689
-1.4385370000000002
-1.4382479999999997
-1.4386
-1.438689
-1.4385370000000002
-1.4382479999999997
-1.4386
-1.438689
-1.4385370000000002
-1.4382479999999997
-1.4386
-1.438689
-1.4385370000000002
-1.4382479999999997
-1.4386
-1.438689
-1.4385370000000002
-1.4382479999999997
-1.4386
-1.438689
-1.4385370000000002
-1.4382479999999997
-1.4386
-1.438689
-1.4385370000000002
-1.4382479999999997
-1.4386
-1.438689
-1.4385370000000002
-1.4382479999999997
-1.4386
-1.438689
-1.4385370000000002
-1.4382479999999997
-1.4386
-1.438689
-1.4385370000000002
-1.4382479999999997
-1.4386
-1.438689
-1.4385370000000002
-1.4382479999999997
-1.4386
-1.438689
-1.4385370000000002
-1.4382479999999997
-1.4386
-1.438689
-1.4385370000000002
-1.4382479999999997
-1.4386
-1.438689
-1.4385370000000002
-1.4382479999999997
-1.4386
-1.438689
-1.4385370000000002
-1.4382479999999997
-1.4386
-1.438689
-1.4385370000000002
-1.4382479999999997
-1.4386
-1.438689
-1.4385370000000002
-1.4382479999999997
-1.4386
-1.438689
-1.4385370000000002
-1.4382479999999997
-1.4386
-1.438689
-1.4385370000000002
-1.4382479999999997
-1.4386
-1.438689
-1.4385370000000002
-1.4382479999999997
-1.4386
-1.438689
-1.4385370000000002
-1.4382479999999997
-1.4386
-1.438689
-1.4385370000000002
-1.4382479999999997
-1.4386
-1.438689
-1.4385370000000002
-1.4382479999999997
-1.4386
-1.438689
-1.4385370000000002
-1.4382479999999997
-1.4386
-1.438689
-1.4385370000000002
-1.4382479999999997
-1.4386
-1.438689
-1.4385370000000002
-1.4382479999999997
-1.4386
-1.438689
-1.4385370000000002
-1.4382479999999997
-1.4386
-1.438689
-1.4385370000000002
-1.4382479999999997
-1.4386
-1.438689
-1.4385370000000002
-1.4382479999999997
-1.4386
-1.438689
-1.4385370000000002
-1.4382479999999997
-1.4386
-1.438689
-1.4385370000000002
-1.4382479999999997
-1.4386
-1.438689
-1.4385370000000002
-1.4382479999999997
-1.4386
-1.438689
-1.4385370000000002
-1.4382479999999997
-1.4386
-1.438689
-1.4385370000000002
-1.4382479999999997
-1.4386
-1.438689
-1.4385370000000002
