1.3307939999999991
1.3307939999999991
1.3307939999999991
1.3307939999999991
1.3307939999999991
1.3307939999999991
1.3307939999999991
1.3307939999999991
1.3307939999999991
1.3307939999999991
1.3307939999999991
1.3307939999999991
1.3307939999999991
1.3307939999999991
1.3307939999999991
1.3307939999999991
1.3307939999999991
1.3307939999999991
1.3307939999999991
1.3307939999999991
1.3307939999999991
1.3307939999999991
1.3307939999999991
1.3307939999999991
1.3307939999999991
1.3307939999999991
1.3307939999999991
1.3307939999999991
1.3307939999999991
1.3307939999999991
1.3307939999999991
1.3307939999999991
1.3307939999999991
1.3307939999999991
1.3307939999999991
1.3307939999999991
1.3307939999999991
1.3307939999999991
1.3307939999999991
1.3307939999999991
1.3307939999999991
1.3307939999999991
1.3307939999999991
1.3307939999999991
1.3307939999999991
1.3307939999999991
1.3307939999999991
1.3307939999999991
1.3307939999999991
1.3307939999999991
1.3307939999999991
1.3307939999999991
1.3307939999999991
1.3307939999999991
1.3307939999999991
1.3307939999999991
1.3307939999999991
1.3307939999999991
1.3307939999999991
1.3307939999999991
1.3307939999999991
1.3307939999999991
1.3307939999999991
1.3307939999999991
-1.3307960000000003
-1.3307960000000003
-1.3307960000000003
-1.3307960000000003
-1.3307960000000003
-1.3307960000000003
-1.3307960000000003
-1.3307960000000003
-1.3307960000000003
-1.3307960000000003
-1.3307960000000003
-1.3307960000000003
-1.3307960000000003
-1.3307960000000003
-1.3307960000000003
-1.3307960000000003
-1.3307960000000003
-1.3307960000000003
-1.3307960000000003
-1.3307960000000003
-1.3307960000000003
-1.3307960000000003
-1.3307960000000003
-1.3307960000000003
-1.3307960000000003
-1.3307960000000003
-1.3307960000000003
-1.3307960000000003
-1.3307960000000003
-1.3307960000000003
-1.3307960000000003
-1.3307960000000003
-1.3307960000000003
-1.3307960000000003
-1.3307960000000003
-1.3307960000000003
-1.3307960000000003
-1.3307960000000003
-1.3307960000000003
-1.3307960000000003
-1.3307960000000003
-1.3307960000000003
-1.3307960000000003
-1.3307960000000003
-1.3307960000000003
-1.3307960000000003
-1.3307960000000003
-1.3307960000000003
-1.3307960000000003
-1.3307960000000003
-1.3307960000000003
-1.3307960000000003
-1.3307960000000003
-1.3307960000000003
-1.3307960000000003
-1.3307960000000003
-1.3307960000000003
-1.3307960000000003
-1.3307960000000003
-1.3307960000000003
-1.3307960000000003
-1.3307960000000003
-1.3307960000000003
-1.3307960000000003
