1.396789
1.3964009999999991
1.396789
1.3964009999999991
1.396789
1.3964009999999991
1.396789
1.3964009999999991
1.396789
1.3964009999999991
1.396789
1.3964009999999991
1.396789
1.3964009999999991
1.396789
1.3964009999999991
1.396789
1.3964009999999991
1.396789
1.3964009999999991
1.396789
1.3964009999999991
1.396789
1.3964009999999991
1.396789
1.3964009999999991
1.396789
1.3964009999999991
1.396789
1.3964009999999991
1.396789
1.3964009999999991
1.396789
1.3964009999999991
1.396789
1.3964009999999991
1.396789
1.3964009999999991
1.396789
1.3964009999999991
1.396789
1.3964009999999991
1.396789
1.3964009999999991
1.396789
1.3964009999999991
1.396789
1.3964009999999991
1.396789
1.3964009999999991
1.396789
1.3964009999999991
1.396789
1.3964009999999991
1.396789
1.3964009999999991
1.396789
1.3964009999999991
1.396789
1.3964009999999991
1.396789
1.3964009999999991
1.396789
1.3964009999999991
1.396789
1.3964009999999991
1.396789
1.3964009999999991
1.396789
1.3964009999999991
1.396789
1.3964009999999991
1.396789
1.3964009999999991
1.396789
1.3964009999999991
1.396789
1.3964009999999991
1.396789
1.3964009999999991
1.396789
1.3964009999999991
1.396789
1.3964009999999991
1.396789
1.3964009999999991
1.396789
1.3964009999999991
1.396789
1.3964009999999991
1.396789
1.3964009999999991
1.396789
1.3964009999999991
1.396789
1.3964009999999991
1.396789
1.3964009999999991
1.396789
1.3964009999999991
1.396789
1.3964009999999991
1.396789
1.3964009999999991
1.396789
1.3964009999999991
1.396789
1.3964009999999991
1.396789
1.3964009999999991
1.396789
1.3964009999999991
1.396789
1.3964009999999991
1.396789
1.3964009999999991
1.396789
1.3964009999999991
1.396789
1.3964009999999991
-1.3970640000000003
-1.396127
-1.3970640000000003
-1.396127
-1.3970640000000003
-1.396127
-1.3970640000000003
-1.396127
-1.3970640000000003
-1.396127
-1.3970640000000003
-1.396127
-1.3970640000000003
-1.396127
-1.3970640000000003
-1.396127
-1.3970640000000003
-1.396127
-1.3970640000000003
-1.396127
-1.3970640000000003
-1.396127
-1.3970640000000003
-1.396127
-1.3970640000000003
-1.396127
-1.3970640000000003
-1.396127
-1.3970640000000003
-1.396127
-1.3970640000000003
-1.396127
-1.3970640000000003
-1.396127
-1.3970640000000003
-1.396127
-1.3970640000000003
-1.396127
-1.3970640000000003
-1.396127
-1.3970640000000003
-1.396127
-1.3970640000000003
-1.396127
-1.3970640000000003
-1.396127
-1.3970640000000003
-1.396127
-1.3970640000000003
-1.396127
-1.3970640000000003
-1.396127
-1.3970640000000003
-1.396127
-1.3970640000000003
-1.396127
-1.3970640000000003
-1.396127
-1.3970640000000003
-1.396127
-1.3970640000000003
-1.396127
-1.3970640000000003
-1.396127
-1.3970640000000003
-1.396127
-1.3970640000000003
-1.396127
-1.3970640000000003
-1.396127
-1.3970640000000003
-1.396127
-1.3970640000000003
-1.396127
-1.3970640000000003
-1.396127
-1.3970640000000003
-1.396127
-1.3970640000000003
-1.396127
-1.3970640000000003
-1.396127
-1.3970640000000003
-1.396127
-1.3970640000000003
-1.396127
-1.3970640000000003
-1.396127
-1.3970640000000003
-1.396127
-1.3970640000000003
-1.396127
-1.3970640000000003
-1.396127
-1.3970640000000003
-1.396127
-1.3970640000000003
-1.396127
-1.3970640000000003
-1.396127
-1.3970640000000003
-1.396127
-1.3970640000000003
-1.396127
-1.3970640000000003
-1.396127
-1.3970640000000003
-1.396127
-1.3970640000000003
-1.396127
-1.3970640000000003
-1.396127
-1.3970640000000003
-1.396127
-1.3970640000000003
-1.396127
-1.3970640000000003
-1.396127
-1.3970640000000003
-1.396127
