0.48301700000000025
0.48301700000000025
0.48301700000000025
0.48301700000000025
0.48301700000000025
0.48301700000000025
0.48301700000000025
0.48301700000000025
0.48301700000000025
0.48301700000000025
0.48301700000000025
0.48301700000000025
0.48301700000000025
0.48301700000000025
0.48301700000000025
0.48301700000000025
0.48301700000000025
0.48301700000000025
0.48301700000000025
0.48301700000000025
0.48301700000000025
0.48301700000000025
0.48301700000000025
0.48301700000000025
0.48301700000000025
0.48301700000000025
0.48301700000000025
0.48301700000000025
0.48301700000000025
0.48301700000000025
0.48301700000000025
0.48301700000000025
0.48301700000000025
0.48301700000000025
0.48301700000000025
0.48301700000000025
0.48301700000000025
0.48301700000000025
0.48301700000000025
0.48301700000000025
0.48301700000000025
0.48301700000000025
0.48301700000000025
0.48301700000000025
0.48301700000000025
0.48301700000000025
0.48301700000000025
0.48301700000000025
0.48301700000000025
0.48301700000000025
-0.48301700000000025
-0.48301700000000025
-0.48301700000000025
-0.48301700000000025
-0.48301700000000025
-0.48301700000000025
-0.48301700000000025
-0.48301700000000025
-0.48301700000000025
-0.48301700000000025
-0.48301700000000025
-0.48301700000000025
-0.48301700000000025
-0.48301700000000025
-0.48301700000000025
-0.48301700000000025
-0.48301700000000025
-0.48301700000000025
-0.48301700000000025
-0.48301700000000025
-0.48301700000000025
-0.48301700000000025
-0.48301700000000025
-0.48301700000000025
-0.48301700000000025
-0.48301700000000025
-0.48301700000000025
-0.48301700000000025
-0.48301700000000025
-0.48301700000000025
-0.48301700000000025
-0.48301700000000025
-0.48301700000000025
-0.48301700000000025
-0.48301700000000025
-0.48301700000000025
-0.48301700000000025
-0.48301700000000025
-0.48301700000000025
-0.48301700000000025
-0.48301700000000025
-0.48301700000000025
-0.48301700000000025
-0.48301700000000025
-0.48301700000000025
-0.48301700000000025
-0.48301700000000025
-0.48301700000000025
-0.48301700000000025
-0.48301700000000025
