1.297015
1.297015
1.297015
1.297015
1.297015
1.297015
1.297015
1.297015
1.297015
1.297015
1.297015
1.297015
1.297015
1.297015
1.297015
1.297015
1.297015
1.297015
1.297015
1.297015
1.297015
1.297015
1.297015
1.297015
1.297015
1.297015
1.297015
1.297015
1.297015
1.297015
1.297015
1.297015
1.297015
1.297015
1.297015
1.297015
1.297015
1.297015
1.297015
1.297015
1.297015
1.297015
1.297015
1.297015
1.297015
1.297015
1.297015
1.297015
1.297015
1.297015
1.297015
1.297015
1.297015
1.297015
-1.297014
-1.297014
-1.297014
-1.297014
-1.297014
-1.297014
-1.297014
-1.297014
-1.297014
-1.297014
-1.297014
-1.297014
-1.297014
-1.297014
-1.297014
-1.297014
-1.297014
-1.297014
-1.297014
-1.297014
-1.297014
-1.297014
-1.297014
-1.297014
-1.297014
-1.297014
-1.297014
-1.297014
-1.297014
-1.297014
-1.297014
-1.297014
-1.297014
-1.297014
-1.297014
-1.297014
-1.297014
-1.297014
-1.297014
-1.297014
-1.297014
-1.297014
-1.297014
-1.297014
-1.297014
-1.297014
-1.297014
-1.297014
-1.297014
-1.297014
-1.297014
-1.297014
-1.297014
-1.297014
