1.4264410000000005
1.4266889999999997
1.4214450000000003
1.4227570000000007
1.4264410000000005
1.4266889999999997
1.4214450000000003
1.4227570000000007
1.4264410000000005
1.4266889999999997
1.4214450000000003
1.4227570000000007
1.4264410000000005
1.4266889999999997
1.4214450000000003
1.4227570000000007
1.4264410000000005
1.4266889999999997
1.4214450000000003
1.4227570000000007
1.4264410000000005
1.4266889999999997
1.4214450000000003
1.4227570000000007
1.4264410000000005
1.4266889999999997
1.4214450000000003
1.4227570000000007
1.4264410000000005
1.4266889999999997
1.4214450000000003
1.4227570000000007
1.4264410000000005
1.4266889999999997
1.4214450000000003
1.4227570000000007
1.4264410000000005
1.4266889999999997
1.4214450000000003
1.4227570000000007
1.4264410000000005
1.4266889999999997
1.4214450000000003
1.4227570000000007
1.4264410000000005
1.4266889999999997
1.4214450000000003
1.4227570000000007
1.4264410000000005
1.4266889999999997
1.4214450000000003
1.4227570000000007
1.4264410000000005
1.4266889999999997
1.4214450000000003
1.4227570000000007
1.4264410000000005
1.4266889999999997
1.4214450000000003
1.4227570000000007
1.4264410000000005
1.4266889999999997
1.4214450000000003
1.4227570000000007
1.4264410000000005
1.4266889999999997
1.4214450000000003
1.4227570000000007
1.4264410000000005
1.4266889999999997
1.4214450000000003
1.4227570000000007
1.4264410000000005
1.4266889999999997
1.4214450000000003
1.4227570000000007
1.4264410000000005
1.4266889999999997
1.4214450000000003
1.4227570000000007
1.4264410000000005
1.4266889999999997
1.4214450000000003
1.4227570000000007
1.4264410000000005
1.4266889999999997
1.4214450000000003
1.4227570000000007
1.4264410000000005
1.4266889999999997
1.4214450000000003
1.4227570000000007
1.4264410000000005
1.4266889999999997
1.4214450000000003
1.4227570000000007
1.4264410000000005
1.4266889999999997
1.4214450000000003
1.4227570000000007
1.4264410000000005
1.4266889999999997
1.4214450000000003
1.4227570000000007
1.4264410000000005
1.4266889999999997
1.4214450000000003
1.4227570000000007
1.4264410000000005
1.4266889999999997
1.4214450000000003
1.4227570000000007
1.4264410000000005
1.4266889999999997
1.4214450000000003
1.4227570000000007
1.4264410000000005
1.4266889999999997
1.4214450000000003
1.4227570000000007
1.4264410000000005
1.4266889999999997
1.4214450000000003
1.4227570000000007
1.4264410000000005
1.4266889999999997
1.4214450000000003
1.4227570000000007
1.4264410000000005
1.4266889999999997
1.4214450000000003
1.4227570000000007
1.4264410000000005
1.4266889999999997
1.4214450000000003
1.4227570000000007
1.4264410000000005
1.4266889999999997
1.4214450000000003
1.4227570000000007
1.4264410000000005
1.4266889999999997
1.4214450000000003
1.4227570000000007
1.4264410000000005
1.4266889999999997
1.4214450000000003
1.4227570000000007
1.4264410000000005
1.4266889999999997
1.4214450000000003
1.4227570000000007
1.4264410000000005
1.4266889999999997
1.4214450000000003
1.4227570000000007
1.4264410000000005
1.4266889999999997
1.4214450000000003
1.4227570000000007
1.4264410000000005
1.4266889999999997
1.4214450000000003
1.4227570000000007
1.4264410000000005
1.4266889999999997
1.4214450000000003
1.4227570000000007
1.4264410000000005
1.4266889999999997
1.4214450000000003
1.4227570000000007
1.4264410000000005
1.4266889999999997
1.4214450000000003
1.4227570000000007
1.4264410000000005
1.4266889999999997
1.4214450000000003
1.4227570000000007
1.4264410000000005
1.4266889999999997
1.4214450000000003
1.4227570000000007
1.4264410000000005
1.4266889999999997
1.4214450000000003
1.4227570000000007
1.4264410000000005
1.4266889999999997
1.4214450000000003
1.4227570000000007
-1.4238099999999996
-1.426348
-1.4245919999999996
-1.4225820000000002
-1.4238099999999996
-1.426348
-1.4245919999999996
-1.4225820000000002
-1.4238099999999996
-1.426348
-1.4245919999999996
-1.4225820000000002
-1.4238099999999996
-1.426348
-1.4245919999999996
-1.4225820000000002
-1.4238099999999996
-1.426348
-1.4245919999999996
-1.4225820000000002
-1.4238099999999996
-1.426348
-1.4245919999999996
-1.4225820000000002
-1.4238099999999996
-1.426348
-1.4245919999999996
-1.4225820000000002
-1.4238099999999996
-1.426348
-1.4245919999999996
-1.4225820000000002
-1.4238099999999996
-1.426348
-1.4245919999999996
-1.4225820000000002
-1.4238099999999996
-1.426348
-1.4245919999999996
-1.4225820000000002
-1.4238099999999996
-1.426348
-1.4245919999999996
-1.4225820000000002
-1.4238099999999996
-1.426348
-1.4245919999999996
-1.4225820000000002
-1.4238099999999996
-1.426348
-1.4245919999999996
-1.4225820000000002
-1.4238099999999996
-1.426348
-1.4245919999999996
-1.4225820000000002
-1.4238099999999996
-1.426348
-1.4245919999999996
-1.4225820000000002
-1.4238099999999996
-1.426348
-1.4245919999999996
-1.4225820000000002
-1.4238099999999996
-1.426348
-1.4245919999999996
-1.4225820000000002
-1.4238099999999996
-1.426348
-1.4245919999999996
-1.4225820000000002
-1.4238099999999996
-1.426348
-1.4245919999999996
-1.4225820000000002
-1.4238099999999996
-1.426348
-1.4245919999999996
-1.4225820000000002
-1.4238099999999996
-1.426348
-1.4245919999999996
-1.4225820000000002
-1.4238099999999996
-1.426348
-1.4245919999999996
-1.4225820000000002
-1.4238099999999996
-1.426348
-1.4245919999999996
-1.4225820000000002
-1.4238099999999996
-1.426348
-1.4245919999999996
-1.4225820000000002
-1.4238099999999996
-1.426348
-1.4245919999999996
-1.4225820000000002
-1.4238099999999996
-1.426348
-1.4245919999999996
-1.4225820000000002
-1.4238099999999996
-1.426348
-1.4245919999999996
-1.4225820000000002
-1.4238099999999996
-1.426348
-1.4245919999999996
-1.4225820000000002
-1.4238099999999996
-1.426348
-1.4245919999999996
-1.4225820000000002
-1.4238099999999996
-1.426348
-1.4245919999999996
-1.4225820000000002
-1.4238099999999996
-1.426348
-1.4245919999999996
-1.4225820000000002
-1.4238099999999996
-1.426348
-1.4245919999999996
-1.4225820000000002
-1.4238099999999996
-1.426348
-1.4245919999999996
-1.4225820000000002
-1.4238099999999996
-1.426348
-1.4245919999999996
-1.4225820000000002
-1.4238099999999996
-1.426348
-1.4245919999999996
-1.4225820000000002
-1.4238099999999996
-1.426348
-1.4245919999999996
-1.4225820000000002
-1.4238099999999996
-1.426348
-1.4245919999999996
-1.4225820000000002
-1.4238099999999996
-1.426348
-1.4245919999999996
-1.4225820000000002
-1.4238099999999996
-1.426348
-1.4245919999999996
-1.4225820000000002
-1.4238099999999996
-1.426348
-1.4245919999999996
-1.4225820000000002
-1.4238099999999996
-1.426348
-1.4245919999999996
-1.4225820000000002
-1.4238099999999996
-1.426348
-1.4245919999999996
-1.4225820000000002
-1.4238099999999996
-1.426348
-1.4245919999999996
-1.4225820000000002
-1.4238099999999996
-1.426348
-1.4245919999999996
-1.4225820000000002
-1.4238099999999996
-1.426348
-1.4245919999999996
-1.4225820000000002
-1.4238099999999996
-1.426348
-1.4245919999999996
-1.4225820000000002
-1.4238099999999996
-1.426348
-1.4245919999999996
-1.4225820000000002
-1.4238099999999996
-1.426348
-1.4245919999999996
-1.4225820000000002
