0.8026979999999995
0.8026979999999995
0.8026979999999995
0.8026979999999995
0.8026979999999995
0.8026979999999995
0.8026979999999995
0.8026979999999995
0.8026979999999995
0.8026979999999995
0.8026979999999995
0.8026979999999995
0.8026979999999995
0.8026979999999995
0.8026979999999995
0.8026979999999995
0.8026979999999995
0.8026979999999995
0.8026979999999995
0.8026979999999995
0.8026979999999995
0.8026979999999995
0.8026979999999995
0.8026979999999995
0.8026979999999995
0.8026979999999995
0.8026979999999995
0.8026979999999995
0.8026979999999995
0.8026979999999995
0.8026979999999995
0.8026979999999995
0.8026979999999995
0.8026979999999995
0.8026979999999995
0.8026979999999995
0.8026979999999995
0.8026979999999995
0.8026979999999995
0.8026979999999995
0.8026979999999995
0.8026979999999995
0.8026979999999995
0.8026979999999995
0.8026979999999995
0.8026979999999995
0.8026979999999995
0.8026979999999995
0.8026979999999995
0.8026979999999995
0.8026979999999995
0.8026979999999995
0.8026979999999995
0.8026979999999995
0.8026979999999995
0.8026979999999995
0.8026979999999995
0.8026979999999995
0.8026979999999995
0.8026979999999995
0.8026979999999995
0.8026979999999995
0.8026979999999995
0.8026979999999995
-0.8026970000000002
-0.8026970000000002
-0.8026970000000002
-0.8026970000000002
-0.8026970000000002
-0.8026970000000002
-0.8026970000000002
-0.8026970000000002
-0.8026970000000002
-0.8026970000000002
-0.8026970000000002
-0.8026970000000002
-0.8026970000000002
-0.8026970000000002
-0.8026970000000002
-0.8026970000000002
-0.8026970000000002
-0.8026970000000002
-0.8026970000000002
-0.8026970000000002
-0.8026970000000002
-0.8026970000000002
-0.8026970000000002
-0.8026970000000002
-0.8026970000000002
-0.8026970000000002
-0.8026970000000002
-0.8026970000000002
-0.8026970000000002
-0.8026970000000002
-0.8026970000000002
-0.8026970000000002
-0.8026970000000002
-0.8026970000000002
-0.8026970000000002
-0.8026970000000002
-0.8026970000000002
-0.8026970000000002
-0.8026970000000002
-0.8026970000000002
-0.8026970000000002
-0.8026970000000002
-0.8026970000000002
-0.8026970000000002
-0.8026970000000002
-0.8026970000000002
-0.8026970000000002
-0.8026970000000002
-0.8026970000000002
-0.8026970000000002
-0.8026970000000002
-0.8026970000000002
-0.8026970000000002
-0.8026970000000002
-0.8026970000000002
-0.8026970000000002
-0.8026970000000002
-0.8026970000000002
-0.8026970000000002
-0.8026970000000002
-0.8026970000000002
-0.8026970000000002
-0.8026970000000002
-0.8026970000000002
