1.441172
1.4480179999999994
1.4447539999999996
1.4488029999999998
1.441172
1.4480179999999994
1.4447539999999996
1.4488029999999998
1.441172
1.4480179999999994
1.4447539999999996
1.4488029999999998
1.441172
1.4480179999999994
1.4447539999999996
1.4488029999999998
1.441172
1.4480179999999994
1.4447539999999996
1.4488029999999998
1.441172
1.4480179999999994
1.4447539999999996
1.4488029999999998
1.441172
1.4480179999999994
1.4447539999999996
1.4488029999999998
1.441172
1.4480179999999994
1.4447539999999996
1.4488029999999998
1.441172
1.4480179999999994
1.4447539999999996
1.4488029999999998
1.441172
1.4480179999999994
1.4447539999999996
1.4488029999999998
1.441172
1.4480179999999994
1.4447539999999996
1.4488029999999998
1.441172
1.4480179999999994
1.4447539999999996
1.4488029999999998
1.441172
1.4480179999999994
1.4447539999999996
1.4488029999999998
1.441172
1.4480179999999994
1.4447539999999996
1.4488029999999998
1.441172
1.4480179999999994
1.4447539999999996
1.4488029999999998
1.441172
1.4480179999999994
1.4447539999999996
1.4488029999999998
1.441172
1.4480179999999994
1.4447539999999996
1.4488029999999998
1.441172
1.4480179999999994
1.4447539999999996
1.4488029999999998
1.441172
1.4480179999999994
1.4447539999999996
1.4488029999999998
1.441172
1.4480179999999994
1.4447539999999996
1.4488029999999998
1.441172
1.4480179999999994
1.4447539999999996
1.4488029999999998
1.441172
1.4480179999999994
1.4447539999999996
1.4488029999999998
1.441172
1.4480179999999994
1.4447539999999996
1.4488029999999998
1.441172
1.4480179999999994
1.4447539999999996
1.4488029999999998
1.441172
1.4480179999999994
1.4447539999999996
1.4488029999999998
1.441172
1.4480179999999994
1.4447539999999996
1.4488029999999998
1.441172
1.4480179999999994
1.4447539999999996
1.4488029999999998
-1.445138
-1.445347
-1.4454159999999998
-1.4468490000000003
-1.445138
-1.445347
-1.4454159999999998
-1.4468490000000003
-1.445138
-1.445347
-1.4454159999999998
-1.4468490000000003
-1.445138
-1.445347
-1.4454159999999998
-1.4468490000000003
-1.445138
-1.445347
-1.4454159999999998
-1.4468490000000003
-1.445138
-1.445347
-1.4454159999999998
-1.4468490000000003
-1.445138
-1.445347
-1.4454159999999998
-1.4468490000000003
-1.445138
-1.445347
-1.4454159999999998
-1.4468490000000003
-1.445138
-1.445347
-1.4454159999999998
-1.4468490000000003
-1.445138
-1.445347
-1.4454159999999998
-1.4468490000000003
-1.445138
-1.445347
-1.4454159999999998
-1.4468490000000003
-1.445138
-1.445347
-1.4454159999999998
-1.4468490000000003
-1.445138
-1.445347
-1.4454159999999998
-1.4468490000000003
-1.445138
-1.445347
-1.4454159999999998
-1.4468490000000003
-1.445138
-1.445347
-1.4454159999999998
-1.4468490000000003
-1.445138
-1.445347
-1.4454159999999998
-1.4468490000000003
-1.445138
-1.445347
-1.4454159999999998
-1.4468490000000003
-1.445138
-1.445347
-1.4454159999999998
-1.4468490000000003
-1.445138
-1.445347
-1.4454159999999998
-1.4468490000000003
-1.445138
-1.445347
-1.4454159999999998
-1.4468490000000003
-1.445138
-1.445347
-1.4454159999999998
-1.4468490000000003
-1.445138
-1.445347
-1.4454159999999998
-1.4468490000000003
-1.445138
-1.445347
-1.4454159999999998
-1.4468490000000003
-1.445138
-1.445347
-1.4454159999999998
-1.4468490000000003
-1.445138
-1.445347
-1.4454159999999998
-1.4468490000000003
-1.445138
-1.445347
-1.4454159999999998
-1.4468490000000003
-1.445138
-1.445347
-1.4454159999999998
-1.4468490000000003
