1.2557189999999991
1.2557189999999991
1.2557189999999991
1.2557189999999991
1.2557189999999991
1.2557189999999991
1.2557189999999991
1.2557189999999991
1.2557189999999991
1.2557189999999991
1.2557189999999991
1.2557189999999991
1.2557189999999991
1.2557189999999991
1.2557189999999991
1.2557189999999991
1.2557189999999991
1.2557189999999991
1.2557189999999991
1.2557189999999991
1.2557189999999991
1.2557189999999991
1.2557189999999991
1.2557189999999991
1.2557189999999991
1.2557189999999991
1.2557189999999991
-1.255718
-1.255718
-1.255718
-1.255718
-1.255718
-1.255718
-1.255718
-1.255718
-1.255718
-1.255718
-1.255718
-1.255718
-1.255718
-1.255718
-1.255718
-1.255718
-1.255718
-1.255718
-1.255718
-1.255718
-1.255718
-1.255718
-1.255718
-1.255718
-1.255718
-1.255718
-1.255718
