1.3839120000000005
1.383388
1.3839120000000005
1.383388
1.3839120000000005
1.383388
1.3839120000000005
1.383388
1.3839120000000005
1.383388
1.3839120000000005
1.383388
1.3839120000000005
1.383388
1.3839120000000005
1.383388
1.3839120000000005
1.383388
1.3839120000000005
1.383388
1.3839120000000005
1.383388
1.3839120000000005
1.383388
1.3839120000000005
1.383388
1.3839120000000005
1.383388
1.3839120000000005
1.383388
1.3839120000000005
1.383388
1.3839120000000005
1.383388
1.3839120000000005
1.383388
1.3839120000000005
1.383388
1.3839120000000005
1.383388
1.3839120000000005
1.383388
1.3839120000000005
1.383388
1.3839120000000005
1.383388
1.3839120000000005
1.383388
1.3839120000000005
1.383388
1.3839120000000005
1.383388
1.3839120000000005
1.383388
1.3839120000000005
1.383388
1.3839120000000005
1.383388
1.3839120000000005
1.383388
1.3839120000000005
1.383388
1.3839120000000005
1.383388
1.3839120000000005
1.383388
1.3839120000000005
1.383388
1.3839120000000005
1.383388
1.3839120000000005
1.383388
1.3839120000000005
1.383388
1.3839120000000005
1.383388
1.3839120000000005
1.383388
1.3839120000000005
1.383388
1.3839120000000005
1.383388
1.3839120000000005
1.383388
1.3839120000000005
1.383388
1.3839120000000005
1.383388
1.3839120000000005
1.383388
1.3839120000000005
1.383388
1.3839120000000005
1.383388
1.3839120000000005
1.383388
-1.3828709999999997
-1.384429
-1.3828709999999997
-1.384429
-1.3828709999999997
-1.384429
-1.3828709999999997
-1.384429
-1.3828709999999997
-1.384429
-1.3828709999999997
-1.384429
-1.3828709999999997
-1.384429
-1.3828709999999997
-1.384429
-1.3828709999999997
-1.384429
-1.3828709999999997
-1.384429
-1.3828709999999997
-1.384429
-1.3828709999999997
-1.384429
-1.3828709999999997
-1.384429
-1.3828709999999997
-1.384429
-1.3828709999999997
-1.384429
-1.3828709999999997
-1.384429
-1.3828709999999997
-1.384429
-1.3828709999999997
-1.384429
-1.3828709999999997
-1.384429
-1.3828709999999997
-1.384429
-1.3828709999999997
-1.384429
-1.3828709999999997
-1.384429
-1.3828709999999997
-1.384429
-1.3828709999999997
-1.384429
-1.3828709999999997
-1.384429
-1.3828709999999997
-1.384429
-1.3828709999999997
-1.384429
-1.3828709999999997
-1.384429
-1.3828709999999997
-1.384429
-1.3828709999999997
-1.384429
-1.3828709999999997
-1.384429
-1.3828709999999997
-1.384429
-1.3828709999999997
-1.384429
-1.3828709999999997
-1.384429
-1.3828709999999997
-1.384429
-1.3828709999999997
-1.384429
-1.3828709999999997
-1.384429
-1.3828709999999997
-1.384429
-1.3828709999999997
-1.384429
-1.3828709999999997
-1.384429
-1.3828709999999997
-1.384429
-1.3828709999999997
-1.384429
-1.3828709999999997
-1.384429
-1.3828709999999997
-1.384429
-1.3828709999999997
-1.384429
-1.3828709999999997
-1.384429
-1.3828709999999997
-1.384429
-1.3828709999999997
-1.384429
