0.3386150000000008
0.3386150000000008
0.3386150000000008
0.3386150000000008
0.3386150000000008
0.3386150000000008
0.3386150000000008
0.3386150000000008
0.3386150000000008
0.3386150000000008
0.3386150000000008
0.3386150000000008
0.3386150000000008
0.3386150000000008
0.3386150000000008
0.3386150000000008
0.3386150000000008
0.3386150000000008
0.3386150000000008
0.3386150000000008
0.3386150000000008
0.3386150000000008
0.3386150000000008
0.3386150000000008
0.3386150000000008
0.3386150000000008
0.3386150000000008
0.3386150000000008
0.3386150000000008
0.3386150000000008
0.3386150000000008
0.3386150000000008
0.3386150000000008
0.3386150000000008
0.3386150000000008
0.3386150000000008
0.3386150000000008
0.3386150000000008
0.3386150000000008
0.3386150000000008
0.3386150000000008
0.3386150000000008
0.3386150000000008
0.3386150000000008
0.3386150000000008
0.3386150000000008
0.3386150000000008
0.3386150000000008
0.3386150000000008
0.3386150000000008
-0.3386149999999999
-0.3386149999999999
-0.3386149999999999
-0.3386149999999999
-0.3386149999999999
-0.3386149999999999
-0.3386149999999999
-0.3386149999999999
-0.3386149999999999
-0.3386149999999999
-0.3386149999999999
-0.3386149999999999
-0.3386149999999999
-0.3386149999999999
-0.3386149999999999
-0.3386149999999999
-0.3386149999999999
-0.3386149999999999
-0.3386149999999999
-0.3386149999999999
-0.3386149999999999
-0.3386149999999999
-0.3386149999999999
-0.3386149999999999
-0.3386149999999999
-0.3386149999999999
-0.3386149999999999
-0.3386149999999999
-0.3386149999999999
-0.3386149999999999
-0.3386149999999999
-0.3386149999999999
-0.3386149999999999
-0.3386149999999999
-0.3386149999999999
-0.3386149999999999
-0.3386149999999999
-0.3386149999999999
-0.3386149999999999
-0.3386149999999999
-0.3386149999999999
-0.3386149999999999
-0.3386149999999999
-0.3386149999999999
-0.3386149999999999
-0.3386149999999999
-0.3386149999999999
-0.3386149999999999
-0.3386149999999999
-0.3386149999999999
