1.424512
1.4012600000000006
1.424512
1.4012600000000006
1.424512
1.4012600000000006
1.424512
1.4012600000000006
1.424512
1.4012600000000006
1.424512
1.4012600000000006
1.424512
1.4012600000000006
1.424512
1.4012600000000006
1.424512
1.4012600000000006
1.424512
1.4012600000000006
1.424512
1.4012600000000006
1.424512
1.4012600000000006
1.424512
1.4012600000000006
1.424512
1.4012600000000006
1.424512
1.4012600000000006
1.424512
1.4012600000000006
1.424512
1.4012600000000006
1.424512
1.4012600000000006
1.424512
1.4012600000000006
1.424512
1.4012600000000006
1.424512
1.4012600000000006
1.424512
1.4012600000000006
1.424512
1.4012600000000006
1.424512
1.4012600000000006
1.424512
1.4012600000000006
1.424512
1.4012600000000006
1.424512
1.4012600000000006
1.424512
1.4012600000000006
1.424512
1.4012600000000006
1.424512
1.4012600000000006
1.424512
1.4012600000000006
1.424512
1.4012600000000006
1.424512
1.4012600000000006
1.424512
1.4012600000000006
1.424512
1.4012600000000006
1.424512
1.4012600000000006
1.424512
1.4012600000000006
1.424512
1.4012600000000006
1.424512
1.4012600000000006
1.424512
1.4012600000000006
1.424512
1.4012600000000006
1.424512
1.4012600000000006
1.424512
1.4012600000000006
1.424512
1.4012600000000006
1.424512
1.4012600000000006
-1.4122560000000002
-1.4135179999999998
-1.4122560000000002
-1.4135179999999998
-1.4122560000000002
-1.4135179999999998
-1.4122560000000002
-1.4135179999999998
-1.4122560000000002
-1.4135179999999998
-1.4122560000000002
-1.4135179999999998
-1.4122560000000002
-1.4135179999999998
-1.4122560000000002
-1.4135179999999998
-1.4122560000000002
-1.4135179999999998
-1.4122560000000002
-1.4135179999999998
-1.4122560000000002
-1.4135179999999998
-1.4122560000000002
-1.4135179999999998
-1.4122560000000002
-1.4135179999999998
-1.4122560000000002
-1.4135179999999998
-1.4122560000000002
-1.4135179999999998
-1.4122560000000002
-1.4135179999999998
-1.4122560000000002
-1.4135179999999998
-1.4122560000000002
-1.4135179999999998
-1.4122560000000002
-1.4135179999999998
-1.4122560000000002
-1.4135179999999998
-1.4122560000000002
-1.4135179999999998
-1.4122560000000002
-1.4135179999999998
-1.4122560000000002
-1.4135179999999998
-1.4122560000000002
-1.4135179999999998
-1.4122560000000002
-1.4135179999999998
-1.4122560000000002
-1.4135179999999998
-1.4122560000000002
-1.4135179999999998
-1.4122560000000002
-1.4135179999999998
-1.4122560000000002
-1.4135179999999998
-1.4122560000000002
-1.4135179999999998
-1.4122560000000002
-1.4135179999999998
-1.4122560000000002
-1.4135179999999998
-1.4122560000000002
-1.4135179999999998
-1.4122560000000002
-1.4135179999999998
-1.4122560000000002
-1.4135179999999998
-1.4122560000000002
-1.4135179999999998
-1.4122560000000002
-1.4135179999999998
-1.4122560000000002
-1.4135179999999998
-1.4122560000000002
-1.4135179999999998
-1.4122560000000002
-1.4135179999999998
-1.4122560000000002
-1.4135179999999998
-1.4122560000000002
-1.4135179999999998
-1.4122560000000002
-1.4135179999999998
-1.4122560000000002
-1.4135179999999998
-1.4122560000000002
-1.4135179999999998
