1.4446639999999995
1.4441749999999995
1.4446379999999994
1.4450160000000007
1.4446639999999995
1.4441749999999995
1.4446379999999994
1.4450160000000007
1.4446639999999995
1.4441749999999995
1.4446379999999994
1.4450160000000007
1.4446639999999995
1.4441749999999995
1.4446379999999994
1.4450160000000007
1.4446639999999995
1.4441749999999995
1.4446379999999994
1.4450160000000007
1.4446639999999995
1.4441749999999995
1.4446379999999994
1.4450160000000007
1.4446639999999995
1.4441749999999995
1.4446379999999994
1.4450160000000007
1.4446639999999995
1.4441749999999995
1.4446379999999994
1.4450160000000007
1.4446639999999995
1.4441749999999995
1.4446379999999994
1.4450160000000007
1.4446639999999995
1.4441749999999995
1.4446379999999994
1.4450160000000007
1.4446639999999995
1.4441749999999995
1.4446379999999994
1.4450160000000007
1.4446639999999995
1.4441749999999995
1.4446379999999994
1.4450160000000007
1.4446639999999995
1.4441749999999995
1.4446379999999994
1.4450160000000007
1.4446639999999995
1.4441749999999995
1.4446379999999994
1.4450160000000007
1.4446639999999995
1.4441749999999995
1.4446379999999994
1.4450160000000007
1.4446639999999995
1.4441749999999995
1.4446379999999994
1.4450160000000007
1.4446639999999995
1.4441749999999995
1.4446379999999994
1.4450160000000007
1.4446639999999995
1.4441749999999995
1.4446379999999994
1.4450160000000007
1.4446639999999995
1.4441749999999995
1.4446379999999994
1.4450160000000007
1.4446639999999995
1.4441749999999995
1.4446379999999994
1.4450160000000007
1.4446639999999995
1.4441749999999995
1.4446379999999994
1.4450160000000007
1.4446639999999995
1.4441749999999995
1.4446379999999994
1.4450160000000007
1.4446639999999995
1.4441749999999995
1.4446379999999994
1.4450160000000007
1.4446639999999995
1.4441749999999995
1.4446379999999994
1.4450160000000007
1.4446639999999995
1.4441749999999995
1.4446379999999994
1.4450160000000007
1.4446639999999995
1.4441749999999995
1.4446379999999994
1.4450160000000007
1.4446639999999995
1.4441749999999995
1.4446379999999994
1.4450160000000007
-1.4446570000000003
-1.4447130000000001
-1.4446719999999997
-1.4444489999999996
-1.4446570000000003
-1.4447130000000001
-1.4446719999999997
-1.4444489999999996
-1.4446570000000003
-1.4447130000000001
-1.4446719999999997
-1.4444489999999996
-1.4446570000000003
-1.4447130000000001
-1.4446719999999997
-1.4444489999999996
-1.4446570000000003
-1.4447130000000001
-1.4446719999999997
-1.4444489999999996
-1.4446570000000003
-1.4447130000000001
-1.4446719999999997
-1.4444489999999996
-1.4446570000000003
-1.4447130000000001
-1.4446719999999997
-1.4444489999999996
-1.4446570000000003
-1.4447130000000001
-1.4446719999999997
-1.4444489999999996
-1.4446570000000003
-1.4447130000000001
-1.4446719999999997
-1.4444489999999996
-1.4446570000000003
-1.4447130000000001
-1.4446719999999997
-1.4444489999999996
-1.4446570000000003
-1.4447130000000001
-1.4446719999999997
-1.4444489999999996
-1.4446570000000003
-1.4447130000000001
-1.4446719999999997
-1.4444489999999996
-1.4446570000000003
-1.4447130000000001
-1.4446719999999997
-1.4444489999999996
-1.4446570000000003
-1.4447130000000001
-1.4446719999999997
-1.4444489999999996
-1.4446570000000003
-1.4447130000000001
-1.4446719999999997
-1.4444489999999996
-1.4446570000000003
-1.4447130000000001
-1.4446719999999997
-1.4444489999999996
-1.4446570000000003
-1.4447130000000001
-1.4446719999999997
-1.4444489999999996
-1.4446570000000003
-1.4447130000000001
-1.4446719999999997
-1.4444489999999996
-1.4446570000000003
-1.4447130000000001
-1.4446719999999997
-1.4444489999999996
-1.4446570000000003
-1.4447130000000001
-1.4446719999999997
-1.4444489999999996
-1.4446570000000003
-1.4447130000000001
-1.4446719999999997
-1.4444489999999996
-1.4446570000000003
-1.4447130000000001
-1.4446719999999997
-1.4444489999999996
-1.4446570000000003
-1.4447130000000001
-1.4446719999999997
-1.4444489999999996
-1.4446570000000003
-1.4447130000000001
-1.4446719999999997
-1.4444489999999996
-1.4446570000000003
-1.4447130000000001
-1.4446719999999997
-1.4444489999999996
-1.4446570000000003
-1.4447130000000001
-1.4446719999999997
-1.4444489999999996
-1.4446570000000003
-1.4447130000000001
-1.4446719999999997
-1.4444489999999996
