1.3483070000000001
1.3453909999999993
1.3483070000000001
1.3453909999999993
1.3483070000000001
1.3453909999999993
1.3483070000000001
1.3453909999999993
1.3483070000000001
1.3453909999999993
1.3483070000000001
1.3453909999999993
1.3483070000000001
1.3453909999999993
1.3483070000000001
1.3453909999999993
1.3483070000000001
1.3453909999999993
1.3483070000000001
1.3453909999999993
1.3483070000000001
1.3453909999999993
1.3483070000000001
1.3453909999999993
1.3483070000000001
1.3453909999999993
1.3483070000000001
1.3453909999999993
1.3483070000000001
1.3453909999999993
1.3483070000000001
1.3453909999999993
1.3483070000000001
1.3453909999999993
1.3483070000000001
1.3453909999999993
1.3483070000000001
1.3453909999999993
1.3483070000000001
1.3453909999999993
1.3483070000000001
1.3453909999999993
1.3483070000000001
1.3453909999999993
1.3483070000000001
1.3453909999999993
1.3483070000000001
1.3453909999999993
1.3483070000000001
1.3453909999999993
1.3483070000000001
1.3453909999999993
1.3483070000000001
1.3453909999999993
1.3483070000000001
1.3453909999999993
1.3483070000000001
1.3453909999999993
1.3483070000000001
1.3453909999999993
1.3483070000000001
1.3453909999999993
1.3483070000000001
1.3453909999999993
1.3483070000000001
1.3453909999999993
1.3483070000000001
1.3453909999999993
1.3483070000000001
1.3453909999999993
1.3483070000000001
1.3453909999999993
1.3483070000000001
1.3453909999999993
1.3483070000000001
1.3453909999999993
1.3483070000000001
1.3453909999999993
1.3483070000000001
1.3453909999999993
1.3483070000000001
1.3453909999999993
1.3483070000000001
1.3453909999999993
1.3483070000000001
1.3453909999999993
1.3483070000000001
1.3453909999999993
1.3483070000000001
1.3453909999999993
1.3483070000000001
1.3453909999999993
1.3483070000000001
1.3453909999999993
1.3483070000000001
1.3453909999999993
1.3483070000000001
1.3453909999999993
1.3483070000000001
1.3453909999999993
1.3483070000000001
1.3453909999999993
1.3483070000000001
1.3453909999999993
1.3483070000000001
1.3453909999999993
1.3483070000000001
1.3453909999999993
1.3483070000000001
1.3453909999999993
1.3483070000000001
1.3453909999999993
1.3483070000000001
1.3453909999999993
1.3483070000000001
1.3453909999999993
1.3483070000000001
1.3453909999999993
1.3483070000000001
1.3453909999999993
-1.361872
-1.3318260000000004
-1.361872
-1.3318260000000004
-1.361872
-1.3318260000000004
-1.361872
-1.3318260000000004
-1.361872
-1.3318260000000004
-1.361872
-1.3318260000000004
-1.361872
-1.3318260000000004
-1.361872
-1.3318260000000004
-1.361872
-1.3318260000000004
-1.361872
-1.3318260000000004
-1.361872
-1.3318260000000004
-1.361872
-1.3318260000000004
-1.361872
-1.3318260000000004
-1.361872
-1.3318260000000004
-1.361872
-1.3318260000000004
-1.361872
-1.3318260000000004
-1.361872
-1.3318260000000004
-1.361872
-1.3318260000000004
-1.361872
-1.3318260000000004
-1.361872
-1.3318260000000004
-1.361872
-1.3318260000000004
-1.361872
-1.3318260000000004
-1.361872
-1.3318260000000004
-1.361872
-1.3318260000000004
-1.361872
-1.3318260000000004
-1.361872
-1.3318260000000004
-1.361872
-1.3318260000000004
-1.361872
-1.3318260000000004
-1.361872
-1.3318260000000004
-1.361872
-1.3318260000000004
-1.361872
-1.3318260000000004
-1.361872
-1.3318260000000004
-1.361872
-1.3318260000000004
-1.361872
-1.3318260000000004
-1.361872
-1.3318260000000004
-1.361872
-1.3318260000000004
-1.361872
-1.3318260000000004
-1.361872
-1.3318260000000004
-1.361872
-1.3318260000000004
-1.361872
-1.3318260000000004
-1.361872
-1.3318260000000004
-1.361872
-1.3318260000000004
-1.361872
-1.3318260000000004
-1.361872
-1.3318260000000004
-1.361872
-1.3318260000000004
-1.361872
-1.3318260000000004
-1.361872
-1.3318260000000004
-1.361872
-1.3318260000000004
-1.361872
-1.3318260000000004
-1.361872
-1.3318260000000004
-1.361872
-1.3318260000000004
-1.361872
-1.3318260000000004
-1.361872
-1.3318260000000004
-1.361872
-1.3318260000000004
-1.361872
-1.3318260000000004
-1.361872
-1.3318260000000004
-1.361872
-1.3318260000000004
-1.361872
-1.3318260000000004
-1.361872
-1.3318260000000004
-1.361872
-1.3318260000000004
