1.3992780000000007
1.3992889999999996
1.3992780000000007
1.3992889999999996
1.3992780000000007
1.3992889999999996
1.3992780000000007
1.3992889999999996
1.3992780000000007
1.3992889999999996
1.3992780000000007
1.3992889999999996
1.3992780000000007
1.3992889999999996
1.3992780000000007
1.3992889999999996
1.3992780000000007
1.3992889999999996
1.3992780000000007
1.3992889999999996
1.3992780000000007
1.3992889999999996
1.3992780000000007
1.3992889999999996
1.3992780000000007
1.3992889999999996
1.3992780000000007
1.3992889999999996
1.3992780000000007
1.3992889999999996
1.3992780000000007
1.3992889999999996
1.3992780000000007
1.3992889999999996
1.3992780000000007
1.3992889999999996
1.3992780000000007
1.3992889999999996
1.3992780000000007
1.3992889999999996
1.3992780000000007
1.3992889999999996
1.3992780000000007
1.3992889999999996
1.3992780000000007
1.3992889999999996
1.3992780000000007
1.3992889999999996
1.3992780000000007
1.3992889999999996
1.3992780000000007
1.3992889999999996
1.3992780000000007
1.3992889999999996
1.3992780000000007
1.3992889999999996
1.3992780000000007
1.3992889999999996
1.3992780000000007
1.3992889999999996
1.3992780000000007
1.3992889999999996
1.3992780000000007
1.3992889999999996
1.3992780000000007
1.3992889999999996
1.3992780000000007
1.3992889999999996
1.3992780000000007
1.3992889999999996
1.3992780000000007
1.3992889999999996
1.3992780000000007
1.3992889999999996
1.3992780000000007
1.3992889999999996
1.3992780000000007
1.3992889999999996
1.3992780000000007
1.3992889999999996
1.3992780000000007
1.3992889999999996
1.3992780000000007
1.3992889999999996
1.3992780000000007
1.3992889999999996
1.3992780000000007
1.3992889999999996
1.3992780000000007
1.3992889999999996
-1.399069
-1.3994970000000002
-1.399069
-1.3994970000000002
-1.399069
-1.3994970000000002
-1.399069
-1.3994970000000002
-1.399069
-1.3994970000000002
-1.399069
-1.3994970000000002
-1.399069
-1.3994970000000002
-1.399069
-1.3994970000000002
-1.399069
-1.3994970000000002
-1.399069
-1.3994970000000002
-1.399069
-1.3994970000000002
-1.399069
-1.3994970000000002
-1.399069
-1.3994970000000002
-1.399069
-1.3994970000000002
-1.399069
-1.3994970000000002
-1.399069
-1.3994970000000002
-1.399069
-1.3994970000000002
-1.399069
-1.3994970000000002
-1.399069
-1.3994970000000002
-1.399069
-1.3994970000000002
-1.399069
-1.3994970000000002
-1.399069
-1.3994970000000002
-1.399069
-1.3994970000000002
-1.399069
-1.3994970000000002
-1.399069
-1.3994970000000002
-1.399069
-1.3994970000000002
-1.399069
-1.3994970000000002
-1.399069
-1.3994970000000002
-1.399069
-1.3994970000000002
-1.399069
-1.3994970000000002
-1.399069
-1.3994970000000002
-1.399069
-1.3994970000000002
-1.399069
-1.3994970000000002
-1.399069
-1.3994970000000002
-1.399069
-1.3994970000000002
-1.399069
-1.3994970000000002
-1.399069
-1.3994970000000002
-1.399069
-1.3994970000000002
-1.399069
-1.3994970000000002
-1.399069
-1.3994970000000002
-1.399069
-1.3994970000000002
-1.399069
-1.3994970000000002
-1.399069
-1.3994970000000002
-1.399069
-1.3994970000000002
-1.399069
-1.3994970000000002
