1.1883669999999995
1.1883669999999995
1.1883669999999995
1.1883669999999995
1.1883669999999995
1.1883669999999995
1.1883669999999995
1.1883669999999995
1.1883669999999995
1.1883669999999995
1.1883669999999995
1.1883669999999995
1.1883669999999995
1.1883669999999995
1.1883669999999995
1.1883669999999995
1.1883669999999995
1.1883669999999995
1.1883669999999995
1.1883669999999995
1.1883669999999995
1.1883669999999995
1.1883669999999995
1.1883669999999995
1.1883669999999995
1.1883669999999995
1.1883669999999995
-1.1883689999999998
-1.1883689999999998
-1.1883689999999998
-1.1883689999999998
-1.1883689999999998
-1.1883689999999998
-1.1883689999999998
-1.1883689999999998
-1.1883689999999998
-1.1883689999999998
-1.1883689999999998
-1.1883689999999998
-1.1883689999999998
-1.1883689999999998
-1.1883689999999998
-1.1883689999999998
-1.1883689999999998
-1.1883689999999998
-1.1883689999999998
-1.1883689999999998
-1.1883689999999998
-1.1883689999999998
-1.1883689999999998
-1.1883689999999998
-1.1883689999999998
-1.1883689999999998
-1.1883689999999998
