1.4612010000000009
1.4612010000000009
1.4612010000000009
1.4612010000000009
1.4612010000000009
1.4612010000000009
1.4612010000000009
1.4612010000000009
1.4612010000000009
1.4612010000000009
1.4612010000000009
1.4612010000000009
1.4612010000000009
1.4612010000000009
1.4612010000000009
1.4612010000000009
1.4612010000000009
1.4612010000000009
1.4612010000000009
1.4612010000000009
1.4612010000000009
1.4612010000000009
1.4612010000000009
1.4612010000000009
1.4612010000000009
1.4612010000000009
1.4612010000000009
1.4612010000000009
1.4612010000000009
1.4612010000000009
1.4612010000000009
1.4612010000000009
1.4612010000000009
1.4612010000000009
1.4612010000000009
1.4612010000000009
1.4612010000000009
1.4612010000000009
1.4612010000000009
1.4612010000000009
1.4612010000000009
1.4612010000000009
1.4612010000000009
1.4612010000000009
1.4612010000000009
1.4612010000000009
1.4612010000000009
1.4612010000000009
1.4612010000000009
1.4612010000000009
1.4612010000000009
1.4612010000000009
1.4612010000000009
1.4612010000000009
1.4612010000000009
1.4612010000000009
1.4612010000000009
1.4612010000000009
1.4612010000000009
1.4612010000000009
1.4612010000000009
1.4612010000000009
1.4612010000000009
1.4612010000000009
-1.4612049999999996
-1.4612049999999996
-1.4612049999999996
-1.4612049999999996
-1.4612049999999996
-1.4612049999999996
-1.4612049999999996
-1.4612049999999996
-1.4612049999999996
-1.4612049999999996
-1.4612049999999996
-1.4612049999999996
-1.4612049999999996
-1.4612049999999996
-1.4612049999999996
-1.4612049999999996
-1.4612049999999996
-1.4612049999999996
-1.4612049999999996
-1.4612049999999996
-1.4612049999999996
-1.4612049999999996
-1.4612049999999996
-1.4612049999999996
-1.4612049999999996
-1.4612049999999996
-1.4612049999999996
-1.4612049999999996
-1.4612049999999996
-1.4612049999999996
-1.4612049999999996
-1.4612049999999996
-1.4612049999999996
-1.4612049999999996
-1.4612049999999996
-1.4612049999999996
-1.4612049999999996
-1.4612049999999996
-1.4612049999999996
-1.4612049999999996
-1.4612049999999996
-1.4612049999999996
-1.4612049999999996
-1.4612049999999996
-1.4612049999999996
-1.4612049999999996
-1.4612049999999996
-1.4612049999999996
-1.4612049999999996
-1.4612049999999996
-1.4612049999999996
-1.4612049999999996
-1.4612049999999996
-1.4612049999999996
-1.4612049999999996
-1.4612049999999996
-1.4612049999999996
-1.4612049999999996
-1.4612049999999996
-1.4612049999999996
-1.4612049999999996
-1.4612049999999996
-1.4612049999999996
-1.4612049999999996
