1.0788569999999993
1.0788569999999993
1.0788569999999993
1.0788569999999993
1.0788569999999993
1.0788569999999993
1.0788569999999993
1.0788569999999993
1.0788569999999993
1.0788569999999993
1.0788569999999993
1.0788569999999993
1.0788569999999993
1.0788569999999993
1.0788569999999993
1.0788569999999993
1.0788569999999993
1.0788569999999993
1.0788569999999993
1.0788569999999993
1.0788569999999993
1.0788569999999993
1.0788569999999993
1.0788569999999993
1.0788569999999993
1.0788569999999993
1.0788569999999993
-1.0788570000000002
-1.0788570000000002
-1.0788570000000002
-1.0788570000000002
-1.0788570000000002
-1.0788570000000002
-1.0788570000000002
-1.0788570000000002
-1.0788570000000002
-1.0788570000000002
-1.0788570000000002
-1.0788570000000002
-1.0788570000000002
-1.0788570000000002
-1.0788570000000002
-1.0788570000000002
-1.0788570000000002
-1.0788570000000002
-1.0788570000000002
-1.0788570000000002
-1.0788570000000002
-1.0788570000000002
-1.0788570000000002
-1.0788570000000002
-1.0788570000000002
-1.0788570000000002
-1.0788570000000002
