1.3305450000000008
1.3389070000000007
1.3305450000000008
1.3389070000000007
1.3305450000000008
1.3389070000000007
1.3305450000000008
1.3389070000000007
1.3305450000000008
1.3389070000000007
1.3305450000000008
1.3389070000000007
1.3305450000000008
1.3389070000000007
1.3305450000000008
1.3389070000000007
1.3305450000000008
1.3389070000000007
1.3305450000000008
1.3389070000000007
1.3305450000000008
1.3389070000000007
1.3305450000000008
1.3389070000000007
1.3305450000000008
1.3389070000000007
1.3305450000000008
1.3389070000000007
1.3305450000000008
1.3389070000000007
1.3305450000000008
1.3389070000000007
1.3305450000000008
1.3389070000000007
1.3305450000000008
1.3389070000000007
1.3305450000000008
1.3389070000000007
1.3305450000000008
1.3389070000000007
1.3305450000000008
1.3389070000000007
1.3305450000000008
1.3389070000000007
1.3305450000000008
1.3389070000000007
1.3305450000000008
1.3389070000000007
1.3305450000000008
1.3389070000000007
1.3305450000000008
1.3389070000000007
1.3305450000000008
1.3389070000000007
1.3305450000000008
1.3389070000000007
1.3305450000000008
1.3389070000000007
1.3305450000000008
1.3389070000000007
1.3305450000000008
1.3389070000000007
1.3305450000000008
1.3389070000000007
1.3305450000000008
1.3389070000000007
1.3305450000000008
1.3389070000000007
1.3305450000000008
1.3389070000000007
1.3305450000000008
1.3389070000000007
1.3305450000000008
1.3389070000000007
1.3305450000000008
1.3389070000000007
1.3305450000000008
1.3389070000000007
1.3305450000000008
1.3389070000000007
1.3305450000000008
1.3389070000000007
1.3305450000000008
1.3389070000000007
1.3305450000000008
1.3389070000000007
1.3305450000000008
1.3389070000000007
1.3305450000000008
1.3389070000000007
1.3305450000000008
1.3389070000000007
1.3305450000000008
1.3389070000000007
1.3305450000000008
1.3389070000000007
1.3305450000000008
1.3389070000000007
1.3305450000000008
1.3389070000000007
1.3305450000000008
1.3389070000000007
1.3305450000000008
1.3389070000000007
1.3305450000000008
1.3389070000000007
1.3305450000000008
1.3389070000000007
1.3305450000000008
1.3389070000000007
1.3305450000000008
1.3389070000000007
1.3305450000000008
1.3389070000000007
1.3305450000000008
1.3389070000000007
1.3305450000000008
1.3389070000000007
1.3305450000000008
1.3389070000000007
-1.3321379999999996
-1.3373150000000003
-1.3321379999999996
-1.3373150000000003
-1.3321379999999996
-1.3373150000000003
-1.3321379999999996
-1.3373150000000003
-1.3321379999999996
-1.3373150000000003
-1.3321379999999996
-1.3373150000000003
-1.3321379999999996
-1.3373150000000003
-1.3321379999999996
-1.3373150000000003
-1.3321379999999996
-1.3373150000000003
-1.3321379999999996
-1.3373150000000003
-1.3321379999999996
-1.3373150000000003
-1.3321379999999996
-1.3373150000000003
-1.3321379999999996
-1.3373150000000003
-1.3321379999999996
-1.3373150000000003
-1.3321379999999996
-1.3373150000000003
-1.3321379999999996
-1.3373150000000003
-1.3321379999999996
-1.3373150000000003
-1.3321379999999996
-1.3373150000000003
-1.3321379999999996
-1.3373150000000003
-1.3321379999999996
-1.3373150000000003
-1.3321379999999996
-1.3373150000000003
-1.3321379999999996
-1.3373150000000003
-1.3321379999999996
-1.3373150000000003
-1.3321379999999996
-1.3373150000000003
-1.3321379999999996
-1.3373150000000003
-1.3321379999999996
-1.3373150000000003
-1.3321379999999996
-1.3373150000000003
-1.3321379999999996
-1.3373150000000003
-1.3321379999999996
-1.3373150000000003
-1.3321379999999996
-1.3373150000000003
-1.3321379999999996
-1.3373150000000003
-1.3321379999999996
-1.3373150000000003
-1.3321379999999996
-1.3373150000000003
-1.3321379999999996
-1.3373150000000003
-1.3321379999999996
-1.3373150000000003
-1.3321379999999996
-1.3373150000000003
-1.3321379999999996
-1.3373150000000003
-1.3321379999999996
-1.3373150000000003
-1.3321379999999996
-1.3373150000000003
-1.3321379999999996
-1.3373150000000003
-1.3321379999999996
-1.3373150000000003
-1.3321379999999996
-1.3373150000000003
-1.3321379999999996
-1.3373150000000003
-1.3321379999999996
-1.3373150000000003
-1.3321379999999996
-1.3373150000000003
-1.3321379999999996
-1.3373150000000003
-1.3321379999999996
-1.3373150000000003
-1.3321379999999996
-1.3373150000000003
-1.3321379999999996
-1.3373150000000003
-1.3321379999999996
-1.3373150000000003
-1.3321379999999996
-1.3373150000000003
-1.3321379999999996
-1.3373150000000003
-1.3321379999999996
-1.3373150000000003
-1.3321379999999996
-1.3373150000000003
-1.3321379999999996
-1.3373150000000003
-1.3321379999999996
-1.3373150000000003
-1.3321379999999996
-1.3373150000000003
-1.3321379999999996
-1.3373150000000003
-1.3321379999999996
-1.3373150000000003
-1.3321379999999996
-1.3373150000000003
