1.3449030000000004
1.3394659999999998
1.3449030000000004
1.3394659999999998
1.3449030000000004
1.3394659999999998
1.3449030000000004
1.3394659999999998
1.3449030000000004
1.3394659999999998
1.3449030000000004
1.3394659999999998
1.3449030000000004
1.3394659999999998
1.3449030000000004
1.3394659999999998
1.3449030000000004
1.3394659999999998
1.3449030000000004
1.3394659999999998
1.3449030000000004
1.3394659999999998
1.3449030000000004
1.3394659999999998
1.3449030000000004
1.3394659999999998
1.3449030000000004
1.3394659999999998
1.3449030000000004
1.3394659999999998
1.3449030000000004
1.3394659999999998
1.3449030000000004
1.3394659999999998
1.3449030000000004
1.3394659999999998
1.3449030000000004
1.3394659999999998
1.3449030000000004
1.3394659999999998
1.3449030000000004
1.3394659999999998
1.3449030000000004
1.3394659999999998
1.3449030000000004
1.3394659999999998
1.3449030000000004
1.3394659999999998
1.3449030000000004
1.3394659999999998
1.3449030000000004
1.3394659999999998
1.3449030000000004
1.3394659999999998
1.3449030000000004
1.3394659999999998
1.3449030000000004
1.3394659999999998
1.3449030000000004
1.3394659999999998
1.3449030000000004
1.3394659999999998
1.3449030000000004
1.3394659999999998
1.3449030000000004
1.3394659999999998
1.3449030000000004
1.3394659999999998
1.3449030000000004
1.3394659999999998
1.3449030000000004
1.3394659999999998
1.3449030000000004
1.3394659999999998
1.3449030000000004
1.3394659999999998
1.3449030000000004
1.3394659999999998
1.3449030000000004
1.3394659999999998
1.3449030000000004
1.3394659999999998
1.3449030000000004
1.3394659999999998
1.3449030000000004
1.3394659999999998
1.3449030000000004
1.3394659999999998
1.3449030000000004
1.3394659999999998
1.3449030000000004
1.3394659999999998
1.3449030000000004
1.3394659999999998
1.3449030000000004
1.3394659999999998
1.3449030000000004
1.3394659999999998
1.3449030000000004
1.3394659999999998
1.3449030000000004
1.3394659999999998
1.3449030000000004
1.3394659999999998
1.3449030000000004
1.3394659999999998
1.3449030000000004
1.3394659999999998
1.3449030000000004
1.3394659999999998
1.3449030000000004
1.3394659999999998
1.3449030000000004
1.3394659999999998
1.3449030000000004
1.3394659999999998
1.3449030000000004
1.3394659999999998
1.3449030000000004
1.3394659999999998
-1.3441349999999996
-1.3402329999999996
-1.3441349999999996
-1.3402329999999996
-1.3441349999999996
-1.3402329999999996
-1.3441349999999996
-1.3402329999999996
-1.3441349999999996
-1.3402329999999996
-1.3441349999999996
-1.3402329999999996
-1.3441349999999996
-1.3402329999999996
-1.3441349999999996
-1.3402329999999996
-1.3441349999999996
-1.3402329999999996
-1.3441349999999996
-1.3402329999999996
-1.3441349999999996
-1.3402329999999996
-1.3441349999999996
-1.3402329999999996
-1.3441349999999996
-1.3402329999999996
-1.3441349999999996
-1.3402329999999996
-1.3441349999999996
-1.3402329999999996
-1.3441349999999996
-1.3402329999999996
-1.3441349999999996
-1.3402329999999996
-1.3441349999999996
-1.3402329999999996
-1.3441349999999996
-1.3402329999999996
-1.3441349999999996
-1.3402329999999996
-1.3441349999999996
-1.3402329999999996
-1.3441349999999996
-1.3402329999999996
-1.3441349999999996
-1.3402329999999996
-1.3441349999999996
-1.3402329999999996
-1.3441349999999996
-1.3402329999999996
-1.3441349999999996
-1.3402329999999996
-1.3441349999999996
-1.3402329999999996
-1.3441349999999996
-1.3402329999999996
-1.3441349999999996
-1.3402329999999996
-1.3441349999999996
-1.3402329999999996
-1.3441349999999996
-1.3402329999999996
-1.3441349999999996
-1.3402329999999996
-1.3441349999999996
-1.3402329999999996
-1.3441349999999996
-1.3402329999999996
-1.3441349999999996
-1.3402329999999996
-1.3441349999999996
-1.3402329999999996
-1.3441349999999996
-1.3402329999999996
-1.3441349999999996
-1.3402329999999996
-1.3441349999999996
-1.3402329999999996
-1.3441349999999996
-1.3402329999999996
-1.3441349999999996
-1.3402329999999996
-1.3441349999999996
-1.3402329999999996
-1.3441349999999996
-1.3402329999999996
-1.3441349999999996
-1.3402329999999996
-1.3441349999999996
-1.3402329999999996
-1.3441349999999996
-1.3402329999999996
-1.3441349999999996
-1.3402329999999996
-1.3441349999999996
-1.3402329999999996
-1.3441349999999996
-1.3402329999999996
-1.3441349999999996
-1.3402329999999996
-1.3441349999999996
-1.3402329999999996
-1.3441349999999996
-1.3402329999999996
-1.3441349999999996
-1.3402329999999996
-1.3441349999999996
-1.3402329999999996
-1.3441349999999996
-1.3402329999999996
-1.3441349999999996
-1.3402329999999996
-1.3441349999999996
-1.3402329999999996
-1.3441349999999996
-1.3402329999999996
-1.3441349999999996
-1.3402329999999996
-1.3441349999999996
-1.3402329999999996
