1.3752460000000006
1.1545869999999994
1.2828099999999996
1.2616429999999994
1.3752460000000006
1.1545869999999994
1.2828099999999996
1.2616429999999994
1.3752460000000006
1.1545869999999994
1.2828099999999996
1.2616429999999994
1.3752460000000006
1.1545869999999994
1.2828099999999996
1.2616429999999994
1.3752460000000006
1.1545869999999994
1.2828099999999996
1.2616429999999994
1.3752460000000006
1.1545869999999994
1.2828099999999996
1.2616429999999994
1.3752460000000006
1.1545869999999994
1.2828099999999996
1.2616429999999994
1.3752460000000006
1.1545869999999994
1.2828099999999996
1.2616429999999994
1.3752460000000006
1.1545869999999994
1.2828099999999996
1.2616429999999994
1.3752460000000006
1.1545869999999994
1.2828099999999996
1.2616429999999994
1.3752460000000006
1.1545869999999994
1.2828099999999996
1.2616429999999994
1.3752460000000006
1.1545869999999994
1.2828099999999996
1.2616429999999994
1.3752460000000006
1.1545869999999994
1.2828099999999996
1.2616429999999994
1.3752460000000006
1.1545869999999994
1.2828099999999996
1.2616429999999994
1.3752460000000006
1.1545869999999994
1.2828099999999996
1.2616429999999994
1.3752460000000006
1.1545869999999994
1.2828099999999996
1.2616429999999994
1.3752460000000006
1.1545869999999994
1.2828099999999996
1.2616429999999994
1.3752460000000006
1.1545869999999994
1.2828099999999996
1.2616429999999994
1.3752460000000006
1.1545869999999994
1.2828099999999996
1.2616429999999994
1.3752460000000006
1.1545869999999994
1.2828099999999996
1.2616429999999994
1.3752460000000006
1.1545869999999994
1.2828099999999996
1.2616429999999994
1.3752460000000006
1.1545869999999994
1.2828099999999996
1.2616429999999994
1.3752460000000006
1.1545869999999994
1.2828099999999996
1.2616429999999994
1.3752460000000006
1.1545869999999994
1.2828099999999996
1.2616429999999994
1.3752460000000006
1.1545869999999994
1.2828099999999996
1.2616429999999994
1.3752460000000006
1.1545869999999994
1.2828099999999996
1.2616429999999994
1.3752460000000006
1.1545869999999994
1.2828099999999996
1.2616429999999994
1.3752460000000006
1.1545869999999994
1.2828099999999996
1.2616429999999994
1.3752460000000006
1.1545869999999994
1.2828099999999996
1.2616429999999994
1.3752460000000006
1.1545869999999994
1.2828099999999996
1.2616429999999994
1.3752460000000006
1.1545869999999994
1.2828099999999996
1.2616429999999994
1.3752460000000006
1.1545869999999994
1.2828099999999996
1.2616429999999994
1.3752460000000006
1.1545869999999994
1.2828099999999996
1.2616429999999994
1.3752460000000006
1.1545869999999994
1.2828099999999996
1.2616429999999994
1.3752460000000006
1.1545869999999994
1.2828099999999996
1.2616429999999994
1.3752460000000006
1.1545869999999994
1.2828099999999996
1.2616429999999994
1.3752460000000006
1.1545869999999994
1.2828099999999996
1.2616429999999994
1.3752460000000006
1.1545869999999994
1.2828099999999996
1.2616429999999994
1.3752460000000006
1.1545869999999994
1.2828099999999996
1.2616429999999994
1.3752460000000006
1.1545869999999994
1.2828099999999996
1.2616429999999994
1.3752460000000006
1.1545869999999994
1.2828099999999996
1.2616429999999994
1.3752460000000006
1.1545869999999994
1.2828099999999996
1.2616429999999994
1.3752460000000006
1.1545869999999994
1.2828099999999996
1.2616429999999994
1.3752460000000006
1.1545869999999994
1.2828099999999996
1.2616429999999994
1.3752460000000006
1.1545869999999994
1.2828099999999996
1.2616429999999994
1.3752460000000006
1.1545869999999994
1.2828099999999996
1.2616429999999994
1.3752460000000006
1.1545869999999994
1.2828099999999996
1.2616429999999994
1.3752460000000006
1.1545869999999994
1.2828099999999996
1.2616429999999994
1.3752460000000006
1.1545869999999994
1.2828099999999996
1.2616429999999994
1.3752460000000006
1.1545869999999994
1.2828099999999996
1.2616429999999994
-1.2825800000000003
-1.280525
-1.246194
-1.2649860000000004
-1.2825800000000003
-1.280525
-1.246194
-1.2649860000000004
-1.2825800000000003
-1.280525
-1.246194
-1.2649860000000004
-1.2825800000000003
-1.280525
-1.246194
-1.2649860000000004
-1.2825800000000003
-1.280525
-1.246194
-1.2649860000000004
-1.2825800000000003
-1.280525
-1.246194
-1.2649860000000004
-1.2825800000000003
-1.280525
-1.246194
-1.2649860000000004
-1.2825800000000003
-1.280525
-1.246194
-1.2649860000000004
-1.2825800000000003
-1.280525
-1.246194
-1.2649860000000004
-1.2825800000000003
-1.280525
-1.246194
-1.2649860000000004
-1.2825800000000003
-1.280525
-1.246194
-1.2649860000000004
-1.2825800000000003
-1.280525
-1.246194
-1.2649860000000004
-1.2825800000000003
-1.280525
-1.246194
-1.2649860000000004
-1.2825800000000003
-1.280525
-1.246194
-1.2649860000000004
-1.2825800000000003
-1.280525
-1.246194
-1.2649860000000004
-1.2825800000000003
-1.280525
-1.246194
-1.2649860000000004
-1.2825800000000003
-1.280525
-1.246194
-1.2649860000000004
-1.2825800000000003
-1.280525
-1.246194
-1.2649860000000004
-1.2825800000000003
-1.280525
-1.246194
-1.2649860000000004
-1.2825800000000003
-1.280525
-1.246194
-1.2649860000000004
-1.2825800000000003
-1.280525
-1.246194
-1.2649860000000004
-1.2825800000000003
-1.280525
-1.246194
-1.2649860000000004
-1.2825800000000003
-1.280525
-1.246194
-1.2649860000000004
-1.2825800000000003
-1.280525
-1.246194
-1.2649860000000004
-1.2825800000000003
-1.280525
-1.246194
-1.2649860000000004
-1.2825800000000003
-1.280525
-1.246194
-1.2649860000000004
-1.2825800000000003
-1.280525
-1.246194
-1.2649860000000004
-1.2825800000000003
-1.280525
-1.246194
-1.2649860000000004
-1.2825800000000003
-1.280525
-1.246194
-1.2649860000000004
-1.2825800000000003
-1.280525
-1.246194
-1.2649860000000004
-1.2825800000000003
-1.280525
-1.246194
-1.2649860000000004
-1.2825800000000003
-1.280525
-1.246194
-1.2649860000000004
-1.2825800000000003
-1.280525
-1.246194
-1.2649860000000004
-1.2825800000000003
-1.280525
-1.246194
-1.2649860000000004
-1.2825800000000003
-1.280525
-1.246194
-1.2649860000000004
-1.2825800000000003
-1.280525
-1.246194
-1.2649860000000004
-1.2825800000000003
-1.280525
-1.246194
-1.2649860000000004
-1.2825800000000003
-1.280525
-1.246194
-1.2649860000000004
-1.2825800000000003
-1.280525
-1.246194
-1.2649860000000004
-1.2825800000000003
-1.280525
-1.246194
-1.2649860000000004
-1.2825800000000003
-1.280525
-1.246194
-1.2649860000000004
-1.2825800000000003
-1.280525
-1.246194
-1.2649860000000004
-1.2825800000000003
-1.280525
-1.246194
-1.2649860000000004
-1.2825800000000003
-1.280525
-1.246194
-1.2649860000000004
-1.2825800000000003
-1.280525
-1.246194
-1.2649860000000004
-1.2825800000000003
-1.280525
-1.246194
-1.2649860000000004
-1.2825800000000003
-1.280525
-1.246194
-1.2649860000000004
-1.2825800000000003
-1.280525
-1.246194
-1.2649860000000004
-1.2825800000000003
-1.280525
-1.246194
-1.2649860000000004
-1.2825800000000003
-1.280525
-1.246194
-1.2649860000000004
