1.438409
1.4392589999999998
1.4349000000000007
1.4345960000000009
1.438409
1.4392589999999998
1.4349000000000007
1.4345960000000009
1.438409
1.4392589999999998
1.4349000000000007
1.4345960000000009
1.438409
1.4392589999999998
1.4349000000000007
1.4345960000000009
1.438409
1.4392589999999998
1.4349000000000007
1.4345960000000009
1.438409
1.4392589999999998
1.4349000000000007
1.4345960000000009
1.438409
1.4392589999999998
1.4349000000000007
1.4345960000000009
1.438409
1.4392589999999998
1.4349000000000007
1.4345960000000009
1.438409
1.4392589999999998
1.4349000000000007
1.4345960000000009
1.438409
1.4392589999999998
1.4349000000000007
1.4345960000000009
1.438409
1.4392589999999998
1.4349000000000007
1.4345960000000009
1.438409
1.4392589999999998
1.4349000000000007
1.4345960000000009
1.438409
1.4392589999999998
1.4349000000000007
1.4345960000000009
1.438409
1.4392589999999998
1.4349000000000007
1.4345960000000009
1.438409
1.4392589999999998
1.4349000000000007
1.4345960000000009
1.438409
1.4392589999999998
1.4349000000000007
1.4345960000000009
1.438409
1.4392589999999998
1.4349000000000007
1.4345960000000009
1.438409
1.4392589999999998
1.4349000000000007
1.4345960000000009
1.438409
1.4392589999999998
1.4349000000000007
1.4345960000000009
1.438409
1.4392589999999998
1.4349000000000007
1.4345960000000009
1.438409
1.4392589999999998
1.4349000000000007
1.4345960000000009
1.438409
1.4392589999999998
1.4349000000000007
1.4345960000000009
1.438409
1.4392589999999998
1.4349000000000007
1.4345960000000009
1.438409
1.4392589999999998
1.4349000000000007
1.4345960000000009
1.438409
1.4392589999999998
1.4349000000000007
1.4345960000000009
1.438409
1.4392589999999998
1.4349000000000007
1.4345960000000009
1.438409
1.4392589999999998
1.4349000000000007
1.4345960000000009
1.438409
1.4392589999999998
1.4349000000000007
1.4345960000000009
1.438409
1.4392589999999998
1.4349000000000007
1.4345960000000009
1.438409
1.4392589999999998
1.4349000000000007
1.4345960000000009
1.438409
1.4392589999999998
1.4349000000000007
1.4345960000000009
1.438409
1.4392589999999998
1.4349000000000007
1.4345960000000009
1.438409
1.4392589999999998
1.4349000000000007
1.4345960000000009
1.438409
1.4392589999999998
1.4349000000000007
1.4345960000000009
1.438409
1.4392589999999998
1.4349000000000007
1.4345960000000009
1.438409
1.4392589999999998
1.4349000000000007
1.4345960000000009
-1.4375850000000003
-1.4371939999999999
-1.4358880000000003
-1.436496
-1.4375850000000003
-1.4371939999999999
-1.4358880000000003
-1.436496
-1.4375850000000003
-1.4371939999999999
-1.4358880000000003
-1.436496
-1.4375850000000003
-1.4371939999999999
-1.4358880000000003
-1.436496
-1.4375850000000003
-1.4371939999999999
-1.4358880000000003
-1.436496
-1.4375850000000003
-1.4371939999999999
-1.4358880000000003
-1.436496
-1.4375850000000003
-1.4371939999999999
-1.4358880000000003
-1.436496
-1.4375850000000003
-1.4371939999999999
-1.4358880000000003
-1.436496
-1.4375850000000003
-1.4371939999999999
-1.4358880000000003
-1.436496
-1.4375850000000003
-1.4371939999999999
-1.4358880000000003
-1.436496
-1.4375850000000003
-1.4371939999999999
-1.4358880000000003
-1.436496
-1.4375850000000003
-1.4371939999999999
-1.4358880000000003
-1.436496
-1.4375850000000003
-1.4371939999999999
-1.4358880000000003
-1.436496
-1.4375850000000003
-1.4371939999999999
-1.4358880000000003
-1.436496
-1.4375850000000003
-1.4371939999999999
-1.4358880000000003
-1.436496
-1.4375850000000003
-1.4371939999999999
-1.4358880000000003
-1.436496
-1.4375850000000003
-1.4371939999999999
-1.4358880000000003
-1.436496
-1.4375850000000003
-1.4371939999999999
-1.4358880000000003
-1.436496
-1.4375850000000003
-1.4371939999999999
-1.4358880000000003
-1.436496
-1.4375850000000003
-1.4371939999999999
-1.4358880000000003
-1.436496
-1.4375850000000003
-1.4371939999999999
-1.4358880000000003
-1.436496
-1.4375850000000003
-1.4371939999999999
-1.4358880000000003
-1.436496
-1.4375850000000003
-1.4371939999999999
-1.4358880000000003
-1.436496
-1.4375850000000003
-1.4371939999999999
-1.4358880000000003
-1.436496
-1.4375850000000003
-1.4371939999999999
-1.4358880000000003
-1.436496
-1.4375850000000003
-1.4371939999999999
-1.4358880000000003
-1.436496
-1.4375850000000003
-1.4371939999999999
-1.4358880000000003
-1.436496
-1.4375850000000003
-1.4371939999999999
-1.4358880000000003
-1.436496
-1.4375850000000003
-1.4371939999999999
-1.4358880000000003
-1.436496
-1.4375850000000003
-1.4371939999999999
-1.4358880000000003
-1.436496
-1.4375850000000003
-1.4371939999999999
-1.4358880000000003
-1.436496
-1.4375850000000003
-1.4371939999999999
-1.4358880000000003
-1.436496
-1.4375850000000003
-1.4371939999999999
-1.4358880000000003
-1.436496
-1.4375850000000003
-1.4371939999999999
-1.4358880000000003
-1.436496
-1.4375850000000003
-1.4371939999999999
-1.4358880000000003
-1.436496
-1.4375850000000003
-1.4371939999999999
-1.4358880000000003
-1.436496
