1.4177520000000001
1.4329289999999997
1.4177520000000001
1.4329289999999997
1.4177520000000001
1.4329289999999997
1.4177520000000001
1.4329289999999997
1.4177520000000001
1.4329289999999997
1.4177520000000001
1.4329289999999997
1.4177520000000001
1.4329289999999997
1.4177520000000001
1.4329289999999997
1.4177520000000001
1.4329289999999997
1.4177520000000001
1.4329289999999997
1.4177520000000001
1.4329289999999997
1.4177520000000001
1.4329289999999997
1.4177520000000001
1.4329289999999997
1.4177520000000001
1.4329289999999997
1.4177520000000001
1.4329289999999997
1.4177520000000001
1.4329289999999997
1.4177520000000001
1.4329289999999997
1.4177520000000001
1.4329289999999997
1.4177520000000001
1.4329289999999997
1.4177520000000001
1.4329289999999997
1.4177520000000001
1.4329289999999997
1.4177520000000001
1.4329289999999997
1.4177520000000001
1.4329289999999997
1.4177520000000001
1.4329289999999997
1.4177520000000001
1.4329289999999997
1.4177520000000001
1.4329289999999997
1.4177520000000001
1.4329289999999997
1.4177520000000001
1.4329289999999997
1.4177520000000001
1.4329289999999997
1.4177520000000001
1.4329289999999997
1.4177520000000001
1.4329289999999997
1.4177520000000001
1.4329289999999997
1.4177520000000001
1.4329289999999997
1.4177520000000001
1.4329289999999997
1.4177520000000001
1.4329289999999997
1.4177520000000001
1.4329289999999997
1.4177520000000001
1.4329289999999997
1.4177520000000001
1.4329289999999997
1.4177520000000001
1.4329289999999997
1.4177520000000001
1.4329289999999997
1.4177520000000001
1.4329289999999997
1.4177520000000001
1.4329289999999997
1.4177520000000001
1.4329289999999997
1.4177520000000001
1.4329289999999997
1.4177520000000001
1.4329289999999997
1.4177520000000001
1.4329289999999997
1.4177520000000001
1.4329289999999997
1.4177520000000001
1.4329289999999997
-1.4254319999999998
-1.4252479999999998
-1.4254319999999998
-1.4252479999999998
-1.4254319999999998
-1.4252479999999998
-1.4254319999999998
-1.4252479999999998
-1.4254319999999998
-1.4252479999999998
-1.4254319999999998
-1.4252479999999998
-1.4254319999999998
-1.4252479999999998
-1.4254319999999998
-1.4252479999999998
-1.4254319999999998
-1.4252479999999998
-1.4254319999999998
-1.4252479999999998
-1.4254319999999998
-1.4252479999999998
-1.4254319999999998
-1.4252479999999998
-1.4254319999999998
-1.4252479999999998
-1.4254319999999998
-1.4252479999999998
-1.4254319999999998
-1.4252479999999998
-1.4254319999999998
-1.4252479999999998
-1.4254319999999998
-1.4252479999999998
-1.4254319999999998
-1.4252479999999998
-1.4254319999999998
-1.4252479999999998
-1.4254319999999998
-1.4252479999999998
-1.4254319999999998
-1.4252479999999998
-1.4254319999999998
-1.4252479999999998
-1.4254319999999998
-1.4252479999999998
-1.4254319999999998
-1.4252479999999998
-1.4254319999999998
-1.4252479999999998
-1.4254319999999998
-1.4252479999999998
-1.4254319999999998
-1.4252479999999998
-1.4254319999999998
-1.4252479999999998
-1.4254319999999998
-1.4252479999999998
-1.4254319999999998
-1.4252479999999998
-1.4254319999999998
-1.4252479999999998
-1.4254319999999998
-1.4252479999999998
-1.4254319999999998
-1.4252479999999998
-1.4254319999999998
-1.4252479999999998
-1.4254319999999998
-1.4252479999999998
-1.4254319999999998
-1.4252479999999998
-1.4254319999999998
-1.4252479999999998
-1.4254319999999998
-1.4252479999999998
-1.4254319999999998
-1.4252479999999998
-1.4254319999999998
-1.4252479999999998
-1.4254319999999998
-1.4252479999999998
-1.4254319999999998
-1.4252479999999998
-1.4254319999999998
-1.4252479999999998
-1.4254319999999998
-1.4252479999999998
-1.4254319999999998
-1.4252479999999998
-1.4254319999999998
-1.4252479999999998
-1.4254319999999998
-1.4252479999999998
-1.4254319999999998
-1.4252479999999998
