0.8564179999999997
0.8564179999999997
0.8564179999999997
0.8564179999999997
0.8564179999999997
0.8564179999999997
0.8564179999999997
0.8564179999999997
0.8564179999999997
0.8564179999999997
0.8564179999999997
0.8564179999999997
0.8564179999999997
0.8564179999999997
0.8564179999999997
0.8564179999999997
0.8564179999999997
0.8564179999999997
0.8564179999999997
0.8564179999999997
0.8564179999999997
0.8564179999999997
0.8564179999999997
0.8564179999999997
0.8564179999999997
0.8564179999999997
0.8564179999999997
0.8564179999999997
0.8564179999999997
0.8564179999999997
0.8564179999999997
0.8564179999999997
0.8564179999999997
0.8564179999999997
0.8564179999999997
0.8564179999999997
0.8564179999999997
0.8564179999999997
0.8564179999999997
0.8564179999999997
0.8564179999999997
0.8564179999999997
0.8564179999999997
0.8564179999999997
0.8564179999999997
0.8564179999999997
0.8564179999999997
0.8564179999999997
0.8564179999999997
0.8564179999999997
0.8564179999999997
0.8564179999999997
0.8564179999999997
0.8564179999999997
0.8564179999999997
0.8564179999999997
0.8564179999999997
0.8564179999999997
0.8564179999999997
0.8564179999999997
0.8564179999999997
0.8564179999999997
0.8564179999999997
0.8564179999999997
-0.8564179999999997
-0.8564179999999997
-0.8564179999999997
-0.8564179999999997
-0.8564179999999997
-0.8564179999999997
-0.8564179999999997
-0.8564179999999997
-0.8564179999999997
-0.8564179999999997
-0.8564179999999997
-0.8564179999999997
-0.8564179999999997
-0.8564179999999997
-0.8564179999999997
-0.8564179999999997
-0.8564179999999997
-0.8564179999999997
-0.8564179999999997
-0.8564179999999997
-0.8564179999999997
-0.8564179999999997
-0.8564179999999997
-0.8564179999999997
-0.8564179999999997
-0.8564179999999997
-0.8564179999999997
-0.8564179999999997
-0.8564179999999997
-0.8564179999999997
-0.8564179999999997
-0.8564179999999997
-0.8564179999999997
-0.8564179999999997
-0.8564179999999997
-0.8564179999999997
-0.8564179999999997
-0.8564179999999997
-0.8564179999999997
-0.8564179999999997
-0.8564179999999997
-0.8564179999999997
-0.8564179999999997
-0.8564179999999997
-0.8564179999999997
-0.8564179999999997
-0.8564179999999997
-0.8564179999999997
-0.8564179999999997
-0.8564179999999997
-0.8564179999999997
-0.8564179999999997
-0.8564179999999997
-0.8564179999999997
-0.8564179999999997
-0.8564179999999997
-0.8564179999999997
-0.8564179999999997
-0.8564179999999997
-0.8564179999999997
-0.8564179999999997
-0.8564179999999997
-0.8564179999999997
-0.8564179999999997
