1.4276789999999995
1.4318799999999996
1.421901
1.4326279999999993
1.4276789999999995
1.4318799999999996
1.421901
1.4326279999999993
1.4276789999999995
1.4318799999999996
1.421901
1.4326279999999993
1.4276789999999995
1.4318799999999996
1.421901
1.4326279999999993
1.4276789999999995
1.4318799999999996
1.421901
1.4326279999999993
1.4276789999999995
1.4318799999999996
1.421901
1.4326279999999993
1.4276789999999995
1.4318799999999996
1.421901
1.4326279999999993
1.4276789999999995
1.4318799999999996
1.421901
1.4326279999999993
1.4276789999999995
1.4318799999999996
1.421901
1.4326279999999993
1.4276789999999995
1.4318799999999996
1.421901
1.4326279999999993
1.4276789999999995
1.4318799999999996
1.421901
1.4326279999999993
1.4276789999999995
1.4318799999999996
1.421901
1.4326279999999993
1.4276789999999995
1.4318799999999996
1.421901
1.4326279999999993
1.4276789999999995
1.4318799999999996
1.421901
1.4326279999999993
1.4276789999999995
1.4318799999999996
1.421901
1.4326279999999993
1.4276789999999995
1.4318799999999996
1.421901
1.4326279999999993
1.4276789999999995
1.4318799999999996
1.421901
1.4326279999999993
1.4276789999999995
1.4318799999999996
1.421901
1.4326279999999993
1.4276789999999995
1.4318799999999996
1.421901
1.4326279999999993
1.4276789999999995
1.4318799999999996
1.421901
1.4326279999999993
1.4276789999999995
1.4318799999999996
1.421901
1.4326279999999993
1.4276789999999995
1.4318799999999996
1.421901
1.4326279999999993
1.4276789999999995
1.4318799999999996
1.421901
1.4326279999999993
1.4276789999999995
1.4318799999999996
1.421901
1.4326279999999993
1.4276789999999995
1.4318799999999996
1.421901
1.4326279999999993
1.4276789999999995
1.4318799999999996
1.421901
1.4326279999999993
1.4276789999999995
1.4318799999999996
1.421901
1.4326279999999993
1.4276789999999995
1.4318799999999996
1.421901
1.4326279999999993
1.4276789999999995
1.4318799999999996
1.421901
1.4326279999999993
1.4276789999999995
1.4318799999999996
1.421901
1.4326279999999993
1.4276789999999995
1.4318799999999996
1.421901
1.4326279999999993
1.4276789999999995
1.4318799999999996
1.421901
1.4326279999999993
1.4276789999999995
1.4318799999999996
1.421901
1.4326279999999993
1.4276789999999995
1.4318799999999996
1.421901
1.4326279999999993
1.4276789999999995
1.4318799999999996
1.421901
1.4326279999999993
1.4276789999999995
1.4318799999999996
1.421901
1.4326279999999993
1.4276789999999995
1.4318799999999996
1.421901
1.4326279999999993
1.4276789999999995
1.4318799999999996
1.421901
1.4326279999999993
1.4276789999999995
1.4318799999999996
1.421901
1.4326279999999993
1.4276789999999995
1.4318799999999996
1.421901
1.4326279999999993
1.4276789999999995
1.4318799999999996
1.421901
1.4326279999999993
1.4276789999999995
1.4318799999999996
1.421901
1.4326279999999993
1.4276789999999995
1.4318799999999996
1.421901
1.4326279999999993
1.4276789999999995
1.4318799999999996
1.421901
1.4326279999999993
1.4276789999999995
1.4318799999999996
1.421901
1.4326279999999993
1.4276789999999995
1.4318799999999996
1.421901
1.4326279999999993
1.4276789999999995
1.4318799999999996
1.421901
1.4326279999999993
1.4276789999999995
1.4318799999999996
1.421901
1.4326279999999993
-1.4272390000000001
-1.4319240000000004
-1.4240709999999996
-1.4308560000000003
-1.4272390000000001
-1.4319240000000004
-1.4240709999999996
-1.4308560000000003
-1.4272390000000001
-1.4319240000000004
-1.4240709999999996
-1.4308560000000003
-1.4272390000000001
-1.4319240000000004
-1.4240709999999996
-1.4308560000000003
-1.4272390000000001
-1.4319240000000004
-1.4240709999999996
-1.4308560000000003
-1.4272390000000001
-1.4319240000000004
-1.4240709999999996
-1.4308560000000003
-1.4272390000000001
-1.4319240000000004
-1.4240709999999996
-1.4308560000000003
-1.4272390000000001
-1.4319240000000004
-1.4240709999999996
-1.4308560000000003
-1.4272390000000001
-1.4319240000000004
-1.4240709999999996
-1.4308560000000003
-1.4272390000000001
-1.4319240000000004
-1.4240709999999996
-1.4308560000000003
-1.4272390000000001
-1.4319240000000004
-1.4240709999999996
-1.4308560000000003
-1.4272390000000001
-1.4319240000000004
-1.4240709999999996
-1.4308560000000003
-1.4272390000000001
-1.4319240000000004
-1.4240709999999996
-1.4308560000000003
-1.4272390000000001
-1.4319240000000004
-1.4240709999999996
-1.4308560000000003
-1.4272390000000001
-1.4319240000000004
-1.4240709999999996
-1.4308560000000003
-1.4272390000000001
-1.4319240000000004
-1.4240709999999996
-1.4308560000000003
-1.4272390000000001
-1.4319240000000004
-1.4240709999999996
-1.4308560000000003
-1.4272390000000001
-1.4319240000000004
-1.4240709999999996
-1.4308560000000003
-1.4272390000000001
-1.4319240000000004
-1.4240709999999996
-1.4308560000000003
-1.4272390000000001
-1.4319240000000004
-1.4240709999999996
-1.4308560000000003
-1.4272390000000001
-1.4319240000000004
-1.4240709999999996
-1.4308560000000003
-1.4272390000000001
-1.4319240000000004
-1.4240709999999996
-1.4308560000000003
-1.4272390000000001
-1.4319240000000004
-1.4240709999999996
-1.4308560000000003
-1.4272390000000001
-1.4319240000000004
-1.4240709999999996
-1.4308560000000003
-1.4272390000000001
-1.4319240000000004
-1.4240709999999996
-1.4308560000000003
-1.4272390000000001
-1.4319240000000004
-1.4240709999999996
-1.4308560000000003
-1.4272390000000001
-1.4319240000000004
-1.4240709999999996
-1.4308560000000003
-1.4272390000000001
-1.4319240000000004
-1.4240709999999996
-1.4308560000000003
-1.4272390000000001
-1.4319240000000004
-1.4240709999999996
-1.4308560000000003
-1.4272390000000001
-1.4319240000000004
-1.4240709999999996
-1.4308560000000003
-1.4272390000000001
-1.4319240000000004
-1.4240709999999996
-1.4308560000000003
-1.4272390000000001
-1.4319240000000004
-1.4240709999999996
-1.4308560000000003
-1.4272390000000001
-1.4319240000000004
-1.4240709999999996
-1.4308560000000003
-1.4272390000000001
-1.4319240000000004
-1.4240709999999996
-1.4308560000000003
-1.4272390000000001
-1.4319240000000004
-1.4240709999999996
-1.4308560000000003
-1.4272390000000001
-1.4319240000000004
-1.4240709999999996
-1.4308560000000003
-1.4272390000000001
-1.4319240000000004
-1.4240709999999996
-1.4308560000000003
-1.4272390000000001
-1.4319240000000004
-1.4240709999999996
-1.4308560000000003
-1.4272390000000001
-1.4319240000000004
-1.4240709999999996
-1.4308560000000003
-1.4272390000000001
-1.4319240000000004
-1.4240709999999996
-1.4308560000000003
-1.4272390000000001
-1.4319240000000004
-1.4240709999999996
-1.4308560000000003
-1.4272390000000001
-1.4319240000000004
-1.4240709999999996
-1.4308560000000003
-1.4272390000000001
-1.4319240000000004
-1.4240709999999996
-1.4308560000000003
-1.4272390000000001
-1.4319240000000004
-1.4240709999999996
-1.4308560000000003
-1.4272390000000001
-1.4319240000000004
-1.4240709999999996
-1.4308560000000003
-1.4272390000000001
-1.4319240000000004
-1.4240709999999996
-1.4308560000000003
-1.4272390000000001
-1.4319240000000004
-1.4240709999999996
-1.4308560000000003
-1.4272390000000001
-1.4319240000000004
-1.4240709999999996
-1.4308560000000003
