1.4400720000000007
1.4396590000000007
1.4409430000000008
1.4397009999999995
1.4400720000000007
1.4396590000000007
1.4409430000000008
1.4397009999999995
1.4400720000000007
1.4396590000000007
1.4409430000000008
1.4397009999999995
1.4400720000000007
1.4396590000000007
1.4409430000000008
1.4397009999999995
1.4400720000000007
1.4396590000000007
1.4409430000000008
1.4397009999999995
1.4400720000000007
1.4396590000000007
1.4409430000000008
1.4397009999999995
1.4400720000000007
1.4396590000000007
1.4409430000000008
1.4397009999999995
1.4400720000000007
1.4396590000000007
1.4409430000000008
1.4397009999999995
1.4400720000000007
1.4396590000000007
1.4409430000000008
1.4397009999999995
1.4400720000000007
1.4396590000000007
1.4409430000000008
1.4397009999999995
1.4400720000000007
1.4396590000000007
1.4409430000000008
1.4397009999999995
1.4400720000000007
1.4396590000000007
1.4409430000000008
1.4397009999999995
1.4400720000000007
1.4396590000000007
1.4409430000000008
1.4397009999999995
1.4400720000000007
1.4396590000000007
1.4409430000000008
1.4397009999999995
1.4400720000000007
1.4396590000000007
1.4409430000000008
1.4397009999999995
1.4400720000000007
1.4396590000000007
1.4409430000000008
1.4397009999999995
1.4400720000000007
1.4396590000000007
1.4409430000000008
1.4397009999999995
1.4400720000000007
1.4396590000000007
1.4409430000000008
1.4397009999999995
1.4400720000000007
1.4396590000000007
1.4409430000000008
1.4397009999999995
1.4400720000000007
1.4396590000000007
1.4409430000000008
1.4397009999999995
1.4400720000000007
1.4396590000000007
1.4409430000000008
1.4397009999999995
1.4400720000000007
1.4396590000000007
1.4409430000000008
1.4397009999999995
1.4400720000000007
1.4396590000000007
1.4409430000000008
1.4397009999999995
1.4400720000000007
1.4396590000000007
1.4409430000000008
1.4397009999999995
1.4400720000000007
1.4396590000000007
1.4409430000000008
1.4397009999999995
1.4400720000000007
1.4396590000000007
1.4409430000000008
1.4397009999999995
1.4400720000000007
1.4396590000000007
1.4409430000000008
1.4397009999999995
-1.4395230000000003
-1.4404830000000004
-1.439839
-1.4405320000000001
-1.4395230000000003
-1.4404830000000004
-1.439839
-1.4405320000000001
-1.4395230000000003
-1.4404830000000004
-1.439839
-1.4405320000000001
-1.4395230000000003
-1.4404830000000004
-1.439839
-1.4405320000000001
-1.4395230000000003
-1.4404830000000004
-1.439839
-1.4405320000000001
-1.4395230000000003
-1.4404830000000004
-1.439839
-1.4405320000000001
-1.4395230000000003
-1.4404830000000004
-1.439839
-1.4405320000000001
-1.4395230000000003
-1.4404830000000004
-1.439839
-1.4405320000000001
-1.4395230000000003
-1.4404830000000004
-1.439839
-1.4405320000000001
-1.4395230000000003
-1.4404830000000004
-1.439839
-1.4405320000000001
-1.4395230000000003
-1.4404830000000004
-1.439839
-1.4405320000000001
-1.4395230000000003
-1.4404830000000004
-1.439839
-1.4405320000000001
-1.4395230000000003
-1.4404830000000004
-1.439839
-1.4405320000000001
-1.4395230000000003
-1.4404830000000004
-1.439839
-1.4405320000000001
-1.4395230000000003
-1.4404830000000004
-1.439839
-1.4405320000000001
-1.4395230000000003
-1.4404830000000004
-1.439839
-1.4405320000000001
-1.4395230000000003
-1.4404830000000004
-1.439839
-1.4405320000000001
-1.4395230000000003
-1.4404830000000004
-1.439839
-1.4405320000000001
-1.4395230000000003
-1.4404830000000004
-1.439839
-1.4405320000000001
-1.4395230000000003
-1.4404830000000004
-1.439839
-1.4405320000000001
-1.4395230000000003
-1.4404830000000004
-1.439839
-1.4405320000000001
-1.4395230000000003
-1.4404830000000004
-1.439839
-1.4405320000000001
-1.4395230000000003
-1.4404830000000004
-1.439839
-1.4405320000000001
-1.4395230000000003
-1.4404830000000004
-1.439839
-1.4405320000000001
-1.4395230000000003
-1.4404830000000004
-1.439839
-1.4405320000000001
-1.4395230000000003
-1.4404830000000004
-1.439839
-1.4405320000000001
-1.4395230000000003
-1.4404830000000004
-1.439839
-1.4405320000000001
