1.4427909999999997
1.44313
1.441955
1.4416930000000008
1.4427909999999997
1.44313
1.441955
1.4416930000000008
1.4427909999999997
1.44313
1.441955
1.4416930000000008
1.4427909999999997
1.44313
1.441955
1.4416930000000008
1.4427909999999997
1.44313
1.441955
1.4416930000000008
1.4427909999999997
1.44313
1.441955
1.4416930000000008
1.4427909999999997
1.44313
1.441955
1.4416930000000008
1.4427909999999997
1.44313
1.441955
1.4416930000000008
1.4427909999999997
1.44313
1.441955
1.4416930000000008
1.4427909999999997
1.44313
1.441955
1.4416930000000008
1.4427909999999997
1.44313
1.441955
1.4416930000000008
1.4427909999999997
1.44313
1.441955
1.4416930000000008
1.4427909999999997
1.44313
1.441955
1.4416930000000008
1.4427909999999997
1.44313
1.441955
1.4416930000000008
1.4427909999999997
1.44313
1.441955
1.4416930000000008
1.4427909999999997
1.44313
1.441955
1.4416930000000008
1.4427909999999997
1.44313
1.441955
1.4416930000000008
1.4427909999999997
1.44313
1.441955
1.4416930000000008
1.4427909999999997
1.44313
1.441955
1.4416930000000008
1.4427909999999997
1.44313
1.441955
1.4416930000000008
1.4427909999999997
1.44313
1.441955
1.4416930000000008
1.4427909999999997
1.44313
1.441955
1.4416930000000008
1.4427909999999997
1.44313
1.441955
1.4416930000000008
1.4427909999999997
1.44313
1.441955
1.4416930000000008
1.4427909999999997
1.44313
1.441955
1.4416930000000008
1.4427909999999997
1.44313
1.441955
1.4416930000000008
1.4427909999999997
1.44313
1.441955
1.4416930000000008
-1.4425929999999996
-1.4420849999999996
-1.4429160000000003
-1.4419750000000002
-1.4425929999999996
-1.4420849999999996
-1.4429160000000003
-1.4419750000000002
-1.4425929999999996
-1.4420849999999996
-1.4429160000000003
-1.4419750000000002
-1.4425929999999996
-1.4420849999999996
-1.4429160000000003
-1.4419750000000002
-1.4425929999999996
-1.4420849999999996
-1.4429160000000003
-1.4419750000000002
-1.4425929999999996
-1.4420849999999996
-1.4429160000000003
-1.4419750000000002
-1.4425929999999996
-1.4420849999999996
-1.4429160000000003
-1.4419750000000002
-1.4425929999999996
-1.4420849999999996
-1.4429160000000003
-1.4419750000000002
-1.4425929999999996
-1.4420849999999996
-1.4429160000000003
-1.4419750000000002
-1.4425929999999996
-1.4420849999999996
-1.4429160000000003
-1.4419750000000002
-1.4425929999999996
-1.4420849999999996
-1.4429160000000003
-1.4419750000000002
-1.4425929999999996
-1.4420849999999996
-1.4429160000000003
-1.4419750000000002
-1.4425929999999996
-1.4420849999999996
-1.4429160000000003
-1.4419750000000002
-1.4425929999999996
-1.4420849999999996
-1.4429160000000003
-1.4419750000000002
-1.4425929999999996
-1.4420849999999996
-1.4429160000000003
-1.4419750000000002
-1.4425929999999996
-1.4420849999999996
-1.4429160000000003
-1.4419750000000002
-1.4425929999999996
-1.4420849999999996
-1.4429160000000003
-1.4419750000000002
-1.4425929999999996
-1.4420849999999996
-1.4429160000000003
-1.4419750000000002
-1.4425929999999996
-1.4420849999999996
-1.4429160000000003
-1.4419750000000002
-1.4425929999999996
-1.4420849999999996
-1.4429160000000003
-1.4419750000000002
-1.4425929999999996
-1.4420849999999996
-1.4429160000000003
-1.4419750000000002
-1.4425929999999996
-1.4420849999999996
-1.4429160000000003
-1.4419750000000002
-1.4425929999999996
-1.4420849999999996
-1.4429160000000003
-1.4419750000000002
-1.4425929999999996
-1.4420849999999996
-1.4429160000000003
-1.4419750000000002
-1.4425929999999996
-1.4420849999999996
-1.4429160000000003
-1.4419750000000002
-1.4425929999999996
-1.4420849999999996
-1.4429160000000003
-1.4419750000000002
-1.4425929999999996
-1.4420849999999996
-1.4429160000000003
-1.4419750000000002
