1.3669689999999992
1.4013899999999992
1.4060609999999993
1.3813449999999996
1.3669689999999992
1.4013899999999992
1.4060609999999993
1.3813449999999996
1.3669689999999992
1.4013899999999992
1.4060609999999993
1.3813449999999996
1.3669689999999992
1.4013899999999992
1.4060609999999993
1.3813449999999996
1.3669689999999992
1.4013899999999992
1.4060609999999993
1.3813449999999996
1.3669689999999992
1.4013899999999992
1.4060609999999993
1.3813449999999996
1.3669689999999992
1.4013899999999992
1.4060609999999993
1.3813449999999996
1.3669689999999992
1.4013899999999992
1.4060609999999993
1.3813449999999996
1.3669689999999992
1.4013899999999992
1.4060609999999993
1.3813449999999996
1.3669689999999992
1.4013899999999992
1.4060609999999993
1.3813449999999996
1.3669689999999992
1.4013899999999992
1.4060609999999993
1.3813449999999996
1.3669689999999992
1.4013899999999992
1.4060609999999993
1.3813449999999996
1.3669689999999992
1.4013899999999992
1.4060609999999993
1.3813449999999996
1.3669689999999992
1.4013899999999992
1.4060609999999993
1.3813449999999996
1.3669689999999992
1.4013899999999992
1.4060609999999993
1.3813449999999996
1.3669689999999992
1.4013899999999992
1.4060609999999993
1.3813449999999996
1.3669689999999992
1.4013899999999992
1.4060609999999993
1.3813449999999996
1.3669689999999992
1.4013899999999992
1.4060609999999993
1.3813449999999996
1.3669689999999992
1.4013899999999992
1.4060609999999993
1.3813449999999996
1.3669689999999992
1.4013899999999992
1.4060609999999993
1.3813449999999996
1.3669689999999992
1.4013899999999992
1.4060609999999993
1.3813449999999996
1.3669689999999992
1.4013899999999992
1.4060609999999993
1.3813449999999996
1.3669689999999992
1.4013899999999992
1.4060609999999993
1.3813449999999996
1.3669689999999992
1.4013899999999992
1.4060609999999993
1.3813449999999996
1.3669689999999992
1.4013899999999992
1.4060609999999993
1.3813449999999996
1.3669689999999992
1.4013899999999992
1.4060609999999993
1.3813449999999996
1.3669689999999992
1.4013899999999992
1.4060609999999993
1.3813449999999996
1.3669689999999992
1.4013899999999992
1.4060609999999993
1.3813449999999996
1.3669689999999992
1.4013899999999992
1.4060609999999993
1.3813449999999996
1.3669689999999992
1.4013899999999992
1.4060609999999993
1.3813449999999996
1.3669689999999992
1.4013899999999992
1.4060609999999993
1.3813449999999996
1.3669689999999992
1.4013899999999992
1.4060609999999993
1.3813449999999996
1.3669689999999992
1.4013899999999992
1.4060609999999993
1.3813449999999996
1.3669689999999992
1.4013899999999992
1.4060609999999993
1.3813449999999996
1.3669689999999992
1.4013899999999992
1.4060609999999993
1.3813449999999996
1.3669689999999992
1.4013899999999992
1.4060609999999993
1.3813449999999996
-1.3948150000000004
-1.389093
-1.3865429999999996
-1.3853119999999999
-1.3948150000000004
-1.389093
-1.3865429999999996
-1.3853119999999999
-1.3948150000000004
-1.389093
-1.3865429999999996
-1.3853119999999999
-1.3948150000000004
-1.389093
-1.3865429999999996
-1.3853119999999999
-1.3948150000000004
-1.389093
-1.3865429999999996
-1.3853119999999999
-1.3948150000000004
-1.389093
-1.3865429999999996
-1.3853119999999999
-1.3948150000000004
-1.389093
-1.3865429999999996
-1.3853119999999999
-1.3948150000000004
-1.389093
-1.3865429999999996
-1.3853119999999999
-1.3948150000000004
-1.389093
-1.3865429999999996
-1.3853119999999999
-1.3948150000000004
-1.389093
-1.3865429999999996
-1.3853119999999999
-1.3948150000000004
-1.389093
-1.3865429999999996
-1.3853119999999999
-1.3948150000000004
-1.389093
-1.3865429999999996
-1.3853119999999999
-1.3948150000000004
-1.389093
-1.3865429999999996
-1.3853119999999999
-1.3948150000000004
-1.389093
-1.3865429999999996
-1.3853119999999999
-1.3948150000000004
-1.389093
-1.3865429999999996
-1.3853119999999999
-1.3948150000000004
-1.389093
-1.3865429999999996
-1.3853119999999999
-1.3948150000000004
-1.389093
-1.3865429999999996
-1.3853119999999999
-1.3948150000000004
-1.389093
-1.3865429999999996
-1.3853119999999999
-1.3948150000000004
-1.389093
-1.3865429999999996
-1.3853119999999999
-1.3948150000000004
-1.389093
-1.3865429999999996
-1.3853119999999999
-1.3948150000000004
-1.389093
-1.3865429999999996
-1.3853119999999999
-1.3948150000000004
-1.389093
-1.3865429999999996
-1.3853119999999999
-1.3948150000000004
-1.389093
-1.3865429999999996
-1.3853119999999999
-1.3948150000000004
-1.389093
-1.3865429999999996
-1.3853119999999999
-1.3948150000000004
-1.389093
-1.3865429999999996
-1.3853119999999999
-1.3948150000000004
-1.389093
-1.3865429999999996
-1.3853119999999999
-1.3948150000000004
-1.389093
-1.3865429999999996
-1.3853119999999999
-1.3948150000000004
-1.389093
-1.3865429999999996
-1.3853119999999999
-1.3948150000000004
-1.389093
-1.3865429999999996
-1.3853119999999999
-1.3948150000000004
-1.389093
-1.3865429999999996
-1.3853119999999999
-1.3948150000000004
-1.389093
-1.3865429999999996
-1.3853119999999999
-1.3948150000000004
-1.389093
-1.3865429999999996
-1.3853119999999999
-1.3948150000000004
-1.389093
-1.3865429999999996
-1.3853119999999999
-1.3948150000000004
-1.389093
-1.3865429999999996
-1.3853119999999999
-1.3948150000000004
-1.389093
-1.3865429999999996
-1.3853119999999999
-1.3948150000000004
-1.389093
-1.3865429999999996
-1.3853119999999999
