1.363009
1.3636649999999992
1.363009
1.3636649999999992
1.363009
1.3636649999999992
1.363009
1.3636649999999992
1.363009
1.3636649999999992
1.363009
1.3636649999999992
1.363009
1.3636649999999992
1.363009
1.3636649999999992
1.363009
1.3636649999999992
1.363009
1.3636649999999992
1.363009
1.3636649999999992
1.363009
1.3636649999999992
1.363009
1.3636649999999992
1.363009
1.3636649999999992
1.363009
1.3636649999999992
1.363009
1.3636649999999992
1.363009
1.3636649999999992
1.363009
1.3636649999999992
1.363009
1.3636649999999992
1.363009
1.3636649999999992
1.363009
1.3636649999999992
1.363009
1.3636649999999992
1.363009
1.3636649999999992
1.363009
1.3636649999999992
1.363009
1.3636649999999992
1.363009
1.3636649999999992
1.363009
1.3636649999999992
1.363009
1.3636649999999992
1.363009
1.3636649999999992
1.363009
1.3636649999999992
1.363009
1.3636649999999992
1.363009
1.3636649999999992
1.363009
1.3636649999999992
1.363009
1.3636649999999992
1.363009
1.3636649999999992
1.363009
1.3636649999999992
1.363009
1.3636649999999992
1.363009
1.3636649999999992
1.363009
1.3636649999999992
1.363009
1.3636649999999992
1.363009
1.3636649999999992
1.363009
1.3636649999999992
1.363009
1.3636649999999992
1.363009
1.3636649999999992
1.363009
1.3636649999999992
1.363009
1.3636649999999992
1.363009
1.3636649999999992
1.363009
1.3636649999999992
1.363009
1.3636649999999992
1.363009
1.3636649999999992
1.363009
1.3636649999999992
1.363009
1.3636649999999992
1.363009
1.3636649999999992
1.363009
1.3636649999999992
1.363009
1.3636649999999992
1.363009
1.3636649999999992
1.363009
1.3636649999999992
1.363009
1.3636649999999992
1.363009
1.3636649999999992
1.363009
1.3636649999999992
-1.3653310000000003
-1.3613419999999996
-1.3653310000000003
-1.3613419999999996
-1.3653310000000003
-1.3613419999999996
-1.3653310000000003
-1.3613419999999996
-1.3653310000000003
-1.3613419999999996
-1.3653310000000003
-1.3613419999999996
-1.3653310000000003
-1.3613419999999996
-1.3653310000000003
-1.3613419999999996
-1.3653310000000003
-1.3613419999999996
-1.3653310000000003
-1.3613419999999996
-1.3653310000000003
-1.3613419999999996
-1.3653310000000003
-1.3613419999999996
-1.3653310000000003
-1.3613419999999996
-1.3653310000000003
-1.3613419999999996
-1.3653310000000003
-1.3613419999999996
-1.3653310000000003
-1.3613419999999996
-1.3653310000000003
-1.3613419999999996
-1.3653310000000003
-1.3613419999999996
-1.3653310000000003
-1.3613419999999996
-1.3653310000000003
-1.3613419999999996
-1.3653310000000003
-1.3613419999999996
-1.3653310000000003
-1.3613419999999996
-1.3653310000000003
-1.3613419999999996
-1.3653310000000003
-1.3613419999999996
-1.3653310000000003
-1.3613419999999996
-1.3653310000000003
-1.3613419999999996
-1.3653310000000003
-1.3613419999999996
-1.3653310000000003
-1.3613419999999996
-1.3653310000000003
-1.3613419999999996
-1.3653310000000003
-1.3613419999999996
-1.3653310000000003
-1.3613419999999996
-1.3653310000000003
-1.3613419999999996
-1.3653310000000003
-1.3613419999999996
-1.3653310000000003
-1.3613419999999996
-1.3653310000000003
-1.3613419999999996
-1.3653310000000003
-1.3613419999999996
-1.3653310000000003
-1.3613419999999996
-1.3653310000000003
-1.3613419999999996
-1.3653310000000003
-1.3613419999999996
-1.3653310000000003
-1.3613419999999996
-1.3653310000000003
-1.3613419999999996
-1.3653310000000003
-1.3613419999999996
-1.3653310000000003
-1.3613419999999996
-1.3653310000000003
-1.3613419999999996
-1.3653310000000003
-1.3613419999999996
-1.3653310000000003
-1.3613419999999996
-1.3653310000000003
-1.3613419999999996
-1.3653310000000003
-1.3613419999999996
-1.3653310000000003
-1.3613419999999996
-1.3653310000000003
-1.3613419999999996
-1.3653310000000003
-1.3613419999999996
-1.3653310000000003
-1.3613419999999996
-1.3653310000000003
-1.3613419999999996
-1.3653310000000003
-1.3613419999999996
-1.3653310000000003
-1.3613419999999996
-1.3653310000000003
-1.3613419999999996
-1.3653310000000003
-1.3613419999999996
-1.3653310000000003
-1.3613419999999996
-1.3653310000000003
-1.3613419999999996
-1.3653310000000003
-1.3613419999999996
