0.3453619999999997
0.3453619999999997
0.3453619999999997
0.3453619999999997
0.3453619999999997
0.3453619999999997
0.3453619999999997
0.3453619999999997
0.3453619999999997
0.3453619999999997
0.3453619999999997
0.3453619999999997
0.3453619999999997
0.3453619999999997
0.3453619999999997
0.3453619999999997
0.3453619999999997
0.3453619999999997
0.3453619999999997
0.3453619999999997
0.3453619999999997
0.3453619999999997
0.3453619999999997
0.3453619999999997
0.3453619999999997
0.3453619999999997
0.3453619999999997
0.3453619999999997
0.3453619999999997
0.3453619999999997
0.3453619999999997
0.3453619999999997
0.3453619999999997
0.3453619999999997
0.3453619999999997
0.3453619999999997
0.3453619999999997
0.3453619999999997
0.3453619999999997
0.3453619999999997
0.3453619999999997
0.3453619999999997
0.3453619999999997
0.3453619999999997
0.3453619999999997
0.3453619999999997
0.3453619999999997
0.3453619999999997
0.3453619999999997
0.3453619999999997
-0.3453619999999997
-0.3453619999999997
-0.3453619999999997
-0.3453619999999997
-0.3453619999999997
-0.3453619999999997
-0.3453619999999997
-0.3453619999999997
-0.3453619999999997
-0.3453619999999997
-0.3453619999999997
-0.3453619999999997
-0.3453619999999997
-0.3453619999999997
-0.3453619999999997
-0.3453619999999997
-0.3453619999999997
-0.3453619999999997
-0.3453619999999997
-0.3453619999999997
-0.3453619999999997
-0.3453619999999997
-0.3453619999999997
-0.3453619999999997
-0.3453619999999997
-0.3453619999999997
-0.3453619999999997
-0.3453619999999997
-0.3453619999999997
-0.3453619999999997
-0.3453619999999997
-0.3453619999999997
-0.3453619999999997
-0.3453619999999997
-0.3453619999999997
-0.3453619999999997
-0.3453619999999997
-0.3453619999999997
-0.3453619999999997
-0.3453619999999997
-0.3453619999999997
-0.3453619999999997
-0.3453619999999997
-0.3453619999999997
-0.3453619999999997
-0.3453619999999997
-0.3453619999999997
-0.3453619999999997
-0.3453619999999997
-0.3453619999999997
