1.3492320000000007
1.3769150000000003
1.3492320000000007
1.3769150000000003
1.3492320000000007
1.3769150000000003
1.3492320000000007
1.3769150000000003
1.3492320000000007
1.3769150000000003
1.3492320000000007
1.3769150000000003
1.3492320000000007
1.3769150000000003
1.3492320000000007
1.3769150000000003
1.3492320000000007
1.3769150000000003
1.3492320000000007
1.3769150000000003
1.3492320000000007
1.3769150000000003
1.3492320000000007
1.3769150000000003
1.3492320000000007
1.3769150000000003
1.3492320000000007
1.3769150000000003
1.3492320000000007
1.3769150000000003
1.3492320000000007
1.3769150000000003
1.3492320000000007
1.3769150000000003
1.3492320000000007
1.3769150000000003
1.3492320000000007
1.3769150000000003
1.3492320000000007
1.3769150000000003
1.3492320000000007
1.3769150000000003
1.3492320000000007
1.3769150000000003
1.3492320000000007
1.3769150000000003
1.3492320000000007
1.3769150000000003
1.3492320000000007
1.3769150000000003
1.3492320000000007
1.3769150000000003
1.3492320000000007
1.3769150000000003
1.3492320000000007
1.3769150000000003
1.3492320000000007
1.3769150000000003
1.3492320000000007
1.3769150000000003
1.3492320000000007
1.3769150000000003
1.3492320000000007
1.3769150000000003
1.3492320000000007
1.3769150000000003
1.3492320000000007
1.3769150000000003
1.3492320000000007
1.3769150000000003
1.3492320000000007
1.3769150000000003
1.3492320000000007
1.3769150000000003
1.3492320000000007
1.3769150000000003
1.3492320000000007
1.3769150000000003
1.3492320000000007
1.3769150000000003
1.3492320000000007
1.3769150000000003
1.3492320000000007
1.3769150000000003
1.3492320000000007
1.3769150000000003
1.3492320000000007
1.3769150000000003
1.3492320000000007
1.3769150000000003
1.3492320000000007
1.3769150000000003
1.3492320000000007
1.3769150000000003
1.3492320000000007
1.3769150000000003
1.3492320000000007
1.3769150000000003
1.3492320000000007
1.3769150000000003
1.3492320000000007
1.3769150000000003
1.3492320000000007
1.3769150000000003
1.3492320000000007
1.3769150000000003
1.3492320000000007
1.3769150000000003
1.3492320000000007
1.3769150000000003
1.3492320000000007
1.3769150000000003
1.3492320000000007
1.3769150000000003
1.3492320000000007
1.3769150000000003
1.3492320000000007
1.3769150000000003
1.3492320000000007
1.3769150000000003
-1.3550550000000001
-1.3710940000000003
-1.3550550000000001
-1.3710940000000003
-1.3550550000000001
-1.3710940000000003
-1.3550550000000001
-1.3710940000000003
-1.3550550000000001
-1.3710940000000003
-1.3550550000000001
-1.3710940000000003
-1.3550550000000001
-1.3710940000000003
-1.3550550000000001
-1.3710940000000003
-1.3550550000000001
-1.3710940000000003
-1.3550550000000001
-1.3710940000000003
-1.3550550000000001
-1.3710940000000003
-1.3550550000000001
-1.3710940000000003
-1.3550550000000001
-1.3710940000000003
-1.3550550000000001
-1.3710940000000003
-1.3550550000000001
-1.3710940000000003
-1.3550550000000001
-1.3710940000000003
-1.3550550000000001
-1.3710940000000003
-1.3550550000000001
-1.3710940000000003
-1.3550550000000001
-1.3710940000000003
-1.3550550000000001
-1.3710940000000003
-1.3550550000000001
-1.3710940000000003
-1.3550550000000001
-1.3710940000000003
-1.3550550000000001
-1.3710940000000003
-1.3550550000000001
-1.3710940000000003
-1.3550550000000001
-1.3710940000000003
-1.3550550000000001
-1.3710940000000003
-1.3550550000000001
-1.3710940000000003
-1.3550550000000001
-1.3710940000000003
-1.3550550000000001
-1.3710940000000003
-1.3550550000000001
-1.3710940000000003
-1.3550550000000001
-1.3710940000000003
-1.3550550000000001
-1.3710940000000003
-1.3550550000000001
-1.3710940000000003
-1.3550550000000001
-1.3710940000000003
-1.3550550000000001
-1.3710940000000003
-1.3550550000000001
-1.3710940000000003
-1.3550550000000001
-1.3710940000000003
-1.3550550000000001
-1.3710940000000003
-1.3550550000000001
-1.3710940000000003
-1.3550550000000001
-1.3710940000000003
-1.3550550000000001
-1.3710940000000003
-1.3550550000000001
-1.3710940000000003
-1.3550550000000001
-1.3710940000000003
-1.3550550000000001
-1.3710940000000003
-1.3550550000000001
-1.3710940000000003
-1.3550550000000001
-1.3710940000000003
-1.3550550000000001
-1.3710940000000003
-1.3550550000000001
-1.3710940000000003
-1.3550550000000001
-1.3710940000000003
-1.3550550000000001
-1.3710940000000003
-1.3550550000000001
-1.3710940000000003
-1.3550550000000001
-1.3710940000000003
-1.3550550000000001
-1.3710940000000003
-1.3550550000000001
-1.3710940000000003
-1.3550550000000001
-1.3710940000000003
-1.3550550000000001
-1.3710940000000003
-1.3550550000000001
-1.3710940000000003
-1.3550550000000001
-1.3710940000000003
-1.3550550000000001
-1.3710940000000003
-1.3550550000000001
-1.3710940000000003
