1.4399669999999993
1.4401840000000004
1.439425
1.4391560000000005
1.4399669999999993
1.4401840000000004
1.439425
1.4391560000000005
1.4399669999999993
1.4401840000000004
1.439425
1.4391560000000005
1.4399669999999993
1.4401840000000004
1.439425
1.4391560000000005
1.4399669999999993
1.4401840000000004
1.439425
1.4391560000000005
1.4399669999999993
1.4401840000000004
1.439425
1.4391560000000005
1.4399669999999993
1.4401840000000004
1.439425
1.4391560000000005
1.4399669999999993
1.4401840000000004
1.439425
1.4391560000000005
1.4399669999999993
1.4401840000000004
1.439425
1.4391560000000005
1.4399669999999993
1.4401840000000004
1.439425
1.4391560000000005
1.4399669999999993
1.4401840000000004
1.439425
1.4391560000000005
1.4399669999999993
1.4401840000000004
1.439425
1.4391560000000005
1.4399669999999993
1.4401840000000004
1.439425
1.4391560000000005
1.4399669999999993
1.4401840000000004
1.439425
1.4391560000000005
1.4399669999999993
1.4401840000000004
1.439425
1.4391560000000005
1.4399669999999993
1.4401840000000004
1.439425
1.4391560000000005
1.4399669999999993
1.4401840000000004
1.439425
1.4391560000000005
1.4399669999999993
1.4401840000000004
1.439425
1.4391560000000005
1.4399669999999993
1.4401840000000004
1.439425
1.4391560000000005
1.4399669999999993
1.4401840000000004
1.439425
1.4391560000000005
1.4399669999999993
1.4401840000000004
1.439425
1.4391560000000005
1.4399669999999993
1.4401840000000004
1.439425
1.4391560000000005
1.4399669999999993
1.4401840000000004
1.439425
1.4391560000000005
1.4399669999999993
1.4401840000000004
1.439425
1.4391560000000005
1.4399669999999993
1.4401840000000004
1.439425
1.4391560000000005
1.4399669999999993
1.4401840000000004
1.439425
1.4391560000000005
1.4399669999999993
1.4401840000000004
1.439425
1.4391560000000005
-1.4395280000000001
-1.4394929999999997
-1.4398780000000002
-1.439832
-1.4395280000000001
-1.4394929999999997
-1.4398780000000002
-1.439832
-1.4395280000000001
-1.4394929999999997
-1.4398780000000002
-1.439832
-1.4395280000000001
-1.4394929999999997
-1.4398780000000002
-1.439832
-1.4395280000000001
-1.4394929999999997
-1.4398780000000002
-1.439832
-1.4395280000000001
-1.4394929999999997
-1.4398780000000002
-1.439832
-1.4395280000000001
-1.4394929999999997
-1.4398780000000002
-1.439832
-1.4395280000000001
-1.4394929999999997
-1.4398780000000002
-1.439832
-1.4395280000000001
-1.4394929999999997
-1.4398780000000002
-1.439832
-1.4395280000000001
-1.4394929999999997
-1.4398780000000002
-1.439832
-1.4395280000000001
-1.4394929999999997
-1.4398780000000002
-1.439832
-1.4395280000000001
-1.4394929999999997
-1.4398780000000002
-1.439832
-1.4395280000000001
-1.4394929999999997
-1.4398780000000002
-1.439832
-1.4395280000000001
-1.4394929999999997
-1.4398780000000002
-1.439832
-1.4395280000000001
-1.4394929999999997
-1.4398780000000002
-1.439832
-1.4395280000000001
-1.4394929999999997
-1.4398780000000002
-1.439832
-1.4395280000000001
-1.4394929999999997
-1.4398780000000002
-1.439832
-1.4395280000000001
-1.4394929999999997
-1.4398780000000002
-1.439832
-1.4395280000000001
-1.4394929999999997
-1.4398780000000002
-1.439832
-1.4395280000000001
-1.4394929999999997
-1.4398780000000002
-1.439832
-1.4395280000000001
-1.4394929999999997
-1.4398780000000002
-1.439832
-1.4395280000000001
-1.4394929999999997
-1.4398780000000002
-1.439832
-1.4395280000000001
-1.4394929999999997
-1.4398780000000002
-1.439832
-1.4395280000000001
-1.4394929999999997
-1.4398780000000002
-1.439832
-1.4395280000000001
-1.4394929999999997
-1.4398780000000002
-1.439832
-1.4395280000000001
-1.4394929999999997
-1.4398780000000002
-1.439832
-1.4395280000000001
-1.4394929999999997
-1.4398780000000002
-1.439832
