1.3263649999999991
1.2976139999999994
1.3263649999999991
1.2976139999999994
1.3263649999999991
1.2976139999999994
1.3263649999999991
1.2976139999999994
1.3263649999999991
1.2976139999999994
1.3263649999999991
1.2976139999999994
1.3263649999999991
1.2976139999999994
1.3263649999999991
1.2976139999999994
1.3263649999999991
1.2976139999999994
1.3263649999999991
1.2976139999999994
1.3263649999999991
1.2976139999999994
1.3263649999999991
1.2976139999999994
1.3263649999999991
1.2976139999999994
1.3263649999999991
1.2976139999999994
1.3263649999999991
1.2976139999999994
1.3263649999999991
1.2976139999999994
1.3263649999999991
1.2976139999999994
1.3263649999999991
1.2976139999999994
1.3263649999999991
1.2976139999999994
1.3263649999999991
1.2976139999999994
1.3263649999999991
1.2976139999999994
1.3263649999999991
1.2976139999999994
1.3263649999999991
1.2976139999999994
1.3263649999999991
1.2976139999999994
1.3263649999999991
1.2976139999999994
1.3263649999999991
1.2976139999999994
1.3263649999999991
1.2976139999999994
1.3263649999999991
1.2976139999999994
1.3263649999999991
1.2976139999999994
1.3263649999999991
1.2976139999999994
1.3263649999999991
1.2976139999999994
1.3263649999999991
1.2976139999999994
1.3263649999999991
1.2976139999999994
1.3263649999999991
1.2976139999999994
1.3263649999999991
1.2976139999999994
1.3263649999999991
1.2976139999999994
1.3263649999999991
1.2976139999999994
1.3263649999999991
1.2976139999999994
1.3263649999999991
1.2976139999999994
1.3263649999999991
1.2976139999999994
1.3263649999999991
1.2976139999999994
1.3263649999999991
1.2976139999999994
1.3263649999999991
1.2976139999999994
1.3263649999999991
1.2976139999999994
1.3263649999999991
1.2976139999999994
1.3263649999999991
1.2976139999999994
1.3263649999999991
1.2976139999999994
1.3263649999999991
1.2976139999999994
1.3263649999999991
1.2976139999999994
1.3263649999999991
1.2976139999999994
1.3263649999999991
1.2976139999999994
1.3263649999999991
1.2976139999999994
1.3263649999999991
1.2976139999999994
1.3263649999999991
1.2976139999999994
1.3263649999999991
1.2976139999999994
1.3263649999999991
1.2976139999999994
1.3263649999999991
1.2976139999999994
1.3263649999999991
1.2976139999999994
1.3263649999999991
1.2976139999999994
1.3263649999999991
1.2976139999999994
-1.3248620000000004
-1.2991169999999999
-1.3248620000000004
-1.2991169999999999
-1.3248620000000004
-1.2991169999999999
-1.3248620000000004
-1.2991169999999999
-1.3248620000000004
-1.2991169999999999
-1.3248620000000004
-1.2991169999999999
-1.3248620000000004
-1.2991169999999999
-1.3248620000000004
-1.2991169999999999
-1.3248620000000004
-1.2991169999999999
-1.3248620000000004
-1.2991169999999999
-1.3248620000000004
-1.2991169999999999
-1.3248620000000004
-1.2991169999999999
-1.3248620000000004
-1.2991169999999999
-1.3248620000000004
-1.2991169999999999
-1.3248620000000004
-1.2991169999999999
-1.3248620000000004
-1.2991169999999999
-1.3248620000000004
-1.2991169999999999
-1.3248620000000004
-1.2991169999999999
-1.3248620000000004
-1.2991169999999999
-1.3248620000000004
-1.2991169999999999
-1.3248620000000004
-1.2991169999999999
-1.3248620000000004
-1.2991169999999999
-1.3248620000000004
-1.2991169999999999
-1.3248620000000004
-1.2991169999999999
-1.3248620000000004
-1.2991169999999999
-1.3248620000000004
-1.2991169999999999
-1.3248620000000004
-1.2991169999999999
-1.3248620000000004
-1.2991169999999999
-1.3248620000000004
-1.2991169999999999
-1.3248620000000004
-1.2991169999999999
-1.3248620000000004
-1.2991169999999999
-1.3248620000000004
-1.2991169999999999
-1.3248620000000004
-1.2991169999999999
-1.3248620000000004
-1.2991169999999999
-1.3248620000000004
-1.2991169999999999
-1.3248620000000004
-1.2991169999999999
-1.3248620000000004
-1.2991169999999999
-1.3248620000000004
-1.2991169999999999
-1.3248620000000004
-1.2991169999999999
-1.3248620000000004
-1.2991169999999999
-1.3248620000000004
-1.2991169999999999
-1.3248620000000004
-1.2991169999999999
-1.3248620000000004
-1.2991169999999999
-1.3248620000000004
-1.2991169999999999
-1.3248620000000004
-1.2991169999999999
-1.3248620000000004
-1.2991169999999999
-1.3248620000000004
-1.2991169999999999
-1.3248620000000004
-1.2991169999999999
-1.3248620000000004
-1.2991169999999999
-1.3248620000000004
-1.2991169999999999
-1.3248620000000004
-1.2991169999999999
-1.3248620000000004
-1.2991169999999999
-1.3248620000000004
-1.2991169999999999
-1.3248620000000004
-1.2991169999999999
-1.3248620000000004
-1.2991169999999999
-1.3248620000000004
-1.2991169999999999
-1.3248620000000004
-1.2991169999999999
-1.3248620000000004
-1.2991169999999999
-1.3248620000000004
-1.2991169999999999
-1.3248620000000004
-1.2991169999999999
