1.1704220000000003
1.1704220000000003
1.1704220000000003
1.1704220000000003
1.1704220000000003
1.1704220000000003
1.1704220000000003
1.1704220000000003
1.1704220000000003
1.1704220000000003
1.1704220000000003
1.1704220000000003
1.1704220000000003
1.1704220000000003
1.1704220000000003
1.1704220000000003
1.1704220000000003
1.1704220000000003
1.1704220000000003
1.1704220000000003
1.1704220000000003
1.1704220000000003
1.1704220000000003
1.1704220000000003
1.1704220000000003
1.1704220000000003
1.1704220000000003
-1.1704220000000003
-1.1704220000000003
-1.1704220000000003
-1.1704220000000003
-1.1704220000000003
-1.1704220000000003
-1.1704220000000003
-1.1704220000000003
-1.1704220000000003
-1.1704220000000003
-1.1704220000000003
-1.1704220000000003
-1.1704220000000003
-1.1704220000000003
-1.1704220000000003
-1.1704220000000003
-1.1704220000000003
-1.1704220000000003
-1.1704220000000003
-1.1704220000000003
-1.1704220000000003
-1.1704220000000003
-1.1704220000000003
-1.1704220000000003
-1.1704220000000003
-1.1704220000000003
-1.1704220000000003
