0.3758359999999996
0.3758359999999996
0.3758359999999996
0.3758359999999996
0.3758359999999996
0.3758359999999996
0.3758359999999996
0.3758359999999996
0.3758359999999996
0.3758359999999996
0.3758359999999996
0.3758359999999996
0.3758359999999996
0.3758359999999996
0.3758359999999996
0.3758359999999996
0.3758359999999996
0.3758359999999996
0.3758359999999996
0.3758359999999996
0.3758359999999996
0.3758359999999996
0.3758359999999996
0.3758359999999996
0.3758359999999996
0.3758359999999996
0.3758359999999996
0.3758359999999996
0.3758359999999996
0.3758359999999996
0.3758359999999996
0.3758359999999996
0.3758359999999996
0.3758359999999996
0.3758359999999996
0.3758359999999996
0.3758359999999996
0.3758359999999996
0.3758359999999996
0.3758359999999996
0.3758359999999996
0.3758359999999996
0.3758359999999996
0.3758359999999996
0.3758359999999996
0.3758359999999996
0.3758359999999996
0.3758359999999996
0.3758359999999996
0.3758359999999996
-0.37583699999999975
-0.37583699999999975
-0.37583699999999975
-0.37583699999999975
-0.37583699999999975
-0.37583699999999975
-0.37583699999999975
-0.37583699999999975
-0.37583699999999975
-0.37583699999999975
-0.37583699999999975
-0.37583699999999975
-0.37583699999999975
-0.37583699999999975
-0.37583699999999975
-0.37583699999999975
-0.37583699999999975
-0.37583699999999975
-0.37583699999999975
-0.37583699999999975
-0.37583699999999975
-0.37583699999999975
-0.37583699999999975
-0.37583699999999975
-0.37583699999999975
-0.37583699999999975
-0.37583699999999975
-0.37583699999999975
-0.37583699999999975
-0.37583699999999975
-0.37583699999999975
-0.37583699999999975
-0.37583699999999975
-0.37583699999999975
-0.37583699999999975
-0.37583699999999975
-0.37583699999999975
-0.37583699999999975
-0.37583699999999975
-0.37583699999999975
-0.37583699999999975
-0.37583699999999975
-0.37583699999999975
-0.37583699999999975
-0.37583699999999975
-0.37583699999999975
-0.37583699999999975
-0.37583699999999975
-0.37583699999999975
-0.37583699999999975
