1.3499909999999993
1.3452339999999996
1.3499909999999993
1.3452339999999996
1.3499909999999993
1.3452339999999996
1.3499909999999993
1.3452339999999996
1.3499909999999993
1.3452339999999996
1.3499909999999993
1.3452339999999996
1.3499909999999993
1.3452339999999996
1.3499909999999993
1.3452339999999996
1.3499909999999993
1.3452339999999996
1.3499909999999993
1.3452339999999996
1.3499909999999993
1.3452339999999996
1.3499909999999993
1.3452339999999996
1.3499909999999993
1.3452339999999996
1.3499909999999993
1.3452339999999996
1.3499909999999993
1.3452339999999996
1.3499909999999993
1.3452339999999996
1.3499909999999993
1.3452339999999996
1.3499909999999993
1.3452339999999996
1.3499909999999993
1.3452339999999996
1.3499909999999993
1.3452339999999996
1.3499909999999993
1.3452339999999996
1.3499909999999993
1.3452339999999996
1.3499909999999993
1.3452339999999996
1.3499909999999993
1.3452339999999996
1.3499909999999993
1.3452339999999996
1.3499909999999993
1.3452339999999996
1.3499909999999993
1.3452339999999996
1.3499909999999993
1.3452339999999996
1.3499909999999993
1.3452339999999996
1.3499909999999993
1.3452339999999996
1.3499909999999993
1.3452339999999996
1.3499909999999993
1.3452339999999996
1.3499909999999993
1.3452339999999996
1.3499909999999993
1.3452339999999996
1.3499909999999993
1.3452339999999996
1.3499909999999993
1.3452339999999996
1.3499909999999993
1.3452339999999996
1.3499909999999993
1.3452339999999996
1.3499909999999993
1.3452339999999996
1.3499909999999993
1.3452339999999996
1.3499909999999993
1.3452339999999996
1.3499909999999993
1.3452339999999996
1.3499909999999993
1.3452339999999996
1.3499909999999993
1.3452339999999996
1.3499909999999993
1.3452339999999996
1.3499909999999993
1.3452339999999996
1.3499909999999993
1.3452339999999996
1.3499909999999993
1.3452339999999996
-1.3466930000000001
-1.3485319999999996
-1.3466930000000001
-1.3485319999999996
-1.3466930000000001
-1.3485319999999996
-1.3466930000000001
-1.3485319999999996
-1.3466930000000001
-1.3485319999999996
-1.3466930000000001
-1.3485319999999996
-1.3466930000000001
-1.3485319999999996
-1.3466930000000001
-1.3485319999999996
-1.3466930000000001
-1.3485319999999996
-1.3466930000000001
-1.3485319999999996
-1.3466930000000001
-1.3485319999999996
-1.3466930000000001
-1.3485319999999996
-1.3466930000000001
-1.3485319999999996
-1.3466930000000001
-1.3485319999999996
-1.3466930000000001
-1.3485319999999996
-1.3466930000000001
-1.3485319999999996
-1.3466930000000001
-1.3485319999999996
-1.3466930000000001
-1.3485319999999996
-1.3466930000000001
-1.3485319999999996
-1.3466930000000001
-1.3485319999999996
-1.3466930000000001
-1.3485319999999996
-1.3466930000000001
-1.3485319999999996
-1.3466930000000001
-1.3485319999999996
-1.3466930000000001
-1.3485319999999996
-1.3466930000000001
-1.3485319999999996
-1.3466930000000001
-1.3485319999999996
-1.3466930000000001
-1.3485319999999996
-1.3466930000000001
-1.3485319999999996
-1.3466930000000001
-1.3485319999999996
-1.3466930000000001
-1.3485319999999996
-1.3466930000000001
-1.3485319999999996
-1.3466930000000001
-1.3485319999999996
-1.3466930000000001
-1.3485319999999996
-1.3466930000000001
-1.3485319999999996
-1.3466930000000001
-1.3485319999999996
-1.3466930000000001
-1.3485319999999996
-1.3466930000000001
-1.3485319999999996
-1.3466930000000001
-1.3485319999999996
-1.3466930000000001
-1.3485319999999996
-1.3466930000000001
-1.3485319999999996
-1.3466930000000001
-1.3485319999999996
-1.3466930000000001
-1.3485319999999996
-1.3466930000000001
-1.3485319999999996
-1.3466930000000001
-1.3485319999999996
-1.3466930000000001
-1.3485319999999996
-1.3466930000000001
-1.3485319999999996
-1.3466930000000001
-1.3485319999999996
-1.3466930000000001
-1.3485319999999996
