1.4332449999999994
1.4290719999999997
1.4330770000000008
1.4323530000000009
1.4332449999999994
1.4290719999999997
1.4330770000000008
1.4323530000000009
1.4332449999999994
1.4290719999999997
1.4330770000000008
1.4323530000000009
1.4332449999999994
1.4290719999999997
1.4330770000000008
1.4323530000000009
1.4332449999999994
1.4290719999999997
1.4330770000000008
1.4323530000000009
1.4332449999999994
1.4290719999999997
1.4330770000000008
1.4323530000000009
1.4332449999999994
1.4290719999999997
1.4330770000000008
1.4323530000000009
1.4332449999999994
1.4290719999999997
1.4330770000000008
1.4323530000000009
1.4332449999999994
1.4290719999999997
1.4330770000000008
1.4323530000000009
1.4332449999999994
1.4290719999999997
1.4330770000000008
1.4323530000000009
1.4332449999999994
1.4290719999999997
1.4330770000000008
1.4323530000000009
1.4332449999999994
1.4290719999999997
1.4330770000000008
1.4323530000000009
1.4332449999999994
1.4290719999999997
1.4330770000000008
1.4323530000000009
1.4332449999999994
1.4290719999999997
1.4330770000000008
1.4323530000000009
1.4332449999999994
1.4290719999999997
1.4330770000000008
1.4323530000000009
1.4332449999999994
1.4290719999999997
1.4330770000000008
1.4323530000000009
1.4332449999999994
1.4290719999999997
1.4330770000000008
1.4323530000000009
1.4332449999999994
1.4290719999999997
1.4330770000000008
1.4323530000000009
1.4332449999999994
1.4290719999999997
1.4330770000000008
1.4323530000000009
1.4332449999999994
1.4290719999999997
1.4330770000000008
1.4323530000000009
1.4332449999999994
1.4290719999999997
1.4330770000000008
1.4323530000000009
1.4332449999999994
1.4290719999999997
1.4330770000000008
1.4323530000000009
1.4332449999999994
1.4290719999999997
1.4330770000000008
1.4323530000000009
1.4332449999999994
1.4290719999999997
1.4330770000000008
1.4323530000000009
1.4332449999999994
1.4290719999999997
1.4330770000000008
1.4323530000000009
1.4332449999999994
1.4290719999999997
1.4330770000000008
1.4323530000000009
1.4332449999999994
1.4290719999999997
1.4330770000000008
1.4323530000000009
1.4332449999999994
1.4290719999999997
1.4330770000000008
1.4323530000000009
1.4332449999999994
1.4290719999999997
1.4330770000000008
1.4323530000000009
1.4332449999999994
1.4290719999999997
1.4330770000000008
1.4323530000000009
1.4332449999999994
1.4290719999999997
1.4330770000000008
1.4323530000000009
1.4332449999999994
1.4290719999999997
1.4330770000000008
1.4323530000000009
1.4332449999999994
1.4290719999999997
1.4330770000000008
1.4323530000000009
1.4332449999999994
1.4290719999999997
1.4330770000000008
1.4323530000000009
1.4332449999999994
1.4290719999999997
1.4330770000000008
1.4323530000000009
1.4332449999999994
1.4290719999999997
1.4330770000000008
1.4323530000000009
-1.4323610000000002
-1.433281
-1.4314799999999996
-1.430624
-1.4323610000000002
-1.433281
-1.4314799999999996
-1.430624
-1.4323610000000002
-1.433281
-1.4314799999999996
-1.430624
-1.4323610000000002
-1.433281
-1.4314799999999996
-1.430624
-1.4323610000000002
-1.433281
-1.4314799999999996
-1.430624
-1.4323610000000002
-1.433281
-1.4314799999999996
-1.430624
-1.4323610000000002
-1.433281
-1.4314799999999996
-1.430624
-1.4323610000000002
-1.433281
-1.4314799999999996
-1.430624
-1.4323610000000002
-1.433281
-1.4314799999999996
-1.430624
-1.4323610000000002
-1.433281
-1.4314799999999996
-1.430624
-1.4323610000000002
-1.433281
-1.4314799999999996
-1.430624
-1.4323610000000002
-1.433281
-1.4314799999999996
-1.430624
-1.4323610000000002
-1.433281
-1.4314799999999996
-1.430624
-1.4323610000000002
-1.433281
-1.4314799999999996
-1.430624
-1.4323610000000002
-1.433281
-1.4314799999999996
-1.430624
-1.4323610000000002
-1.433281
-1.4314799999999996
-1.430624
-1.4323610000000002
-1.433281
-1.4314799999999996
-1.430624
-1.4323610000000002
-1.433281
-1.4314799999999996
-1.430624
-1.4323610000000002
-1.433281
-1.4314799999999996
-1.430624
-1.4323610000000002
-1.433281
-1.4314799999999996
-1.430624
-1.4323610000000002
-1.433281
-1.4314799999999996
-1.430624
-1.4323610000000002
-1.433281
-1.4314799999999996
-1.430624
-1.4323610000000002
-1.433281
-1.4314799999999996
-1.430624
-1.4323610000000002
-1.433281
-1.4314799999999996
-1.430624
-1.4323610000000002
-1.433281
-1.4314799999999996
-1.430624
-1.4323610000000002
-1.433281
-1.4314799999999996
-1.430624
-1.4323610000000002
-1.433281
-1.4314799999999996
-1.430624
-1.4323610000000002
-1.433281
-1.4314799999999996
-1.430624
-1.4323610000000002
-1.433281
-1.4314799999999996
-1.430624
-1.4323610000000002
-1.433281
-1.4314799999999996
-1.430624
-1.4323610000000002
-1.433281
-1.4314799999999996
-1.430624
-1.4323610000000002
-1.433281
-1.4314799999999996
-1.430624
-1.4323610000000002
-1.433281
-1.4314799999999996
-1.430624
-1.4323610000000002
-1.433281
-1.4314799999999996
-1.430624
-1.4323610000000002
-1.433281
-1.4314799999999996
-1.430624
-1.4323610000000002
-1.433281
-1.4314799999999996
-1.430624
