1.4405059999999992
1.4434570000000004
1.4381819999999994
1.4409189999999992
1.4405059999999992
1.4434570000000004
1.4381819999999994
1.4409189999999992
1.4405059999999992
1.4434570000000004
1.4381819999999994
1.4409189999999992
1.4405059999999992
1.4434570000000004
1.4381819999999994
1.4409189999999992
1.4405059999999992
1.4434570000000004
1.4381819999999994
1.4409189999999992
1.4405059999999992
1.4434570000000004
1.4381819999999994
1.4409189999999992
1.4405059999999992
1.4434570000000004
1.4381819999999994
1.4409189999999992
1.4405059999999992
1.4434570000000004
1.4381819999999994
1.4409189999999992
1.4405059999999992
1.4434570000000004
1.4381819999999994
1.4409189999999992
1.4405059999999992
1.4434570000000004
1.4381819999999994
1.4409189999999992
1.4405059999999992
1.4434570000000004
1.4381819999999994
1.4409189999999992
1.4405059999999992
1.4434570000000004
1.4381819999999994
1.4409189999999992
1.4405059999999992
1.4434570000000004
1.4381819999999994
1.4409189999999992
1.4405059999999992
1.4434570000000004
1.4381819999999994
1.4409189999999992
1.4405059999999992
1.4434570000000004
1.4381819999999994
1.4409189999999992
1.4405059999999992
1.4434570000000004
1.4381819999999994
1.4409189999999992
1.4405059999999992
1.4434570000000004
1.4381819999999994
1.4409189999999992
1.4405059999999992
1.4434570000000004
1.4381819999999994
1.4409189999999992
1.4405059999999992
1.4434570000000004
1.4381819999999994
1.4409189999999992
1.4405059999999992
1.4434570000000004
1.4381819999999994
1.4409189999999992
1.4405059999999992
1.4434570000000004
1.4381819999999994
1.4409189999999992
1.4405059999999992
1.4434570000000004
1.4381819999999994
1.4409189999999992
1.4405059999999992
1.4434570000000004
1.4381819999999994
1.4409189999999992
1.4405059999999992
1.4434570000000004
1.4381819999999994
1.4409189999999992
1.4405059999999992
1.4434570000000004
1.4381819999999994
1.4409189999999992
1.4405059999999992
1.4434570000000004
1.4381819999999994
1.4409189999999992
1.4405059999999992
1.4434570000000004
1.4381819999999994
1.4409189999999992
-1.441655
-1.4395119999999997
-1.4419320000000004
-1.439965
-1.441655
-1.4395119999999997
-1.4419320000000004
-1.439965
-1.441655
-1.4395119999999997
-1.4419320000000004
-1.439965
-1.441655
-1.4395119999999997
-1.4419320000000004
-1.439965
-1.441655
-1.4395119999999997
-1.4419320000000004
-1.439965
-1.441655
-1.4395119999999997
-1.4419320000000004
-1.439965
-1.441655
-1.4395119999999997
-1.4419320000000004
-1.439965
-1.441655
-1.4395119999999997
-1.4419320000000004
-1.439965
-1.441655
-1.4395119999999997
-1.4419320000000004
-1.439965
-1.441655
-1.4395119999999997
-1.4419320000000004
-1.439965
-1.441655
-1.4395119999999997
-1.4419320000000004
-1.439965
-1.441655
-1.4395119999999997
-1.4419320000000004
-1.439965
-1.441655
-1.4395119999999997
-1.4419320000000004
-1.439965
-1.441655
-1.4395119999999997
-1.4419320000000004
-1.439965
-1.441655
-1.4395119999999997
-1.4419320000000004
-1.439965
-1.441655
-1.4395119999999997
-1.4419320000000004
-1.439965
-1.441655
-1.4395119999999997
-1.4419320000000004
-1.439965
-1.441655
-1.4395119999999997
-1.4419320000000004
-1.439965
-1.441655
-1.4395119999999997
-1.4419320000000004
-1.439965
-1.441655
-1.4395119999999997
-1.4419320000000004
-1.439965
-1.441655
-1.4395119999999997
-1.4419320000000004
-1.439965
-1.441655
-1.4395119999999997
-1.4419320000000004
-1.439965
-1.441655
-1.4395119999999997
-1.4419320000000004
-1.439965
-1.441655
-1.4395119999999997
-1.4419320000000004
-1.439965
-1.441655
-1.4395119999999997
-1.4419320000000004
-1.439965
-1.441655
-1.4395119999999997
-1.4419320000000004
-1.439965
-1.441655
-1.4395119999999997
-1.4419320000000004
-1.439965
