1.4244640000000004
1.3363890000000005
1.4244640000000004
1.3363890000000005
1.4244640000000004
1.3363890000000005
1.4244640000000004
1.3363890000000005
1.4244640000000004
1.3363890000000005
1.4244640000000004
1.3363890000000005
1.4244640000000004
1.3363890000000005
1.4244640000000004
1.3363890000000005
1.4244640000000004
1.3363890000000005
1.4244640000000004
1.3363890000000005
1.4244640000000004
1.3363890000000005
1.4244640000000004
1.3363890000000005
1.4244640000000004
1.3363890000000005
1.4244640000000004
1.3363890000000005
1.4244640000000004
1.3363890000000005
1.4244640000000004
1.3363890000000005
1.4244640000000004
1.3363890000000005
1.4244640000000004
1.3363890000000005
1.4244640000000004
1.3363890000000005
1.4244640000000004
1.3363890000000005
1.4244640000000004
1.3363890000000005
1.4244640000000004
1.3363890000000005
1.4244640000000004
1.3363890000000005
1.4244640000000004
1.3363890000000005
1.4244640000000004
1.3363890000000005
1.4244640000000004
1.3363890000000005
1.4244640000000004
1.3363890000000005
1.4244640000000004
1.3363890000000005
1.4244640000000004
1.3363890000000005
1.4244640000000004
1.3363890000000005
1.4244640000000004
1.3363890000000005
1.4244640000000004
1.3363890000000005
1.4244640000000004
1.3363890000000005
1.4244640000000004
1.3363890000000005
1.4244640000000004
1.3363890000000005
1.4244640000000004
1.3363890000000005
1.4244640000000004
1.3363890000000005
1.4244640000000004
1.3363890000000005
1.4244640000000004
1.3363890000000005
1.4244640000000004
1.3363890000000005
1.4244640000000004
1.3363890000000005
1.4244640000000004
1.3363890000000005
1.4244640000000004
1.3363890000000005
1.4244640000000004
1.3363890000000005
1.4244640000000004
1.3363890000000005
1.4244640000000004
1.3363890000000005
1.4244640000000004
1.3363890000000005
1.4244640000000004
1.3363890000000005
-1.3934860000000002
-1.3673659999999996
-1.3934860000000002
-1.3673659999999996
-1.3934860000000002
-1.3673659999999996
-1.3934860000000002
-1.3673659999999996
-1.3934860000000002
-1.3673659999999996
-1.3934860000000002
-1.3673659999999996
-1.3934860000000002
-1.3673659999999996
-1.3934860000000002
-1.3673659999999996
-1.3934860000000002
-1.3673659999999996
-1.3934860000000002
-1.3673659999999996
-1.3934860000000002
-1.3673659999999996
-1.3934860000000002
-1.3673659999999996
-1.3934860000000002
-1.3673659999999996
-1.3934860000000002
-1.3673659999999996
-1.3934860000000002
-1.3673659999999996
-1.3934860000000002
-1.3673659999999996
-1.3934860000000002
-1.3673659999999996
-1.3934860000000002
-1.3673659999999996
-1.3934860000000002
-1.3673659999999996
-1.3934860000000002
-1.3673659999999996
-1.3934860000000002
-1.3673659999999996
-1.3934860000000002
-1.3673659999999996
-1.3934860000000002
-1.3673659999999996
-1.3934860000000002
-1.3673659999999996
-1.3934860000000002
-1.3673659999999996
-1.3934860000000002
-1.3673659999999996
-1.3934860000000002
-1.3673659999999996
-1.3934860000000002
-1.3673659999999996
-1.3934860000000002
-1.3673659999999996
-1.3934860000000002
-1.3673659999999996
-1.3934860000000002
-1.3673659999999996
-1.3934860000000002
-1.3673659999999996
-1.3934860000000002
-1.3673659999999996
-1.3934860000000002
-1.3673659999999996
-1.3934860000000002
-1.3673659999999996
-1.3934860000000002
-1.3673659999999996
-1.3934860000000002
-1.3673659999999996
-1.3934860000000002
-1.3673659999999996
-1.3934860000000002
-1.3673659999999996
-1.3934860000000002
-1.3673659999999996
-1.3934860000000002
-1.3673659999999996
-1.3934860000000002
-1.3673659999999996
-1.3934860000000002
-1.3673659999999996
-1.3934860000000002
-1.3673659999999996
-1.3934860000000002
-1.3673659999999996
-1.3934860000000002
-1.3673659999999996
-1.3934860000000002
-1.3673659999999996
-1.3934860000000002
-1.3673659999999996
