0.9358889999999995
0.9358889999999995
0.9358889999999995
0.9358889999999995
0.9358889999999995
0.9358889999999995
0.9358889999999995
0.9358889999999995
0.9358889999999995
0.9358889999999995
0.9358889999999995
0.9358889999999995
0.9358889999999995
0.9358889999999995
0.9358889999999995
0.9358889999999995
0.9358889999999995
0.9358889999999995
0.9358889999999995
0.9358889999999995
0.9358889999999995
0.9358889999999995
0.9358889999999995
0.9358889999999995
0.9358889999999995
0.9358889999999995
0.9358889999999995
0.9358889999999995
0.9358889999999995
0.9358889999999995
0.9358889999999995
0.9358889999999995
0.9358889999999995
0.9358889999999995
0.9358889999999995
0.9358889999999995
0.9358889999999995
0.9358889999999995
0.9358889999999995
0.9358889999999995
0.9358889999999995
0.9358889999999995
0.9358889999999995
0.9358889999999995
0.9358889999999995
0.9358889999999995
0.9358889999999995
0.9358889999999995
0.9358889999999995
0.9358889999999995
0.9358889999999995
0.9358889999999995
0.9358889999999995
0.9358889999999995
0.9358889999999995
0.9358889999999995
0.9358889999999995
0.9358889999999995
0.9358889999999995
0.9358889999999995
0.9358889999999995
0.9358889999999995
0.9358889999999995
0.9358889999999995
-0.9358890000000004
-0.9358890000000004
-0.9358890000000004
-0.9358890000000004
-0.9358890000000004
-0.9358890000000004
-0.9358890000000004
-0.9358890000000004
-0.9358890000000004
-0.9358890000000004
-0.9358890000000004
-0.9358890000000004
-0.9358890000000004
-0.9358890000000004
-0.9358890000000004
-0.9358890000000004
-0.9358890000000004
-0.9358890000000004
-0.9358890000000004
-0.9358890000000004
-0.9358890000000004
-0.9358890000000004
-0.9358890000000004
-0.9358890000000004
-0.9358890000000004
-0.9358890000000004
-0.9358890000000004
-0.9358890000000004
-0.9358890000000004
-0.9358890000000004
-0.9358890000000004
-0.9358890000000004
-0.9358890000000004
-0.9358890000000004
-0.9358890000000004
-0.9358890000000004
-0.9358890000000004
-0.9358890000000004
-0.9358890000000004
-0.9358890000000004
-0.9358890000000004
-0.9358890000000004
-0.9358890000000004
-0.9358890000000004
-0.9358890000000004
-0.9358890000000004
-0.9358890000000004
-0.9358890000000004
-0.9358890000000004
-0.9358890000000004
-0.9358890000000004
-0.9358890000000004
-0.9358890000000004
-0.9358890000000004
-0.9358890000000004
-0.9358890000000004
-0.9358890000000004
-0.9358890000000004
-0.9358890000000004
-0.9358890000000004
-0.9358890000000004
-0.9358890000000004
-0.9358890000000004
-0.9358890000000004
