1.4106070000000006
1.4147300000000005
1.4106070000000006
1.4147300000000005
1.4106070000000006
1.4147300000000005
1.4106070000000006
1.4147300000000005
1.4106070000000006
1.4147300000000005
1.4106070000000006
1.4147300000000005
1.4106070000000006
1.4147300000000005
1.4106070000000006
1.4147300000000005
1.4106070000000006
1.4147300000000005
1.4106070000000006
1.4147300000000005
1.4106070000000006
1.4147300000000005
1.4106070000000006
1.4147300000000005
1.4106070000000006
1.4147300000000005
1.4106070000000006
1.4147300000000005
1.4106070000000006
1.4147300000000005
1.4106070000000006
1.4147300000000005
1.4106070000000006
1.4147300000000005
1.4106070000000006
1.4147300000000005
1.4106070000000006
1.4147300000000005
1.4106070000000006
1.4147300000000005
1.4106070000000006
1.4147300000000005
1.4106070000000006
1.4147300000000005
1.4106070000000006
1.4147300000000005
1.4106070000000006
1.4147300000000005
1.4106070000000006
1.4147300000000005
1.4106070000000006
1.4147300000000005
1.4106070000000006
1.4147300000000005
1.4106070000000006
1.4147300000000005
1.4106070000000006
1.4147300000000005
1.4106070000000006
1.4147300000000005
1.4106070000000006
1.4147300000000005
1.4106070000000006
1.4147300000000005
1.4106070000000006
1.4147300000000005
1.4106070000000006
1.4147300000000005
1.4106070000000006
1.4147300000000005
1.4106070000000006
1.4147300000000005
1.4106070000000006
1.4147300000000005
1.4106070000000006
1.4147300000000005
1.4106070000000006
1.4147300000000005
1.4106070000000006
1.4147300000000005
1.4106070000000006
1.4147300000000005
1.4106070000000006
1.4147300000000005
1.4106070000000006
1.4147300000000005
1.4106070000000006
1.4147300000000005
1.4106070000000006
1.4147300000000005
1.4106070000000006
1.4147300000000005
1.4106070000000006
1.4147300000000005
1.4106070000000006
1.4147300000000005
1.4106070000000006
1.4147300000000005
1.4106070000000006
1.4147300000000005
1.4106070000000006
1.4147300000000005
1.4106070000000006
1.4147300000000005
1.4106070000000006
1.4147300000000005
1.4106070000000006
1.4147300000000005
1.4106070000000006
1.4147300000000005
1.4106070000000006
1.4147300000000005
1.4106070000000006
1.4147300000000005
1.4106070000000006
1.4147300000000005
1.4106070000000006
1.4147300000000005
1.4106070000000006
1.4147300000000005
-1.4130089999999997
-1.4123289999999997
-1.4130089999999997
-1.4123289999999997
-1.4130089999999997
-1.4123289999999997
-1.4130089999999997
-1.4123289999999997
-1.4130089999999997
-1.4123289999999997
-1.4130089999999997
-1.4123289999999997
-1.4130089999999997
-1.4123289999999997
-1.4130089999999997
-1.4123289999999997
-1.4130089999999997
-1.4123289999999997
-1.4130089999999997
-1.4123289999999997
-1.4130089999999997
-1.4123289999999997
-1.4130089999999997
-1.4123289999999997
-1.4130089999999997
-1.4123289999999997
-1.4130089999999997
-1.4123289999999997
-1.4130089999999997
-1.4123289999999997
-1.4130089999999997
-1.4123289999999997
-1.4130089999999997
-1.4123289999999997
-1.4130089999999997
-1.4123289999999997
-1.4130089999999997
-1.4123289999999997
-1.4130089999999997
-1.4123289999999997
-1.4130089999999997
-1.4123289999999997
-1.4130089999999997
-1.4123289999999997
-1.4130089999999997
-1.4123289999999997
-1.4130089999999997
-1.4123289999999997
-1.4130089999999997
-1.4123289999999997
-1.4130089999999997
-1.4123289999999997
-1.4130089999999997
-1.4123289999999997
-1.4130089999999997
-1.4123289999999997
-1.4130089999999997
-1.4123289999999997
-1.4130089999999997
-1.4123289999999997
-1.4130089999999997
-1.4123289999999997
-1.4130089999999997
-1.4123289999999997
-1.4130089999999997
-1.4123289999999997
-1.4130089999999997
-1.4123289999999997
-1.4130089999999997
-1.4123289999999997
-1.4130089999999997
-1.4123289999999997
-1.4130089999999997
-1.4123289999999997
-1.4130089999999997
-1.4123289999999997
-1.4130089999999997
-1.4123289999999997
-1.4130089999999997
-1.4123289999999997
-1.4130089999999997
-1.4123289999999997
-1.4130089999999997
-1.4123289999999997
-1.4130089999999997
-1.4123289999999997
-1.4130089999999997
-1.4123289999999997
-1.4130089999999997
-1.4123289999999997
-1.4130089999999997
-1.4123289999999997
-1.4130089999999997
-1.4123289999999997
-1.4130089999999997
-1.4123289999999997
-1.4130089999999997
-1.4123289999999997
-1.4130089999999997
-1.4123289999999997
-1.4130089999999997
-1.4123289999999997
-1.4130089999999997
-1.4123289999999997
-1.4130089999999997
-1.4123289999999997
-1.4130089999999997
-1.4123289999999997
-1.4130089999999997
-1.4123289999999997
-1.4130089999999997
-1.4123289999999997
-1.4130089999999997
-1.4123289999999997
-1.4130089999999997
-1.4123289999999997
-1.4130089999999997
-1.4123289999999997
-1.4130089999999997
-1.4123289999999997
