1.3627509999999994
1.3364840000000004
1.3627509999999994
1.3364840000000004
1.3627509999999994
1.3364840000000004
1.3627509999999994
1.3364840000000004
1.3627509999999994
1.3364840000000004
1.3627509999999994
1.3364840000000004
1.3627509999999994
1.3364840000000004
1.3627509999999994
1.3364840000000004
1.3627509999999994
1.3364840000000004
1.3627509999999994
1.3364840000000004
1.3627509999999994
1.3364840000000004
1.3627509999999994
1.3364840000000004
1.3627509999999994
1.3364840000000004
1.3627509999999994
1.3364840000000004
1.3627509999999994
1.3364840000000004
1.3627509999999994
1.3364840000000004
1.3627509999999994
1.3364840000000004
1.3627509999999994
1.3364840000000004
1.3627509999999994
1.3364840000000004
1.3627509999999994
1.3364840000000004
1.3627509999999994
1.3364840000000004
1.3627509999999994
1.3364840000000004
1.3627509999999994
1.3364840000000004
1.3627509999999994
1.3364840000000004
1.3627509999999994
1.3364840000000004
1.3627509999999994
1.3364840000000004
1.3627509999999994
1.3364840000000004
1.3627509999999994
1.3364840000000004
1.3627509999999994
1.3364840000000004
1.3627509999999994
1.3364840000000004
1.3627509999999994
1.3364840000000004
1.3627509999999994
1.3364840000000004
1.3627509999999994
1.3364840000000004
1.3627509999999994
1.3364840000000004
1.3627509999999994
1.3364840000000004
1.3627509999999994
1.3364840000000004
1.3627509999999994
1.3364840000000004
1.3627509999999994
1.3364840000000004
1.3627509999999994
1.3364840000000004
1.3627509999999994
1.3364840000000004
1.3627509999999994
1.3364840000000004
1.3627509999999994
1.3364840000000004
1.3627509999999994
1.3364840000000004
1.3627509999999994
1.3364840000000004
1.3627509999999994
1.3364840000000004
1.3627509999999994
1.3364840000000004
1.3627509999999994
1.3364840000000004
1.3627509999999994
1.3364840000000004
1.3627509999999994
1.3364840000000004
1.3627509999999994
1.3364840000000004
1.3627509999999994
1.3364840000000004
1.3627509999999994
1.3364840000000004
1.3627509999999994
1.3364840000000004
1.3627509999999994
1.3364840000000004
1.3627509999999994
1.3364840000000004
1.3627509999999994
1.3364840000000004
1.3627509999999994
1.3364840000000004
1.3627509999999994
1.3364840000000004
1.3627509999999994
1.3364840000000004
1.3627509999999994
1.3364840000000004
-1.335649
-1.3635849999999996
-1.335649
-1.3635849999999996
-1.335649
-1.3635849999999996
-1.335649
-1.3635849999999996
-1.335649
-1.3635849999999996
-1.335649
-1.3635849999999996
-1.335649
-1.3635849999999996
-1.335649
-1.3635849999999996
-1.335649
-1.3635849999999996
-1.335649
-1.3635849999999996
-1.335649
-1.3635849999999996
-1.335649
-1.3635849999999996
-1.335649
-1.3635849999999996
-1.335649
-1.3635849999999996
-1.335649
-1.3635849999999996
-1.335649
-1.3635849999999996
-1.335649
-1.3635849999999996
-1.335649
-1.3635849999999996
-1.335649
-1.3635849999999996
-1.335649
-1.3635849999999996
-1.335649
-1.3635849999999996
-1.335649
-1.3635849999999996
-1.335649
-1.3635849999999996
-1.335649
-1.3635849999999996
-1.335649
-1.3635849999999996
-1.335649
-1.3635849999999996
-1.335649
-1.3635849999999996
-1.335649
-1.3635849999999996
-1.335649
-1.3635849999999996
-1.335649
-1.3635849999999996
-1.335649
-1.3635849999999996
-1.335649
-1.3635849999999996
-1.335649
-1.3635849999999996
-1.335649
-1.3635849999999996
-1.335649
-1.3635849999999996
-1.335649
-1.3635849999999996
-1.335649
-1.3635849999999996
-1.335649
-1.3635849999999996
-1.335649
-1.3635849999999996
-1.335649
-1.3635849999999996
-1.335649
-1.3635849999999996
-1.335649
-1.3635849999999996
-1.335649
-1.3635849999999996
-1.335649
-1.3635849999999996
-1.335649
-1.3635849999999996
-1.335649
-1.3635849999999996
-1.335649
-1.3635849999999996
-1.335649
-1.3635849999999996
-1.335649
-1.3635849999999996
-1.335649
-1.3635849999999996
-1.335649
-1.3635849999999996
-1.335649
-1.3635849999999996
-1.335649
-1.3635849999999996
-1.335649
-1.3635849999999996
-1.335649
-1.3635849999999996
-1.335649
-1.3635849999999996
-1.335649
-1.3635849999999996
-1.335649
-1.3635849999999996
-1.335649
-1.3635849999999996
-1.335649
-1.3635849999999996
