1.3411469999999994
1.3743379999999998
1.3411469999999994
1.3743379999999998
1.3411469999999994
1.3743379999999998
1.3411469999999994
1.3743379999999998
1.3411469999999994
1.3743379999999998
1.3411469999999994
1.3743379999999998
1.3411469999999994
1.3743379999999998
1.3411469999999994
1.3743379999999998
1.3411469999999994
1.3743379999999998
1.3411469999999994
1.3743379999999998
1.3411469999999994
1.3743379999999998
1.3411469999999994
1.3743379999999998
1.3411469999999994
1.3743379999999998
1.3411469999999994
1.3743379999999998
1.3411469999999994
1.3743379999999998
1.3411469999999994
1.3743379999999998
1.3411469999999994
1.3743379999999998
1.3411469999999994
1.3743379999999998
1.3411469999999994
1.3743379999999998
1.3411469999999994
1.3743379999999998
1.3411469999999994
1.3743379999999998
1.3411469999999994
1.3743379999999998
1.3411469999999994
1.3743379999999998
1.3411469999999994
1.3743379999999998
1.3411469999999994
1.3743379999999998
1.3411469999999994
1.3743379999999998
1.3411469999999994
1.3743379999999998
1.3411469999999994
1.3743379999999998
1.3411469999999994
1.3743379999999998
1.3411469999999994
1.3743379999999998
1.3411469999999994
1.3743379999999998
1.3411469999999994
1.3743379999999998
1.3411469999999994
1.3743379999999998
1.3411469999999994
1.3743379999999998
1.3411469999999994
1.3743379999999998
1.3411469999999994
1.3743379999999998
1.3411469999999994
1.3743379999999998
1.3411469999999994
1.3743379999999998
1.3411469999999994
1.3743379999999998
1.3411469999999994
1.3743379999999998
1.3411469999999994
1.3743379999999998
1.3411469999999994
1.3743379999999998
1.3411469999999994
1.3743379999999998
1.3411469999999994
1.3743379999999998
1.3411469999999994
1.3743379999999998
1.3411469999999994
1.3743379999999998
1.3411469999999994
1.3743379999999998
1.3411469999999994
1.3743379999999998
-1.3604380000000003
-1.355048
-1.3604380000000003
-1.355048
-1.3604380000000003
-1.355048
-1.3604380000000003
-1.355048
-1.3604380000000003
-1.355048
-1.3604380000000003
-1.355048
-1.3604380000000003
-1.355048
-1.3604380000000003
-1.355048
-1.3604380000000003
-1.355048
-1.3604380000000003
-1.355048
-1.3604380000000003
-1.355048
-1.3604380000000003
-1.355048
-1.3604380000000003
-1.355048
-1.3604380000000003
-1.355048
-1.3604380000000003
-1.355048
-1.3604380000000003
-1.355048
-1.3604380000000003
-1.355048
-1.3604380000000003
-1.355048
-1.3604380000000003
-1.355048
-1.3604380000000003
-1.355048
-1.3604380000000003
-1.355048
-1.3604380000000003
-1.355048
-1.3604380000000003
-1.355048
-1.3604380000000003
-1.355048
-1.3604380000000003
-1.355048
-1.3604380000000003
-1.355048
-1.3604380000000003
-1.355048
-1.3604380000000003
-1.355048
-1.3604380000000003
-1.355048
-1.3604380000000003
-1.355048
-1.3604380000000003
-1.355048
-1.3604380000000003
-1.355048
-1.3604380000000003
-1.355048
-1.3604380000000003
-1.355048
-1.3604380000000003
-1.355048
-1.3604380000000003
-1.355048
-1.3604380000000003
-1.355048
-1.3604380000000003
-1.355048
-1.3604380000000003
-1.355048
-1.3604380000000003
-1.355048
-1.3604380000000003
-1.355048
-1.3604380000000003
-1.355048
-1.3604380000000003
-1.355048
-1.3604380000000003
-1.355048
-1.3604380000000003
-1.355048
-1.3604380000000003
-1.355048
-1.3604380000000003
-1.355048
-1.3604380000000003
-1.355048
