1.4487919999999992
1.4478139999999993
1.4484560000000002
1.4441699999999997
1.4487919999999992
1.4478139999999993
1.4484560000000002
1.4441699999999997
1.4487919999999992
1.4478139999999993
1.4484560000000002
1.4441699999999997
1.4487919999999992
1.4478139999999993
1.4484560000000002
1.4441699999999997
1.4487919999999992
1.4478139999999993
1.4484560000000002
1.4441699999999997
1.4487919999999992
1.4478139999999993
1.4484560000000002
1.4441699999999997
1.4487919999999992
1.4478139999999993
1.4484560000000002
1.4441699999999997
1.4487919999999992
1.4478139999999993
1.4484560000000002
1.4441699999999997
1.4487919999999992
1.4478139999999993
1.4484560000000002
1.4441699999999997
1.4487919999999992
1.4478139999999993
1.4484560000000002
1.4441699999999997
1.4487919999999992
1.4478139999999993
1.4484560000000002
1.4441699999999997
1.4487919999999992
1.4478139999999993
1.4484560000000002
1.4441699999999997
1.4487919999999992
1.4478139999999993
1.4484560000000002
1.4441699999999997
1.4487919999999992
1.4478139999999993
1.4484560000000002
1.4441699999999997
1.4487919999999992
1.4478139999999993
1.4484560000000002
1.4441699999999997
1.4487919999999992
1.4478139999999993
1.4484560000000002
1.4441699999999997
1.4487919999999992
1.4478139999999993
1.4484560000000002
1.4441699999999997
1.4487919999999992
1.4478139999999993
1.4484560000000002
1.4441699999999997
1.4487919999999992
1.4478139999999993
1.4484560000000002
1.4441699999999997
1.4487919999999992
1.4478139999999993
1.4484560000000002
1.4441699999999997
1.4487919999999992
1.4478139999999993
1.4484560000000002
1.4441699999999997
1.4487919999999992
1.4478139999999993
1.4484560000000002
1.4441699999999997
1.4487919999999992
1.4478139999999993
1.4484560000000002
1.4441699999999997
1.4487919999999992
1.4478139999999993
1.4484560000000002
1.4441699999999997
1.4487919999999992
1.4478139999999993
1.4484560000000002
1.4441699999999997
1.4487919999999992
1.4478139999999993
1.4484560000000002
1.4441699999999997
1.4487919999999992
1.4478139999999993
1.4484560000000002
1.4441699999999997
-1.4478520000000001
-1.445703
-1.4480449999999996
-1.4476329999999997
-1.4478520000000001
-1.445703
-1.4480449999999996
-1.4476329999999997
-1.4478520000000001
-1.445703
-1.4480449999999996
-1.4476329999999997
-1.4478520000000001
-1.445703
-1.4480449999999996
-1.4476329999999997
-1.4478520000000001
-1.445703
-1.4480449999999996
-1.4476329999999997
-1.4478520000000001
-1.445703
-1.4480449999999996
-1.4476329999999997
-1.4478520000000001
-1.445703
-1.4480449999999996
-1.4476329999999997
-1.4478520000000001
-1.445703
-1.4480449999999996
-1.4476329999999997
-1.4478520000000001
-1.445703
-1.4480449999999996
-1.4476329999999997
-1.4478520000000001
-1.445703
-1.4480449999999996
-1.4476329999999997
-1.4478520000000001
-1.445703
-1.4480449999999996
-1.4476329999999997
-1.4478520000000001
-1.445703
-1.4480449999999996
-1.4476329999999997
-1.4478520000000001
-1.445703
-1.4480449999999996
-1.4476329999999997
-1.4478520000000001
-1.445703
-1.4480449999999996
-1.4476329999999997
-1.4478520000000001
-1.445703
-1.4480449999999996
-1.4476329999999997
-1.4478520000000001
-1.445703
-1.4480449999999996
-1.4476329999999997
-1.4478520000000001
-1.445703
-1.4480449999999996
-1.4476329999999997
-1.4478520000000001
-1.445703
-1.4480449999999996
-1.4476329999999997
-1.4478520000000001
-1.445703
-1.4480449999999996
-1.4476329999999997
-1.4478520000000001
-1.445703
-1.4480449999999996
-1.4476329999999997
-1.4478520000000001
-1.445703
-1.4480449999999996
-1.4476329999999997
-1.4478520000000001
-1.445703
-1.4480449999999996
-1.4476329999999997
-1.4478520000000001
-1.445703
-1.4480449999999996
-1.4476329999999997
-1.4478520000000001
-1.445703
-1.4480449999999996
-1.4476329999999997
-1.4478520000000001
-1.445703
-1.4480449999999996
-1.4476329999999997
-1.4478520000000001
-1.445703
-1.4480449999999996
-1.4476329999999997
-1.4478520000000001
-1.445703
-1.4480449999999996
-1.4476329999999997
