1.241486
1.2713450000000002
1.3963940000000008
1.270149
1.241486
1.2713450000000002
1.3963940000000008
1.270149
1.241486
1.2713450000000002
1.3963940000000008
1.270149
1.241486
1.2713450000000002
1.3963940000000008
1.270149
1.241486
1.2713450000000002
1.3963940000000008
1.270149
1.241486
1.2713450000000002
1.3963940000000008
1.270149
1.241486
1.2713450000000002
1.3963940000000008
1.270149
1.241486
1.2713450000000002
1.3963940000000008
1.270149
1.241486
1.2713450000000002
1.3963940000000008
1.270149
1.241486
1.2713450000000002
1.3963940000000008
1.270149
1.241486
1.2713450000000002
1.3963940000000008
1.270149
1.241486
1.2713450000000002
1.3963940000000008
1.270149
1.241486
1.2713450000000002
1.3963940000000008
1.270149
1.241486
1.2713450000000002
1.3963940000000008
1.270149
1.241486
1.2713450000000002
1.3963940000000008
1.270149
1.241486
1.2713450000000002
1.3963940000000008
1.270149
1.241486
1.2713450000000002
1.3963940000000008
1.270149
1.241486
1.2713450000000002
1.3963940000000008
1.270149
1.241486
1.2713450000000002
1.3963940000000008
1.270149
1.241486
1.2713450000000002
1.3963940000000008
1.270149
1.241486
1.2713450000000002
1.3963940000000008
1.270149
1.241486
1.2713450000000002
1.3963940000000008
1.270149
1.241486
1.2713450000000002
1.3963940000000008
1.270149
1.241486
1.2713450000000002
1.3963940000000008
1.270149
1.241486
1.2713450000000002
1.3963940000000008
1.270149
1.241486
1.2713450000000002
1.3963940000000008
1.270149
1.241486
1.2713450000000002
1.3963940000000008
1.270149
1.241486
1.2713450000000002
1.3963940000000008
1.270149
1.241486
1.2713450000000002
1.3963940000000008
1.270149
1.241486
1.2713450000000002
1.3963940000000008
1.270149
1.241486
1.2713450000000002
1.3963940000000008
1.270149
1.241486
1.2713450000000002
1.3963940000000008
1.270149
1.241486
1.2713450000000002
1.3963940000000008
1.270149
1.241486
1.2713450000000002
1.3963940000000008
1.270149
1.241486
1.2713450000000002
1.3963940000000008
1.270149
1.241486
1.2713450000000002
1.3963940000000008
1.270149
1.241486
1.2713450000000002
1.3963940000000008
1.270149
1.241486
1.2713450000000002
1.3963940000000008
1.270149
1.241486
1.2713450000000002
1.3963940000000008
1.270149
1.241486
1.2713450000000002
1.3963940000000008
1.270149
1.241486
1.2713450000000002
1.3963940000000008
1.270149
1.241486
1.2713450000000002
1.3963940000000008
1.270149
1.241486
1.2713450000000002
1.3963940000000008
1.270149
1.241486
1.2713450000000002
1.3963940000000008
1.270149
1.241486
1.2713450000000002
1.3963940000000008
1.270149
-1.3310890000000004
-1.306496
-1.2217019999999996
-1.3200880000000002
-1.3310890000000004
-1.306496
-1.2217019999999996
-1.3200880000000002
-1.3310890000000004
-1.306496
-1.2217019999999996
-1.3200880000000002
-1.3310890000000004
-1.306496
-1.2217019999999996
-1.3200880000000002
-1.3310890000000004
-1.306496
-1.2217019999999996
-1.3200880000000002
-1.3310890000000004
-1.306496
-1.2217019999999996
-1.3200880000000002
-1.3310890000000004
-1.306496
-1.2217019999999996
-1.3200880000000002
-1.3310890000000004
-1.306496
-1.2217019999999996
-1.3200880000000002
-1.3310890000000004
-1.306496
-1.2217019999999996
-1.3200880000000002
-1.3310890000000004
-1.306496
-1.2217019999999996
-1.3200880000000002
-1.3310890000000004
-1.306496
-1.2217019999999996
-1.3200880000000002
-1.3310890000000004
-1.306496
-1.2217019999999996
-1.3200880000000002
-1.3310890000000004
-1.306496
-1.2217019999999996
-1.3200880000000002
-1.3310890000000004
-1.306496
-1.2217019999999996
-1.3200880000000002
-1.3310890000000004
-1.306496
-1.2217019999999996
-1.3200880000000002
-1.3310890000000004
-1.306496
-1.2217019999999996
-1.3200880000000002
-1.3310890000000004
-1.306496
-1.2217019999999996
-1.3200880000000002
-1.3310890000000004
-1.306496
-1.2217019999999996
-1.3200880000000002
-1.3310890000000004
-1.306496
-1.2217019999999996
-1.3200880000000002
-1.3310890000000004
-1.306496
-1.2217019999999996
-1.3200880000000002
-1.3310890000000004
-1.306496
-1.2217019999999996
-1.3200880000000002
-1.3310890000000004
-1.306496
-1.2217019999999996
-1.3200880000000002
-1.3310890000000004
-1.306496
-1.2217019999999996
-1.3200880000000002
-1.3310890000000004
-1.306496
-1.2217019999999996
-1.3200880000000002
-1.3310890000000004
-1.306496
-1.2217019999999996
-1.3200880000000002
-1.3310890000000004
-1.306496
-1.2217019999999996
-1.3200880000000002
-1.3310890000000004
-1.306496
-1.2217019999999996
-1.3200880000000002
-1.3310890000000004
-1.306496
-1.2217019999999996
-1.3200880000000002
-1.3310890000000004
-1.306496
-1.2217019999999996
-1.3200880000000002
-1.3310890000000004
-1.306496
-1.2217019999999996
-1.3200880000000002
-1.3310890000000004
-1.306496
-1.2217019999999996
-1.3200880000000002
-1.3310890000000004
-1.306496
-1.2217019999999996
-1.3200880000000002
-1.3310890000000004
-1.306496
-1.2217019999999996
-1.3200880000000002
-1.3310890000000004
-1.306496
-1.2217019999999996
-1.3200880000000002
-1.3310890000000004
-1.306496
-1.2217019999999996
-1.3200880000000002
-1.3310890000000004
-1.306496
-1.2217019999999996
-1.3200880000000002
-1.3310890000000004
-1.306496
-1.2217019999999996
-1.3200880000000002
-1.3310890000000004
-1.306496
-1.2217019999999996
-1.3200880000000002
-1.3310890000000004
-1.306496
-1.2217019999999996
-1.3200880000000002
-1.3310890000000004
-1.306496
-1.2217019999999996
-1.3200880000000002
-1.3310890000000004
-1.306496
-1.2217019999999996
-1.3200880000000002
-1.3310890000000004
-1.306496
-1.2217019999999996
-1.3200880000000002
-1.3310890000000004
-1.306496
-1.2217019999999996
-1.3200880000000002
-1.3310890000000004
-1.306496
-1.2217019999999996
-1.3200880000000002
-1.3310890000000004
-1.306496
-1.2217019999999996
-1.3200880000000002
