1.4431100000000008
1.44271
1.4409729999999996
1.4435540000000007
1.4431100000000008
1.44271
1.4409729999999996
1.4435540000000007
1.4431100000000008
1.44271
1.4409729999999996
1.4435540000000007
1.4431100000000008
1.44271
1.4409729999999996
1.4435540000000007
1.4431100000000008
1.44271
1.4409729999999996
1.4435540000000007
1.4431100000000008
1.44271
1.4409729999999996
1.4435540000000007
1.4431100000000008
1.44271
1.4409729999999996
1.4435540000000007
1.4431100000000008
1.44271
1.4409729999999996
1.4435540000000007
1.4431100000000008
1.44271
1.4409729999999996
1.4435540000000007
1.4431100000000008
1.44271
1.4409729999999996
1.4435540000000007
1.4431100000000008
1.44271
1.4409729999999996
1.4435540000000007
1.4431100000000008
1.44271
1.4409729999999996
1.4435540000000007
1.4431100000000008
1.44271
1.4409729999999996
1.4435540000000007
1.4431100000000008
1.44271
1.4409729999999996
1.4435540000000007
1.4431100000000008
1.44271
1.4409729999999996
1.4435540000000007
1.4431100000000008
1.44271
1.4409729999999996
1.4435540000000007
1.4431100000000008
1.44271
1.4409729999999996
1.4435540000000007
1.4431100000000008
1.44271
1.4409729999999996
1.4435540000000007
1.4431100000000008
1.44271
1.4409729999999996
1.4435540000000007
1.4431100000000008
1.44271
1.4409729999999996
1.4435540000000007
1.4431100000000008
1.44271
1.4409729999999996
1.4435540000000007
1.4431100000000008
1.44271
1.4409729999999996
1.4435540000000007
1.4431100000000008
1.44271
1.4409729999999996
1.4435540000000007
1.4431100000000008
1.44271
1.4409729999999996
1.4435540000000007
1.4431100000000008
1.44271
1.4409729999999996
1.4435540000000007
1.4431100000000008
1.44271
1.4409729999999996
1.4435540000000007
1.4431100000000008
1.44271
1.4409729999999996
1.4435540000000007
-1.441669
-1.4431380000000003
-1.4427219999999998
-1.4428130000000001
-1.441669
-1.4431380000000003
-1.4427219999999998
-1.4428130000000001
-1.441669
-1.4431380000000003
-1.4427219999999998
-1.4428130000000001
-1.441669
-1.4431380000000003
-1.4427219999999998
-1.4428130000000001
-1.441669
-1.4431380000000003
-1.4427219999999998
-1.4428130000000001
-1.441669
-1.4431380000000003
-1.4427219999999998
-1.4428130000000001
-1.441669
-1.4431380000000003
-1.4427219999999998
-1.4428130000000001
-1.441669
-1.4431380000000003
-1.4427219999999998
-1.4428130000000001
-1.441669
-1.4431380000000003
-1.4427219999999998
-1.4428130000000001
-1.441669
-1.4431380000000003
-1.4427219999999998
-1.4428130000000001
-1.441669
-1.4431380000000003
-1.4427219999999998
-1.4428130000000001
-1.441669
-1.4431380000000003
-1.4427219999999998
-1.4428130000000001
-1.441669
-1.4431380000000003
-1.4427219999999998
-1.4428130000000001
-1.441669
-1.4431380000000003
-1.4427219999999998
-1.4428130000000001
-1.441669
-1.4431380000000003
-1.4427219999999998
-1.4428130000000001
-1.441669
-1.4431380000000003
-1.4427219999999998
-1.4428130000000001
-1.441669
-1.4431380000000003
-1.4427219999999998
-1.4428130000000001
-1.441669
-1.4431380000000003
-1.4427219999999998
-1.4428130000000001
-1.441669
-1.4431380000000003
-1.4427219999999998
-1.4428130000000001
-1.441669
-1.4431380000000003
-1.4427219999999998
-1.4428130000000001
-1.441669
-1.4431380000000003
-1.4427219999999998
-1.4428130000000001
-1.441669
-1.4431380000000003
-1.4427219999999998
-1.4428130000000001
-1.441669
-1.4431380000000003
-1.4427219999999998
-1.4428130000000001
-1.441669
-1.4431380000000003
-1.4427219999999998
-1.4428130000000001
-1.441669
-1.4431380000000003
-1.4427219999999998
-1.4428130000000001
-1.441669
-1.4431380000000003
-1.4427219999999998
-1.4428130000000001
-1.441669
-1.4431380000000003
-1.4427219999999998
-1.4428130000000001
