1.4544510000000006
1.4544510000000006
1.4544510000000006
1.4544510000000006
1.4544510000000006
1.4544510000000006
1.4544510000000006
1.4544510000000006
1.4544510000000006
1.4544510000000006
1.4544510000000006
1.4544510000000006
1.4544510000000006
1.4544510000000006
1.4544510000000006
1.4544510000000006
1.4544510000000006
1.4544510000000006
1.4544510000000006
1.4544510000000006
1.4544510000000006
1.4544510000000006
1.4544510000000006
1.4544510000000006
1.4544510000000006
1.4544510000000006
1.4544510000000006
1.4544510000000006
1.4544510000000006
1.4544510000000006
1.4544510000000006
1.4544510000000006
1.4544510000000006
1.4544510000000006
1.4544510000000006
1.4544510000000006
1.4544510000000006
1.4544510000000006
1.4544510000000006
1.4544510000000006
1.4544510000000006
1.4544510000000006
1.4544510000000006
1.4544510000000006
1.4544510000000006
1.4544510000000006
1.4544510000000006
1.4544510000000006
1.4544510000000006
1.4544510000000006
1.4544510000000006
1.4544510000000006
1.4544510000000006
1.4544510000000006
1.4544510000000006
1.4544510000000006
1.4544510000000006
1.4544510000000006
1.4544510000000006
1.4544510000000006
1.4544510000000006
1.4544510000000006
1.4544510000000006
1.4544510000000006
-1.454453
-1.454453
-1.454453
-1.454453
-1.454453
-1.454453
-1.454453
-1.454453
-1.454453
-1.454453
-1.454453
-1.454453
-1.454453
-1.454453
-1.454453
-1.454453
-1.454453
-1.454453
-1.454453
-1.454453
-1.454453
-1.454453
-1.454453
-1.454453
-1.454453
-1.454453
-1.454453
-1.454453
-1.454453
-1.454453
-1.454453
-1.454453
-1.454453
-1.454453
-1.454453
-1.454453
-1.454453
-1.454453
-1.454453
-1.454453
-1.454453
-1.454453
-1.454453
-1.454453
-1.454453
-1.454453
-1.454453
-1.454453
-1.454453
-1.454453
-1.454453
-1.454453
-1.454453
-1.454453
-1.454453
-1.454453
-1.454453
-1.454453
-1.454453
-1.454453
-1.454453
-1.454453
-1.454453
-1.454453
