1.3907760000000007
1.3797650000000008
1.3907760000000007
1.3797650000000008
1.3907760000000007
1.3797650000000008
1.3907760000000007
1.3797650000000008
1.3907760000000007
1.3797650000000008
1.3907760000000007
1.3797650000000008
1.3907760000000007
1.3797650000000008
1.3907760000000007
1.3797650000000008
1.3907760000000007
1.3797650000000008
1.3907760000000007
1.3797650000000008
1.3907760000000007
1.3797650000000008
1.3907760000000007
1.3797650000000008
1.3907760000000007
1.3797650000000008
1.3907760000000007
1.3797650000000008
1.3907760000000007
1.3797650000000008
1.3907760000000007
1.3797650000000008
1.3907760000000007
1.3797650000000008
1.3907760000000007
1.3797650000000008
1.3907760000000007
1.3797650000000008
1.3907760000000007
1.3797650000000008
1.3907760000000007
1.3797650000000008
1.3907760000000007
1.3797650000000008
1.3907760000000007
1.3797650000000008
1.3907760000000007
1.3797650000000008
1.3907760000000007
1.3797650000000008
1.3907760000000007
1.3797650000000008
1.3907760000000007
1.3797650000000008
1.3907760000000007
1.3797650000000008
1.3907760000000007
1.3797650000000008
1.3907760000000007
1.3797650000000008
1.3907760000000007
1.3797650000000008
1.3907760000000007
1.3797650000000008
1.3907760000000007
1.3797650000000008
1.3907760000000007
1.3797650000000008
1.3907760000000007
1.3797650000000008
1.3907760000000007
1.3797650000000008
1.3907760000000007
1.3797650000000008
1.3907760000000007
1.3797650000000008
1.3907760000000007
1.3797650000000008
1.3907760000000007
1.3797650000000008
1.3907760000000007
1.3797650000000008
1.3907760000000007
1.3797650000000008
1.3907760000000007
1.3797650000000008
1.3907760000000007
1.3797650000000008
1.3907760000000007
1.3797650000000008
1.3907760000000007
1.3797650000000008
1.3907760000000007
1.3797650000000008
1.3907760000000007
1.3797650000000008
1.3907760000000007
1.3797650000000008
1.3907760000000007
1.3797650000000008
1.3907760000000007
1.3797650000000008
1.3907760000000007
1.3797650000000008
1.3907760000000007
1.3797650000000008
1.3907760000000007
1.3797650000000008
1.3907760000000007
1.3797650000000008
1.3907760000000007
1.3797650000000008
1.3907760000000007
1.3797650000000008
1.3907760000000007
1.3797650000000008
1.3907760000000007
1.3797650000000008
1.3907760000000007
1.3797650000000008
-1.3881139999999998
-1.3824249999999996
-1.3881139999999998
-1.3824249999999996
-1.3881139999999998
-1.3824249999999996
-1.3881139999999998
-1.3824249999999996
-1.3881139999999998
-1.3824249999999996
-1.3881139999999998
-1.3824249999999996
-1.3881139999999998
-1.3824249999999996
-1.3881139999999998
-1.3824249999999996
-1.3881139999999998
-1.3824249999999996
-1.3881139999999998
-1.3824249999999996
-1.3881139999999998
-1.3824249999999996
-1.3881139999999998
-1.3824249999999996
-1.3881139999999998
-1.3824249999999996
-1.3881139999999998
-1.3824249999999996
-1.3881139999999998
-1.3824249999999996
-1.3881139999999998
-1.3824249999999996
-1.3881139999999998
-1.3824249999999996
-1.3881139999999998
-1.3824249999999996
-1.3881139999999998
-1.3824249999999996
-1.3881139999999998
-1.3824249999999996
-1.3881139999999998
-1.3824249999999996
-1.3881139999999998
-1.3824249999999996
-1.3881139999999998
-1.3824249999999996
-1.3881139999999998
-1.3824249999999996
-1.3881139999999998
-1.3824249999999996
-1.3881139999999998
-1.3824249999999996
-1.3881139999999998
-1.3824249999999996
-1.3881139999999998
-1.3824249999999996
-1.3881139999999998
-1.3824249999999996
-1.3881139999999998
-1.3824249999999996
-1.3881139999999998
-1.3824249999999996
-1.3881139999999998
-1.3824249999999996
-1.3881139999999998
-1.3824249999999996
-1.3881139999999998
-1.3824249999999996
-1.3881139999999998
-1.3824249999999996
-1.3881139999999998
-1.3824249999999996
-1.3881139999999998
-1.3824249999999996
-1.3881139999999998
-1.3824249999999996
-1.3881139999999998
-1.3824249999999996
-1.3881139999999998
-1.3824249999999996
-1.3881139999999998
-1.3824249999999996
-1.3881139999999998
-1.3824249999999996
-1.3881139999999998
-1.3824249999999996
-1.3881139999999998
-1.3824249999999996
-1.3881139999999998
-1.3824249999999996
-1.3881139999999998
-1.3824249999999996
-1.3881139999999998
-1.3824249999999996
-1.3881139999999998
-1.3824249999999996
-1.3881139999999998
-1.3824249999999996
-1.3881139999999998
-1.3824249999999996
-1.3881139999999998
-1.3824249999999996
-1.3881139999999998
-1.3824249999999996
-1.3881139999999998
-1.3824249999999996
-1.3881139999999998
-1.3824249999999996
-1.3881139999999998
-1.3824249999999996
-1.3881139999999998
-1.3824249999999996
-1.3881139999999998
-1.3824249999999996
-1.3881139999999998
-1.3824249999999996
-1.3881139999999998
-1.3824249999999996
-1.3881139999999998
-1.3824249999999996
