1.4361230000000003
1.4322420000000005
1.4390780000000003
1.43905
1.4361230000000003
1.4322420000000005
1.4390780000000003
1.43905
1.4361230000000003
1.4322420000000005
1.4390780000000003
1.43905
1.4361230000000003
1.4322420000000005
1.4390780000000003
1.43905
1.4361230000000003
1.4322420000000005
1.4390780000000003
1.43905
1.4361230000000003
1.4322420000000005
1.4390780000000003
1.43905
1.4361230000000003
1.4322420000000005
1.4390780000000003
1.43905
1.4361230000000003
1.4322420000000005
1.4390780000000003
1.43905
1.4361230000000003
1.4322420000000005
1.4390780000000003
1.43905
1.4361230000000003
1.4322420000000005
1.4390780000000003
1.43905
1.4361230000000003
1.4322420000000005
1.4390780000000003
1.43905
1.4361230000000003
1.4322420000000005
1.4390780000000003
1.43905
1.4361230000000003
1.4322420000000005
1.4390780000000003
1.43905
1.4361230000000003
1.4322420000000005
1.4390780000000003
1.43905
1.4361230000000003
1.4322420000000005
1.4390780000000003
1.43905
1.4361230000000003
1.4322420000000005
1.4390780000000003
1.43905
1.4361230000000003
1.4322420000000005
1.4390780000000003
1.43905
1.4361230000000003
1.4322420000000005
1.4390780000000003
1.43905
1.4361230000000003
1.4322420000000005
1.4390780000000003
1.43905
1.4361230000000003
1.4322420000000005
1.4390780000000003
1.43905
1.4361230000000003
1.4322420000000005
1.4390780000000003
1.43905
1.4361230000000003
1.4322420000000005
1.4390780000000003
1.43905
1.4361230000000003
1.4322420000000005
1.4390780000000003
1.43905
1.4361230000000003
1.4322420000000005
1.4390780000000003
1.43905
1.4361230000000003
1.4322420000000005
1.4390780000000003
1.43905
1.4361230000000003
1.4322420000000005
1.4390780000000003
1.43905
1.4361230000000003
1.4322420000000005
1.4390780000000003
1.43905
-1.43907
-1.4385329999999996
-1.4305070000000004
-1.438383
-1.43907
-1.4385329999999996
-1.4305070000000004
-1.438383
-1.43907
-1.4385329999999996
-1.4305070000000004
-1.438383
-1.43907
-1.4385329999999996
-1.4305070000000004
-1.438383
-1.43907
-1.4385329999999996
-1.4305070000000004
-1.438383
-1.43907
-1.4385329999999996
-1.4305070000000004
-1.438383
-1.43907
-1.4385329999999996
-1.4305070000000004
-1.438383
-1.43907
-1.4385329999999996
-1.4305070000000004
-1.438383
-1.43907
-1.4385329999999996
-1.4305070000000004
-1.438383
-1.43907
-1.4385329999999996
-1.4305070000000004
-1.438383
-1.43907
-1.4385329999999996
-1.4305070000000004
-1.438383
-1.43907
-1.4385329999999996
-1.4305070000000004
-1.438383
-1.43907
-1.4385329999999996
-1.4305070000000004
-1.438383
-1.43907
-1.4385329999999996
-1.4305070000000004
-1.438383
-1.43907
-1.4385329999999996
-1.4305070000000004
-1.438383
-1.43907
-1.4385329999999996
-1.4305070000000004
-1.438383
-1.43907
-1.4385329999999996
-1.4305070000000004
-1.438383
-1.43907
-1.4385329999999996
-1.4305070000000004
-1.438383
-1.43907
-1.4385329999999996
-1.4305070000000004
-1.438383
-1.43907
-1.4385329999999996
-1.4305070000000004
-1.438383
-1.43907
-1.4385329999999996
-1.4305070000000004
-1.438383
-1.43907
-1.4385329999999996
-1.4305070000000004
-1.438383
-1.43907
-1.4385329999999996
-1.4305070000000004
-1.438383
-1.43907
-1.4385329999999996
-1.4305070000000004
-1.438383
-1.43907
-1.4385329999999996
-1.4305070000000004
-1.438383
-1.43907
-1.4385329999999996
-1.4305070000000004
-1.438383
-1.43907
-1.4385329999999996
-1.4305070000000004
-1.438383
