1.4064840000000007
1.4151279999999993
1.4064840000000007
1.4151279999999993
1.4064840000000007
1.4151279999999993
1.4064840000000007
1.4151279999999993
1.4064840000000007
1.4151279999999993
1.4064840000000007
1.4151279999999993
1.4064840000000007
1.4151279999999993
1.4064840000000007
1.4151279999999993
1.4064840000000007
1.4151279999999993
1.4064840000000007
1.4151279999999993
1.4064840000000007
1.4151279999999993
1.4064840000000007
1.4151279999999993
1.4064840000000007
1.4151279999999993
1.4064840000000007
1.4151279999999993
1.4064840000000007
1.4151279999999993
1.4064840000000007
1.4151279999999993
1.4064840000000007
1.4151279999999993
1.4064840000000007
1.4151279999999993
1.4064840000000007
1.4151279999999993
1.4064840000000007
1.4151279999999993
1.4064840000000007
1.4151279999999993
1.4064840000000007
1.4151279999999993
1.4064840000000007
1.4151279999999993
1.4064840000000007
1.4151279999999993
1.4064840000000007
1.4151279999999993
1.4064840000000007
1.4151279999999993
1.4064840000000007
1.4151279999999993
1.4064840000000007
1.4151279999999993
1.4064840000000007
1.4151279999999993
1.4064840000000007
1.4151279999999993
1.4064840000000007
1.4151279999999993
1.4064840000000007
1.4151279999999993
1.4064840000000007
1.4151279999999993
1.4064840000000007
1.4151279999999993
1.4064840000000007
1.4151279999999993
1.4064840000000007
1.4151279999999993
1.4064840000000007
1.4151279999999993
1.4064840000000007
1.4151279999999993
1.4064840000000007
1.4151279999999993
1.4064840000000007
1.4151279999999993
1.4064840000000007
1.4151279999999993
1.4064840000000007
1.4151279999999993
1.4064840000000007
1.4151279999999993
1.4064840000000007
1.4151279999999993
1.4064840000000007
1.4151279999999993
1.4064840000000007
1.4151279999999993
1.4064840000000007
1.4151279999999993
1.4064840000000007
1.4151279999999993
1.4064840000000007
1.4151279999999993
1.4064840000000007
1.4151279999999993
1.4064840000000007
1.4151279999999993
1.4064840000000007
1.4151279999999993
1.4064840000000007
1.4151279999999993
1.4064840000000007
1.4151279999999993
1.4064840000000007
1.4151279999999993
1.4064840000000007
1.4151279999999993
1.4064840000000007
1.4151279999999993
1.4064840000000007
1.4151279999999993
1.4064840000000007
1.4151279999999993
1.4064840000000007
1.4151279999999993
-1.4092859999999998
-1.412324
-1.4092859999999998
-1.412324
-1.4092859999999998
-1.412324
-1.4092859999999998
-1.412324
-1.4092859999999998
-1.412324
-1.4092859999999998
-1.412324
-1.4092859999999998
-1.412324
-1.4092859999999998
-1.412324
-1.4092859999999998
-1.412324
-1.4092859999999998
-1.412324
-1.4092859999999998
-1.412324
-1.4092859999999998
-1.412324
-1.4092859999999998
-1.412324
-1.4092859999999998
-1.412324
-1.4092859999999998
-1.412324
-1.4092859999999998
-1.412324
-1.4092859999999998
-1.412324
-1.4092859999999998
-1.412324
-1.4092859999999998
-1.412324
-1.4092859999999998
-1.412324
-1.4092859999999998
-1.412324
-1.4092859999999998
-1.412324
-1.4092859999999998
-1.412324
-1.4092859999999998
-1.412324
-1.4092859999999998
-1.412324
-1.4092859999999998
-1.412324
-1.4092859999999998
-1.412324
-1.4092859999999998
-1.412324
-1.4092859999999998
-1.412324
-1.4092859999999998
-1.412324
-1.4092859999999998
-1.412324
-1.4092859999999998
-1.412324
-1.4092859999999998
-1.412324
-1.4092859999999998
-1.412324
-1.4092859999999998
-1.412324
-1.4092859999999998
-1.412324
-1.4092859999999998
-1.412324
-1.4092859999999998
-1.412324
-1.4092859999999998
-1.412324
-1.4092859999999998
-1.412324
-1.4092859999999998
-1.412324
-1.4092859999999998
-1.412324
-1.4092859999999998
-1.412324
-1.4092859999999998
-1.412324
-1.4092859999999998
-1.412324
-1.4092859999999998
-1.412324
-1.4092859999999998
-1.412324
-1.4092859999999998
-1.412324
-1.4092859999999998
-1.412324
-1.4092859999999998
-1.412324
-1.4092859999999998
-1.412324
-1.4092859999999998
-1.412324
-1.4092859999999998
-1.412324
-1.4092859999999998
-1.412324
-1.4092859999999998
-1.412324
-1.4092859999999998
-1.412324
-1.4092859999999998
-1.412324
-1.4092859999999998
-1.412324
-1.4092859999999998
-1.412324
-1.4092859999999998
-1.412324
