1.431946
1.4351120000000002
1.4331200000000006
1.433434
1.431946
1.4351120000000002
1.4331200000000006
1.433434
1.431946
1.4351120000000002
1.4331200000000006
1.433434
1.431946
1.4351120000000002
1.4331200000000006
1.433434
1.431946
1.4351120000000002
1.4331200000000006
1.433434
1.431946
1.4351120000000002
1.4331200000000006
1.433434
1.431946
1.4351120000000002
1.4331200000000006
1.433434
1.431946
1.4351120000000002
1.4331200000000006
1.433434
1.431946
1.4351120000000002
1.4331200000000006
1.433434
1.431946
1.4351120000000002
1.4331200000000006
1.433434
1.431946
1.4351120000000002
1.4331200000000006
1.433434
1.431946
1.4351120000000002
1.4331200000000006
1.433434
1.431946
1.4351120000000002
1.4331200000000006
1.433434
1.431946
1.4351120000000002
1.4331200000000006
1.433434
1.431946
1.4351120000000002
1.4331200000000006
1.433434
1.431946
1.4351120000000002
1.4331200000000006
1.433434
1.431946
1.4351120000000002
1.4331200000000006
1.433434
1.431946
1.4351120000000002
1.4331200000000006
1.433434
1.431946
1.4351120000000002
1.4331200000000006
1.433434
1.431946
1.4351120000000002
1.4331200000000006
1.433434
1.431946
1.4351120000000002
1.4331200000000006
1.433434
1.431946
1.4351120000000002
1.4331200000000006
1.433434
1.431946
1.4351120000000002
1.4331200000000006
1.433434
1.431946
1.4351120000000002
1.4331200000000006
1.433434
1.431946
1.4351120000000002
1.4331200000000006
1.433434
1.431946
1.4351120000000002
1.4331200000000006
1.433434
1.431946
1.4351120000000002
1.4331200000000006
1.433434
1.431946
1.4351120000000002
1.4331200000000006
1.433434
1.431946
1.4351120000000002
1.4331200000000006
1.433434
1.431946
1.4351120000000002
1.4331200000000006
1.433434
1.431946
1.4351120000000002
1.4331200000000006
1.433434
1.431946
1.4351120000000002
1.4331200000000006
1.433434
1.431946
1.4351120000000002
1.4331200000000006
1.433434
1.431946
1.4351120000000002
1.4331200000000006
1.433434
1.431946
1.4351120000000002
1.4331200000000006
1.433434
1.431946
1.4351120000000002
1.4331200000000006
1.433434
1.431946
1.4351120000000002
1.4331200000000006
1.433434
1.431946
1.4351120000000002
1.4331200000000006
1.433434
1.431946
1.4351120000000002
1.4331200000000006
1.433434
1.431946
1.4351120000000002
1.4331200000000006
1.433434
1.431946
1.4351120000000002
1.4331200000000006
1.433434
1.431946
1.4351120000000002
1.4331200000000006
1.433434
1.431946
1.4351120000000002
1.4331200000000006
1.433434
1.431946
1.4351120000000002
1.4331200000000006
1.433434
1.431946
1.4351120000000002
1.4331200000000006
1.433434
1.431946
1.4351120000000002
1.4331200000000006
1.433434
1.431946
1.4351120000000002
1.4331200000000006
1.433434
1.431946
1.4351120000000002
1.4331200000000006
1.433434
-1.434393
-1.4320110000000001
-1.433001
-1.4342040000000003
-1.434393
-1.4320110000000001
-1.433001
-1.4342040000000003
-1.434393
-1.4320110000000001
-1.433001
-1.4342040000000003
-1.434393
-1.4320110000000001
-1.433001
-1.4342040000000003
-1.434393
-1.4320110000000001
-1.433001
-1.4342040000000003
-1.434393
-1.4320110000000001
-1.433001
-1.4342040000000003
-1.434393
-1.4320110000000001
-1.433001
-1.4342040000000003
-1.434393
-1.4320110000000001
-1.433001
-1.4342040000000003
-1.434393
-1.4320110000000001
-1.433001
-1.4342040000000003
-1.434393
-1.4320110000000001
-1.433001
-1.4342040000000003
-1.434393
-1.4320110000000001
-1.433001
-1.4342040000000003
-1.434393
-1.4320110000000001
-1.433001
-1.4342040000000003
-1.434393
-1.4320110000000001
-1.433001
-1.4342040000000003
-1.434393
-1.4320110000000001
-1.433001
-1.4342040000000003
-1.434393
-1.4320110000000001
-1.433001
-1.4342040000000003
-1.434393
-1.4320110000000001
-1.433001
-1.4342040000000003
-1.434393
-1.4320110000000001
-1.433001
-1.4342040000000003
-1.434393
-1.4320110000000001
-1.433001
-1.4342040000000003
-1.434393
-1.4320110000000001
-1.433001
-1.4342040000000003
-1.434393
-1.4320110000000001
-1.433001
-1.4342040000000003
-1.434393
-1.4320110000000001
-1.433001
-1.4342040000000003
-1.434393
-1.4320110000000001
-1.433001
-1.4342040000000003
-1.434393
-1.4320110000000001
-1.433001
-1.4342040000000003
-1.434393
-1.4320110000000001
-1.433001
-1.4342040000000003
-1.434393
-1.4320110000000001
-1.433001
-1.4342040000000003
-1.434393
-1.4320110000000001
-1.433001
-1.4342040000000003
-1.434393
-1.4320110000000001
-1.433001
-1.4342040000000003
-1.434393
-1.4320110000000001
-1.433001
-1.4342040000000003
-1.434393
-1.4320110000000001
-1.433001
-1.4342040000000003
-1.434393
-1.4320110000000001
-1.433001
-1.4342040000000003
-1.434393
-1.4320110000000001
-1.433001
-1.4342040000000003
-1.434393
-1.4320110000000001
-1.433001
-1.4342040000000003
-1.434393
-1.4320110000000001
-1.433001
-1.4342040000000003
-1.434393
-1.4320110000000001
-1.433001
-1.4342040000000003
-1.434393
-1.4320110000000001
-1.433001
-1.4342040000000003
-1.434393
-1.4320110000000001
-1.433001
-1.4342040000000003
-1.434393
-1.4320110000000001
-1.433001
-1.4342040000000003
-1.434393
-1.4320110000000001
-1.433001
-1.4342040000000003
-1.434393
-1.4320110000000001
-1.433001
-1.4342040000000003
-1.434393
-1.4320110000000001
-1.433001
-1.4342040000000003
-1.434393
-1.4320110000000001
-1.433001
-1.4342040000000003
-1.434393
-1.4320110000000001
-1.433001
-1.4342040000000003
-1.434393
-1.4320110000000001
-1.433001
-1.4342040000000003
-1.434393
-1.4320110000000001
-1.433001
-1.4342040000000003
-1.434393
-1.4320110000000001
-1.433001
-1.4342040000000003
-1.434393
-1.4320110000000001
-1.433001
-1.4342040000000003
-1.434393
-1.4320110000000001
-1.433001
-1.4342040000000003
-1.434393
-1.4320110000000001
-1.433001
-1.4342040000000003
