1.4280430000000006
1.4279259999999994
1.4233589999999996
1.4286539999999999
1.4280430000000006
1.4279259999999994
1.4233589999999996
1.4286539999999999
1.4280430000000006
1.4279259999999994
1.4233589999999996
1.4286539999999999
1.4280430000000006
1.4279259999999994
1.4233589999999996
1.4286539999999999
1.4280430000000006
1.4279259999999994
1.4233589999999996
1.4286539999999999
1.4280430000000006
1.4279259999999994
1.4233589999999996
1.4286539999999999
1.4280430000000006
1.4279259999999994
1.4233589999999996
1.4286539999999999
1.4280430000000006
1.4279259999999994
1.4233589999999996
1.4286539999999999
1.4280430000000006
1.4279259999999994
1.4233589999999996
1.4286539999999999
1.4280430000000006
1.4279259999999994
1.4233589999999996
1.4286539999999999
1.4280430000000006
1.4279259999999994
1.4233589999999996
1.4286539999999999
1.4280430000000006
1.4279259999999994
1.4233589999999996
1.4286539999999999
1.4280430000000006
1.4279259999999994
1.4233589999999996
1.4286539999999999
1.4280430000000006
1.4279259999999994
1.4233589999999996
1.4286539999999999
1.4280430000000006
1.4279259999999994
1.4233589999999996
1.4286539999999999
1.4280430000000006
1.4279259999999994
1.4233589999999996
1.4286539999999999
1.4280430000000006
1.4279259999999994
1.4233589999999996
1.4286539999999999
1.4280430000000006
1.4279259999999994
1.4233589999999996
1.4286539999999999
1.4280430000000006
1.4279259999999994
1.4233589999999996
1.4286539999999999
1.4280430000000006
1.4279259999999994
1.4233589999999996
1.4286539999999999
1.4280430000000006
1.4279259999999994
1.4233589999999996
1.4286539999999999
1.4280430000000006
1.4279259999999994
1.4233589999999996
1.4286539999999999
1.4280430000000006
1.4279259999999994
1.4233589999999996
1.4286539999999999
1.4280430000000006
1.4279259999999994
1.4233589999999996
1.4286539999999999
1.4280430000000006
1.4279259999999994
1.4233589999999996
1.4286539999999999
1.4280430000000006
1.4279259999999994
1.4233589999999996
1.4286539999999999
1.4280430000000006
1.4279259999999994
1.4233589999999996
1.4286539999999999
1.4280430000000006
1.4279259999999994
1.4233589999999996
1.4286539999999999
1.4280430000000006
1.4279259999999994
1.4233589999999996
1.4286539999999999
1.4280430000000006
1.4279259999999994
1.4233589999999996
1.4286539999999999
1.4280430000000006
1.4279259999999994
1.4233589999999996
1.4286539999999999
1.4280430000000006
1.4279259999999994
1.4233589999999996
1.4286539999999999
1.4280430000000006
1.4279259999999994
1.4233589999999996
1.4286539999999999
1.4280430000000006
1.4279259999999994
1.4233589999999996
1.4286539999999999
1.4280430000000006
1.4279259999999994
1.4233589999999996
1.4286539999999999
1.4280430000000006
1.4279259999999994
1.4233589999999996
1.4286539999999999
-1.4262689999999996
-1.43018
-1.4270459999999998
-1.4244880000000002
-1.4262689999999996
-1.43018
-1.4270459999999998
-1.4244880000000002
-1.4262689999999996
-1.43018
-1.4270459999999998
-1.4244880000000002
-1.4262689999999996
-1.43018
-1.4270459999999998
-1.4244880000000002
-1.4262689999999996
-1.43018
-1.4270459999999998
-1.4244880000000002
-1.4262689999999996
-1.43018
-1.4270459999999998
-1.4244880000000002
-1.4262689999999996
-1.43018
-1.4270459999999998
-1.4244880000000002
-1.4262689999999996
-1.43018
-1.4270459999999998
-1.4244880000000002
-1.4262689999999996
-1.43018
-1.4270459999999998
-1.4244880000000002
-1.4262689999999996
-1.43018
-1.4270459999999998
-1.4244880000000002
-1.4262689999999996
-1.43018
-1.4270459999999998
-1.4244880000000002
-1.4262689999999996
-1.43018
-1.4270459999999998
-1.4244880000000002
-1.4262689999999996
-1.43018
-1.4270459999999998
-1.4244880000000002
-1.4262689999999996
-1.43018
-1.4270459999999998
-1.4244880000000002
-1.4262689999999996
-1.43018
-1.4270459999999998
-1.4244880000000002
-1.4262689999999996
-1.43018
-1.4270459999999998
-1.4244880000000002
-1.4262689999999996
-1.43018
-1.4270459999999998
-1.4244880000000002
-1.4262689999999996
-1.43018
-1.4270459999999998
-1.4244880000000002
-1.4262689999999996
-1.43018
-1.4270459999999998
-1.4244880000000002
-1.4262689999999996
-1.43018
-1.4270459999999998
-1.4244880000000002
-1.4262689999999996
-1.43018
-1.4270459999999998
-1.4244880000000002
-1.4262689999999996
-1.43018
-1.4270459999999998
-1.4244880000000002
-1.4262689999999996
-1.43018
-1.4270459999999998
-1.4244880000000002
-1.4262689999999996
-1.43018
-1.4270459999999998
-1.4244880000000002
-1.4262689999999996
-1.43018
-1.4270459999999998
-1.4244880000000002
-1.4262689999999996
-1.43018
-1.4270459999999998
-1.4244880000000002
-1.4262689999999996
-1.43018
-1.4270459999999998
-1.4244880000000002
-1.4262689999999996
-1.43018
-1.4270459999999998
-1.4244880000000002
-1.4262689999999996
-1.43018
-1.4270459999999998
-1.4244880000000002
-1.4262689999999996
-1.43018
-1.4270459999999998
-1.4244880000000002
-1.4262689999999996
-1.43018
-1.4270459999999998
-1.4244880000000002
-1.4262689999999996
-1.43018
-1.4270459999999998
-1.4244880000000002
-1.4262689999999996
-1.43018
-1.4270459999999998
-1.4244880000000002
-1.4262689999999996
-1.43018
-1.4270459999999998
-1.4244880000000002
-1.4262689999999996
-1.43018
-1.4270459999999998
-1.4244880000000002
-1.4262689999999996
-1.43018
-1.4270459999999998
-1.4244880000000002
