1.433116
1.4343210000000006
1.4335740000000001
1.4337090000000003
1.433116
1.4343210000000006
1.4335740000000001
1.4337090000000003
1.433116
1.4343210000000006
1.4335740000000001
1.4337090000000003
1.433116
1.4343210000000006
1.4335740000000001
1.4337090000000003
1.433116
1.4343210000000006
1.4335740000000001
1.4337090000000003
1.433116
1.4343210000000006
1.4335740000000001
1.4337090000000003
1.433116
1.4343210000000006
1.4335740000000001
1.4337090000000003
1.433116
1.4343210000000006
1.4335740000000001
1.4337090000000003
1.433116
1.4343210000000006
1.4335740000000001
1.4337090000000003
1.433116
1.4343210000000006
1.4335740000000001
1.4337090000000003
1.433116
1.4343210000000006
1.4335740000000001
1.4337090000000003
1.433116
1.4343210000000006
1.4335740000000001
1.4337090000000003
1.433116
1.4343210000000006
1.4335740000000001
1.4337090000000003
1.433116
1.4343210000000006
1.4335740000000001
1.4337090000000003
1.433116
1.4343210000000006
1.4335740000000001
1.4337090000000003
1.433116
1.4343210000000006
1.4335740000000001
1.4337090000000003
1.433116
1.4343210000000006
1.4335740000000001
1.4337090000000003
1.433116
1.4343210000000006
1.4335740000000001
1.4337090000000003
1.433116
1.4343210000000006
1.4335740000000001
1.4337090000000003
1.433116
1.4343210000000006
1.4335740000000001
1.4337090000000003
1.433116
1.4343210000000006
1.4335740000000001
1.4337090000000003
1.433116
1.4343210000000006
1.4335740000000001
1.4337090000000003
1.433116
1.4343210000000006
1.4335740000000001
1.4337090000000003
1.433116
1.4343210000000006
1.4335740000000001
1.4337090000000003
1.433116
1.4343210000000006
1.4335740000000001
1.4337090000000003
1.433116
1.4343210000000006
1.4335740000000001
1.4337090000000003
1.433116
1.4343210000000006
1.4335740000000001
1.4337090000000003
-1.4336779999999996
-1.433547
-1.4336000000000002
-1.4338959999999998
-1.4336779999999996
-1.433547
-1.4336000000000002
-1.4338959999999998
-1.4336779999999996
-1.433547
-1.4336000000000002
-1.4338959999999998
-1.4336779999999996
-1.433547
-1.4336000000000002
-1.4338959999999998
-1.4336779999999996
-1.433547
-1.4336000000000002
-1.4338959999999998
-1.4336779999999996
-1.433547
-1.4336000000000002
-1.4338959999999998
-1.4336779999999996
-1.433547
-1.4336000000000002
-1.4338959999999998
-1.4336779999999996
-1.433547
-1.4336000000000002
-1.4338959999999998
-1.4336779999999996
-1.433547
-1.4336000000000002
-1.4338959999999998
-1.4336779999999996
-1.433547
-1.4336000000000002
-1.4338959999999998
-1.4336779999999996
-1.433547
-1.4336000000000002
-1.4338959999999998
-1.4336779999999996
-1.433547
-1.4336000000000002
-1.4338959999999998
-1.4336779999999996
-1.433547
-1.4336000000000002
-1.4338959999999998
-1.4336779999999996
-1.433547
-1.4336000000000002
-1.4338959999999998
-1.4336779999999996
-1.433547
-1.4336000000000002
-1.4338959999999998
-1.4336779999999996
-1.433547
-1.4336000000000002
-1.4338959999999998
-1.4336779999999996
-1.433547
-1.4336000000000002
-1.4338959999999998
-1.4336779999999996
-1.433547
-1.4336000000000002
-1.4338959999999998
-1.4336779999999996
-1.433547
-1.4336000000000002
-1.4338959999999998
-1.4336779999999996
-1.433547
-1.4336000000000002
-1.4338959999999998
-1.4336779999999996
-1.433547
-1.4336000000000002
-1.4338959999999998
-1.4336779999999996
-1.433547
-1.4336000000000002
-1.4338959999999998
-1.4336779999999996
-1.433547
-1.4336000000000002
-1.4338959999999998
-1.4336779999999996
-1.433547
-1.4336000000000002
-1.4338959999999998
-1.4336779999999996
-1.433547
-1.4336000000000002
-1.4338959999999998
-1.4336779999999996
-1.433547
-1.4336000000000002
-1.4338959999999998
-1.4336779999999996
-1.433547
-1.4336000000000002
-1.4338959999999998
