1.381074
1.3698449999999998
1.381074
1.3698449999999998
1.381074
1.3698449999999998
1.381074
1.3698449999999998
1.381074
1.3698449999999998
1.381074
1.3698449999999998
1.381074
1.3698449999999998
1.381074
1.3698449999999998
1.381074
1.3698449999999998
1.381074
1.3698449999999998
1.381074
1.3698449999999998
1.381074
1.3698449999999998
1.381074
1.3698449999999998
1.381074
1.3698449999999998
1.381074
1.3698449999999998
1.381074
1.3698449999999998
1.381074
1.3698449999999998
1.381074
1.3698449999999998
1.381074
1.3698449999999998
1.381074
1.3698449999999998
1.381074
1.3698449999999998
1.381074
1.3698449999999998
1.381074
1.3698449999999998
1.381074
1.3698449999999998
1.381074
1.3698449999999998
1.381074
1.3698449999999998
1.381074
1.3698449999999998
1.381074
1.3698449999999998
1.381074
1.3698449999999998
1.381074
1.3698449999999998
1.381074
1.3698449999999998
1.381074
1.3698449999999998
1.381074
1.3698449999999998
1.381074
1.3698449999999998
1.381074
1.3698449999999998
1.381074
1.3698449999999998
1.381074
1.3698449999999998
1.381074
1.3698449999999998
1.381074
1.3698449999999998
1.381074
1.3698449999999998
1.381074
1.3698449999999998
1.381074
1.3698449999999998
1.381074
1.3698449999999998
1.381074
1.3698449999999998
1.381074
1.3698449999999998
1.381074
1.3698449999999998
1.381074
1.3698449999999998
1.381074
1.3698449999999998
-1.3726339999999997
-1.378285
-1.3726339999999997
-1.378285
-1.3726339999999997
-1.378285
-1.3726339999999997
-1.378285
-1.3726339999999997
-1.378285
-1.3726339999999997
-1.378285
-1.3726339999999997
-1.378285
-1.3726339999999997
-1.378285
-1.3726339999999997
-1.378285
-1.3726339999999997
-1.378285
-1.3726339999999997
-1.378285
-1.3726339999999997
-1.378285
-1.3726339999999997
-1.378285
-1.3726339999999997
-1.378285
-1.3726339999999997
-1.378285
-1.3726339999999997
-1.378285
-1.3726339999999997
-1.378285
-1.3726339999999997
-1.378285
-1.3726339999999997
-1.378285
-1.3726339999999997
-1.378285
-1.3726339999999997
-1.378285
-1.3726339999999997
-1.378285
-1.3726339999999997
-1.378285
-1.3726339999999997
-1.378285
-1.3726339999999997
-1.378285
-1.3726339999999997
-1.378285
-1.3726339999999997
-1.378285
-1.3726339999999997
-1.378285
-1.3726339999999997
-1.378285
-1.3726339999999997
-1.378285
-1.3726339999999997
-1.378285
-1.3726339999999997
-1.378285
-1.3726339999999997
-1.378285
-1.3726339999999997
-1.378285
-1.3726339999999997
-1.378285
-1.3726339999999997
-1.378285
-1.3726339999999997
-1.378285
-1.3726339999999997
-1.378285
-1.3726339999999997
-1.378285
-1.3726339999999997
-1.378285
-1.3726339999999997
-1.378285
-1.3726339999999997
-1.378285
-1.3726339999999997
-1.378285
-1.3726339999999997
-1.378285
-1.3726339999999997
-1.378285
-1.3726339999999997
-1.378285
-1.3726339999999997
-1.378285
-1.3726339999999997
-1.378285
