1.2841310000000004
1.3029539999999997
1.2841310000000004
1.3029539999999997
1.2841310000000004
1.3029539999999997
1.2841310000000004
1.3029539999999997
1.2841310000000004
1.3029539999999997
1.2841310000000004
1.3029539999999997
1.2841310000000004
1.3029539999999997
1.2841310000000004
1.3029539999999997
1.2841310000000004
1.3029539999999997
1.2841310000000004
1.3029539999999997
1.2841310000000004
1.3029539999999997
1.2841310000000004
1.3029539999999997
1.2841310000000004
1.3029539999999997
1.2841310000000004
1.3029539999999997
1.2841310000000004
1.3029539999999997
1.2841310000000004
1.3029539999999997
1.2841310000000004
1.3029539999999997
1.2841310000000004
1.3029539999999997
1.2841310000000004
1.3029539999999997
1.2841310000000004
1.3029539999999997
1.2841310000000004
1.3029539999999997
1.2841310000000004
1.3029539999999997
1.2841310000000004
1.3029539999999997
1.2841310000000004
1.3029539999999997
1.2841310000000004
1.3029539999999997
1.2841310000000004
1.3029539999999997
1.2841310000000004
1.3029539999999997
1.2841310000000004
1.3029539999999997
1.2841310000000004
1.3029539999999997
1.2841310000000004
1.3029539999999997
1.2841310000000004
1.3029539999999997
1.2841310000000004
1.3029539999999997
1.2841310000000004
1.3029539999999997
1.2841310000000004
1.3029539999999997
1.2841310000000004
1.3029539999999997
1.2841310000000004
1.3029539999999997
1.2841310000000004
1.3029539999999997
1.2841310000000004
1.3029539999999997
1.2841310000000004
1.3029539999999997
1.2841310000000004
1.3029539999999997
1.2841310000000004
1.3029539999999997
1.2841310000000004
1.3029539999999997
1.2841310000000004
1.3029539999999997
1.2841310000000004
1.3029539999999997
1.2841310000000004
1.3029539999999997
-1.298349
-1.288735
-1.298349
-1.288735
-1.298349
-1.288735
-1.298349
-1.288735
-1.298349
-1.288735
-1.298349
-1.288735
-1.298349
-1.288735
-1.298349
-1.288735
-1.298349
-1.288735
-1.298349
-1.288735
-1.298349
-1.288735
-1.298349
-1.288735
-1.298349
-1.288735
-1.298349
-1.288735
-1.298349
-1.288735
-1.298349
-1.288735
-1.298349
-1.288735
-1.298349
-1.288735
-1.298349
-1.288735
-1.298349
-1.288735
-1.298349
-1.288735
-1.298349
-1.288735
-1.298349
-1.288735
-1.298349
-1.288735
-1.298349
-1.288735
-1.298349
-1.288735
-1.298349
-1.288735
-1.298349
-1.288735
-1.298349
-1.288735
-1.298349
-1.288735
-1.298349
-1.288735
-1.298349
-1.288735
-1.298349
-1.288735
-1.298349
-1.288735
-1.298349
-1.288735
-1.298349
-1.288735
-1.298349
-1.288735
-1.298349
-1.288735
-1.298349
-1.288735
-1.298349
-1.288735
-1.298349
-1.288735
-1.298349
-1.288735
-1.298349
-1.288735
-1.298349
-1.288735
-1.298349
-1.288735
