1.4042600000000007
1.4042600000000007
1.4042600000000007
1.4042600000000007
1.4042600000000007
1.4042600000000007
1.4042600000000007
1.4042600000000007
1.4042600000000007
1.4042600000000007
1.4042600000000007
1.4042600000000007
1.4042600000000007
1.4042600000000007
1.4042600000000007
1.4042600000000007
1.4042600000000007
1.4042600000000007
1.4042600000000007
1.4042600000000007
1.4042600000000007
1.4042600000000007
1.4042600000000007
1.4042600000000007
1.4042600000000007
1.4042600000000007
1.4042600000000007
1.4042600000000007
1.4042600000000007
1.4042600000000007
1.4042600000000007
1.4042600000000007
1.4042600000000007
1.4042600000000007
1.4042600000000007
1.4042600000000007
1.4042600000000007
1.4042600000000007
1.4042600000000007
1.4042600000000007
1.4042600000000007
1.4042600000000007
1.4042600000000007
1.4042600000000007
1.4042600000000007
1.4042600000000007
1.4042600000000007
1.4042600000000007
1.4042600000000007
1.4042600000000007
1.4042600000000007
1.4042600000000007
1.4042600000000007
1.4042600000000007
1.4042600000000007
1.4042600000000007
1.4042600000000007
1.4042600000000007
1.4042600000000007
1.4042600000000007
1.4042600000000007
1.4042600000000007
1.4042600000000007
1.4042600000000007
-1.4042630000000003
-1.4042630000000003
-1.4042630000000003
-1.4042630000000003
-1.4042630000000003
-1.4042630000000003
-1.4042630000000003
-1.4042630000000003
-1.4042630000000003
-1.4042630000000003
-1.4042630000000003
-1.4042630000000003
-1.4042630000000003
-1.4042630000000003
-1.4042630000000003
-1.4042630000000003
-1.4042630000000003
-1.4042630000000003
-1.4042630000000003
-1.4042630000000003
-1.4042630000000003
-1.4042630000000003
-1.4042630000000003
-1.4042630000000003
-1.4042630000000003
-1.4042630000000003
-1.4042630000000003
-1.4042630000000003
-1.4042630000000003
-1.4042630000000003
-1.4042630000000003
-1.4042630000000003
-1.4042630000000003
-1.4042630000000003
-1.4042630000000003
-1.4042630000000003
-1.4042630000000003
-1.4042630000000003
-1.4042630000000003
-1.4042630000000003
-1.4042630000000003
-1.4042630000000003
-1.4042630000000003
-1.4042630000000003
-1.4042630000000003
-1.4042630000000003
-1.4042630000000003
-1.4042630000000003
-1.4042630000000003
-1.4042630000000003
-1.4042630000000003
-1.4042630000000003
-1.4042630000000003
-1.4042630000000003
-1.4042630000000003
-1.4042630000000003
-1.4042630000000003
-1.4042630000000003
-1.4042630000000003
-1.4042630000000003
-1.4042630000000003
-1.4042630000000003
-1.4042630000000003
-1.4042630000000003
