1.4039889999999993
1.3861369999999997
1.4039889999999993
1.3861369999999997
1.4039889999999993
1.3861369999999997
1.4039889999999993
1.3861369999999997
1.4039889999999993
1.3861369999999997
1.4039889999999993
1.3861369999999997
1.4039889999999993
1.3861369999999997
1.4039889999999993
1.3861369999999997
1.4039889999999993
1.3861369999999997
1.4039889999999993
1.3861369999999997
1.4039889999999993
1.3861369999999997
1.4039889999999993
1.3861369999999997
1.4039889999999993
1.3861369999999997
1.4039889999999993
1.3861369999999997
1.4039889999999993
1.3861369999999997
1.4039889999999993
1.3861369999999997
1.4039889999999993
1.3861369999999997
1.4039889999999993
1.3861369999999997
1.4039889999999993
1.3861369999999997
1.4039889999999993
1.3861369999999997
1.4039889999999993
1.3861369999999997
1.4039889999999993
1.3861369999999997
1.4039889999999993
1.3861369999999997
1.4039889999999993
1.3861369999999997
1.4039889999999993
1.3861369999999997
1.4039889999999993
1.3861369999999997
1.4039889999999993
1.3861369999999997
1.4039889999999993
1.3861369999999997
1.4039889999999993
1.3861369999999997
1.4039889999999993
1.3861369999999997
1.4039889999999993
1.3861369999999997
1.4039889999999993
1.3861369999999997
1.4039889999999993
1.3861369999999997
1.4039889999999993
1.3861369999999997
1.4039889999999993
1.3861369999999997
1.4039889999999993
1.3861369999999997
1.4039889999999993
1.3861369999999997
1.4039889999999993
1.3861369999999997
1.4039889999999993
1.3861369999999997
1.4039889999999993
1.3861369999999997
1.4039889999999993
1.3861369999999997
1.4039889999999993
1.3861369999999997
1.4039889999999993
1.3861369999999997
1.4039889999999993
1.3861369999999997
1.4039889999999993
1.3861369999999997
1.4039889999999993
1.3861369999999997
1.4039889999999993
1.3861369999999997
1.4039889999999993
1.3861369999999997
1.4039889999999993
1.3861369999999997
1.4039889999999993
1.3861369999999997
1.4039889999999993
1.3861369999999997
1.4039889999999993
1.3861369999999997
1.4039889999999993
1.3861369999999997
1.4039889999999993
1.3861369999999997
1.4039889999999993
1.3861369999999997
1.4039889999999993
1.3861369999999997
1.4039889999999993
1.3861369999999997
1.4039889999999993
1.3861369999999997
1.4039889999999993
1.3861369999999997
1.4039889999999993
1.3861369999999997
-1.3904959999999997
-1.3996300000000002
-1.3904959999999997
-1.3996300000000002
-1.3904959999999997
-1.3996300000000002
-1.3904959999999997
-1.3996300000000002
-1.3904959999999997
-1.3996300000000002
-1.3904959999999997
-1.3996300000000002
-1.3904959999999997
-1.3996300000000002
-1.3904959999999997
-1.3996300000000002
-1.3904959999999997
-1.3996300000000002
-1.3904959999999997
-1.3996300000000002
-1.3904959999999997
-1.3996300000000002
-1.3904959999999997
-1.3996300000000002
-1.3904959999999997
-1.3996300000000002
-1.3904959999999997
-1.3996300000000002
-1.3904959999999997
-1.3996300000000002
-1.3904959999999997
-1.3996300000000002
-1.3904959999999997
-1.3996300000000002
-1.3904959999999997
-1.3996300000000002
-1.3904959999999997
-1.3996300000000002
-1.3904959999999997
-1.3996300000000002
-1.3904959999999997
-1.3996300000000002
-1.3904959999999997
-1.3996300000000002
-1.3904959999999997
-1.3996300000000002
-1.3904959999999997
-1.3996300000000002
-1.3904959999999997
-1.3996300000000002
-1.3904959999999997
-1.3996300000000002
-1.3904959999999997
-1.3996300000000002
-1.3904959999999997
-1.3996300000000002
-1.3904959999999997
-1.3996300000000002
-1.3904959999999997
-1.3996300000000002
-1.3904959999999997
-1.3996300000000002
-1.3904959999999997
-1.3996300000000002
-1.3904959999999997
-1.3996300000000002
-1.3904959999999997
-1.3996300000000002
-1.3904959999999997
-1.3996300000000002
-1.3904959999999997
-1.3996300000000002
-1.3904959999999997
-1.3996300000000002
-1.3904959999999997
-1.3996300000000002
-1.3904959999999997
-1.3996300000000002
-1.3904959999999997
-1.3996300000000002
-1.3904959999999997
-1.3996300000000002
-1.3904959999999997
-1.3996300000000002
-1.3904959999999997
-1.3996300000000002
-1.3904959999999997
-1.3996300000000002
-1.3904959999999997
-1.3996300000000002
-1.3904959999999997
-1.3996300000000002
-1.3904959999999997
-1.3996300000000002
-1.3904959999999997
-1.3996300000000002
-1.3904959999999997
-1.3996300000000002
-1.3904959999999997
-1.3996300000000002
-1.3904959999999997
-1.3996300000000002
-1.3904959999999997
-1.3996300000000002
-1.3904959999999997
-1.3996300000000002
-1.3904959999999997
-1.3996300000000002
-1.3904959999999997
-1.3996300000000002
-1.3904959999999997
-1.3996300000000002
-1.3904959999999997
-1.3996300000000002
-1.3904959999999997
-1.3996300000000002
-1.3904959999999997
-1.3996300000000002
-1.3904959999999997
-1.3996300000000002
