1.3865929999999995
1.3796250000000008
1.3865929999999995
1.3796250000000008
1.3865929999999995
1.3796250000000008
1.3865929999999995
1.3796250000000008
1.3865929999999995
1.3796250000000008
1.3865929999999995
1.3796250000000008
1.3865929999999995
1.3796250000000008
1.3865929999999995
1.3796250000000008
1.3865929999999995
1.3796250000000008
1.3865929999999995
1.3796250000000008
1.3865929999999995
1.3796250000000008
1.3865929999999995
1.3796250000000008
1.3865929999999995
1.3796250000000008
1.3865929999999995
1.3796250000000008
1.3865929999999995
1.3796250000000008
1.3865929999999995
1.3796250000000008
1.3865929999999995
1.3796250000000008
1.3865929999999995
1.3796250000000008
1.3865929999999995
1.3796250000000008
1.3865929999999995
1.3796250000000008
1.3865929999999995
1.3796250000000008
1.3865929999999995
1.3796250000000008
1.3865929999999995
1.3796250000000008
1.3865929999999995
1.3796250000000008
1.3865929999999995
1.3796250000000008
1.3865929999999995
1.3796250000000008
1.3865929999999995
1.3796250000000008
1.3865929999999995
1.3796250000000008
1.3865929999999995
1.3796250000000008
1.3865929999999995
1.3796250000000008
1.3865929999999995
1.3796250000000008
1.3865929999999995
1.3796250000000008
1.3865929999999995
1.3796250000000008
1.3865929999999995
1.3796250000000008
1.3865929999999995
1.3796250000000008
1.3865929999999995
1.3796250000000008
1.3865929999999995
1.3796250000000008
1.3865929999999995
1.3796250000000008
1.3865929999999995
1.3796250000000008
1.3865929999999995
1.3796250000000008
1.3865929999999995
1.3796250000000008
1.3865929999999995
1.3796250000000008
1.3865929999999995
1.3796250000000008
1.3865929999999995
1.3796250000000008
1.3865929999999995
1.3796250000000008
1.3865929999999995
1.3796250000000008
1.3865929999999995
1.3796250000000008
1.3865929999999995
1.3796250000000008
1.3865929999999995
1.3796250000000008
1.3865929999999995
1.3796250000000008
1.3865929999999995
1.3796250000000008
1.3865929999999995
1.3796250000000008
1.3865929999999995
1.3796250000000008
1.3865929999999995
1.3796250000000008
1.3865929999999995
1.3796250000000008
1.3865929999999995
1.3796250000000008
1.3865929999999995
1.3796250000000008
1.3865929999999995
1.3796250000000008
1.3865929999999995
1.3796250000000008
1.3865929999999995
1.3796250000000008
-1.3823150000000002
-1.383902
-1.3823150000000002
-1.383902
-1.3823150000000002
-1.383902
-1.3823150000000002
-1.383902
-1.3823150000000002
-1.383902
-1.3823150000000002
-1.383902
-1.3823150000000002
-1.383902
-1.3823150000000002
-1.383902
-1.3823150000000002
-1.383902
-1.3823150000000002
-1.383902
-1.3823150000000002
-1.383902
-1.3823150000000002
-1.383902
-1.3823150000000002
-1.383902
-1.3823150000000002
-1.383902
-1.3823150000000002
-1.383902
-1.3823150000000002
-1.383902
-1.3823150000000002
-1.383902
-1.3823150000000002
-1.383902
-1.3823150000000002
-1.383902
-1.3823150000000002
-1.383902
-1.3823150000000002
-1.383902
-1.3823150000000002
-1.383902
-1.3823150000000002
-1.383902
-1.3823150000000002
-1.383902
-1.3823150000000002
-1.383902
-1.3823150000000002
-1.383902
-1.3823150000000002
-1.383902
-1.3823150000000002
-1.383902
-1.3823150000000002
-1.383902
-1.3823150000000002
-1.383902
-1.3823150000000002
-1.383902
-1.3823150000000002
-1.383902
-1.3823150000000002
-1.383902
-1.3823150000000002
-1.383902
-1.3823150000000002
-1.383902
-1.3823150000000002
-1.383902
-1.3823150000000002
-1.383902
-1.3823150000000002
-1.383902
-1.3823150000000002
-1.383902
-1.3823150000000002
-1.383902
-1.3823150000000002
-1.383902
-1.3823150000000002
-1.383902
-1.3823150000000002
-1.383902
-1.3823150000000002
-1.383902
-1.3823150000000002
-1.383902
-1.3823150000000002
-1.383902
-1.3823150000000002
-1.383902
-1.3823150000000002
-1.383902
-1.3823150000000002
-1.383902
-1.3823150000000002
-1.383902
-1.3823150000000002
-1.383902
-1.3823150000000002
-1.383902
-1.3823150000000002
-1.383902
-1.3823150000000002
-1.383902
-1.3823150000000002
-1.383902
-1.3823150000000002
-1.383902
-1.3823150000000002
-1.383902
-1.3823150000000002
-1.383902
-1.3823150000000002
-1.383902
-1.3823150000000002
-1.383902
