1.460953
1.460953
1.460953
1.460953
1.460953
1.460953
1.460953
1.460953
1.460953
1.460953
1.460953
1.460953
1.460953
1.460953
1.460953
1.460953
1.460953
1.460953
1.460953
1.460953
1.460953
1.460953
1.460953
1.460953
1.460953
1.460953
1.460953
1.460953
1.460953
1.460953
1.460953
1.460953
1.460953
1.460953
1.460953
1.460953
1.460953
1.460953
1.460953
1.460953
1.460953
1.460953
1.460953
1.460953
1.460953
1.460953
1.460953
1.460953
1.460953
1.460953
1.460953
1.460953
1.460953
1.460953
1.460953
1.460953
1.460953
1.460953
1.460953
1.460953
1.460953
1.460953
1.460953
1.460953
-1.460954
-1.460954
-1.460954
-1.460954
-1.460954
-1.460954
-1.460954
-1.460954
-1.460954
-1.460954
-1.460954
-1.460954
-1.460954
-1.460954
-1.460954
-1.460954
-1.460954
-1.460954
-1.460954
-1.460954
-1.460954
-1.460954
-1.460954
-1.460954
-1.460954
-1.460954
-1.460954
-1.460954
-1.460954
-1.460954
-1.460954
-1.460954
-1.460954
-1.460954
-1.460954
-1.460954
-1.460954
-1.460954
-1.460954
-1.460954
-1.460954
-1.460954
-1.460954
-1.460954
-1.460954
-1.460954
-1.460954
-1.460954
-1.460954
-1.460954
-1.460954
-1.460954
-1.460954
-1.460954
-1.460954
-1.460954
-1.460954
-1.460954
-1.460954
-1.460954
-1.460954
-1.460954
-1.460954
-1.460954
