1.4422979999999992
1.4421599999999994
1.442475
1.4422110000000004
1.4422979999999992
1.4421599999999994
1.442475
1.4422110000000004
1.4422979999999992
1.4421599999999994
1.442475
1.4422110000000004
1.4422979999999992
1.4421599999999994
1.442475
1.4422110000000004
1.4422979999999992
1.4421599999999994
1.442475
1.4422110000000004
1.4422979999999992
1.4421599999999994
1.442475
1.4422110000000004
1.4422979999999992
1.4421599999999994
1.442475
1.4422110000000004
1.4422979999999992
1.4421599999999994
1.442475
1.4422110000000004
1.4422979999999992
1.4421599999999994
1.442475
1.4422110000000004
1.4422979999999992
1.4421599999999994
1.442475
1.4422110000000004
1.4422979999999992
1.4421599999999994
1.442475
1.4422110000000004
1.4422979999999992
1.4421599999999994
1.442475
1.4422110000000004
1.4422979999999992
1.4421599999999994
1.442475
1.4422110000000004
1.4422979999999992
1.4421599999999994
1.442475
1.4422110000000004
1.4422979999999992
1.4421599999999994
1.442475
1.4422110000000004
1.4422979999999992
1.4421599999999994
1.442475
1.4422110000000004
1.4422979999999992
1.4421599999999994
1.442475
1.4422110000000004
1.4422979999999992
1.4421599999999994
1.442475
1.4422110000000004
1.4422979999999992
1.4421599999999994
1.442475
1.4422110000000004
1.4422979999999992
1.4421599999999994
1.442475
1.4422110000000004
1.4422979999999992
1.4421599999999994
1.442475
1.4422110000000004
1.4422979999999992
1.4421599999999994
1.442475
1.4422110000000004
1.4422979999999992
1.4421599999999994
1.442475
1.4422110000000004
1.4422979999999992
1.4421599999999994
1.442475
1.4422110000000004
1.4422979999999992
1.4421599999999994
1.442475
1.4422110000000004
1.4422979999999992
1.4421599999999994
1.442475
1.4422110000000004
1.4422979999999992
1.4421599999999994
1.442475
1.4422110000000004
-1.4423250000000003
-1.4424299999999999
-1.4424089999999996
-1.44198
-1.4423250000000003
-1.4424299999999999
-1.4424089999999996
-1.44198
-1.4423250000000003
-1.4424299999999999
-1.4424089999999996
-1.44198
-1.4423250000000003
-1.4424299999999999
-1.4424089999999996
-1.44198
-1.4423250000000003
-1.4424299999999999
-1.4424089999999996
-1.44198
-1.4423250000000003
-1.4424299999999999
-1.4424089999999996
-1.44198
-1.4423250000000003
-1.4424299999999999
-1.4424089999999996
-1.44198
-1.4423250000000003
-1.4424299999999999
-1.4424089999999996
-1.44198
-1.4423250000000003
-1.4424299999999999
-1.4424089999999996
-1.44198
-1.4423250000000003
-1.4424299999999999
-1.4424089999999996
-1.44198
-1.4423250000000003
-1.4424299999999999
-1.4424089999999996
-1.44198
-1.4423250000000003
-1.4424299999999999
-1.4424089999999996
-1.44198
-1.4423250000000003
-1.4424299999999999
-1.4424089999999996
-1.44198
-1.4423250000000003
-1.4424299999999999
-1.4424089999999996
-1.44198
-1.4423250000000003
-1.4424299999999999
-1.4424089999999996
-1.44198
-1.4423250000000003
-1.4424299999999999
-1.4424089999999996
-1.44198
-1.4423250000000003
-1.4424299999999999
-1.4424089999999996
-1.44198
-1.4423250000000003
-1.4424299999999999
-1.4424089999999996
-1.44198
-1.4423250000000003
-1.4424299999999999
-1.4424089999999996
-1.44198
-1.4423250000000003
-1.4424299999999999
-1.4424089999999996
-1.44198
-1.4423250000000003
-1.4424299999999999
-1.4424089999999996
-1.44198
-1.4423250000000003
-1.4424299999999999
-1.4424089999999996
-1.44198
-1.4423250000000003
-1.4424299999999999
-1.4424089999999996
-1.44198
-1.4423250000000003
-1.4424299999999999
-1.4424089999999996
-1.44198
-1.4423250000000003
-1.4424299999999999
-1.4424089999999996
-1.44198
-1.4423250000000003
-1.4424299999999999
-1.4424089999999996
-1.44198
-1.4423250000000003
-1.4424299999999999
-1.4424089999999996
-1.44198
