1.2829320000000006
1.2829320000000006
1.2829320000000006
1.2829320000000006
1.2829320000000006
1.2829320000000006
1.2829320000000006
1.2829320000000006
1.2829320000000006
1.2829320000000006
1.2829320000000006
1.2829320000000006
1.2829320000000006
1.2829320000000006
1.2829320000000006
1.2829320000000006
1.2829320000000006
1.2829320000000006
1.2829320000000006
1.2829320000000006
1.2829320000000006
1.2829320000000006
1.2829320000000006
1.2829320000000006
1.2829320000000006
1.2829320000000006
1.2829320000000006
1.2829320000000006
1.2829320000000006
1.2829320000000006
1.2829320000000006
1.2829320000000006
1.2829320000000006
1.2829320000000006
1.2829320000000006
1.2829320000000006
1.2829320000000006
1.2829320000000006
1.2829320000000006
1.2829320000000006
1.2829320000000006
1.2829320000000006
1.2829320000000006
1.2829320000000006
1.2829320000000006
1.2829320000000006
1.2829320000000006
1.2829320000000006
1.2829320000000006
1.2829320000000006
1.2829320000000006
1.2829320000000006
1.2829320000000006
1.2829320000000006
-1.2829300000000003
-1.2829300000000003
-1.2829300000000003
-1.2829300000000003
-1.2829300000000003
-1.2829300000000003
-1.2829300000000003
-1.2829300000000003
-1.2829300000000003
-1.2829300000000003
-1.2829300000000003
-1.2829300000000003
-1.2829300000000003
-1.2829300000000003
-1.2829300000000003
-1.2829300000000003
-1.2829300000000003
-1.2829300000000003
-1.2829300000000003
-1.2829300000000003
-1.2829300000000003
-1.2829300000000003
-1.2829300000000003
-1.2829300000000003
-1.2829300000000003
-1.2829300000000003
-1.2829300000000003
-1.2829300000000003
-1.2829300000000003
-1.2829300000000003
-1.2829300000000003
-1.2829300000000003
-1.2829300000000003
-1.2829300000000003
-1.2829300000000003
-1.2829300000000003
-1.2829300000000003
-1.2829300000000003
-1.2829300000000003
-1.2829300000000003
-1.2829300000000003
-1.2829300000000003
-1.2829300000000003
-1.2829300000000003
-1.2829300000000003
-1.2829300000000003
-1.2829300000000003
-1.2829300000000003
-1.2829300000000003
-1.2829300000000003
-1.2829300000000003
-1.2829300000000003
-1.2829300000000003
-1.2829300000000003
