1.3711970000000004
1.3848009999999995
1.3611009999999997
1.3728569999999998
1.3711970000000004
1.3848009999999995
1.3611009999999997
1.3728569999999998
1.3711970000000004
1.3848009999999995
1.3611009999999997
1.3728569999999998
1.3711970000000004
1.3848009999999995
1.3611009999999997
1.3728569999999998
1.3711970000000004
1.3848009999999995
1.3611009999999997
1.3728569999999998
1.3711970000000004
1.3848009999999995
1.3611009999999997
1.3728569999999998
1.3711970000000004
1.3848009999999995
1.3611009999999997
1.3728569999999998
1.3711970000000004
1.3848009999999995
1.3611009999999997
1.3728569999999998
1.3711970000000004
1.3848009999999995
1.3611009999999997
1.3728569999999998
1.3711970000000004
1.3848009999999995
1.3611009999999997
1.3728569999999998
1.3711970000000004
1.3848009999999995
1.3611009999999997
1.3728569999999998
1.3711970000000004
1.3848009999999995
1.3611009999999997
1.3728569999999998
1.3711970000000004
1.3848009999999995
1.3611009999999997
1.3728569999999998
1.3711970000000004
1.3848009999999995
1.3611009999999997
1.3728569999999998
1.3711970000000004
1.3848009999999995
1.3611009999999997
1.3728569999999998
1.3711970000000004
1.3848009999999995
1.3611009999999997
1.3728569999999998
1.3711970000000004
1.3848009999999995
1.3611009999999997
1.3728569999999998
1.3711970000000004
1.3848009999999995
1.3611009999999997
1.3728569999999998
1.3711970000000004
1.3848009999999995
1.3611009999999997
1.3728569999999998
1.3711970000000004
1.3848009999999995
1.3611009999999997
1.3728569999999998
1.3711970000000004
1.3848009999999995
1.3611009999999997
1.3728569999999998
1.3711970000000004
1.3848009999999995
1.3611009999999997
1.3728569999999998
1.3711970000000004
1.3848009999999995
1.3611009999999997
1.3728569999999998
1.3711970000000004
1.3848009999999995
1.3611009999999997
1.3728569999999998
1.3711970000000004
1.3848009999999995
1.3611009999999997
1.3728569999999998
1.3711970000000004
1.3848009999999995
1.3611009999999997
1.3728569999999998
1.3711970000000004
1.3848009999999995
1.3611009999999997
1.3728569999999998
1.3711970000000004
1.3848009999999995
1.3611009999999997
1.3728569999999998
1.3711970000000004
1.3848009999999995
1.3611009999999997
1.3728569999999998
1.3711970000000004
1.3848009999999995
1.3611009999999997
1.3728569999999998
1.3711970000000004
1.3848009999999995
1.3611009999999997
1.3728569999999998
1.3711970000000004
1.3848009999999995
1.3611009999999997
1.3728569999999998
1.3711970000000004
1.3848009999999995
1.3611009999999997
1.3728569999999998
1.3711970000000004
1.3848009999999995
1.3611009999999997
1.3728569999999998
1.3711970000000004
1.3848009999999995
1.3611009999999997
1.3728569999999998
1.3711970000000004
1.3848009999999995
1.3611009999999997
1.3728569999999998
-1.357164
-1.3673099999999998
-1.3799070000000002
-1.3855750000000002
-1.357164
-1.3673099999999998
-1.3799070000000002
-1.3855750000000002
-1.357164
-1.3673099999999998
-1.3799070000000002
-1.3855750000000002
-1.357164
-1.3673099999999998
-1.3799070000000002
-1.3855750000000002
-1.357164
-1.3673099999999998
-1.3799070000000002
-1.3855750000000002
-1.357164
-1.3673099999999998
-1.3799070000000002
-1.3855750000000002
-1.357164
-1.3673099999999998
-1.3799070000000002
-1.3855750000000002
-1.357164
-1.3673099999999998
-1.3799070000000002
-1.3855750000000002
-1.357164
-1.3673099999999998
-1.3799070000000002
-1.3855750000000002
-1.357164
-1.3673099999999998
-1.3799070000000002
-1.3855750000000002
-1.357164
-1.3673099999999998
-1.3799070000000002
-1.3855750000000002
-1.357164
-1.3673099999999998
-1.3799070000000002
-1.3855750000000002
-1.357164
-1.3673099999999998
-1.3799070000000002
-1.3855750000000002
-1.357164
-1.3673099999999998
-1.3799070000000002
-1.3855750000000002
-1.357164
-1.3673099999999998
-1.3799070000000002
-1.3855750000000002
-1.357164
-1.3673099999999998
-1.3799070000000002
-1.3855750000000002
-1.357164
-1.3673099999999998
-1.3799070000000002
-1.3855750000000002
-1.357164
-1.3673099999999998
-1.3799070000000002
-1.3855750000000002
-1.357164
-1.3673099999999998
-1.3799070000000002
-1.3855750000000002
-1.357164
-1.3673099999999998
-1.3799070000000002
-1.3855750000000002
-1.357164
-1.3673099999999998
-1.3799070000000002
-1.3855750000000002
-1.357164
-1.3673099999999998
-1.3799070000000002
-1.3855750000000002
-1.357164
-1.3673099999999998
-1.3799070000000002
-1.3855750000000002
-1.357164
-1.3673099999999998
-1.3799070000000002
-1.3855750000000002
-1.357164
-1.3673099999999998
-1.3799070000000002
-1.3855750000000002
-1.357164
-1.3673099999999998
-1.3799070000000002
-1.3855750000000002
-1.357164
-1.3673099999999998
-1.3799070000000002
-1.3855750000000002
-1.357164
-1.3673099999999998
-1.3799070000000002
-1.3855750000000002
-1.357164
-1.3673099999999998
-1.3799070000000002
-1.3855750000000002
-1.357164
-1.3673099999999998
-1.3799070000000002
-1.3855750000000002
-1.357164
-1.3673099999999998
-1.3799070000000002
-1.3855750000000002
-1.357164
-1.3673099999999998
-1.3799070000000002
-1.3855750000000002
-1.357164
-1.3673099999999998
-1.3799070000000002
-1.3855750000000002
-1.357164
-1.3673099999999998
-1.3799070000000002
-1.3855750000000002
-1.357164
-1.3673099999999998
-1.3799070000000002
-1.3855750000000002
-1.357164
-1.3673099999999998
-1.3799070000000002
-1.3855750000000002
