1.444972
1.4438709999999997
1.4414370000000005
1.4446100000000008
1.444972
1.4438709999999997
1.4414370000000005
1.4446100000000008
1.444972
1.4438709999999997
1.4414370000000005
1.4446100000000008
1.444972
1.4438709999999997
1.4414370000000005
1.4446100000000008
1.444972
1.4438709999999997
1.4414370000000005
1.4446100000000008
1.444972
1.4438709999999997
1.4414370000000005
1.4446100000000008
1.444972
1.4438709999999997
1.4414370000000005
1.4446100000000008
1.444972
1.4438709999999997
1.4414370000000005
1.4446100000000008
1.444972
1.4438709999999997
1.4414370000000005
1.4446100000000008
1.444972
1.4438709999999997
1.4414370000000005
1.4446100000000008
1.444972
1.4438709999999997
1.4414370000000005
1.4446100000000008
1.444972
1.4438709999999997
1.4414370000000005
1.4446100000000008
1.444972
1.4438709999999997
1.4414370000000005
1.4446100000000008
1.444972
1.4438709999999997
1.4414370000000005
1.4446100000000008
1.444972
1.4438709999999997
1.4414370000000005
1.4446100000000008
1.444972
1.4438709999999997
1.4414370000000005
1.4446100000000008
1.444972
1.4438709999999997
1.4414370000000005
1.4446100000000008
1.444972
1.4438709999999997
1.4414370000000005
1.4446100000000008
1.444972
1.4438709999999997
1.4414370000000005
1.4446100000000008
1.444972
1.4438709999999997
1.4414370000000005
1.4446100000000008
1.444972
1.4438709999999997
1.4414370000000005
1.4446100000000008
1.444972
1.4438709999999997
1.4414370000000005
1.4446100000000008
1.444972
1.4438709999999997
1.4414370000000005
1.4446100000000008
1.444972
1.4438709999999997
1.4414370000000005
1.4446100000000008
1.444972
1.4438709999999997
1.4414370000000005
1.4446100000000008
1.444972
1.4438709999999997
1.4414370000000005
1.4446100000000008
1.444972
1.4438709999999997
1.4414370000000005
1.4446100000000008
-1.444095
-1.4447580000000002
-1.4433280000000002
-1.44271
-1.444095
-1.4447580000000002
-1.4433280000000002
-1.44271
-1.444095
-1.4447580000000002
-1.4433280000000002
-1.44271
-1.444095
-1.4447580000000002
-1.4433280000000002
-1.44271
-1.444095
-1.4447580000000002
-1.4433280000000002
-1.44271
-1.444095
-1.4447580000000002
-1.4433280000000002
-1.44271
-1.444095
-1.4447580000000002
-1.4433280000000002
-1.44271
-1.444095
-1.4447580000000002
-1.4433280000000002
-1.44271
-1.444095
-1.4447580000000002
-1.4433280000000002
-1.44271
-1.444095
-1.4447580000000002
-1.4433280000000002
-1.44271
-1.444095
-1.4447580000000002
-1.4433280000000002
-1.44271
-1.444095
-1.4447580000000002
-1.4433280000000002
-1.44271
-1.444095
-1.4447580000000002
-1.4433280000000002
-1.44271
-1.444095
-1.4447580000000002
-1.4433280000000002
-1.44271
-1.444095
-1.4447580000000002
-1.4433280000000002
-1.44271
-1.444095
-1.4447580000000002
-1.4433280000000002
-1.44271
-1.444095
-1.4447580000000002
-1.4433280000000002
-1.44271
-1.444095
-1.4447580000000002
-1.4433280000000002
-1.44271
-1.444095
-1.4447580000000002
-1.4433280000000002
-1.44271
-1.444095
-1.4447580000000002
-1.4433280000000002
-1.44271
-1.444095
-1.4447580000000002
-1.4433280000000002
-1.44271
-1.444095
-1.4447580000000002
-1.4433280000000002
-1.44271
-1.444095
-1.4447580000000002
-1.4433280000000002
-1.44271
-1.444095
-1.4447580000000002
-1.4433280000000002
-1.44271
-1.444095
-1.4447580000000002
-1.4433280000000002
-1.44271
-1.444095
-1.4447580000000002
-1.4433280000000002
-1.44271
-1.444095
-1.4447580000000002
-1.4433280000000002
-1.44271
