1.3776600000000006
1.385275
1.3776600000000006
1.385275
1.3776600000000006
1.385275
1.3776600000000006
1.385275
1.3776600000000006
1.385275
1.3776600000000006
1.385275
1.3776600000000006
1.385275
1.3776600000000006
1.385275
1.3776600000000006
1.385275
1.3776600000000006
1.385275
1.3776600000000006
1.385275
1.3776600000000006
1.385275
1.3776600000000006
1.385275
1.3776600000000006
1.385275
1.3776600000000006
1.385275
1.3776600000000006
1.385275
1.3776600000000006
1.385275
1.3776600000000006
1.385275
1.3776600000000006
1.385275
1.3776600000000006
1.385275
1.3776600000000006
1.385275
1.3776600000000006
1.385275
1.3776600000000006
1.385275
1.3776600000000006
1.385275
1.3776600000000006
1.385275
1.3776600000000006
1.385275
1.3776600000000006
1.385275
1.3776600000000006
1.385275
1.3776600000000006
1.385275
1.3776600000000006
1.385275
1.3776600000000006
1.385275
1.3776600000000006
1.385275
1.3776600000000006
1.385275
1.3776600000000006
1.385275
1.3776600000000006
1.385275
1.3776600000000006
1.385275
1.3776600000000006
1.385275
1.3776600000000006
1.385275
1.3776600000000006
1.385275
1.3776600000000006
1.385275
1.3776600000000006
1.385275
1.3776600000000006
1.385275
1.3776600000000006
1.385275
1.3776600000000006
1.385275
1.3776600000000006
1.385275
1.3776600000000006
1.385275
1.3776600000000006
1.385275
1.3776600000000006
1.385275
1.3776600000000006
1.385275
1.3776600000000006
1.385275
1.3776600000000006
1.385275
1.3776600000000006
1.385275
1.3776600000000006
1.385275
1.3776600000000006
1.385275
1.3776600000000006
1.385275
1.3776600000000006
1.385275
1.3776600000000006
1.385275
1.3776600000000006
1.385275
1.3776600000000006
1.385275
1.3776600000000006
1.385275
-1.382637
-1.3802979999999998
-1.382637
-1.3802979999999998
-1.382637
-1.3802979999999998
-1.382637
-1.3802979999999998
-1.382637
-1.3802979999999998
-1.382637
-1.3802979999999998
-1.382637
-1.3802979999999998
-1.382637
-1.3802979999999998
-1.382637
-1.3802979999999998
-1.382637
-1.3802979999999998
-1.382637
-1.3802979999999998
-1.382637
-1.3802979999999998
-1.382637
-1.3802979999999998
-1.382637
-1.3802979999999998
-1.382637
-1.3802979999999998
-1.382637
-1.3802979999999998
-1.382637
-1.3802979999999998
-1.382637
-1.3802979999999998
-1.382637
-1.3802979999999998
-1.382637
-1.3802979999999998
-1.382637
-1.3802979999999998
-1.382637
-1.3802979999999998
-1.382637
-1.3802979999999998
-1.382637
-1.3802979999999998
-1.382637
-1.3802979999999998
-1.382637
-1.3802979999999998
-1.382637
-1.3802979999999998
-1.382637
-1.3802979999999998
-1.382637
-1.3802979999999998
-1.382637
-1.3802979999999998
-1.382637
-1.3802979999999998
-1.382637
-1.3802979999999998
-1.382637
-1.3802979999999998
-1.382637
-1.3802979999999998
-1.382637
-1.3802979999999998
-1.382637
-1.3802979999999998
-1.382637
-1.3802979999999998
-1.382637
-1.3802979999999998
-1.382637
-1.3802979999999998
-1.382637
-1.3802979999999998
-1.382637
-1.3802979999999998
-1.382637
-1.3802979999999998
-1.382637
-1.3802979999999998
-1.382637
-1.3802979999999998
-1.382637
-1.3802979999999998
-1.382637
-1.3802979999999998
-1.382637
-1.3802979999999998
-1.382637
-1.3802979999999998
-1.382637
-1.3802979999999998
-1.382637
-1.3802979999999998
-1.382637
-1.3802979999999998
-1.382637
-1.3802979999999998
-1.382637
-1.3802979999999998
-1.382637
-1.3802979999999998
-1.382637
-1.3802979999999998
-1.382637
-1.3802979999999998
-1.382637
-1.3802979999999998
-1.382637
-1.3802979999999998
-1.382637
-1.3802979999999998
-1.382637
-1.3802979999999998
