0.7796129999999994
0.7796129999999994
0.7796129999999994
0.7796129999999994
0.7796129999999994
0.7796129999999994
0.7796129999999994
0.7796129999999994
0.7796129999999994
0.7796129999999994
0.7796129999999994
0.7796129999999994
0.7796129999999994
0.7796129999999994
0.7796129999999994
0.7796129999999994
0.7796129999999994
0.7796129999999994
0.7796129999999994
0.7796129999999994
0.7796129999999994
0.7796129999999994
0.7796129999999994
0.7796129999999994
0.7796129999999994
0.7796129999999994
0.7796129999999994
0.7796129999999994
0.7796129999999994
0.7796129999999994
0.7796129999999994
0.7796129999999994
0.7796129999999994
0.7796129999999994
0.7796129999999994
0.7796129999999994
0.7796129999999994
0.7796129999999994
0.7796129999999994
0.7796129999999994
0.7796129999999994
0.7796129999999994
0.7796129999999994
0.7796129999999994
0.7796129999999994
0.7796129999999994
0.7796129999999994
0.7796129999999994
0.7796129999999994
0.7796129999999994
0.7796129999999994
0.7796129999999994
0.7796129999999994
0.7796129999999994
0.7796129999999994
0.7796129999999994
0.7796129999999994
0.7796129999999994
0.7796129999999994
0.7796129999999994
0.7796129999999994
0.7796129999999994
0.7796129999999994
0.7796129999999994
-0.7796120000000002
-0.7796120000000002
-0.7796120000000002
-0.7796120000000002
-0.7796120000000002
-0.7796120000000002
-0.7796120000000002
-0.7796120000000002
-0.7796120000000002
-0.7796120000000002
-0.7796120000000002
-0.7796120000000002
-0.7796120000000002
-0.7796120000000002
-0.7796120000000002
-0.7796120000000002
-0.7796120000000002
-0.7796120000000002
-0.7796120000000002
-0.7796120000000002
-0.7796120000000002
-0.7796120000000002
-0.7796120000000002
-0.7796120000000002
-0.7796120000000002
-0.7796120000000002
-0.7796120000000002
-0.7796120000000002
-0.7796120000000002
-0.7796120000000002
-0.7796120000000002
-0.7796120000000002
-0.7796120000000002
-0.7796120000000002
-0.7796120000000002
-0.7796120000000002
-0.7796120000000002
-0.7796120000000002
-0.7796120000000002
-0.7796120000000002
-0.7796120000000002
-0.7796120000000002
-0.7796120000000002
-0.7796120000000002
-0.7796120000000002
-0.7796120000000002
-0.7796120000000002
-0.7796120000000002
-0.7796120000000002
-0.7796120000000002
-0.7796120000000002
-0.7796120000000002
-0.7796120000000002
-0.7796120000000002
-0.7796120000000002
-0.7796120000000002
-0.7796120000000002
-0.7796120000000002
-0.7796120000000002
-0.7796120000000002
-0.7796120000000002
-0.7796120000000002
-0.7796120000000002
-0.7796120000000002
