1.4472269999999998
1.4469250000000002
1.4473690000000001
1.4467309999999998
1.4472269999999998
1.4469250000000002
1.4473690000000001
1.4467309999999998
1.4472269999999998
1.4469250000000002
1.4473690000000001
1.4467309999999998
1.4472269999999998
1.4469250000000002
1.4473690000000001
1.4467309999999998
1.4472269999999998
1.4469250000000002
1.4473690000000001
1.4467309999999998
1.4472269999999998
1.4469250000000002
1.4473690000000001
1.4467309999999998
1.4472269999999998
1.4469250000000002
1.4473690000000001
1.4467309999999998
1.4472269999999998
1.4469250000000002
1.4473690000000001
1.4467309999999998
1.4472269999999998
1.4469250000000002
1.4473690000000001
1.4467309999999998
1.4472269999999998
1.4469250000000002
1.4473690000000001
1.4467309999999998
1.4472269999999998
1.4469250000000002
1.4473690000000001
1.4467309999999998
1.4472269999999998
1.4469250000000002
1.4473690000000001
1.4467309999999998
1.4472269999999998
1.4469250000000002
1.4473690000000001
1.4467309999999998
1.4472269999999998
1.4469250000000002
1.4473690000000001
1.4467309999999998
1.4472269999999998
1.4469250000000002
1.4473690000000001
1.4467309999999998
1.4472269999999998
1.4469250000000002
1.4473690000000001
1.4467309999999998
1.4472269999999998
1.4469250000000002
1.4473690000000001
1.4467309999999998
1.4472269999999998
1.4469250000000002
1.4473690000000001
1.4467309999999998
1.4472269999999998
1.4469250000000002
1.4473690000000001
1.4467309999999998
1.4472269999999998
1.4469250000000002
1.4473690000000001
1.4467309999999998
1.4472269999999998
1.4469250000000002
1.4473690000000001
1.4467309999999998
1.4472269999999998
1.4469250000000002
1.4473690000000001
1.4467309999999998
1.4472269999999998
1.4469250000000002
1.4473690000000001
1.4467309999999998
1.4472269999999998
1.4469250000000002
1.4473690000000001
1.4467309999999998
1.4472269999999998
1.4469250000000002
1.4473690000000001
1.4467309999999998
1.4472269999999998
1.4469250000000002
1.4473690000000001
1.4467309999999998
1.4472269999999998
1.4469250000000002
1.4473690000000001
1.4467309999999998
-1.446872
-1.446961
-1.4472899999999997
-1.447127
-1.446872
-1.446961
-1.4472899999999997
-1.447127
-1.446872
-1.446961
-1.4472899999999997
-1.447127
-1.446872
-1.446961
-1.4472899999999997
-1.447127
-1.446872
-1.446961
-1.4472899999999997
-1.447127
-1.446872
-1.446961
-1.4472899999999997
-1.447127
-1.446872
-1.446961
-1.4472899999999997
-1.447127
-1.446872
-1.446961
-1.4472899999999997
-1.447127
-1.446872
-1.446961
-1.4472899999999997
-1.447127
-1.446872
-1.446961
-1.4472899999999997
-1.447127
-1.446872
-1.446961
-1.4472899999999997
-1.447127
-1.446872
-1.446961
-1.4472899999999997
-1.447127
-1.446872
-1.446961
-1.4472899999999997
-1.447127
-1.446872
-1.446961
-1.4472899999999997
-1.447127
-1.446872
-1.446961
-1.4472899999999997
-1.447127
-1.446872
-1.446961
-1.4472899999999997
-1.447127
-1.446872
-1.446961
-1.4472899999999997
-1.447127
-1.446872
-1.446961
-1.4472899999999997
-1.447127
-1.446872
-1.446961
-1.4472899999999997
-1.447127
-1.446872
-1.446961
-1.4472899999999997
-1.447127
-1.446872
-1.446961
-1.4472899999999997
-1.447127
-1.446872
-1.446961
-1.4472899999999997
-1.447127
-1.446872
-1.446961
-1.4472899999999997
-1.447127
-1.446872
-1.446961
-1.4472899999999997
-1.447127
-1.446872
-1.446961
-1.4472899999999997
-1.447127
-1.446872
-1.446961
-1.4472899999999997
-1.447127
-1.446872
-1.446961
-1.4472899999999997
-1.447127
