1.4359540000000006
1.4359540000000006
1.4359540000000006
1.4359540000000006
1.4359540000000006
1.4359540000000006
1.4359540000000006
1.4359540000000006
1.4359540000000006
1.4359540000000006
1.4359540000000006
1.4359540000000006
1.4359540000000006
1.4359540000000006
1.4359540000000006
1.4359540000000006
1.4359540000000006
1.4359540000000006
1.4359540000000006
1.4359540000000006
1.4359540000000006
1.4359540000000006
1.4359540000000006
1.4359540000000006
1.4359540000000006
1.4359540000000006
1.4359540000000006
1.4359540000000006
1.4359540000000006
1.4359540000000006
1.4359540000000006
1.4359540000000006
1.4359540000000006
1.4359540000000006
1.4359540000000006
1.4359540000000006
1.4359540000000006
1.4359540000000006
1.4359540000000006
1.4359540000000006
1.4359540000000006
1.4359540000000006
1.4359540000000006
1.4359540000000006
1.4359540000000006
1.4359540000000006
1.4359540000000006
1.4359540000000006
1.4359540000000006
1.4359540000000006
1.4359540000000006
1.4359540000000006
1.4359540000000006
1.4359540000000006
-1.4359539999999997
-1.4359539999999997
-1.4359539999999997
-1.4359539999999997
-1.4359539999999997
-1.4359539999999997
-1.4359539999999997
-1.4359539999999997
-1.4359539999999997
-1.4359539999999997
-1.4359539999999997
-1.4359539999999997
-1.4359539999999997
-1.4359539999999997
-1.4359539999999997
-1.4359539999999997
-1.4359539999999997
-1.4359539999999997
-1.4359539999999997
-1.4359539999999997
-1.4359539999999997
-1.4359539999999997
-1.4359539999999997
-1.4359539999999997
-1.4359539999999997
-1.4359539999999997
-1.4359539999999997
-1.4359539999999997
-1.4359539999999997
-1.4359539999999997
-1.4359539999999997
-1.4359539999999997
-1.4359539999999997
-1.4359539999999997
-1.4359539999999997
-1.4359539999999997
-1.4359539999999997
-1.4359539999999997
-1.4359539999999997
-1.4359539999999997
-1.4359539999999997
-1.4359539999999997
-1.4359539999999997
-1.4359539999999997
-1.4359539999999997
-1.4359539999999997
-1.4359539999999997
-1.4359539999999997
-1.4359539999999997
-1.4359539999999997
-1.4359539999999997
-1.4359539999999997
-1.4359539999999997
-1.4359539999999997
