1.4247080000000008
1.4098989999999993
1.4220869999999994
1.4096340000000005
1.4247080000000008
1.4098989999999993
1.4220869999999994
1.4096340000000005
1.4247080000000008
1.4098989999999993
1.4220869999999994
1.4096340000000005
1.4247080000000008
1.4098989999999993
1.4220869999999994
1.4096340000000005
1.4247080000000008
1.4098989999999993
1.4220869999999994
1.4096340000000005
1.4247080000000008
1.4098989999999993
1.4220869999999994
1.4096340000000005
1.4247080000000008
1.4098989999999993
1.4220869999999994
1.4096340000000005
1.4247080000000008
1.4098989999999993
1.4220869999999994
1.4096340000000005
1.4247080000000008
1.4098989999999993
1.4220869999999994
1.4096340000000005
1.4247080000000008
1.4098989999999993
1.4220869999999994
1.4096340000000005
1.4247080000000008
1.4098989999999993
1.4220869999999994
1.4096340000000005
1.4247080000000008
1.4098989999999993
1.4220869999999994
1.4096340000000005
1.4247080000000008
1.4098989999999993
1.4220869999999994
1.4096340000000005
1.4247080000000008
1.4098989999999993
1.4220869999999994
1.4096340000000005
1.4247080000000008
1.4098989999999993
1.4220869999999994
1.4096340000000005
1.4247080000000008
1.4098989999999993
1.4220869999999994
1.4096340000000005
1.4247080000000008
1.4098989999999993
1.4220869999999994
1.4096340000000005
1.4247080000000008
1.4098989999999993
1.4220869999999994
1.4096340000000005
1.4247080000000008
1.4098989999999993
1.4220869999999994
1.4096340000000005
1.4247080000000008
1.4098989999999993
1.4220869999999994
1.4096340000000005
1.4247080000000008
1.4098989999999993
1.4220869999999994
1.4096340000000005
1.4247080000000008
1.4098989999999993
1.4220869999999994
1.4096340000000005
1.4247080000000008
1.4098989999999993
1.4220869999999994
1.4096340000000005
1.4247080000000008
1.4098989999999993
1.4220869999999994
1.4096340000000005
1.4247080000000008
1.4098989999999993
1.4220869999999994
1.4096340000000005
1.4247080000000008
1.4098989999999993
1.4220869999999994
1.4096340000000005
1.4247080000000008
1.4098989999999993
1.4220869999999994
1.4096340000000005
1.4247080000000008
1.4098989999999993
1.4220869999999994
1.4096340000000005
1.4247080000000008
1.4098989999999993
1.4220869999999994
1.4096340000000005
1.4247080000000008
1.4098989999999993
1.4220869999999994
1.4096340000000005
1.4247080000000008
1.4098989999999993
1.4220869999999994
1.4096340000000005
1.4247080000000008
1.4098989999999993
1.4220869999999994
1.4096340000000005
1.4247080000000008
1.4098989999999993
1.4220869999999994
1.4096340000000005
1.4247080000000008
1.4098989999999993
1.4220869999999994
1.4096340000000005
1.4247080000000008
1.4098989999999993
1.4220869999999994
1.4096340000000005
1.4247080000000008
1.4098989999999993
1.4220869999999994
1.4096340000000005
1.4247080000000008
1.4098989999999993
1.4220869999999994
1.4096340000000005
1.4247080000000008
1.4098989999999993
1.4220869999999994
1.4096340000000005
1.4247080000000008
1.4098989999999993
1.4220869999999994
1.4096340000000005
1.4247080000000008
1.4098989999999993
1.4220869999999994
1.4096340000000005
1.4247080000000008
1.4098989999999993
1.4220869999999994
1.4096340000000005
1.4247080000000008
1.4098989999999993
1.4220869999999994
1.4096340000000005
1.4247080000000008
1.4098989999999993
1.4220869999999994
1.4096340000000005
1.4247080000000008
1.4098989999999993
1.4220869999999994
1.4096340000000005
1.4247080000000008
1.4098989999999993
1.4220869999999994
1.4096340000000005
1.4247080000000008
1.4098989999999993
1.4220869999999994
1.4096340000000005
1.4247080000000008
1.4098989999999993
1.4220869999999994
1.4096340000000005
1.4247080000000008
1.4098989999999993
1.4220869999999994
1.4096340000000005
-1.4125370000000004
-1.415655
-1.4183320000000004
-1.4198050000000002
-1.4125370000000004
-1.415655
-1.4183320000000004
-1.4198050000000002
-1.4125370000000004
-1.415655
-1.4183320000000004
-1.4198050000000002
-1.4125370000000004
-1.415655
-1.4183320000000004
-1.4198050000000002
-1.4125370000000004
-1.415655
-1.4183320000000004
-1.4198050000000002
-1.4125370000000004
-1.415655
-1.4183320000000004
-1.4198050000000002
-1.4125370000000004
-1.415655
-1.4183320000000004
-1.4198050000000002
-1.4125370000000004
-1.415655
-1.4183320000000004
-1.4198050000000002
-1.4125370000000004
-1.415655
-1.4183320000000004
-1.4198050000000002
-1.4125370000000004
-1.415655
-1.4183320000000004
-1.4198050000000002
-1.4125370000000004
-1.415655
-1.4183320000000004
-1.4198050000000002
-1.4125370000000004
-1.415655
-1.4183320000000004
-1.4198050000000002
-1.4125370000000004
-1.415655
-1.4183320000000004
-1.4198050000000002
-1.4125370000000004
-1.415655
-1.4183320000000004
-1.4198050000000002
-1.4125370000000004
-1.415655
-1.4183320000000004
-1.4198050000000002
-1.4125370000000004
-1.415655
-1.4183320000000004
-1.4198050000000002
-1.4125370000000004
-1.415655
-1.4183320000000004
-1.4198050000000002
-1.4125370000000004
-1.415655
-1.4183320000000004
-1.4198050000000002
-1.4125370000000004
-1.415655
-1.4183320000000004
-1.4198050000000002
-1.4125370000000004
-1.415655
-1.4183320000000004
-1.4198050000000002
-1.4125370000000004
-1.415655
-1.4183320000000004
-1.4198050000000002
-1.4125370000000004
-1.415655
-1.4183320000000004
-1.4198050000000002
-1.4125370000000004
-1.415655
-1.4183320000000004
-1.4198050000000002
-1.4125370000000004
-1.415655
-1.4183320000000004
-1.4198050000000002
-1.4125370000000004
-1.415655
-1.4183320000000004
-1.4198050000000002
-1.4125370000000004
-1.415655
-1.4183320000000004
-1.4198050000000002
-1.4125370000000004
-1.415655
-1.4183320000000004
-1.4198050000000002
-1.4125370000000004
-1.415655
-1.4183320000000004
-1.4198050000000002
-1.4125370000000004
-1.415655
-1.4183320000000004
-1.4198050000000002
-1.4125370000000004
-1.415655
-1.4183320000000004
-1.4198050000000002
-1.4125370000000004
-1.415655
-1.4183320000000004
-1.4198050000000002
-1.4125370000000004
-1.415655
-1.4183320000000004
-1.4198050000000002
-1.4125370000000004
-1.415655
-1.4183320000000004
-1.4198050000000002
-1.4125370000000004
-1.415655
-1.4183320000000004
-1.4198050000000002
-1.4125370000000004
-1.415655
-1.4183320000000004
-1.4198050000000002
-1.4125370000000004
-1.415655
-1.4183320000000004
-1.4198050000000002
-1.4125370000000004
-1.415655
-1.4183320000000004
-1.4198050000000002
-1.4125370000000004
-1.415655
-1.4183320000000004
-1.4198050000000002
-1.4125370000000004
-1.415655
-1.4183320000000004
-1.4198050000000002
-1.4125370000000004
-1.415655
-1.4183320000000004
-1.4198050000000002
-1.4125370000000004
-1.415655
-1.4183320000000004
-1.4198050000000002
-1.4125370000000004
-1.415655
-1.4183320000000004
-1.4198050000000002
-1.4125370000000004
-1.415655
-1.4183320000000004
-1.4198050000000002
-1.4125370000000004
-1.415655
-1.4183320000000004
-1.4198050000000002
-1.4125370000000004
-1.415655
-1.4183320000000004
-1.4198050000000002
-1.4125370000000004
-1.415655
-1.4183320000000004
-1.4198050000000002
-1.4125370000000004
-1.415655
-1.4183320000000004
-1.4198050000000002
-1.4125370000000004
-1.415655
-1.4183320000000004
-1.4198050000000002
