1.4443190000000001
1.445601
1.4446390000000005
1.4455080000000002
1.4443190000000001
1.445601
1.4446390000000005
1.4455080000000002
1.4443190000000001
1.445601
1.4446390000000005
1.4455080000000002
1.4443190000000001
1.445601
1.4446390000000005
1.4455080000000002
1.4443190000000001
1.445601
1.4446390000000005
1.4455080000000002
1.4443190000000001
1.445601
1.4446390000000005
1.4455080000000002
1.4443190000000001
1.445601
1.4446390000000005
1.4455080000000002
1.4443190000000001
1.445601
1.4446390000000005
1.4455080000000002
1.4443190000000001
1.445601
1.4446390000000005
1.4455080000000002
1.4443190000000001
1.445601
1.4446390000000005
1.4455080000000002
1.4443190000000001
1.445601
1.4446390000000005
1.4455080000000002
1.4443190000000001
1.445601
1.4446390000000005
1.4455080000000002
1.4443190000000001
1.445601
1.4446390000000005
1.4455080000000002
1.4443190000000001
1.445601
1.4446390000000005
1.4455080000000002
1.4443190000000001
1.445601
1.4446390000000005
1.4455080000000002
1.4443190000000001
1.445601
1.4446390000000005
1.4455080000000002
1.4443190000000001
1.445601
1.4446390000000005
1.4455080000000002
1.4443190000000001
1.445601
1.4446390000000005
1.4455080000000002
1.4443190000000001
1.445601
1.4446390000000005
1.4455080000000002
1.4443190000000001
1.445601
1.4446390000000005
1.4455080000000002
1.4443190000000001
1.445601
1.4446390000000005
1.4455080000000002
1.4443190000000001
1.445601
1.4446390000000005
1.4455080000000002
1.4443190000000001
1.445601
1.4446390000000005
1.4455080000000002
1.4443190000000001
1.445601
1.4446390000000005
1.4455080000000002
1.4443190000000001
1.445601
1.4446390000000005
1.4455080000000002
1.4443190000000001
1.445601
1.4446390000000005
1.4455080000000002
1.4443190000000001
1.445601
1.4446390000000005
1.4455080000000002
-1.445144
-1.4448499999999997
-1.445386
-1.444686
-1.445144
-1.4448499999999997
-1.445386
-1.444686
-1.445144
-1.4448499999999997
-1.445386
-1.444686
-1.445144
-1.4448499999999997
-1.445386
-1.444686
-1.445144
-1.4448499999999997
-1.445386
-1.444686
-1.445144
-1.4448499999999997
-1.445386
-1.444686
-1.445144
-1.4448499999999997
-1.445386
-1.444686
-1.445144
-1.4448499999999997
-1.445386
-1.444686
-1.445144
-1.4448499999999997
-1.445386
-1.444686
-1.445144
-1.4448499999999997
-1.445386
-1.444686
-1.445144
-1.4448499999999997
-1.445386
-1.444686
-1.445144
-1.4448499999999997
-1.445386
-1.444686
-1.445144
-1.4448499999999997
-1.445386
-1.444686
-1.445144
-1.4448499999999997
-1.445386
-1.444686
-1.445144
-1.4448499999999997
-1.445386
-1.444686
-1.445144
-1.4448499999999997
-1.445386
-1.444686
-1.445144
-1.4448499999999997
-1.445386
-1.444686
-1.445144
-1.4448499999999997
-1.445386
-1.444686
-1.445144
-1.4448499999999997
-1.445386
-1.444686
-1.445144
-1.4448499999999997
-1.445386
-1.444686
-1.445144
-1.4448499999999997
-1.445386
-1.444686
-1.445144
-1.4448499999999997
-1.445386
-1.444686
-1.445144
-1.4448499999999997
-1.445386
-1.444686
-1.445144
-1.4448499999999997
-1.445386
-1.444686
-1.445144
-1.4448499999999997
-1.445386
-1.444686
-1.445144
-1.4448499999999997
-1.445386
-1.444686
-1.445144
-1.4448499999999997
-1.445386
-1.444686
