1.3858180000000004
1.3855869999999992
1.3858180000000004
1.3855869999999992
1.3858180000000004
1.3855869999999992
1.3858180000000004
1.3855869999999992
1.3858180000000004
1.3855869999999992
1.3858180000000004
1.3855869999999992
1.3858180000000004
1.3855869999999992
1.3858180000000004
1.3855869999999992
1.3858180000000004
1.3855869999999992
1.3858180000000004
1.3855869999999992
1.3858180000000004
1.3855869999999992
1.3858180000000004
1.3855869999999992
1.3858180000000004
1.3855869999999992
1.3858180000000004
1.3855869999999992
1.3858180000000004
1.3855869999999992
1.3858180000000004
1.3855869999999992
1.3858180000000004
1.3855869999999992
1.3858180000000004
1.3855869999999992
1.3858180000000004
1.3855869999999992
1.3858180000000004
1.3855869999999992
1.3858180000000004
1.3855869999999992
1.3858180000000004
1.3855869999999992
1.3858180000000004
1.3855869999999992
1.3858180000000004
1.3855869999999992
1.3858180000000004
1.3855869999999992
1.3858180000000004
1.3855869999999992
1.3858180000000004
1.3855869999999992
1.3858180000000004
1.3855869999999992
1.3858180000000004
1.3855869999999992
1.3858180000000004
1.3855869999999992
1.3858180000000004
1.3855869999999992
1.3858180000000004
1.3855869999999992
1.3858180000000004
1.3855869999999992
1.3858180000000004
1.3855869999999992
1.3858180000000004
1.3855869999999992
1.3858180000000004
1.3855869999999992
1.3858180000000004
1.3855869999999992
1.3858180000000004
1.3855869999999992
1.3858180000000004
1.3855869999999992
1.3858180000000004
1.3855869999999992
1.3858180000000004
1.3855869999999992
1.3858180000000004
1.3855869999999992
1.3858180000000004
1.3855869999999992
1.3858180000000004
1.3855869999999992
1.3858180000000004
1.3855869999999992
1.3858180000000004
1.3855869999999992
1.3858180000000004
1.3855869999999992
1.3858180000000004
1.3855869999999992
1.3858180000000004
1.3855869999999992
1.3858180000000004
1.3855869999999992
1.3858180000000004
1.3855869999999992
1.3858180000000004
1.3855869999999992
1.3858180000000004
1.3855869999999992
1.3858180000000004
1.3855869999999992
1.3858180000000004
1.3855869999999992
1.3858180000000004
1.3855869999999992
1.3858180000000004
1.3855869999999992
1.3858180000000004
1.3855869999999992
1.3858180000000004
1.3855869999999992
1.3858180000000004
1.3855869999999992
-1.383826
-1.3875780000000004
-1.383826
-1.3875780000000004
-1.383826
-1.3875780000000004
-1.383826
-1.3875780000000004
-1.383826
-1.3875780000000004
-1.383826
-1.3875780000000004
-1.383826
-1.3875780000000004
-1.383826
-1.3875780000000004
-1.383826
-1.3875780000000004
-1.383826
-1.3875780000000004
-1.383826
-1.3875780000000004
-1.383826
-1.3875780000000004
-1.383826
-1.3875780000000004
-1.383826
-1.3875780000000004
-1.383826
-1.3875780000000004
-1.383826
-1.3875780000000004
-1.383826
-1.3875780000000004
-1.383826
-1.3875780000000004
-1.383826
-1.3875780000000004
-1.383826
-1.3875780000000004
-1.383826
-1.3875780000000004
-1.383826
-1.3875780000000004
-1.383826
-1.3875780000000004
-1.383826
-1.3875780000000004
-1.383826
-1.3875780000000004
-1.383826
-1.3875780000000004
-1.383826
-1.3875780000000004
-1.383826
-1.3875780000000004
-1.383826
-1.3875780000000004
-1.383826
-1.3875780000000004
-1.383826
-1.3875780000000004
-1.383826
-1.3875780000000004
-1.383826
-1.3875780000000004
-1.383826
-1.3875780000000004
-1.383826
-1.3875780000000004
-1.383826
-1.3875780000000004
-1.383826
-1.3875780000000004
-1.383826
-1.3875780000000004
-1.383826
-1.3875780000000004
-1.383826
-1.3875780000000004
-1.383826
-1.3875780000000004
-1.383826
-1.3875780000000004
-1.383826
-1.3875780000000004
-1.383826
-1.3875780000000004
-1.383826
-1.3875780000000004
-1.383826
-1.3875780000000004
-1.383826
-1.3875780000000004
-1.383826
-1.3875780000000004
-1.383826
-1.3875780000000004
-1.383826
-1.3875780000000004
-1.383826
-1.3875780000000004
-1.383826
-1.3875780000000004
-1.383826
-1.3875780000000004
-1.383826
-1.3875780000000004
-1.383826
-1.3875780000000004
-1.383826
-1.3875780000000004
-1.383826
-1.3875780000000004
-1.383826
-1.3875780000000004
-1.383826
-1.3875780000000004
-1.383826
-1.3875780000000004
