1.4181810000000006
1.4244699999999995
1.4181810000000006
1.4244699999999995
1.4181810000000006
1.4244699999999995
1.4181810000000006
1.4244699999999995
1.4181810000000006
1.4244699999999995
1.4181810000000006
1.4244699999999995
1.4181810000000006
1.4244699999999995
1.4181810000000006
1.4244699999999995
1.4181810000000006
1.4244699999999995
1.4181810000000006
1.4244699999999995
1.4181810000000006
1.4244699999999995
1.4181810000000006
1.4244699999999995
1.4181810000000006
1.4244699999999995
1.4181810000000006
1.4244699999999995
1.4181810000000006
1.4244699999999995
1.4181810000000006
1.4244699999999995
1.4181810000000006
1.4244699999999995
1.4181810000000006
1.4244699999999995
1.4181810000000006
1.4244699999999995
1.4181810000000006
1.4244699999999995
1.4181810000000006
1.4244699999999995
1.4181810000000006
1.4244699999999995
1.4181810000000006
1.4244699999999995
1.4181810000000006
1.4244699999999995
1.4181810000000006
1.4244699999999995
1.4181810000000006
1.4244699999999995
1.4181810000000006
1.4244699999999995
1.4181810000000006
1.4244699999999995
1.4181810000000006
1.4244699999999995
1.4181810000000006
1.4244699999999995
1.4181810000000006
1.4244699999999995
1.4181810000000006
1.4244699999999995
1.4181810000000006
1.4244699999999995
1.4181810000000006
1.4244699999999995
1.4181810000000006
1.4244699999999995
1.4181810000000006
1.4244699999999995
1.4181810000000006
1.4244699999999995
1.4181810000000006
1.4244699999999995
1.4181810000000006
1.4244699999999995
1.4181810000000006
1.4244699999999995
1.4181810000000006
1.4244699999999995
1.4181810000000006
1.4244699999999995
1.4181810000000006
1.4244699999999995
1.4181810000000006
1.4244699999999995
1.4181810000000006
1.4244699999999995
-1.4337590000000002
-1.4088909999999997
-1.4337590000000002
-1.4088909999999997
-1.4337590000000002
-1.4088909999999997
-1.4337590000000002
-1.4088909999999997
-1.4337590000000002
-1.4088909999999997
-1.4337590000000002
-1.4088909999999997
-1.4337590000000002
-1.4088909999999997
-1.4337590000000002
-1.4088909999999997
-1.4337590000000002
-1.4088909999999997
-1.4337590000000002
-1.4088909999999997
-1.4337590000000002
-1.4088909999999997
-1.4337590000000002
-1.4088909999999997
-1.4337590000000002
-1.4088909999999997
-1.4337590000000002
-1.4088909999999997
-1.4337590000000002
-1.4088909999999997
-1.4337590000000002
-1.4088909999999997
-1.4337590000000002
-1.4088909999999997
-1.4337590000000002
-1.4088909999999997
-1.4337590000000002
-1.4088909999999997
-1.4337590000000002
-1.4088909999999997
-1.4337590000000002
-1.4088909999999997
-1.4337590000000002
-1.4088909999999997
-1.4337590000000002
-1.4088909999999997
-1.4337590000000002
-1.4088909999999997
-1.4337590000000002
-1.4088909999999997
-1.4337590000000002
-1.4088909999999997
-1.4337590000000002
-1.4088909999999997
-1.4337590000000002
-1.4088909999999997
-1.4337590000000002
-1.4088909999999997
-1.4337590000000002
-1.4088909999999997
-1.4337590000000002
-1.4088909999999997
-1.4337590000000002
-1.4088909999999997
-1.4337590000000002
-1.4088909999999997
-1.4337590000000002
-1.4088909999999997
-1.4337590000000002
-1.4088909999999997
-1.4337590000000002
-1.4088909999999997
-1.4337590000000002
-1.4088909999999997
-1.4337590000000002
-1.4088909999999997
-1.4337590000000002
-1.4088909999999997
-1.4337590000000002
-1.4088909999999997
-1.4337590000000002
-1.4088909999999997
-1.4337590000000002
-1.4088909999999997
-1.4337590000000002
-1.4088909999999997
-1.4337590000000002
-1.4088909999999997
-1.4337590000000002
-1.4088909999999997
