1.4380670000000002
1.4349679999999996
1.4364790000000003
1.4371170000000006
1.4380670000000002
1.4349679999999996
1.4364790000000003
1.4371170000000006
1.4380670000000002
1.4349679999999996
1.4364790000000003
1.4371170000000006
1.4380670000000002
1.4349679999999996
1.4364790000000003
1.4371170000000006
1.4380670000000002
1.4349679999999996
1.4364790000000003
1.4371170000000006
1.4380670000000002
1.4349679999999996
1.4364790000000003
1.4371170000000006
1.4380670000000002
1.4349679999999996
1.4364790000000003
1.4371170000000006
1.4380670000000002
1.4349679999999996
1.4364790000000003
1.4371170000000006
1.4380670000000002
1.4349679999999996
1.4364790000000003
1.4371170000000006
1.4380670000000002
1.4349679999999996
1.4364790000000003
1.4371170000000006
1.4380670000000002
1.4349679999999996
1.4364790000000003
1.4371170000000006
1.4380670000000002
1.4349679999999996
1.4364790000000003
1.4371170000000006
1.4380670000000002
1.4349679999999996
1.4364790000000003
1.4371170000000006
1.4380670000000002
1.4349679999999996
1.4364790000000003
1.4371170000000006
1.4380670000000002
1.4349679999999996
1.4364790000000003
1.4371170000000006
1.4380670000000002
1.4349679999999996
1.4364790000000003
1.4371170000000006
1.4380670000000002
1.4349679999999996
1.4364790000000003
1.4371170000000006
1.4380670000000002
1.4349679999999996
1.4364790000000003
1.4371170000000006
1.4380670000000002
1.4349679999999996
1.4364790000000003
1.4371170000000006
1.4380670000000002
1.4349679999999996
1.4364790000000003
1.4371170000000006
1.4380670000000002
1.4349679999999996
1.4364790000000003
1.4371170000000006
1.4380670000000002
1.4349679999999996
1.4364790000000003
1.4371170000000006
1.4380670000000002
1.4349679999999996
1.4364790000000003
1.4371170000000006
1.4380670000000002
1.4349679999999996
1.4364790000000003
1.4371170000000006
1.4380670000000002
1.4349679999999996
1.4364790000000003
1.4371170000000006
1.4380670000000002
1.4349679999999996
1.4364790000000003
1.4371170000000006
1.4380670000000002
1.4349679999999996
1.4364790000000003
1.4371170000000006
1.4380670000000002
1.4349679999999996
1.4364790000000003
1.4371170000000006
1.4380670000000002
1.4349679999999996
1.4364790000000003
1.4371170000000006
1.4380670000000002
1.4349679999999996
1.4364790000000003
1.4371170000000006
1.4380670000000002
1.4349679999999996
1.4364790000000003
1.4371170000000006
1.4380670000000002
1.4349679999999996
1.4364790000000003
1.4371170000000006
1.4380670000000002
1.4349679999999996
1.4364790000000003
1.4371170000000006
1.4380670000000002
1.4349679999999996
1.4364790000000003
1.4371170000000006
1.4380670000000002
1.4349679999999996
1.4364790000000003
1.4371170000000006
1.4380670000000002
1.4349679999999996
1.4364790000000003
1.4371170000000006
-1.4364860000000004
-1.4363869999999999
-1.43708
-1.4366779999999997
-1.4364860000000004
-1.4363869999999999
-1.43708
-1.4366779999999997
-1.4364860000000004
-1.4363869999999999
-1.43708
-1.4366779999999997
-1.4364860000000004
-1.4363869999999999
-1.43708
-1.4366779999999997
-1.4364860000000004
-1.4363869999999999
-1.43708
-1.4366779999999997
-1.4364860000000004
-1.4363869999999999
-1.43708
-1.4366779999999997
-1.4364860000000004
-1.4363869999999999
-1.43708
-1.4366779999999997
-1.4364860000000004
-1.4363869999999999
-1.43708
-1.4366779999999997
-1.4364860000000004
-1.4363869999999999
-1.43708
-1.4366779999999997
-1.4364860000000004
-1.4363869999999999
-1.43708
-1.4366779999999997
-1.4364860000000004
-1.4363869999999999
-1.43708
-1.4366779999999997
-1.4364860000000004
-1.4363869999999999
-1.43708
-1.4366779999999997
-1.4364860000000004
-1.4363869999999999
-1.43708
-1.4366779999999997
-1.4364860000000004
-1.4363869999999999
-1.43708
-1.4366779999999997
-1.4364860000000004
-1.4363869999999999
-1.43708
-1.4366779999999997
-1.4364860000000004
-1.4363869999999999
-1.43708
-1.4366779999999997
-1.4364860000000004
-1.4363869999999999
-1.43708
-1.4366779999999997
-1.4364860000000004
-1.4363869999999999
-1.43708
-1.4366779999999997
-1.4364860000000004
-1.4363869999999999
-1.43708
-1.4366779999999997
-1.4364860000000004
-1.4363869999999999
-1.43708
-1.4366779999999997
-1.4364860000000004
-1.4363869999999999
-1.43708
-1.4366779999999997
-1.4364860000000004
-1.4363869999999999
-1.43708
-1.4366779999999997
-1.4364860000000004
-1.4363869999999999
-1.43708
-1.4366779999999997
-1.4364860000000004
-1.4363869999999999
-1.43708
-1.4366779999999997
-1.4364860000000004
-1.4363869999999999
-1.43708
-1.4366779999999997
-1.4364860000000004
-1.4363869999999999
-1.43708
-1.4366779999999997
-1.4364860000000004
-1.4363869999999999
-1.43708
-1.4366779999999997
-1.4364860000000004
-1.4363869999999999
-1.43708
-1.4366779999999997
-1.4364860000000004
-1.4363869999999999
-1.43708
-1.4366779999999997
-1.4364860000000004
-1.4363869999999999
-1.43708
-1.4366779999999997
-1.4364860000000004
-1.4363869999999999
-1.43708
-1.4366779999999997
-1.4364860000000004
-1.4363869999999999
-1.43708
-1.4366779999999997
-1.4364860000000004
-1.4363869999999999
-1.43708
-1.4366779999999997
-1.4364860000000004
-1.4363869999999999
-1.43708
-1.4366779999999997
-1.4364860000000004
-1.4363869999999999
-1.43708
-1.4366779999999997
-1.4364860000000004
-1.4363869999999999
-1.43708
-1.4366779999999997
