1.3792840000000002
1.3777950000000008
1.3792840000000002
1.3777950000000008
1.3792840000000002
1.3777950000000008
1.3792840000000002
1.3777950000000008
1.3792840000000002
1.3777950000000008
1.3792840000000002
1.3777950000000008
1.3792840000000002
1.3777950000000008
1.3792840000000002
1.3777950000000008
1.3792840000000002
1.3777950000000008
1.3792840000000002
1.3777950000000008
1.3792840000000002
1.3777950000000008
1.3792840000000002
1.3777950000000008
1.3792840000000002
1.3777950000000008
1.3792840000000002
1.3777950000000008
1.3792840000000002
1.3777950000000008
1.3792840000000002
1.3777950000000008
1.3792840000000002
1.3777950000000008
1.3792840000000002
1.3777950000000008
1.3792840000000002
1.3777950000000008
1.3792840000000002
1.3777950000000008
1.3792840000000002
1.3777950000000008
1.3792840000000002
1.3777950000000008
1.3792840000000002
1.3777950000000008
1.3792840000000002
1.3777950000000008
1.3792840000000002
1.3777950000000008
1.3792840000000002
1.3777950000000008
1.3792840000000002
1.3777950000000008
1.3792840000000002
1.3777950000000008
1.3792840000000002
1.3777950000000008
1.3792840000000002
1.3777950000000008
1.3792840000000002
1.3777950000000008
1.3792840000000002
1.3777950000000008
1.3792840000000002
1.3777950000000008
1.3792840000000002
1.3777950000000008
1.3792840000000002
1.3777950000000008
1.3792840000000002
1.3777950000000008
1.3792840000000002
1.3777950000000008
1.3792840000000002
1.3777950000000008
1.3792840000000002
1.3777950000000008
1.3792840000000002
1.3777950000000008
1.3792840000000002
1.3777950000000008
1.3792840000000002
1.3777950000000008
1.3792840000000002
1.3777950000000008
1.3792840000000002
1.3777950000000008
1.3792840000000002
1.3777950000000008
1.3792840000000002
1.3777950000000008
1.3792840000000002
1.3777950000000008
1.3792840000000002
1.3777950000000008
1.3792840000000002
1.3777950000000008
1.3792840000000002
1.3777950000000008
1.3792840000000002
1.3777950000000008
1.3792840000000002
1.3777950000000008
1.3792840000000002
1.3777950000000008
1.3792840000000002
1.3777950000000008
1.3792840000000002
1.3777950000000008
1.3792840000000002
1.3777950000000008
1.3792840000000002
1.3777950000000008
1.3792840000000002
1.3777950000000008
1.3792840000000002
1.3777950000000008
1.3792840000000002
1.3777950000000008
-1.3785040000000004
-1.3785759999999998
-1.3785040000000004
-1.3785759999999998
-1.3785040000000004
-1.3785759999999998
-1.3785040000000004
-1.3785759999999998
-1.3785040000000004
-1.3785759999999998
-1.3785040000000004
-1.3785759999999998
-1.3785040000000004
-1.3785759999999998
-1.3785040000000004
-1.3785759999999998
-1.3785040000000004
-1.3785759999999998
-1.3785040000000004
-1.3785759999999998
-1.3785040000000004
-1.3785759999999998
-1.3785040000000004
-1.3785759999999998
-1.3785040000000004
-1.3785759999999998
-1.3785040000000004
-1.3785759999999998
-1.3785040000000004
-1.3785759999999998
-1.3785040000000004
-1.3785759999999998
-1.3785040000000004
-1.3785759999999998
-1.3785040000000004
-1.3785759999999998
-1.3785040000000004
-1.3785759999999998
-1.3785040000000004
-1.3785759999999998
-1.3785040000000004
-1.3785759999999998
-1.3785040000000004
-1.3785759999999998
-1.3785040000000004
-1.3785759999999998
-1.3785040000000004
-1.3785759999999998
-1.3785040000000004
-1.3785759999999998
-1.3785040000000004
-1.3785759999999998
-1.3785040000000004
-1.3785759999999998
-1.3785040000000004
-1.3785759999999998
-1.3785040000000004
-1.3785759999999998
-1.3785040000000004
-1.3785759999999998
-1.3785040000000004
-1.3785759999999998
-1.3785040000000004
-1.3785759999999998
-1.3785040000000004
-1.3785759999999998
-1.3785040000000004
-1.3785759999999998
-1.3785040000000004
-1.3785759999999998
-1.3785040000000004
-1.3785759999999998
-1.3785040000000004
-1.3785759999999998
-1.3785040000000004
-1.3785759999999998
-1.3785040000000004
-1.3785759999999998
-1.3785040000000004
-1.3785759999999998
-1.3785040000000004
-1.3785759999999998
-1.3785040000000004
-1.3785759999999998
-1.3785040000000004
-1.3785759999999998
-1.3785040000000004
-1.3785759999999998
-1.3785040000000004
-1.3785759999999998
-1.3785040000000004
-1.3785759999999998
-1.3785040000000004
-1.3785759999999998
-1.3785040000000004
-1.3785759999999998
-1.3785040000000004
-1.3785759999999998
-1.3785040000000004
-1.3785759999999998
-1.3785040000000004
-1.3785759999999998
-1.3785040000000004
-1.3785759999999998
-1.3785040000000004
-1.3785759999999998
-1.3785040000000004
-1.3785759999999998
-1.3785040000000004
-1.3785759999999998
-1.3785040000000004
-1.3785759999999998
-1.3785040000000004
-1.3785759999999998
-1.3785040000000004
-1.3785759999999998
-1.3785040000000004
-1.3785759999999998
-1.3785040000000004
-1.3785759999999998
