1.440474
1.4403839999999999
1.4413929999999997
1.4406510000000008
1.440474
1.4403839999999999
1.4413929999999997
1.4406510000000008
1.440474
1.4403839999999999
1.4413929999999997
1.4406510000000008
1.440474
1.4403839999999999
1.4413929999999997
1.4406510000000008
1.440474
1.4403839999999999
1.4413929999999997
1.4406510000000008
1.440474
1.4403839999999999
1.4413929999999997
1.4406510000000008
1.440474
1.4403839999999999
1.4413929999999997
1.4406510000000008
1.440474
1.4403839999999999
1.4413929999999997
1.4406510000000008
1.440474
1.4403839999999999
1.4413929999999997
1.4406510000000008
1.440474
1.4403839999999999
1.4413929999999997
1.4406510000000008
1.440474
1.4403839999999999
1.4413929999999997
1.4406510000000008
1.440474
1.4403839999999999
1.4413929999999997
1.4406510000000008
1.440474
1.4403839999999999
1.4413929999999997
1.4406510000000008
1.440474
1.4403839999999999
1.4413929999999997
1.4406510000000008
1.440474
1.4403839999999999
1.4413929999999997
1.4406510000000008
1.440474
1.4403839999999999
1.4413929999999997
1.4406510000000008
1.440474
1.4403839999999999
1.4413929999999997
1.4406510000000008
1.440474
1.4403839999999999
1.4413929999999997
1.4406510000000008
1.440474
1.4403839999999999
1.4413929999999997
1.4406510000000008
1.440474
1.4403839999999999
1.4413929999999997
1.4406510000000008
1.440474
1.4403839999999999
1.4413929999999997
1.4406510000000008
1.440474
1.4403839999999999
1.4413929999999997
1.4406510000000008
1.440474
1.4403839999999999
1.4413929999999997
1.4406510000000008
1.440474
1.4403839999999999
1.4413929999999997
1.4406510000000008
1.440474
1.4403839999999999
1.4413929999999997
1.4406510000000008
1.440474
1.4403839999999999
1.4413929999999997
1.4406510000000008
1.440474
1.4403839999999999
1.4413929999999997
1.4406510000000008
-1.4413340000000003
-1.44043
-1.440391
-1.4407480000000001
-1.4413340000000003
-1.44043
-1.440391
-1.4407480000000001
-1.4413340000000003
-1.44043
-1.440391
-1.4407480000000001
-1.4413340000000003
-1.44043
-1.440391
-1.4407480000000001
-1.4413340000000003
-1.44043
-1.440391
-1.4407480000000001
-1.4413340000000003
-1.44043
-1.440391
-1.4407480000000001
-1.4413340000000003
-1.44043
-1.440391
-1.4407480000000001
-1.4413340000000003
-1.44043
-1.440391
-1.4407480000000001
-1.4413340000000003
-1.44043
-1.440391
-1.4407480000000001
-1.4413340000000003
-1.44043
-1.440391
-1.4407480000000001
-1.4413340000000003
-1.44043
-1.440391
-1.4407480000000001
-1.4413340000000003
-1.44043
-1.440391
-1.4407480000000001
-1.4413340000000003
-1.44043
-1.440391
-1.4407480000000001
-1.4413340000000003
-1.44043
-1.440391
-1.4407480000000001
-1.4413340000000003
-1.44043
-1.440391
-1.4407480000000001
-1.4413340000000003
-1.44043
-1.440391
-1.4407480000000001
-1.4413340000000003
-1.44043
-1.440391
-1.4407480000000001
-1.4413340000000003
-1.44043
-1.440391
-1.4407480000000001
-1.4413340000000003
-1.44043
-1.440391
-1.4407480000000001
-1.4413340000000003
-1.44043
-1.440391
-1.4407480000000001
-1.4413340000000003
-1.44043
-1.440391
-1.4407480000000001
-1.4413340000000003
-1.44043
-1.440391
-1.4407480000000001
-1.4413340000000003
-1.44043
-1.440391
-1.4407480000000001
-1.4413340000000003
-1.44043
-1.440391
-1.4407480000000001
-1.4413340000000003
-1.44043
-1.440391
-1.4407480000000001
-1.4413340000000003
-1.44043
-1.440391
-1.4407480000000001
-1.4413340000000003
-1.44043
-1.440391
-1.4407480000000001
