1.4617170000000002
1.4617170000000002
1.4617170000000002
1.4617170000000002
1.4617170000000002
1.4617170000000002
1.4617170000000002
1.4617170000000002
1.4617170000000002
1.4617170000000002
1.4617170000000002
1.4617170000000002
1.4617170000000002
1.4617170000000002
1.4617170000000002
1.4617170000000002
1.4617170000000002
1.4617170000000002
1.4617170000000002
1.4617170000000002
1.4617170000000002
1.4617170000000002
1.4617170000000002
1.4617170000000002
1.4617170000000002
1.4617170000000002
1.4617170000000002
1.4617170000000002
1.4617170000000002
1.4617170000000002
1.4617170000000002
1.4617170000000002
1.4617170000000002
1.4617170000000002
1.4617170000000002
1.4617170000000002
1.4617170000000002
1.4617170000000002
1.4617170000000002
1.4617170000000002
1.4617170000000002
1.4617170000000002
1.4617170000000002
1.4617170000000002
1.4617170000000002
1.4617170000000002
1.4617170000000002
1.4617170000000002
1.4617170000000002
1.4617170000000002
1.4617170000000002
1.4617170000000002
1.4617170000000002
1.4617170000000002
-1.461716
-1.461716
-1.461716
-1.461716
-1.461716
-1.461716
-1.461716
-1.461716
-1.461716
-1.461716
-1.461716
-1.461716
-1.461716
-1.461716
-1.461716
-1.461716
-1.461716
-1.461716
-1.461716
-1.461716
-1.461716
-1.461716
-1.461716
-1.461716
-1.461716
-1.461716
-1.461716
-1.461716
-1.461716
-1.461716
-1.461716
-1.461716
-1.461716
-1.461716
-1.461716
-1.461716
-1.461716
-1.461716
-1.461716
-1.461716
-1.461716
-1.461716
-1.461716
-1.461716
-1.461716
-1.461716
-1.461716
-1.461716
-1.461716
-1.461716
-1.461716
-1.461716
-1.461716
-1.461716
