1.4457780000000007
1.4364819999999998
1.4190170000000002
1.3966019999999997
1.4457780000000007
1.4364819999999998
1.4190170000000002
1.3966019999999997
1.4457780000000007
1.4364819999999998
1.4190170000000002
1.3966019999999997
1.4457780000000007
1.4364819999999998
1.4190170000000002
1.3966019999999997
1.4457780000000007
1.4364819999999998
1.4190170000000002
1.3966019999999997
1.4457780000000007
1.4364819999999998
1.4190170000000002
1.3966019999999997
1.4457780000000007
1.4364819999999998
1.4190170000000002
1.3966019999999997
1.4457780000000007
1.4364819999999998
1.4190170000000002
1.3966019999999997
1.4457780000000007
1.4364819999999998
1.4190170000000002
1.3966019999999997
1.4457780000000007
1.4364819999999998
1.4190170000000002
1.3966019999999997
1.4457780000000007
1.4364819999999998
1.4190170000000002
1.3966019999999997
1.4457780000000007
1.4364819999999998
1.4190170000000002
1.3966019999999997
1.4457780000000007
1.4364819999999998
1.4190170000000002
1.3966019999999997
1.4457780000000007
1.4364819999999998
1.4190170000000002
1.3966019999999997
1.4457780000000007
1.4364819999999998
1.4190170000000002
1.3966019999999997
1.4457780000000007
1.4364819999999998
1.4190170000000002
1.3966019999999997
1.4457780000000007
1.4364819999999998
1.4190170000000002
1.3966019999999997
1.4457780000000007
1.4364819999999998
1.4190170000000002
1.3966019999999997
1.4457780000000007
1.4364819999999998
1.4190170000000002
1.3966019999999997
1.4457780000000007
1.4364819999999998
1.4190170000000002
1.3966019999999997
1.4457780000000007
1.4364819999999998
1.4190170000000002
1.3966019999999997
1.4457780000000007
1.4364819999999998
1.4190170000000002
1.3966019999999997
1.4457780000000007
1.4364819999999998
1.4190170000000002
1.3966019999999997
1.4457780000000007
1.4364819999999998
1.4190170000000002
1.3966019999999997
1.4457780000000007
1.4364819999999998
1.4190170000000002
1.3966019999999997
1.4457780000000007
1.4364819999999998
1.4190170000000002
1.3966019999999997
1.4457780000000007
1.4364819999999998
1.4190170000000002
1.3966019999999997
1.4457780000000007
1.4364819999999998
1.4190170000000002
1.3966019999999997
1.4457780000000007
1.4364819999999998
1.4190170000000002
1.3966019999999997
1.4457780000000007
1.4364819999999998
1.4190170000000002
1.3966019999999997
1.4457780000000007
1.4364819999999998
1.4190170000000002
1.3966019999999997
1.4457780000000007
1.4364819999999998
1.4190170000000002
1.3966019999999997
1.4457780000000007
1.4364819999999998
1.4190170000000002
1.3966019999999997
1.4457780000000007
1.4364819999999998
1.4190170000000002
1.3966019999999997
1.4457780000000007
1.4364819999999998
1.4190170000000002
1.3966019999999997
1.4457780000000007
1.4364819999999998
1.4190170000000002
1.3966019999999997
-1.4287169999999998
-1.4089580000000002
-1.4317060000000001
-1.4284990000000004
-1.4287169999999998
-1.4089580000000002
-1.4317060000000001
-1.4284990000000004
-1.4287169999999998
-1.4089580000000002
-1.4317060000000001
-1.4284990000000004
-1.4287169999999998
-1.4089580000000002
-1.4317060000000001
-1.4284990000000004
-1.4287169999999998
-1.4089580000000002
-1.4317060000000001
-1.4284990000000004
-1.4287169999999998
-1.4089580000000002
-1.4317060000000001
-1.4284990000000004
-1.4287169999999998
-1.4089580000000002
-1.4317060000000001
-1.4284990000000004
-1.4287169999999998
-1.4089580000000002
-1.4317060000000001
-1.4284990000000004
-1.4287169999999998
-1.4089580000000002
-1.4317060000000001
-1.4284990000000004
-1.4287169999999998
-1.4089580000000002
-1.4317060000000001
-1.4284990000000004
-1.4287169999999998
-1.4089580000000002
-1.4317060000000001
-1.4284990000000004
-1.4287169999999998
-1.4089580000000002
-1.4317060000000001
-1.4284990000000004
-1.4287169999999998
-1.4089580000000002
-1.4317060000000001
-1.4284990000000004
-1.4287169999999998
-1.4089580000000002
-1.4317060000000001
-1.4284990000000004
-1.4287169999999998
-1.4089580000000002
-1.4317060000000001
-1.4284990000000004
-1.4287169999999998
-1.4089580000000002
-1.4317060000000001
-1.4284990000000004
-1.4287169999999998
-1.4089580000000002
-1.4317060000000001
-1.4284990000000004
-1.4287169999999998
-1.4089580000000002
-1.4317060000000001
-1.4284990000000004
-1.4287169999999998
-1.4089580000000002
-1.4317060000000001
-1.4284990000000004
-1.4287169999999998
-1.4089580000000002
-1.4317060000000001
-1.4284990000000004
-1.4287169999999998
-1.4089580000000002
-1.4317060000000001
-1.4284990000000004
-1.4287169999999998
-1.4089580000000002
-1.4317060000000001
-1.4284990000000004
-1.4287169999999998
-1.4089580000000002
-1.4317060000000001
-1.4284990000000004
-1.4287169999999998
-1.4089580000000002
-1.4317060000000001
-1.4284990000000004
-1.4287169999999998
-1.4089580000000002
-1.4317060000000001
-1.4284990000000004
-1.4287169999999998
-1.4089580000000002
-1.4317060000000001
-1.4284990000000004
-1.4287169999999998
-1.4089580000000002
-1.4317060000000001
-1.4284990000000004
-1.4287169999999998
-1.4089580000000002
-1.4317060000000001
-1.4284990000000004
-1.4287169999999998
-1.4089580000000002
-1.4317060000000001
-1.4284990000000004
-1.4287169999999998
-1.4089580000000002
-1.4317060000000001
-1.4284990000000004
-1.4287169999999998
-1.4089580000000002
-1.4317060000000001
-1.4284990000000004
-1.4287169999999998
-1.4089580000000002
-1.4317060000000001
-1.4284990000000004
-1.4287169999999998
-1.4089580000000002
-1.4317060000000001
-1.4284990000000004
-1.4287169999999998
-1.4089580000000002
-1.4317060000000001
-1.4284990000000004
-1.4287169999999998
-1.4089580000000002
-1.4317060000000001
-1.4284990000000004
-1.4287169999999998
-1.4089580000000002
-1.4317060000000001
-1.4284990000000004
