1.4419470000000008
1.4269689999999997
1.4376800000000003
1.4378600000000006
1.4419470000000008
1.4269689999999997
1.4376800000000003
1.4378600000000006
1.4419470000000008
1.4269689999999997
1.4376800000000003
1.4378600000000006
1.4419470000000008
1.4269689999999997
1.4376800000000003
1.4378600000000006
1.4419470000000008
1.4269689999999997
1.4376800000000003
1.4378600000000006
1.4419470000000008
1.4269689999999997
1.4376800000000003
1.4378600000000006
1.4419470000000008
1.4269689999999997
1.4376800000000003
1.4378600000000006
1.4419470000000008
1.4269689999999997
1.4376800000000003
1.4378600000000006
1.4419470000000008
1.4269689999999997
1.4376800000000003
1.4378600000000006
1.4419470000000008
1.4269689999999997
1.4376800000000003
1.4378600000000006
1.4419470000000008
1.4269689999999997
1.4376800000000003
1.4378600000000006
1.4419470000000008
1.4269689999999997
1.4376800000000003
1.4378600000000006
1.4419470000000008
1.4269689999999997
1.4376800000000003
1.4378600000000006
1.4419470000000008
1.4269689999999997
1.4376800000000003
1.4378600000000006
1.4419470000000008
1.4269689999999997
1.4376800000000003
1.4378600000000006
1.4419470000000008
1.4269689999999997
1.4376800000000003
1.4378600000000006
1.4419470000000008
1.4269689999999997
1.4376800000000003
1.4378600000000006
1.4419470000000008
1.4269689999999997
1.4376800000000003
1.4378600000000006
1.4419470000000008
1.4269689999999997
1.4376800000000003
1.4378600000000006
1.4419470000000008
1.4269689999999997
1.4376800000000003
1.4378600000000006
1.4419470000000008
1.4269689999999997
1.4376800000000003
1.4378600000000006
1.4419470000000008
1.4269689999999997
1.4376800000000003
1.4378600000000006
1.4419470000000008
1.4269689999999997
1.4376800000000003
1.4378600000000006
1.4419470000000008
1.4269689999999997
1.4376800000000003
1.4378600000000006
1.4419470000000008
1.4269689999999997
1.4376800000000003
1.4378600000000006
1.4419470000000008
1.4269689999999997
1.4376800000000003
1.4378600000000006
1.4419470000000008
1.4269689999999997
1.4376800000000003
1.4378600000000006
1.4419470000000008
1.4269689999999997
1.4376800000000003
1.4378600000000006
1.4419470000000008
1.4269689999999997
1.4376800000000003
1.4378600000000006
1.4419470000000008
1.4269689999999997
1.4376800000000003
1.4378600000000006
1.4419470000000008
1.4269689999999997
1.4376800000000003
1.4378600000000006
1.4419470000000008
1.4269689999999997
1.4376800000000003
1.4378600000000006
1.4419470000000008
1.4269689999999997
1.4376800000000003
1.4378600000000006
1.4419470000000008
1.4269689999999997
1.4376800000000003
1.4378600000000006
1.4419470000000008
1.4269689999999997
1.4376800000000003
1.4378600000000006
1.4419470000000008
1.4269689999999997
1.4376800000000003
1.4378600000000006
-1.4367289999999997
-1.434945
-1.434126
-1.4386549999999998
-1.4367289999999997
-1.434945
-1.434126
-1.4386549999999998
-1.4367289999999997
-1.434945
-1.434126
-1.4386549999999998
-1.4367289999999997
-1.434945
-1.434126
-1.4386549999999998
-1.4367289999999997
-1.434945
-1.434126
-1.4386549999999998
-1.4367289999999997
-1.434945
-1.434126
-1.4386549999999998
-1.4367289999999997
-1.434945
-1.434126
-1.4386549999999998
-1.4367289999999997
-1.434945
-1.434126
-1.4386549999999998
-1.4367289999999997
-1.434945
-1.434126
-1.4386549999999998
-1.4367289999999997
-1.434945
-1.434126
-1.4386549999999998
-1.4367289999999997
-1.434945
-1.434126
-1.4386549999999998
-1.4367289999999997
-1.434945
-1.434126
-1.4386549999999998
-1.4367289999999997
-1.434945
-1.434126
-1.4386549999999998
-1.4367289999999997
-1.434945
-1.434126
-1.4386549999999998
-1.4367289999999997
-1.434945
-1.434126
-1.4386549999999998
-1.4367289999999997
-1.434945
-1.434126
-1.4386549999999998
-1.4367289999999997
-1.434945
-1.434126
-1.4386549999999998
-1.4367289999999997
-1.434945
-1.434126
-1.4386549999999998
-1.4367289999999997
-1.434945
-1.434126
-1.4386549999999998
-1.4367289999999997
-1.434945
-1.434126
-1.4386549999999998
-1.4367289999999997
-1.434945
-1.434126
-1.4386549999999998
-1.4367289999999997
-1.434945
-1.434126
-1.4386549999999998
-1.4367289999999997
-1.434945
-1.434126
-1.4386549999999998
-1.4367289999999997
-1.434945
-1.434126
-1.4386549999999998
-1.4367289999999997
-1.434945
-1.434126
-1.4386549999999998
-1.4367289999999997
-1.434945
-1.434126
-1.4386549999999998
-1.4367289999999997
-1.434945
-1.434126
-1.4386549999999998
-1.4367289999999997
-1.434945
-1.434126
-1.4386549999999998
-1.4367289999999997
-1.434945
-1.434126
-1.4386549999999998
-1.4367289999999997
-1.434945
-1.434126
-1.4386549999999998
-1.4367289999999997
-1.434945
-1.434126
-1.4386549999999998
-1.4367289999999997
-1.434945
-1.434126
-1.4386549999999998
-1.4367289999999997
-1.434945
-1.434126
-1.4386549999999998
-1.4367289999999997
-1.434945
-1.434126
-1.4386549999999998
-1.4367289999999997
-1.434945
-1.434126
-1.4386549999999998
-1.4367289999999997
-1.434945
-1.434126
-1.4386549999999998
