1.0542320000000007
1.0542320000000007
1.0542320000000007
1.0542320000000007
1.0542320000000007
1.0542320000000007
1.0542320000000007
1.0542320000000007
1.0542320000000007
1.0542320000000007
1.0542320000000007
1.0542320000000007
1.0542320000000007
1.0542320000000007
1.0542320000000007
1.0542320000000007
1.0542320000000007
1.0542320000000007
1.0542320000000007
1.0542320000000007
1.0542320000000007
1.0542320000000007
1.0542320000000007
1.0542320000000007
1.0542320000000007
1.0542320000000007
1.0542320000000007
-1.0542309999999997
-1.0542309999999997
-1.0542309999999997
-1.0542309999999997
-1.0542309999999997
-1.0542309999999997
-1.0542309999999997
-1.0542309999999997
-1.0542309999999997
-1.0542309999999997
-1.0542309999999997
-1.0542309999999997
-1.0542309999999997
-1.0542309999999997
-1.0542309999999997
-1.0542309999999997
-1.0542309999999997
-1.0542309999999997
-1.0542309999999997
-1.0542309999999997
-1.0542309999999997
-1.0542309999999997
-1.0542309999999997
-1.0542309999999997
-1.0542309999999997
-1.0542309999999997
-1.0542309999999997
