1.4553329999999995
1.4553329999999995
1.4553329999999995
1.4553329999999995
1.4553329999999995
1.4553329999999995
1.4553329999999995
1.4553329999999995
1.4553329999999995
1.4553329999999995
1.4553329999999995
1.4553329999999995
1.4553329999999995
1.4553329999999995
1.4553329999999995
1.4553329999999995
1.4553329999999995
1.4553329999999995
1.4553329999999995
1.4553329999999995
1.4553329999999995
1.4553329999999995
1.4553329999999995
1.4553329999999995
1.4553329999999995
1.4553329999999995
1.4553329999999995
1.4553329999999995
1.4553329999999995
1.4553329999999995
1.4553329999999995
1.4553329999999995
1.4553329999999995
1.4553329999999995
1.4553329999999995
1.4553329999999995
1.4553329999999995
1.4553329999999995
1.4553329999999995
1.4553329999999995
1.4553329999999995
1.4553329999999995
1.4553329999999995
1.4553329999999995
1.4553329999999995
1.4553329999999995
1.4553329999999995
1.4553329999999995
1.4553329999999995
1.4553329999999995
1.4553329999999995
1.4553329999999995
1.4553329999999995
1.4553329999999995
-1.4553330000000004
-1.4553330000000004
-1.4553330000000004
-1.4553330000000004
-1.4553330000000004
-1.4553330000000004
-1.4553330000000004
-1.4553330000000004
-1.4553330000000004
-1.4553330000000004
-1.4553330000000004
-1.4553330000000004
-1.4553330000000004
-1.4553330000000004
-1.4553330000000004
-1.4553330000000004
-1.4553330000000004
-1.4553330000000004
-1.4553330000000004
-1.4553330000000004
-1.4553330000000004
-1.4553330000000004
-1.4553330000000004
-1.4553330000000004
-1.4553330000000004
-1.4553330000000004
-1.4553330000000004
-1.4553330000000004
-1.4553330000000004
-1.4553330000000004
-1.4553330000000004
-1.4553330000000004
-1.4553330000000004
-1.4553330000000004
-1.4553330000000004
-1.4553330000000004
-1.4553330000000004
-1.4553330000000004
-1.4553330000000004
-1.4553330000000004
-1.4553330000000004
-1.4553330000000004
-1.4553330000000004
-1.4553330000000004
-1.4553330000000004
-1.4553330000000004
-1.4553330000000004
-1.4553330000000004
-1.4553330000000004
-1.4553330000000004
-1.4553330000000004
-1.4553330000000004
-1.4553330000000004
-1.4553330000000004
