1.3636970000000002
1.3935370000000002
1.3636970000000002
1.3935370000000002
1.3636970000000002
1.3935370000000002
1.3636970000000002
1.3935370000000002
1.3636970000000002
1.3935370000000002
1.3636970000000002
1.3935370000000002
1.3636970000000002
1.3935370000000002
1.3636970000000002
1.3935370000000002
1.3636970000000002
1.3935370000000002
1.3636970000000002
1.3935370000000002
1.3636970000000002
1.3935370000000002
1.3636970000000002
1.3935370000000002
1.3636970000000002
1.3935370000000002
1.3636970000000002
1.3935370000000002
1.3636970000000002
1.3935370000000002
1.3636970000000002
1.3935370000000002
1.3636970000000002
1.3935370000000002
1.3636970000000002
1.3935370000000002
1.3636970000000002
1.3935370000000002
1.3636970000000002
1.3935370000000002
1.3636970000000002
1.3935370000000002
1.3636970000000002
1.3935370000000002
1.3636970000000002
1.3935370000000002
1.3636970000000002
1.3935370000000002
1.3636970000000002
1.3935370000000002
1.3636970000000002
1.3935370000000002
1.3636970000000002
1.3935370000000002
1.3636970000000002
1.3935370000000002
1.3636970000000002
1.3935370000000002
1.3636970000000002
1.3935370000000002
1.3636970000000002
1.3935370000000002
1.3636970000000002
1.3935370000000002
1.3636970000000002
1.3935370000000002
1.3636970000000002
1.3935370000000002
1.3636970000000002
1.3935370000000002
1.3636970000000002
1.3935370000000002
1.3636970000000002
1.3935370000000002
1.3636970000000002
1.3935370000000002
1.3636970000000002
1.3935370000000002
1.3636970000000002
1.3935370000000002
1.3636970000000002
1.3935370000000002
1.3636970000000002
1.3935370000000002
1.3636970000000002
1.3935370000000002
1.3636970000000002
1.3935370000000002
1.3636970000000002
1.3935370000000002
1.3636970000000002
1.3935370000000002
1.3636970000000002
1.3935370000000002
1.3636970000000002
1.3935370000000002
1.3636970000000002
1.3935370000000002
1.3636970000000002
1.3935370000000002
1.3636970000000002
1.3935370000000002
1.3636970000000002
1.3935370000000002
1.3636970000000002
1.3935370000000002
1.3636970000000002
1.3935370000000002
1.3636970000000002
1.3935370000000002
1.3636970000000002
1.3935370000000002
1.3636970000000002
1.3935370000000002
1.3636970000000002
1.3935370000000002
1.3636970000000002
1.3935370000000002
1.3636970000000002
1.3935370000000002
-1.372052
-1.3851810000000002
-1.372052
-1.3851810000000002
-1.372052
-1.3851810000000002
-1.372052
-1.3851810000000002
-1.372052
-1.3851810000000002
-1.372052
-1.3851810000000002
-1.372052
-1.3851810000000002
-1.372052
-1.3851810000000002
-1.372052
-1.3851810000000002
-1.372052
-1.3851810000000002
-1.372052
-1.3851810000000002
-1.372052
-1.3851810000000002
-1.372052
-1.3851810000000002
-1.372052
-1.3851810000000002
-1.372052
-1.3851810000000002
-1.372052
-1.3851810000000002
-1.372052
-1.3851810000000002
-1.372052
-1.3851810000000002
-1.372052
-1.3851810000000002
-1.372052
-1.3851810000000002
-1.372052
-1.3851810000000002
-1.372052
-1.3851810000000002
-1.372052
-1.3851810000000002
-1.372052
-1.3851810000000002
-1.372052
-1.3851810000000002
-1.372052
-1.3851810000000002
-1.372052
-1.3851810000000002
-1.372052
-1.3851810000000002
-1.372052
-1.3851810000000002
-1.372052
-1.3851810000000002
-1.372052
-1.3851810000000002
-1.372052
-1.3851810000000002
-1.372052
-1.3851810000000002
-1.372052
-1.3851810000000002
-1.372052
-1.3851810000000002
-1.372052
-1.3851810000000002
-1.372052
-1.3851810000000002
-1.372052
-1.3851810000000002
-1.372052
-1.3851810000000002
-1.372052
-1.3851810000000002
-1.372052
-1.3851810000000002
-1.372052
-1.3851810000000002
-1.372052
-1.3851810000000002
-1.372052
-1.3851810000000002
-1.372052
-1.3851810000000002
-1.372052
-1.3851810000000002
-1.372052
-1.3851810000000002
-1.372052
-1.3851810000000002
-1.372052
-1.3851810000000002
-1.372052
-1.3851810000000002
-1.372052
-1.3851810000000002
-1.372052
-1.3851810000000002
-1.372052
-1.3851810000000002
-1.372052
-1.3851810000000002
-1.372052
-1.3851810000000002
-1.372052
-1.3851810000000002
-1.372052
-1.3851810000000002
-1.372052
-1.3851810000000002
-1.372052
-1.3851810000000002
-1.372052
-1.3851810000000002
