1.3435240000000004
1.2240249999999993
1.3123380000000004
1.2311700000000005
1.4263600000000007
1.4598569999999995
1.3558590000000006
1.4290669999999999
1.4563509999999997
1.4166670000000003
1.4726350000000004
1.4960389999999997
1.3435240000000004
1.2240249999999993
1.3123380000000004
1.2311700000000005
1.4263600000000007
1.4598569999999995
1.3558590000000006
1.4290669999999999
1.4563509999999997
1.4166670000000003
1.4726350000000004
1.4960389999999997
1.3435240000000004
1.2240249999999993
1.3123380000000004
1.2311700000000005
1.4263600000000007
1.4598569999999995
1.3558590000000006
1.4290669999999999
1.4563509999999997
1.4166670000000003
1.4726350000000004
1.4960389999999997
1.3435240000000004
1.2240249999999993
1.3123380000000004
1.2311700000000005
1.4263600000000007
1.4598569999999995
1.3558590000000006
1.4290669999999999
1.4563509999999997
1.4166670000000003
1.4726350000000004
1.4960389999999997
1.3435240000000004
1.2240249999999993
1.3123380000000004
1.2311700000000005
1.4263600000000007
1.4598569999999995
1.3558590000000006
1.4290669999999999
1.4563509999999997
1.4166670000000003
1.4726350000000004
1.4960389999999997
1.3435240000000004
1.2240249999999993
1.3123380000000004
1.2311700000000005
1.4263600000000007
1.4598569999999995
1.3558590000000006
1.4290669999999999
1.4563509999999997
1.4166670000000003
1.4726350000000004
1.4960389999999997
1.3435240000000004
1.2240249999999993
1.3123380000000004
1.2311700000000005
1.4263600000000007
1.4598569999999995
1.3558590000000006
1.4290669999999999
1.4563509999999997
1.4166670000000003
1.4726350000000004
1.4960389999999997
1.3435240000000004
1.2240249999999993
1.3123380000000004
1.2311700000000005
1.4263600000000007
1.4598569999999995
1.3558590000000006
1.4290669999999999
1.4563509999999997
1.4166670000000003
1.4726350000000004
1.4960389999999997
1.3435240000000004
1.2240249999999993
1.3123380000000004
1.2311700000000005
1.4263600000000007
1.4598569999999995
1.3558590000000006
1.4290669999999999
1.4563509999999997
1.4166670000000003
1.4726350000000004
1.4960389999999997
-1.4148800000000001
-1.361897
-1.3818020000000004
-1.3872879999999999
-1.425655
-1.4306219999999996
-1.4233440000000002
-1.4051850000000004
-1.4227489999999996
-1.3408660000000001
-1.3642709999999996
-1.265332
-1.4148800000000001
-1.361897
-1.3818020000000004
-1.3872879999999999
-1.425655
-1.4306219999999996
-1.4233440000000002
-1.4051850000000004
-1.4227489999999996
-1.3408660000000001
-1.3642709999999996
-1.265332
-1.4148800000000001
-1.361897
-1.3818020000000004
-1.3872879999999999
-1.425655
-1.4306219999999996
-1.4233440000000002
-1.4051850000000004
-1.4227489999999996
-1.3408660000000001
-1.3642709999999996
-1.265332
-1.4148800000000001
-1.361897
-1.3818020000000004
-1.3872879999999999
-1.425655
-1.4306219999999996
-1.4233440000000002
-1.4051850000000004
-1.4227489999999996
-1.3408660000000001
-1.3642709999999996
-1.265332
-1.4148800000000001
-1.361897
-1.3818020000000004
-1.3872879999999999
-1.425655
-1.4306219999999996
-1.4233440000000002
-1.4051850000000004
-1.4227489999999996
-1.3408660000000001
-1.3642709999999996
-1.265332
-1.4148800000000001
-1.361897
-1.3818020000000004
-1.3872879999999999
-1.425655
-1.4306219999999996
-1.4233440000000002
-1.4051850000000004
-1.4227489999999996
-1.3408660000000001
-1.3642709999999996
-1.265332
-1.4148800000000001
-1.361897
-1.3818020000000004
-1.3872879999999999
-1.425655
-1.4306219999999996
-1.4233440000000002
-1.4051850000000004
-1.4227489999999996
-1.3408660000000001
-1.3642709999999996
-1.265332
-1.4148800000000001
-1.361897
-1.3818020000000004
-1.3872879999999999
-1.425655
-1.4306219999999996
-1.4233440000000002
-1.4051850000000004
-1.4227489999999996
-1.3408660000000001
-1.3642709999999996
-1.265332
-1.4148800000000001
-1.361897
-1.3818020000000004
-1.3872879999999999
-1.425655
-1.4306219999999996
-1.4233440000000002
-1.4051850000000004
-1.4227489999999996
-1.3408660000000001
-1.3642709999999996
-1.265332
