1.2938019999999995
1.3153500000000005
1.2938019999999995
1.3153500000000005
1.2938019999999995
1.3153500000000005
1.2938019999999995
1.3153500000000005
1.2938019999999995
1.3153500000000005
1.2938019999999995
1.3153500000000005
1.2938019999999995
1.3153500000000005
1.2938019999999995
1.3153500000000005
1.2938019999999995
1.3153500000000005
1.2938019999999995
1.3153500000000005
1.2938019999999995
1.3153500000000005
1.2938019999999995
1.3153500000000005
1.2938019999999995
1.3153500000000005
1.2938019999999995
1.3153500000000005
1.2938019999999995
1.3153500000000005
1.2938019999999995
1.3153500000000005
1.2938019999999995
1.3153500000000005
1.2938019999999995
1.3153500000000005
1.2938019999999995
1.3153500000000005
1.2938019999999995
1.3153500000000005
1.2938019999999995
1.3153500000000005
1.2938019999999995
1.3153500000000005
1.2938019999999995
1.3153500000000005
1.2938019999999995
1.3153500000000005
1.2938019999999995
1.3153500000000005
1.2938019999999995
1.3153500000000005
1.2938019999999995
1.3153500000000005
1.2938019999999995
1.3153500000000005
1.2938019999999995
1.3153500000000005
1.2938019999999995
1.3153500000000005
1.2938019999999995
1.3153500000000005
1.2938019999999995
1.3153500000000005
1.2938019999999995
1.3153500000000005
1.2938019999999995
1.3153500000000005
1.2938019999999995
1.3153500000000005
1.2938019999999995
1.3153500000000005
1.2938019999999995
1.3153500000000005
1.2938019999999995
1.3153500000000005
1.2938019999999995
1.3153500000000005
1.2938019999999995
1.3153500000000005
1.2938019999999995
1.3153500000000005
1.2938019999999995
1.3153500000000005
1.2938019999999995
1.3153500000000005
1.2938019999999995
1.3153500000000005
1.2938019999999995
1.3153500000000005
1.2938019999999995
1.3153500000000005
1.2938019999999995
1.3153500000000005
1.2938019999999995
1.3153500000000005
1.2938019999999995
1.3153500000000005
1.2938019999999995
1.3153500000000005
1.2938019999999995
1.3153500000000005
1.2938019999999995
1.3153500000000005
1.2938019999999995
1.3153500000000005
1.2938019999999995
1.3153500000000005
1.2938019999999995
1.3153500000000005
1.2938019999999995
1.3153500000000005
1.2938019999999995
1.3153500000000005
1.2938019999999995
1.3153500000000005
1.2938019999999995
1.3153500000000005
1.2938019999999995
1.3153500000000005
-1.298552
-1.3106020000000003
-1.298552
-1.3106020000000003
-1.298552
-1.3106020000000003
-1.298552
-1.3106020000000003
-1.298552
-1.3106020000000003
-1.298552
-1.3106020000000003
-1.298552
-1.3106020000000003
-1.298552
-1.3106020000000003
-1.298552
-1.3106020000000003
-1.298552
-1.3106020000000003
-1.298552
-1.3106020000000003
-1.298552
-1.3106020000000003
-1.298552
-1.3106020000000003
-1.298552
-1.3106020000000003
-1.298552
-1.3106020000000003
-1.298552
-1.3106020000000003
-1.298552
-1.3106020000000003
-1.298552
-1.3106020000000003
-1.298552
-1.3106020000000003
-1.298552
-1.3106020000000003
-1.298552
-1.3106020000000003
-1.298552
-1.3106020000000003
-1.298552
-1.3106020000000003
-1.298552
-1.3106020000000003
-1.298552
-1.3106020000000003
-1.298552
-1.3106020000000003
-1.298552
-1.3106020000000003
-1.298552
-1.3106020000000003
-1.298552
-1.3106020000000003
-1.298552
-1.3106020000000003
-1.298552
-1.3106020000000003
-1.298552
-1.3106020000000003
-1.298552
-1.3106020000000003
-1.298552
-1.3106020000000003
-1.298552
-1.3106020000000003
-1.298552
-1.3106020000000003
-1.298552
-1.3106020000000003
-1.298552
-1.3106020000000003
-1.298552
-1.3106020000000003
-1.298552
-1.3106020000000003
-1.298552
-1.3106020000000003
-1.298552
-1.3106020000000003
-1.298552
-1.3106020000000003
-1.298552
-1.3106020000000003
-1.298552
-1.3106020000000003
-1.298552
-1.3106020000000003
-1.298552
-1.3106020000000003
-1.298552
-1.3106020000000003
-1.298552
-1.3106020000000003
-1.298552
-1.3106020000000003
-1.298552
-1.3106020000000003
-1.298552
-1.3106020000000003
-1.298552
-1.3106020000000003
-1.298552
-1.3106020000000003
-1.298552
-1.3106020000000003
-1.298552
-1.3106020000000003
-1.298552
-1.3106020000000003
-1.298552
-1.3106020000000003
-1.298552
-1.3106020000000003
-1.298552
-1.3106020000000003
