1.4549950000000003
1.4549950000000003
1.4549950000000003
1.4549950000000003
1.4549950000000003
1.4549950000000003
1.4549950000000003
1.4549950000000003
1.4549950000000003
1.4549950000000003
1.4549950000000003
1.4549950000000003
1.4549950000000003
1.4549950000000003
1.4549950000000003
1.4549950000000003
1.4549950000000003
1.4549950000000003
1.4549950000000003
1.4549950000000003
1.4549950000000003
1.4549950000000003
1.4549950000000003
1.4549950000000003
1.4549950000000003
1.4549950000000003
1.4549950000000003
1.4549950000000003
1.4549950000000003
1.4549950000000003
1.4549950000000003
1.4549950000000003
1.4549950000000003
1.4549950000000003
1.4549950000000003
1.4549950000000003
1.4549950000000003
1.4549950000000003
1.4549950000000003
1.4549950000000003
1.4549950000000003
1.4549950000000003
1.4549950000000003
1.4549950000000003
1.4549950000000003
1.4549950000000003
1.4549950000000003
1.4549950000000003
1.4549950000000003
1.4549950000000003
1.4549950000000003
1.4549950000000003
1.4549950000000003
1.4549950000000003
1.4549950000000003
1.4549950000000003
1.4549950000000003
1.4549950000000003
1.4549950000000003
1.4549950000000003
1.4549950000000003
1.4549950000000003
1.4549950000000003
1.4549950000000003
-1.4549969999999997
-1.4549969999999997
-1.4549969999999997
-1.4549969999999997
-1.4549969999999997
-1.4549969999999997
-1.4549969999999997
-1.4549969999999997
-1.4549969999999997
-1.4549969999999997
-1.4549969999999997
-1.4549969999999997
-1.4549969999999997
-1.4549969999999997
-1.4549969999999997
-1.4549969999999997
-1.4549969999999997
-1.4549969999999997
-1.4549969999999997
-1.4549969999999997
-1.4549969999999997
-1.4549969999999997
-1.4549969999999997
-1.4549969999999997
-1.4549969999999997
-1.4549969999999997
-1.4549969999999997
-1.4549969999999997
-1.4549969999999997
-1.4549969999999997
-1.4549969999999997
-1.4549969999999997
-1.4549969999999997
-1.4549969999999997
-1.4549969999999997
-1.4549969999999997
-1.4549969999999997
-1.4549969999999997
-1.4549969999999997
-1.4549969999999997
-1.4549969999999997
-1.4549969999999997
-1.4549969999999997
-1.4549969999999997
-1.4549969999999997
-1.4549969999999997
-1.4549969999999997
-1.4549969999999997
-1.4549969999999997
-1.4549969999999997
-1.4549969999999997
-1.4549969999999997
-1.4549969999999997
-1.4549969999999997
-1.4549969999999997
-1.4549969999999997
-1.4549969999999997
-1.4549969999999997
-1.4549969999999997
-1.4549969999999997
-1.4549969999999997
-1.4549969999999997
-1.4549969999999997
-1.4549969999999997
