1.431279
1.4284470000000002
1.4303109999999997
1.4175389999999997
1.431279
1.4284470000000002
1.4303109999999997
1.4175389999999997
1.431279
1.4284470000000002
1.4303109999999997
1.4175389999999997
1.431279
1.4284470000000002
1.4303109999999997
1.4175389999999997
1.431279
1.4284470000000002
1.4303109999999997
1.4175389999999997
1.431279
1.4284470000000002
1.4303109999999997
1.4175389999999997
1.431279
1.4284470000000002
1.4303109999999997
1.4175389999999997
1.431279
1.4284470000000002
1.4303109999999997
1.4175389999999997
1.431279
1.4284470000000002
1.4303109999999997
1.4175389999999997
1.431279
1.4284470000000002
1.4303109999999997
1.4175389999999997
1.431279
1.4284470000000002
1.4303109999999997
1.4175389999999997
1.431279
1.4284470000000002
1.4303109999999997
1.4175389999999997
1.431279
1.4284470000000002
1.4303109999999997
1.4175389999999997
1.431279
1.4284470000000002
1.4303109999999997
1.4175389999999997
1.431279
1.4284470000000002
1.4303109999999997
1.4175389999999997
1.431279
1.4284470000000002
1.4303109999999997
1.4175389999999997
1.431279
1.4284470000000002
1.4303109999999997
1.4175389999999997
1.431279
1.4284470000000002
1.4303109999999997
1.4175389999999997
1.431279
1.4284470000000002
1.4303109999999997
1.4175389999999997
1.431279
1.4284470000000002
1.4303109999999997
1.4175389999999997
1.431279
1.4284470000000002
1.4303109999999997
1.4175389999999997
1.431279
1.4284470000000002
1.4303109999999997
1.4175389999999997
1.431279
1.4284470000000002
1.4303109999999997
1.4175389999999997
1.431279
1.4284470000000002
1.4303109999999997
1.4175389999999997
1.431279
1.4284470000000002
1.4303109999999997
1.4175389999999997
1.431279
1.4284470000000002
1.4303109999999997
1.4175389999999997
1.431279
1.4284470000000002
1.4303109999999997
1.4175389999999997
1.431279
1.4284470000000002
1.4303109999999997
1.4175389999999997
1.431279
1.4284470000000002
1.4303109999999997
1.4175389999999997
1.431279
1.4284470000000002
1.4303109999999997
1.4175389999999997
1.431279
1.4284470000000002
1.4303109999999997
1.4175389999999997
1.431279
1.4284470000000002
1.4303109999999997
1.4175389999999997
1.431279
1.4284470000000002
1.4303109999999997
1.4175389999999997
1.431279
1.4284470000000002
1.4303109999999997
1.4175389999999997
1.431279
1.4284470000000002
1.4303109999999997
1.4175389999999997
1.431279
1.4284470000000002
1.4303109999999997
1.4175389999999997
-1.4216740000000003
-1.4276479999999996
-1.4289209999999999
-1.4293319999999996
-1.4216740000000003
-1.4276479999999996
-1.4289209999999999
-1.4293319999999996
-1.4216740000000003
-1.4276479999999996
-1.4289209999999999
-1.4293319999999996
-1.4216740000000003
-1.4276479999999996
-1.4289209999999999
-1.4293319999999996
-1.4216740000000003
-1.4276479999999996
-1.4289209999999999
-1.4293319999999996
-1.4216740000000003
-1.4276479999999996
-1.4289209999999999
-1.4293319999999996
-1.4216740000000003
-1.4276479999999996
-1.4289209999999999
-1.4293319999999996
-1.4216740000000003
-1.4276479999999996
-1.4289209999999999
-1.4293319999999996
-1.4216740000000003
-1.4276479999999996
-1.4289209999999999
-1.4293319999999996
-1.4216740000000003
-1.4276479999999996
-1.4289209999999999
-1.4293319999999996
-1.4216740000000003
-1.4276479999999996
-1.4289209999999999
-1.4293319999999996
-1.4216740000000003
-1.4276479999999996
-1.4289209999999999
-1.4293319999999996
-1.4216740000000003
-1.4276479999999996
-1.4289209999999999
-1.4293319999999996
-1.4216740000000003
-1.4276479999999996
-1.4289209999999999
-1.4293319999999996
-1.4216740000000003
-1.4276479999999996
-1.4289209999999999
-1.4293319999999996
-1.4216740000000003
-1.4276479999999996
-1.4289209999999999
-1.4293319999999996
-1.4216740000000003
-1.4276479999999996
-1.4289209999999999
-1.4293319999999996
-1.4216740000000003
-1.4276479999999996
-1.4289209999999999
-1.4293319999999996
-1.4216740000000003
-1.4276479999999996
-1.4289209999999999
-1.4293319999999996
-1.4216740000000003
-1.4276479999999996
-1.4289209999999999
-1.4293319999999996
-1.4216740000000003
-1.4276479999999996
-1.4289209999999999
-1.4293319999999996
-1.4216740000000003
-1.4276479999999996
-1.4289209999999999
-1.4293319999999996
-1.4216740000000003
-1.4276479999999996
-1.4289209999999999
-1.4293319999999996
-1.4216740000000003
-1.4276479999999996
-1.4289209999999999
-1.4293319999999996
-1.4216740000000003
-1.4276479999999996
-1.4289209999999999
-1.4293319999999996
-1.4216740000000003
-1.4276479999999996
-1.4289209999999999
-1.4293319999999996
-1.4216740000000003
-1.4276479999999996
-1.4289209999999999
-1.4293319999999996
-1.4216740000000003
-1.4276479999999996
-1.4289209999999999
-1.4293319999999996
-1.4216740000000003
-1.4276479999999996
-1.4289209999999999
-1.4293319999999996
-1.4216740000000003
-1.4276479999999996
-1.4289209999999999
-1.4293319999999996
-1.4216740000000003
-1.4276479999999996
-1.4289209999999999
-1.4293319999999996
-1.4216740000000003
-1.4276479999999996
-1.4289209999999999
-1.4293319999999996
-1.4216740000000003
-1.4276479999999996
-1.4289209999999999
-1.4293319999999996
-1.4216740000000003
-1.4276479999999996
-1.4289209999999999
-1.4293319999999996
-1.4216740000000003
-1.4276479999999996
-1.4289209999999999
-1.4293319999999996
-1.4216740000000003
-1.4276479999999996
-1.4289209999999999
-1.4293319999999996
