1.4009429999999998
1.3899150000000002
1.3978590000000004
1.3840690000000002
1.4009429999999998
1.3899150000000002
1.3978590000000004
1.3840690000000002
1.4009429999999998
1.3899150000000002
1.3978590000000004
1.3840690000000002
1.4009429999999998
1.3899150000000002
1.3978590000000004
1.3840690000000002
1.4009429999999998
1.3899150000000002
1.3978590000000004
1.3840690000000002
1.4009429999999998
1.3899150000000002
1.3978590000000004
1.3840690000000002
1.4009429999999998
1.3899150000000002
1.3978590000000004
1.3840690000000002
1.4009429999999998
1.3899150000000002
1.3978590000000004
1.3840690000000002
1.4009429999999998
1.3899150000000002
1.3978590000000004
1.3840690000000002
1.4009429999999998
1.3899150000000002
1.3978590000000004
1.3840690000000002
1.4009429999999998
1.3899150000000002
1.3978590000000004
1.3840690000000002
1.4009429999999998
1.3899150000000002
1.3978590000000004
1.3840690000000002
1.4009429999999998
1.3899150000000002
1.3978590000000004
1.3840690000000002
1.4009429999999998
1.3899150000000002
1.3978590000000004
1.3840690000000002
1.4009429999999998
1.3899150000000002
1.3978590000000004
1.3840690000000002
1.4009429999999998
1.3899150000000002
1.3978590000000004
1.3840690000000002
1.4009429999999998
1.3899150000000002
1.3978590000000004
1.3840690000000002
1.4009429999999998
1.3899150000000002
1.3978590000000004
1.3840690000000002
1.4009429999999998
1.3899150000000002
1.3978590000000004
1.3840690000000002
1.4009429999999998
1.3899150000000002
1.3978590000000004
1.3840690000000002
1.4009429999999998
1.3899150000000002
1.3978590000000004
1.3840690000000002
1.4009429999999998
1.3899150000000002
1.3978590000000004
1.3840690000000002
1.4009429999999998
1.3899150000000002
1.3978590000000004
1.3840690000000002
1.4009429999999998
1.3899150000000002
1.3978590000000004
1.3840690000000002
1.4009429999999998
1.3899150000000002
1.3978590000000004
1.3840690000000002
1.4009429999999998
1.3899150000000002
1.3978590000000004
1.3840690000000002
1.4009429999999998
1.3899150000000002
1.3978590000000004
1.3840690000000002
1.4009429999999998
1.3899150000000002
1.3978590000000004
1.3840690000000002
1.4009429999999998
1.3899150000000002
1.3978590000000004
1.3840690000000002
1.4009429999999998
1.3899150000000002
1.3978590000000004
1.3840690000000002
1.4009429999999998
1.3899150000000002
1.3978590000000004
1.3840690000000002
1.4009429999999998
1.3899150000000002
1.3978590000000004
1.3840690000000002
1.4009429999999998
1.3899150000000002
1.3978590000000004
1.3840690000000002
1.4009429999999998
1.3899150000000002
1.3978590000000004
1.3840690000000002
1.4009429999999998
1.3899150000000002
1.3978590000000004
1.3840690000000002
1.4009429999999998
1.3899150000000002
1.3978590000000004
1.3840690000000002
-1.399496
-1.396643
-1.3922059999999998
-1.3844380000000003
-1.399496
-1.396643
-1.3922059999999998
-1.3844380000000003
-1.399496
-1.396643
-1.3922059999999998
-1.3844380000000003
-1.399496
-1.396643
-1.3922059999999998
-1.3844380000000003
-1.399496
-1.396643
-1.3922059999999998
-1.3844380000000003
-1.399496
-1.396643
-1.3922059999999998
-1.3844380000000003
-1.399496
-1.396643
-1.3922059999999998
-1.3844380000000003
-1.399496
-1.396643
-1.3922059999999998
-1.3844380000000003
-1.399496
-1.396643
-1.3922059999999998
-1.3844380000000003
-1.399496
-1.396643
-1.3922059999999998
-1.3844380000000003
-1.399496
-1.396643
-1.3922059999999998
-1.3844380000000003
-1.399496
-1.396643
-1.3922059999999998
-1.3844380000000003
-1.399496
-1.396643
-1.3922059999999998
-1.3844380000000003
-1.399496
-1.396643
-1.3922059999999998
-1.3844380000000003
-1.399496
-1.396643
-1.3922059999999998
-1.3844380000000003
-1.399496
-1.396643
-1.3922059999999998
-1.3844380000000003
-1.399496
-1.396643
-1.3922059999999998
-1.3844380000000003
-1.399496
-1.396643
-1.3922059999999998
-1.3844380000000003
-1.399496
-1.396643
-1.3922059999999998
-1.3844380000000003
-1.399496
-1.396643
-1.3922059999999998
-1.3844380000000003
-1.399496
-1.396643
-1.3922059999999998
-1.3844380000000003
-1.399496
-1.396643
-1.3922059999999998
-1.3844380000000003
-1.399496
-1.396643
-1.3922059999999998
-1.3844380000000003
-1.399496
-1.396643
-1.3922059999999998
-1.3844380000000003
-1.399496
-1.396643
-1.3922059999999998
-1.3844380000000003
-1.399496
-1.396643
-1.3922059999999998
-1.3844380000000003
-1.399496
-1.396643
-1.3922059999999998
-1.3844380000000003
-1.399496
-1.396643
-1.3922059999999998
-1.3844380000000003
-1.399496
-1.396643
-1.3922059999999998
-1.3844380000000003
-1.399496
-1.396643
-1.3922059999999998
-1.3844380000000003
-1.399496
-1.396643
-1.3922059999999998
-1.3844380000000003
-1.399496
-1.396643
-1.3922059999999998
-1.3844380000000003
-1.399496
-1.396643
-1.3922059999999998
-1.3844380000000003
-1.399496
-1.396643
-1.3922059999999998
-1.3844380000000003
-1.399496
-1.396643
-1.3922059999999998
-1.3844380000000003
-1.399496
-1.396643
-1.3922059999999998
-1.3844380000000003
