1.439876
1.4385560000000002
1.4389979999999998
1.4418419999999994
1.439876
1.4385560000000002
1.4389979999999998
1.4418419999999994
1.439876
1.4385560000000002
1.4389979999999998
1.4418419999999994
1.439876
1.4385560000000002
1.4389979999999998
1.4418419999999994
1.439876
1.4385560000000002
1.4389979999999998
1.4418419999999994
1.439876
1.4385560000000002
1.4389979999999998
1.4418419999999994
1.439876
1.4385560000000002
1.4389979999999998
1.4418419999999994
1.439876
1.4385560000000002
1.4389979999999998
1.4418419999999994
1.439876
1.4385560000000002
1.4389979999999998
1.4418419999999994
1.439876
1.4385560000000002
1.4389979999999998
1.4418419999999994
1.439876
1.4385560000000002
1.4389979999999998
1.4418419999999994
1.439876
1.4385560000000002
1.4389979999999998
1.4418419999999994
1.439876
1.4385560000000002
1.4389979999999998
1.4418419999999994
1.439876
1.4385560000000002
1.4389979999999998
1.4418419999999994
1.439876
1.4385560000000002
1.4389979999999998
1.4418419999999994
1.439876
1.4385560000000002
1.4389979999999998
1.4418419999999994
1.439876
1.4385560000000002
1.4389979999999998
1.4418419999999994
1.439876
1.4385560000000002
1.4389979999999998
1.4418419999999994
1.439876
1.4385560000000002
1.4389979999999998
1.4418419999999994
1.439876
1.4385560000000002
1.4389979999999998
1.4418419999999994
1.439876
1.4385560000000002
1.4389979999999998
1.4418419999999994
1.439876
1.4385560000000002
1.4389979999999998
1.4418419999999994
1.439876
1.4385560000000002
1.4389979999999998
1.4418419999999994
1.439876
1.4385560000000002
1.4389979999999998
1.4418419999999994
1.439876
1.4385560000000002
1.4389979999999998
1.4418419999999994
1.439876
1.4385560000000002
1.4389979999999998
1.4418419999999994
1.439876
1.4385560000000002
1.4389979999999998
1.4418419999999994
1.439876
1.4385560000000002
1.4389979999999998
1.4418419999999994
1.439876
1.4385560000000002
1.4389979999999998
1.4418419999999994
1.439876
1.4385560000000002
1.4389979999999998
1.4418419999999994
1.439876
1.4385560000000002
1.4389979999999998
1.4418419999999994
1.439876
1.4385560000000002
1.4389979999999998
1.4418419999999994
1.439876
1.4385560000000002
1.4389979999999998
1.4418419999999994
1.439876
1.4385560000000002
1.4389979999999998
1.4418419999999994
1.439876
1.4385560000000002
1.4389979999999998
1.4418419999999994
1.439876
1.4385560000000002
1.4389979999999998
1.4418419999999994
-1.4383850000000002
-1.4401130000000002
-1.440099
-1.440677
-1.4383850000000002
-1.4401130000000002
-1.440099
-1.440677
-1.4383850000000002
-1.4401130000000002
-1.440099
-1.440677
-1.4383850000000002
-1.4401130000000002
-1.440099
-1.440677
-1.4383850000000002
-1.4401130000000002
-1.440099
-1.440677
-1.4383850000000002
-1.4401130000000002
-1.440099
-1.440677
-1.4383850000000002
-1.4401130000000002
-1.440099
-1.440677
-1.4383850000000002
-1.4401130000000002
-1.440099
-1.440677
-1.4383850000000002
-1.4401130000000002
-1.440099
-1.440677
-1.4383850000000002
-1.4401130000000002
-1.440099
-1.440677
-1.4383850000000002
-1.4401130000000002
-1.440099
-1.440677
-1.4383850000000002
-1.4401130000000002
-1.440099
-1.440677
-1.4383850000000002
-1.4401130000000002
-1.440099
-1.440677
-1.4383850000000002
-1.4401130000000002
-1.440099
-1.440677
-1.4383850000000002
-1.4401130000000002
-1.440099
-1.440677
-1.4383850000000002
-1.4401130000000002
-1.440099
-1.440677
-1.4383850000000002
-1.4401130000000002
-1.440099
-1.440677
-1.4383850000000002
-1.4401130000000002
-1.440099
-1.440677
-1.4383850000000002
-1.4401130000000002
-1.440099
-1.440677
-1.4383850000000002
-1.4401130000000002
-1.440099
-1.440677
-1.4383850000000002
-1.4401130000000002
-1.440099
-1.440677
-1.4383850000000002
-1.4401130000000002
-1.440099
-1.440677
-1.4383850000000002
-1.4401130000000002
-1.440099
-1.440677
-1.4383850000000002
-1.4401130000000002
-1.440099
-1.440677
-1.4383850000000002
-1.4401130000000002
-1.440099
-1.440677
-1.4383850000000002
-1.4401130000000002
-1.440099
-1.440677
-1.4383850000000002
-1.4401130000000002
-1.440099
-1.440677
-1.4383850000000002
-1.4401130000000002
-1.440099
-1.440677
-1.4383850000000002
-1.4401130000000002
-1.440099
-1.440677
-1.4383850000000002
-1.4401130000000002
-1.440099
-1.440677
-1.4383850000000002
-1.4401130000000002
-1.440099
-1.440677
-1.4383850000000002
-1.4401130000000002
-1.440099
-1.440677
-1.4383850000000002
-1.4401130000000002
-1.440099
-1.440677
-1.4383850000000002
-1.4401130000000002
-1.440099
-1.440677
-1.4383850000000002
-1.4401130000000002
-1.440099
-1.440677
-1.4383850000000002
-1.4401130000000002
-1.440099
-1.440677
