1.4008640000000003
1.4008640000000003
1.4008640000000003
1.4008640000000003
1.4008640000000003
1.4008640000000003
1.4008640000000003
1.4008640000000003
1.4008640000000003
1.4008640000000003
1.4008640000000003
1.4008640000000003
1.4008640000000003
1.4008640000000003
1.4008640000000003
1.4008640000000003
1.4008640000000003
1.4008640000000003
1.4008640000000003
1.4008640000000003
1.4008640000000003
1.4008640000000003
1.4008640000000003
1.4008640000000003
1.4008640000000003
1.4008640000000003
1.4008640000000003
1.4008640000000003
1.4008640000000003
1.4008640000000003
1.4008640000000003
1.4008640000000003
1.4008640000000003
1.4008640000000003
1.4008640000000003
1.4008640000000003
1.4008640000000003
1.4008640000000003
1.4008640000000003
1.4008640000000003
1.4008640000000003
1.4008640000000003
1.4008640000000003
1.4008640000000003
1.4008640000000003
1.4008640000000003
1.4008640000000003
1.4008640000000003
1.4008640000000003
1.4008640000000003
1.4008640000000003
1.4008640000000003
1.4008640000000003
1.4008640000000003
1.4008640000000003
1.4008640000000003
1.4008640000000003
1.4008640000000003
1.4008640000000003
1.4008640000000003
1.4008640000000003
1.4008640000000003
1.4008640000000003
1.4008640000000003
-1.4008669999999999
-1.4008669999999999
-1.4008669999999999
-1.4008669999999999
-1.4008669999999999
-1.4008669999999999
-1.4008669999999999
-1.4008669999999999
-1.4008669999999999
-1.4008669999999999
-1.4008669999999999
-1.4008669999999999
-1.4008669999999999
-1.4008669999999999
-1.4008669999999999
-1.4008669999999999
-1.4008669999999999
-1.4008669999999999
-1.4008669999999999
-1.4008669999999999
-1.4008669999999999
-1.4008669999999999
-1.4008669999999999
-1.4008669999999999
-1.4008669999999999
-1.4008669999999999
-1.4008669999999999
-1.4008669999999999
-1.4008669999999999
-1.4008669999999999
-1.4008669999999999
-1.4008669999999999
-1.4008669999999999
-1.4008669999999999
-1.4008669999999999
-1.4008669999999999
-1.4008669999999999
-1.4008669999999999
-1.4008669999999999
-1.4008669999999999
-1.4008669999999999
-1.4008669999999999
-1.4008669999999999
-1.4008669999999999
-1.4008669999999999
-1.4008669999999999
-1.4008669999999999
-1.4008669999999999
-1.4008669999999999
-1.4008669999999999
-1.4008669999999999
-1.4008669999999999
-1.4008669999999999
-1.4008669999999999
-1.4008669999999999
-1.4008669999999999
-1.4008669999999999
-1.4008669999999999
-1.4008669999999999
-1.4008669999999999
-1.4008669999999999
-1.4008669999999999
-1.4008669999999999
-1.4008669999999999
