1.3160670000000003
1.3160670000000003
1.3160670000000003
1.3160670000000003
1.3160670000000003
1.3160670000000003
1.3160670000000003
1.3160670000000003
1.3160670000000003
1.3160670000000003
1.3160670000000003
1.3160670000000003
1.3160670000000003
1.3160670000000003
1.3160670000000003
1.3160670000000003
1.3160670000000003
1.3160670000000003
1.3160670000000003
1.3160670000000003
1.3160670000000003
1.3160670000000003
1.3160670000000003
1.3160670000000003
1.3160670000000003
1.3160670000000003
1.3160670000000003
1.3160670000000003
1.3160670000000003
1.3160670000000003
1.3160670000000003
1.3160670000000003
1.3160670000000003
1.3160670000000003
1.3160670000000003
1.3160670000000003
1.3160670000000003
1.3160670000000003
1.3160670000000003
1.3160670000000003
1.3160670000000003
1.3160670000000003
1.3160670000000003
1.3160670000000003
1.3160670000000003
1.3160670000000003
1.3160670000000003
1.3160670000000003
1.3160670000000003
1.3160670000000003
1.3160670000000003
1.3160670000000003
1.3160670000000003
1.3160670000000003
1.3160670000000003
1.3160670000000003
1.3160670000000003
1.3160670000000003
1.3160670000000003
1.3160670000000003
1.3160670000000003
1.3160670000000003
1.3160670000000003
1.3160670000000003
-1.316071
-1.316071
-1.316071
-1.316071
-1.316071
-1.316071
-1.316071
-1.316071
-1.316071
-1.316071
-1.316071
-1.316071
-1.316071
-1.316071
-1.316071
-1.316071
-1.316071
-1.316071
-1.316071
-1.316071
-1.316071
-1.316071
-1.316071
-1.316071
-1.316071
-1.316071
-1.316071
-1.316071
-1.316071
-1.316071
-1.316071
-1.316071
-1.316071
-1.316071
-1.316071
-1.316071
-1.316071
-1.316071
-1.316071
-1.316071
-1.316071
-1.316071
-1.316071
-1.316071
-1.316071
-1.316071
-1.316071
-1.316071
-1.316071
-1.316071
-1.316071
-1.316071
-1.316071
-1.316071
-1.316071
-1.316071
-1.316071
-1.316071
-1.316071
-1.316071
-1.316071
-1.316071
-1.316071
-1.316071
