1.3251720000000002
1.2927309999999999
1.3251720000000002
1.2927309999999999
1.3251720000000002
1.2927309999999999
1.3251720000000002
1.2927309999999999
1.3251720000000002
1.2927309999999999
1.3251720000000002
1.2927309999999999
1.3251720000000002
1.2927309999999999
1.3251720000000002
1.2927309999999999
1.3251720000000002
1.2927309999999999
1.3251720000000002
1.2927309999999999
1.3251720000000002
1.2927309999999999
1.3251720000000002
1.2927309999999999
1.3251720000000002
1.2927309999999999
1.3251720000000002
1.2927309999999999
1.3251720000000002
1.2927309999999999
1.3251720000000002
1.2927309999999999
1.3251720000000002
1.2927309999999999
1.3251720000000002
1.2927309999999999
1.3251720000000002
1.2927309999999999
1.3251720000000002
1.2927309999999999
1.3251720000000002
1.2927309999999999
1.3251720000000002
1.2927309999999999
1.3251720000000002
1.2927309999999999
1.3251720000000002
1.2927309999999999
1.3251720000000002
1.2927309999999999
1.3251720000000002
1.2927309999999999
1.3251720000000002
1.2927309999999999
1.3251720000000002
1.2927309999999999
1.3251720000000002
1.2927309999999999
1.3251720000000002
1.2927309999999999
1.3251720000000002
1.2927309999999999
1.3251720000000002
1.2927309999999999
1.3251720000000002
1.2927309999999999
1.3251720000000002
1.2927309999999999
1.3251720000000002
1.2927309999999999
1.3251720000000002
1.2927309999999999
1.3251720000000002
1.2927309999999999
1.3251720000000002
1.2927309999999999
1.3251720000000002
1.2927309999999999
1.3251720000000002
1.2927309999999999
1.3251720000000002
1.2927309999999999
1.3251720000000002
1.2927309999999999
1.3251720000000002
1.2927309999999999
1.3251720000000002
1.2927309999999999
1.3251720000000002
1.2927309999999999
1.3251720000000002
1.2927309999999999
1.3251720000000002
1.2927309999999999
1.3251720000000002
1.2927309999999999
1.3251720000000002
1.2927309999999999
1.3251720000000002
1.2927309999999999
1.3251720000000002
1.2927309999999999
1.3251720000000002
1.2927309999999999
1.3251720000000002
1.2927309999999999
1.3251720000000002
1.2927309999999999
1.3251720000000002
1.2927309999999999
1.3251720000000002
1.2927309999999999
1.3251720000000002
1.2927309999999999
1.3251720000000002
1.2927309999999999
1.3251720000000002
1.2927309999999999
1.3251720000000002
1.2927309999999999
-1.319572
-1.2983310000000001
-1.319572
-1.2983310000000001
-1.319572
-1.2983310000000001
-1.319572
-1.2983310000000001
-1.319572
-1.2983310000000001
-1.319572
-1.2983310000000001
-1.319572
-1.2983310000000001
-1.319572
-1.2983310000000001
-1.319572
-1.2983310000000001
-1.319572
-1.2983310000000001
-1.319572
-1.2983310000000001
-1.319572
-1.2983310000000001
-1.319572
-1.2983310000000001
-1.319572
-1.2983310000000001
-1.319572
-1.2983310000000001
-1.319572
-1.2983310000000001
-1.319572
-1.2983310000000001
-1.319572
-1.2983310000000001
-1.319572
-1.2983310000000001
-1.319572
-1.2983310000000001
-1.319572
-1.2983310000000001
-1.319572
-1.2983310000000001
-1.319572
-1.2983310000000001
-1.319572
-1.2983310000000001
-1.319572
-1.2983310000000001
-1.319572
-1.2983310000000001
-1.319572
-1.2983310000000001
-1.319572
-1.2983310000000001
-1.319572
-1.2983310000000001
-1.319572
-1.2983310000000001
-1.319572
-1.2983310000000001
-1.319572
-1.2983310000000001
-1.319572
-1.2983310000000001
-1.319572
-1.2983310000000001
-1.319572
-1.2983310000000001
-1.319572
-1.2983310000000001
-1.319572
-1.2983310000000001
-1.319572
-1.2983310000000001
-1.319572
-1.2983310000000001
-1.319572
-1.2983310000000001
-1.319572
-1.2983310000000001
-1.319572
-1.2983310000000001
-1.319572
-1.2983310000000001
-1.319572
-1.2983310000000001
-1.319572
-1.2983310000000001
-1.319572
-1.2983310000000001
-1.319572
-1.2983310000000001
-1.319572
-1.2983310000000001
-1.319572
-1.2983310000000001
-1.319572
-1.2983310000000001
-1.319572
-1.2983310000000001
-1.319572
-1.2983310000000001
-1.319572
-1.2983310000000001
-1.319572
-1.2983310000000001
-1.319572
-1.2983310000000001
-1.319572
-1.2983310000000001
-1.319572
-1.2983310000000001
-1.319572
-1.2983310000000001
-1.319572
-1.2983310000000001
-1.319572
-1.2983310000000001
