1.2306709999999992
1.2033349999999992
1.2306709999999992
1.2033349999999992
1.2306709999999992
1.2033349999999992
1.2306709999999992
1.2033349999999992
1.2306709999999992
1.2033349999999992
1.2306709999999992
1.2033349999999992
1.2306709999999992
1.2033349999999992
1.2306709999999992
1.2033349999999992
1.2306709999999992
1.2033349999999992
1.2306709999999992
1.2033349999999992
1.2306709999999992
1.2033349999999992
1.2306709999999992
1.2033349999999992
1.2306709999999992
1.2033349999999992
1.2306709999999992
1.2033349999999992
1.2306709999999992
1.2033349999999992
1.2306709999999992
1.2033349999999992
1.2306709999999992
1.2033349999999992
1.2306709999999992
1.2033349999999992
1.2306709999999992
1.2033349999999992
1.2306709999999992
1.2033349999999992
1.2306709999999992
1.2033349999999992
1.2306709999999992
1.2033349999999992
1.2306709999999992
1.2033349999999992
1.2306709999999992
1.2033349999999992
1.2306709999999992
1.2033349999999992
1.2306709999999992
1.2033349999999992
1.2306709999999992
1.2033349999999992
1.2306709999999992
1.2033349999999992
1.2306709999999992
1.2033349999999992
1.2306709999999992
1.2033349999999992
1.2306709999999992
1.2033349999999992
1.2306709999999992
1.2033349999999992
1.2306709999999992
1.2033349999999992
1.2306709999999992
1.2033349999999992
1.2306709999999992
1.2033349999999992
1.2306709999999992
1.2033349999999992
1.2306709999999992
1.2033349999999992
1.2306709999999992
1.2033349999999992
1.2306709999999992
1.2033349999999992
1.2306709999999992
1.2033349999999992
1.2306709999999992
1.2033349999999992
1.2306709999999992
1.2033349999999992
1.2306709999999992
1.2033349999999992
1.2306709999999992
1.2033349999999992
1.2306709999999992
1.2033349999999992
1.2306709999999992
1.2033349999999992
1.2306709999999992
1.2033349999999992
1.2306709999999992
1.2033349999999992
-1.2142869999999997
-1.2197180000000003
-1.2142869999999997
-1.2197180000000003
-1.2142869999999997
-1.2197180000000003
-1.2142869999999997
-1.2197180000000003
-1.2142869999999997
-1.2197180000000003
-1.2142869999999997
-1.2197180000000003
-1.2142869999999997
-1.2197180000000003
-1.2142869999999997
-1.2197180000000003
-1.2142869999999997
-1.2197180000000003
-1.2142869999999997
-1.2197180000000003
-1.2142869999999997
-1.2197180000000003
-1.2142869999999997
-1.2197180000000003
-1.2142869999999997
-1.2197180000000003
-1.2142869999999997
-1.2197180000000003
-1.2142869999999997
-1.2197180000000003
-1.2142869999999997
-1.2197180000000003
-1.2142869999999997
-1.2197180000000003
-1.2142869999999997
-1.2197180000000003
-1.2142869999999997
-1.2197180000000003
-1.2142869999999997
-1.2197180000000003
-1.2142869999999997
-1.2197180000000003
-1.2142869999999997
-1.2197180000000003
-1.2142869999999997
-1.2197180000000003
-1.2142869999999997
-1.2197180000000003
-1.2142869999999997
-1.2197180000000003
-1.2142869999999997
-1.2197180000000003
-1.2142869999999997
-1.2197180000000003
-1.2142869999999997
-1.2197180000000003
-1.2142869999999997
-1.2197180000000003
-1.2142869999999997
-1.2197180000000003
-1.2142869999999997
-1.2197180000000003
-1.2142869999999997
-1.2197180000000003
-1.2142869999999997
-1.2197180000000003
-1.2142869999999997
-1.2197180000000003
-1.2142869999999997
-1.2197180000000003
-1.2142869999999997
-1.2197180000000003
-1.2142869999999997
-1.2197180000000003
-1.2142869999999997
-1.2197180000000003
-1.2142869999999997
-1.2197180000000003
-1.2142869999999997
-1.2197180000000003
-1.2142869999999997
-1.2197180000000003
-1.2142869999999997
-1.2197180000000003
-1.2142869999999997
-1.2197180000000003
-1.2142869999999997
-1.2197180000000003
-1.2142869999999997
-1.2197180000000003
-1.2142869999999997
-1.2197180000000003
-1.2142869999999997
-1.2197180000000003
-1.2142869999999997
-1.2197180000000003
