1.4064359999999994
1.4080329999999996
1.3993819999999992
1.4109289999999994
1.4064359999999994
1.4080329999999996
1.3993819999999992
1.4109289999999994
1.4064359999999994
1.4080329999999996
1.3993819999999992
1.4109289999999994
1.4064359999999994
1.4080329999999996
1.3993819999999992
1.4109289999999994
1.4064359999999994
1.4080329999999996
1.3993819999999992
1.4109289999999994
1.4064359999999994
1.4080329999999996
1.3993819999999992
1.4109289999999994
1.4064359999999994
1.4080329999999996
1.3993819999999992
1.4109289999999994
1.4064359999999994
1.4080329999999996
1.3993819999999992
1.4109289999999994
1.4064359999999994
1.4080329999999996
1.3993819999999992
1.4109289999999994
1.4064359999999994
1.4080329999999996
1.3993819999999992
1.4109289999999994
1.4064359999999994
1.4080329999999996
1.3993819999999992
1.4109289999999994
1.4064359999999994
1.4080329999999996
1.3993819999999992
1.4109289999999994
1.4064359999999994
1.4080329999999996
1.3993819999999992
1.4109289999999994
1.4064359999999994
1.4080329999999996
1.3993819999999992
1.4109289999999994
1.4064359999999994
1.4080329999999996
1.3993819999999992
1.4109289999999994
1.4064359999999994
1.4080329999999996
1.3993819999999992
1.4109289999999994
1.4064359999999994
1.4080329999999996
1.3993819999999992
1.4109289999999994
1.4064359999999994
1.4080329999999996
1.3993819999999992
1.4109289999999994
1.4064359999999994
1.4080329999999996
1.3993819999999992
1.4109289999999994
1.4064359999999994
1.4080329999999996
1.3993819999999992
1.4109289999999994
1.4064359999999994
1.4080329999999996
1.3993819999999992
1.4109289999999994
1.4064359999999994
1.4080329999999996
1.3993819999999992
1.4109289999999994
1.4064359999999994
1.4080329999999996
1.3993819999999992
1.4109289999999994
1.4064359999999994
1.4080329999999996
1.3993819999999992
1.4109289999999994
1.4064359999999994
1.4080329999999996
1.3993819999999992
1.4109289999999994
1.4064359999999994
1.4080329999999996
1.3993819999999992
1.4109289999999994
1.4064359999999994
1.4080329999999996
1.3993819999999992
1.4109289999999994
1.4064359999999994
1.4080329999999996
1.3993819999999992
1.4109289999999994
1.4064359999999994
1.4080329999999996
1.3993819999999992
1.4109289999999994
1.4064359999999994
1.4080329999999996
1.3993819999999992
1.4109289999999994
1.4064359999999994
1.4080329999999996
1.3993819999999992
1.4109289999999994
1.4064359999999994
1.4080329999999996
1.3993819999999992
1.4109289999999994
1.4064359999999994
1.4080329999999996
1.3993819999999992
1.4109289999999994
1.4064359999999994
1.4080329999999996
1.3993819999999992
1.4109289999999994
1.4064359999999994
1.4080329999999996
1.3993819999999992
1.4109289999999994
1.4064359999999994
1.4080329999999996
1.3993819999999992
1.4109289999999994
1.4064359999999994
1.4080329999999996
1.3993819999999992
1.4109289999999994
1.4064359999999994
1.4080329999999996
1.3993819999999992
1.4109289999999994
1.4064359999999994
1.4080329999999996
1.3993819999999992
1.4109289999999994
1.4064359999999994
1.4080329999999996
1.3993819999999992
1.4109289999999994
1.4064359999999994
1.4080329999999996
1.3993819999999992
1.4109289999999994
1.4064359999999994
1.4080329999999996
1.3993819999999992
1.4109289999999994
1.4064359999999994
1.4080329999999996
1.3993819999999992
1.4109289999999994
1.4064359999999994
1.4080329999999996
1.3993819999999992
1.4109289999999994
1.4064359999999994
1.4080329999999996
1.3993819999999992
1.4109289999999994
1.4064359999999994
1.4080329999999996
1.3993819999999992
1.4109289999999994
1.4064359999999994
1.4080329999999996
1.3993819999999992
1.4109289999999994
1.4064359999999994
1.4080329999999996
1.3993819999999992
1.4109289999999994
-1.402152
-1.4076440000000003
-1.4109189999999998
-1.404064
-1.402152
-1.4076440000000003
-1.4109189999999998
-1.404064
-1.402152
-1.4076440000000003
-1.4109189999999998
-1.404064
-1.402152
-1.4076440000000003
-1.4109189999999998
-1.404064
-1.402152
-1.4076440000000003
-1.4109189999999998
-1.404064
-1.402152
-1.4076440000000003
-1.4109189999999998
-1.404064
-1.402152
-1.4076440000000003
-1.4109189999999998
-1.404064
-1.402152
-1.4076440000000003
-1.4109189999999998
-1.404064
-1.402152
-1.4076440000000003
-1.4109189999999998
-1.404064
-1.402152
-1.4076440000000003
-1.4109189999999998
-1.404064
-1.402152
-1.4076440000000003
-1.4109189999999998
-1.404064
-1.402152
-1.4076440000000003
-1.4109189999999998
-1.404064
-1.402152
-1.4076440000000003
-1.4109189999999998
-1.404064
-1.402152
-1.4076440000000003
-1.4109189999999998
-1.404064
-1.402152
-1.4076440000000003
-1.4109189999999998
-1.404064
-1.402152
-1.4076440000000003
-1.4109189999999998
-1.404064
-1.402152
-1.4076440000000003
-1.4109189999999998
-1.404064
-1.402152
-1.4076440000000003
-1.4109189999999998
-1.404064
-1.402152
-1.4076440000000003
-1.4109189999999998
-1.404064
-1.402152
-1.4076440000000003
-1.4109189999999998
-1.404064
-1.402152
-1.4076440000000003
-1.4109189999999998
-1.404064
-1.402152
-1.4076440000000003
-1.4109189999999998
-1.404064
-1.402152
-1.4076440000000003
-1.4109189999999998
-1.404064
-1.402152
-1.4076440000000003
-1.4109189999999998
-1.404064
-1.402152
-1.4076440000000003
-1.4109189999999998
-1.404064
-1.402152
-1.4076440000000003
-1.4109189999999998
-1.404064
-1.402152
-1.4076440000000003
-1.4109189999999998
-1.404064
-1.402152
-1.4076440000000003
-1.4109189999999998
-1.404064
-1.402152
-1.4076440000000003
-1.4109189999999998
-1.404064
-1.402152
-1.4076440000000003
-1.4109189999999998
-1.404064
-1.402152
-1.4076440000000003
-1.4109189999999998
-1.404064
-1.402152
-1.4076440000000003
-1.4109189999999998
-1.404064
-1.402152
-1.4076440000000003
-1.4109189999999998
-1.404064
-1.402152
-1.4076440000000003
-1.4109189999999998
-1.404064
-1.402152
-1.4076440000000003
-1.4109189999999998
-1.404064
-1.402152
-1.4076440000000003
-1.4109189999999998
-1.404064
-1.402152
-1.4076440000000003
-1.4109189999999998
-1.404064
-1.402152
-1.4076440000000003
-1.4109189999999998
-1.404064
-1.402152
-1.4076440000000003
-1.4109189999999998
-1.404064
-1.402152
-1.4076440000000003
-1.4109189999999998
-1.404064
-1.402152
-1.4076440000000003
-1.4109189999999998
-1.404064
-1.402152
-1.4076440000000003
-1.4109189999999998
-1.404064
-1.402152
-1.4076440000000003
-1.4109189999999998
-1.404064
-1.402152
-1.4076440000000003
-1.4109189999999998
-1.404064
-1.402152
-1.4076440000000003
-1.4109189999999998
-1.404064
-1.402152
-1.4076440000000003
-1.4109189999999998
-1.404064
-1.402152
-1.4076440000000003
-1.4109189999999998
-1.404064
-1.402152
-1.4076440000000003
-1.4109189999999998
-1.404064
