1.4460739999999994
1.4452470000000002
1.4460420000000003
1.4410059999999998
1.4460739999999994
1.4452470000000002
1.4460420000000003
1.4410059999999998
1.4460739999999994
1.4452470000000002
1.4460420000000003
1.4410059999999998
1.4460739999999994
1.4452470000000002
1.4460420000000003
1.4410059999999998
1.4460739999999994
1.4452470000000002
1.4460420000000003
1.4410059999999998
1.4460739999999994
1.4452470000000002
1.4460420000000003
1.4410059999999998
1.4460739999999994
1.4452470000000002
1.4460420000000003
1.4410059999999998
1.4460739999999994
1.4452470000000002
1.4460420000000003
1.4410059999999998
1.4460739999999994
1.4452470000000002
1.4460420000000003
1.4410059999999998
1.4460739999999994
1.4452470000000002
1.4460420000000003
1.4410059999999998
1.4460739999999994
1.4452470000000002
1.4460420000000003
1.4410059999999998
1.4460739999999994
1.4452470000000002
1.4460420000000003
1.4410059999999998
1.4460739999999994
1.4452470000000002
1.4460420000000003
1.4410059999999998
1.4460739999999994
1.4452470000000002
1.4460420000000003
1.4410059999999998
1.4460739999999994
1.4452470000000002
1.4460420000000003
1.4410059999999998
1.4460739999999994
1.4452470000000002
1.4460420000000003
1.4410059999999998
1.4460739999999994
1.4452470000000002
1.4460420000000003
1.4410059999999998
1.4460739999999994
1.4452470000000002
1.4460420000000003
1.4410059999999998
1.4460739999999994
1.4452470000000002
1.4460420000000003
1.4410059999999998
1.4460739999999994
1.4452470000000002
1.4460420000000003
1.4410059999999998
1.4460739999999994
1.4452470000000002
1.4460420000000003
1.4410059999999998
1.4460739999999994
1.4452470000000002
1.4460420000000003
1.4410059999999998
1.4460739999999994
1.4452470000000002
1.4460420000000003
1.4410059999999998
1.4460739999999994
1.4452470000000002
1.4460420000000003
1.4410059999999998
1.4460739999999994
1.4452470000000002
1.4460420000000003
1.4410059999999998
1.4460739999999994
1.4452470000000002
1.4460420000000003
1.4410059999999998
1.4460739999999994
1.4452470000000002
1.4460420000000003
1.4410059999999998
-1.4453019999999999
-1.4437030000000002
-1.444986
-1.4443739999999998
-1.4453019999999999
-1.4437030000000002
-1.444986
-1.4443739999999998
-1.4453019999999999
-1.4437030000000002
-1.444986
-1.4443739999999998
-1.4453019999999999
-1.4437030000000002
-1.444986
-1.4443739999999998
-1.4453019999999999
-1.4437030000000002
-1.444986
-1.4443739999999998
-1.4453019999999999
-1.4437030000000002
-1.444986
-1.4443739999999998
-1.4453019999999999
-1.4437030000000002
-1.444986
-1.4443739999999998
-1.4453019999999999
-1.4437030000000002
-1.444986
-1.4443739999999998
-1.4453019999999999
-1.4437030000000002
-1.444986
-1.4443739999999998
-1.4453019999999999
-1.4437030000000002
-1.444986
-1.4443739999999998
-1.4453019999999999
-1.4437030000000002
-1.444986
-1.4443739999999998
-1.4453019999999999
-1.4437030000000002
-1.444986
-1.4443739999999998
-1.4453019999999999
-1.4437030000000002
-1.444986
-1.4443739999999998
-1.4453019999999999
-1.4437030000000002
-1.444986
-1.4443739999999998
-1.4453019999999999
-1.4437030000000002
-1.444986
-1.4443739999999998
-1.4453019999999999
-1.4437030000000002
-1.444986
-1.4443739999999998
-1.4453019999999999
-1.4437030000000002
-1.444986
-1.4443739999999998
-1.4453019999999999
-1.4437030000000002
-1.444986
-1.4443739999999998
-1.4453019999999999
-1.4437030000000002
-1.444986
-1.4443739999999998
-1.4453019999999999
-1.4437030000000002
-1.444986
-1.4443739999999998
-1.4453019999999999
-1.4437030000000002
-1.444986
-1.4443739999999998
-1.4453019999999999
-1.4437030000000002
-1.444986
-1.4443739999999998
-1.4453019999999999
-1.4437030000000002
-1.444986
-1.4443739999999998
-1.4453019999999999
-1.4437030000000002
-1.444986
-1.4443739999999998
-1.4453019999999999
-1.4437030000000002
-1.444986
-1.4443739999999998
-1.4453019999999999
-1.4437030000000002
-1.444986
-1.4443739999999998
-1.4453019999999999
-1.4437030000000002
-1.444986
-1.4443739999999998
