1.3526989999999994
1.3954400000000007
1.3526989999999994
1.3954400000000007
1.3526989999999994
1.3954400000000007
1.3526989999999994
1.3954400000000007
1.3526989999999994
1.3954400000000007
1.3526989999999994
1.3954400000000007
1.3526989999999994
1.3954400000000007
1.3526989999999994
1.3954400000000007
1.3526989999999994
1.3954400000000007
1.3526989999999994
1.3954400000000007
1.3526989999999994
1.3954400000000007
1.3526989999999994
1.3954400000000007
1.3526989999999994
1.3954400000000007
1.3526989999999994
1.3954400000000007
1.3526989999999994
1.3954400000000007
1.3526989999999994
1.3954400000000007
1.3526989999999994
1.3954400000000007
1.3526989999999994
1.3954400000000007
1.3526989999999994
1.3954400000000007
1.3526989999999994
1.3954400000000007
1.3526989999999994
1.3954400000000007
1.3526989999999994
1.3954400000000007
1.3526989999999994
1.3954400000000007
1.3526989999999994
1.3954400000000007
1.3526989999999994
1.3954400000000007
1.3526989999999994
1.3954400000000007
1.3526989999999994
1.3954400000000007
1.3526989999999994
1.3954400000000007
1.3526989999999994
1.3954400000000007
1.3526989999999994
1.3954400000000007
1.3526989999999994
1.3954400000000007
1.3526989999999994
1.3954400000000007
1.3526989999999994
1.3954400000000007
1.3526989999999994
1.3954400000000007
1.3526989999999994
1.3954400000000007
1.3526989999999994
1.3954400000000007
1.3526989999999994
1.3954400000000007
1.3526989999999994
1.3954400000000007
1.3526989999999994
1.3954400000000007
1.3526989999999994
1.3954400000000007
1.3526989999999994
1.3954400000000007
1.3526989999999994
1.3954400000000007
1.3526989999999994
1.3954400000000007
1.3526989999999994
1.3954400000000007
1.3526989999999994
1.3954400000000007
1.3526989999999994
1.3954400000000007
1.3526989999999994
1.3954400000000007
1.3526989999999994
1.3954400000000007
-1.3659150000000002
-1.382224
-1.3659150000000002
-1.382224
-1.3659150000000002
-1.382224
-1.3659150000000002
-1.382224
-1.3659150000000002
-1.382224
-1.3659150000000002
-1.382224
-1.3659150000000002
-1.382224
-1.3659150000000002
-1.382224
-1.3659150000000002
-1.382224
-1.3659150000000002
-1.382224
-1.3659150000000002
-1.382224
-1.3659150000000002
-1.382224
-1.3659150000000002
-1.382224
-1.3659150000000002
-1.382224
-1.3659150000000002
-1.382224
-1.3659150000000002
-1.382224
-1.3659150000000002
-1.382224
-1.3659150000000002
-1.382224
-1.3659150000000002
-1.382224
-1.3659150000000002
-1.382224
-1.3659150000000002
-1.382224
-1.3659150000000002
-1.382224
-1.3659150000000002
-1.382224
-1.3659150000000002
-1.382224
-1.3659150000000002
-1.382224
-1.3659150000000002
-1.382224
-1.3659150000000002
-1.382224
-1.3659150000000002
-1.382224
-1.3659150000000002
-1.382224
-1.3659150000000002
-1.382224
-1.3659150000000002
-1.382224
-1.3659150000000002
-1.382224
-1.3659150000000002
-1.382224
-1.3659150000000002
-1.382224
-1.3659150000000002
-1.382224
-1.3659150000000002
-1.382224
-1.3659150000000002
-1.382224
-1.3659150000000002
-1.382224
-1.3659150000000002
-1.382224
-1.3659150000000002
-1.382224
-1.3659150000000002
-1.382224
-1.3659150000000002
-1.382224
-1.3659150000000002
-1.382224
-1.3659150000000002
-1.382224
-1.3659150000000002
-1.382224
-1.3659150000000002
-1.382224
-1.3659150000000002
-1.382224
-1.3659150000000002
-1.382224
