1.3096979999999991
1.3033629999999992
1.3103250000000006
1.1425040000000006
1.3096979999999991
1.3033629999999992
1.3103250000000006
1.1425040000000006
1.3096979999999991
1.3033629999999992
1.3103250000000006
1.1425040000000006
1.3096979999999991
1.3033629999999992
1.3103250000000006
1.1425040000000006
1.3096979999999991
1.3033629999999992
1.3103250000000006
1.1425040000000006
1.3096979999999991
1.3033629999999992
1.3103250000000006
1.1425040000000006
1.3096979999999991
1.3033629999999992
1.3103250000000006
1.1425040000000006
1.3096979999999991
1.3033629999999992
1.3103250000000006
1.1425040000000006
1.3096979999999991
1.3033629999999992
1.3103250000000006
1.1425040000000006
1.3096979999999991
1.3033629999999992
1.3103250000000006
1.1425040000000006
1.3096979999999991
1.3033629999999992
1.3103250000000006
1.1425040000000006
1.3096979999999991
1.3033629999999992
1.3103250000000006
1.1425040000000006
1.3096979999999991
1.3033629999999992
1.3103250000000006
1.1425040000000006
1.3096979999999991
1.3033629999999992
1.3103250000000006
1.1425040000000006
1.3096979999999991
1.3033629999999992
1.3103250000000006
1.1425040000000006
1.3096979999999991
1.3033629999999992
1.3103250000000006
1.1425040000000006
1.3096979999999991
1.3033629999999992
1.3103250000000006
1.1425040000000006
1.3096979999999991
1.3033629999999992
1.3103250000000006
1.1425040000000006
1.3096979999999991
1.3033629999999992
1.3103250000000006
1.1425040000000006
1.3096979999999991
1.3033629999999992
1.3103250000000006
1.1425040000000006
1.3096979999999991
1.3033629999999992
1.3103250000000006
1.1425040000000006
1.3096979999999991
1.3033629999999992
1.3103250000000006
1.1425040000000006
1.3096979999999991
1.3033629999999992
1.3103250000000006
1.1425040000000006
1.3096979999999991
1.3033629999999992
1.3103250000000006
1.1425040000000006
1.3096979999999991
1.3033629999999992
1.3103250000000006
1.1425040000000006
1.3096979999999991
1.3033629999999992
1.3103250000000006
1.1425040000000006
1.3096979999999991
1.3033629999999992
1.3103250000000006
1.1425040000000006
1.3096979999999991
1.3033629999999992
1.3103250000000006
1.1425040000000006
1.3096979999999991
1.3033629999999992
1.3103250000000006
1.1425040000000006
1.3096979999999991
1.3033629999999992
1.3103250000000006
1.1425040000000006
1.3096979999999991
1.3033629999999992
1.3103250000000006
1.1425040000000006
1.3096979999999991
1.3033629999999992
1.3103250000000006
1.1425040000000006
1.3096979999999991
1.3033629999999992
1.3103250000000006
1.1425040000000006
1.3096979999999991
1.3033629999999992
1.3103250000000006
1.1425040000000006
1.3096979999999991
1.3033629999999992
1.3103250000000006
1.1425040000000006
1.3096979999999991
1.3033629999999992
1.3103250000000006
1.1425040000000006
1.3096979999999991
1.3033629999999992
1.3103250000000006
1.1425040000000006
1.3096979999999991
1.3033629999999992
1.3103250000000006
1.1425040000000006
1.3096979999999991
1.3033629999999992
1.3103250000000006
1.1425040000000006
1.3096979999999991
1.3033629999999992
1.3103250000000006
1.1425040000000006
1.3096979999999991
1.3033629999999992
1.3103250000000006
1.1425040000000006
1.3096979999999991
1.3033629999999992
1.3103250000000006
1.1425040000000006
1.3096979999999991
1.3033629999999992
1.3103250000000006
1.1425040000000006
1.3096979999999991
1.3033629999999992
1.3103250000000006
1.1425040000000006
1.3096979999999991
1.3033629999999992
1.3103250000000006
1.1425040000000006
-1.2596160000000003
-1.3118489999999996
-1.2419789999999997
-1.2524449999999998
-1.2596160000000003
-1.3118489999999996
-1.2419789999999997
-1.2524449999999998
-1.2596160000000003
-1.3118489999999996
-1.2419789999999997
-1.2524449999999998
-1.2596160000000003
-1.3118489999999996
-1.2419789999999997
-1.2524449999999998
-1.2596160000000003
-1.3118489999999996
-1.2419789999999997
-1.2524449999999998
-1.2596160000000003
-1.3118489999999996
-1.2419789999999997
-1.2524449999999998
-1.2596160000000003
-1.3118489999999996
-1.2419789999999997
-1.2524449999999998
-1.2596160000000003
-1.3118489999999996
-1.2419789999999997
-1.2524449999999998
-1.2596160000000003
-1.3118489999999996
-1.2419789999999997
-1.2524449999999998
-1.2596160000000003
-1.3118489999999996
-1.2419789999999997
-1.2524449999999998
-1.2596160000000003
-1.3118489999999996
-1.2419789999999997
-1.2524449999999998
-1.2596160000000003
-1.3118489999999996
-1.2419789999999997
-1.2524449999999998
-1.2596160000000003
-1.3118489999999996
-1.2419789999999997
-1.2524449999999998
-1.2596160000000003
-1.3118489999999996
-1.2419789999999997
-1.2524449999999998
-1.2596160000000003
-1.3118489999999996
-1.2419789999999997
-1.2524449999999998
-1.2596160000000003
-1.3118489999999996
-1.2419789999999997
-1.2524449999999998
-1.2596160000000003
-1.3118489999999996
-1.2419789999999997
-1.2524449999999998
-1.2596160000000003
-1.3118489999999996
-1.2419789999999997
-1.2524449999999998
-1.2596160000000003
-1.3118489999999996
-1.2419789999999997
-1.2524449999999998
-1.2596160000000003
-1.3118489999999996
-1.2419789999999997
-1.2524449999999998
-1.2596160000000003
-1.3118489999999996
-1.2419789999999997
-1.2524449999999998
-1.2596160000000003
-1.3118489999999996
-1.2419789999999997
-1.2524449999999998
-1.2596160000000003
-1.3118489999999996
-1.2419789999999997
-1.2524449999999998
-1.2596160000000003
-1.3118489999999996
-1.2419789999999997
-1.2524449999999998
-1.2596160000000003
-1.3118489999999996
-1.2419789999999997
-1.2524449999999998
-1.2596160000000003
-1.3118489999999996
-1.2419789999999997
-1.2524449999999998
-1.2596160000000003
-1.3118489999999996
-1.2419789999999997
-1.2524449999999998
-1.2596160000000003
-1.3118489999999996
-1.2419789999999997
-1.2524449999999998
-1.2596160000000003
-1.3118489999999996
-1.2419789999999997
-1.2524449999999998
-1.2596160000000003
-1.3118489999999996
-1.2419789999999997
-1.2524449999999998
-1.2596160000000003
-1.3118489999999996
-1.2419789999999997
-1.2524449999999998
-1.2596160000000003
-1.3118489999999996
-1.2419789999999997
-1.2524449999999998
-1.2596160000000003
-1.3118489999999996
-1.2419789999999997
-1.2524449999999998
-1.2596160000000003
-1.3118489999999996
-1.2419789999999997
-1.2524449999999998
-1.2596160000000003
-1.3118489999999996
-1.2419789999999997
-1.2524449999999998
-1.2596160000000003
-1.3118489999999996
-1.2419789999999997
-1.2524449999999998
-1.2596160000000003
-1.3118489999999996
-1.2419789999999997
-1.2524449999999998
-1.2596160000000003
-1.3118489999999996
-1.2419789999999997
-1.2524449999999998
-1.2596160000000003
-1.3118489999999996
-1.2419789999999997
-1.2524449999999998
-1.2596160000000003
-1.3118489999999996
-1.2419789999999997
-1.2524449999999998
-1.2596160000000003
-1.3118489999999996
-1.2419789999999997
-1.2524449999999998
-1.2596160000000003
-1.3118489999999996
-1.2419789999999997
-1.2524449999999998
-1.2596160000000003
-1.3118489999999996
-1.2419789999999997
-1.2524449999999998
-1.2596160000000003
-1.3118489999999996
-1.2419789999999997
-1.2524449999999998
-1.2596160000000003
-1.3118489999999996
-1.2419789999999997
-1.2524449999999998
