1.3422590000000003
1.3651780000000002
1.3422590000000003
1.3651780000000002
1.3422590000000003
1.3651780000000002
1.3422590000000003
1.3651780000000002
1.3422590000000003
1.3651780000000002
1.3422590000000003
1.3651780000000002
1.3422590000000003
1.3651780000000002
1.3422590000000003
1.3651780000000002
1.3422590000000003
1.3651780000000002
1.3422590000000003
1.3651780000000002
1.3422590000000003
1.3651780000000002
1.3422590000000003
1.3651780000000002
1.3422590000000003
1.3651780000000002
1.3422590000000003
1.3651780000000002
1.3422590000000003
1.3651780000000002
1.3422590000000003
1.3651780000000002
1.3422590000000003
1.3651780000000002
1.3422590000000003
1.3651780000000002
1.3422590000000003
1.3651780000000002
1.3422590000000003
1.3651780000000002
1.3422590000000003
1.3651780000000002
1.3422590000000003
1.3651780000000002
1.3422590000000003
1.3651780000000002
1.3422590000000003
1.3651780000000002
1.3422590000000003
1.3651780000000002
1.3422590000000003
1.3651780000000002
1.3422590000000003
1.3651780000000002
1.3422590000000003
1.3651780000000002
1.3422590000000003
1.3651780000000002
1.3422590000000003
1.3651780000000002
1.3422590000000003
1.3651780000000002
1.3422590000000003
1.3651780000000002
1.3422590000000003
1.3651780000000002
1.3422590000000003
1.3651780000000002
1.3422590000000003
1.3651780000000002
1.3422590000000003
1.3651780000000002
1.3422590000000003
1.3651780000000002
1.3422590000000003
1.3651780000000002
1.3422590000000003
1.3651780000000002
1.3422590000000003
1.3651780000000002
1.3422590000000003
1.3651780000000002
1.3422590000000003
1.3651780000000002
1.3422590000000003
1.3651780000000002
1.3422590000000003
1.3651780000000002
1.3422590000000003
1.3651780000000002
1.3422590000000003
1.3651780000000002
1.3422590000000003
1.3651780000000002
1.3422590000000003
1.3651780000000002
-1.352564
-1.3548730000000004
-1.352564
-1.3548730000000004
-1.352564
-1.3548730000000004
-1.352564
-1.3548730000000004
-1.352564
-1.3548730000000004
-1.352564
-1.3548730000000004
-1.352564
-1.3548730000000004
-1.352564
-1.3548730000000004
-1.352564
-1.3548730000000004
-1.352564
-1.3548730000000004
-1.352564
-1.3548730000000004
-1.352564
-1.3548730000000004
-1.352564
-1.3548730000000004
-1.352564
-1.3548730000000004
-1.352564
-1.3548730000000004
-1.352564
-1.3548730000000004
-1.352564
-1.3548730000000004
-1.352564
-1.3548730000000004
-1.352564
-1.3548730000000004
-1.352564
-1.3548730000000004
-1.352564
-1.3548730000000004
-1.352564
-1.3548730000000004
-1.352564
-1.3548730000000004
-1.352564
-1.3548730000000004
-1.352564
-1.3548730000000004
-1.352564
-1.3548730000000004
-1.352564
-1.3548730000000004
-1.352564
-1.3548730000000004
-1.352564
-1.3548730000000004
-1.352564
-1.3548730000000004
-1.352564
-1.3548730000000004
-1.352564
-1.3548730000000004
-1.352564
-1.3548730000000004
-1.352564
-1.3548730000000004
-1.352564
-1.3548730000000004
-1.352564
-1.3548730000000004
-1.352564
-1.3548730000000004
-1.352564
-1.3548730000000004
-1.352564
-1.3548730000000004
-1.352564
-1.3548730000000004
-1.352564
-1.3548730000000004
-1.352564
-1.3548730000000004
-1.352564
-1.3548730000000004
-1.352564
-1.3548730000000004
-1.352564
-1.3548730000000004
-1.352564
-1.3548730000000004
-1.352564
-1.3548730000000004
-1.352564
-1.3548730000000004
