1.4409430000000008
1.4409430000000008
1.4409430000000008
1.4409430000000008
1.4409430000000008
1.4409430000000008
1.4409430000000008
1.4409430000000008
1.4409430000000008
1.4409430000000008
1.4409430000000008
1.4409430000000008
1.4409430000000008
1.4409430000000008
1.4409430000000008
1.4409430000000008
1.4409430000000008
1.4409430000000008
1.4409430000000008
1.4409430000000008
1.4409430000000008
1.4409430000000008
1.4409430000000008
1.4409430000000008
1.4409430000000008
1.4409430000000008
1.4409430000000008
1.4409430000000008
1.4409430000000008
1.4409430000000008
1.4409430000000008
1.4409430000000008
1.4409430000000008
1.4409430000000008
1.4409430000000008
1.4409430000000008
1.4409430000000008
1.4409430000000008
1.4409430000000008
1.4409430000000008
1.4409430000000008
1.4409430000000008
1.4409430000000008
1.4409430000000008
1.4409430000000008
1.4409430000000008
1.4409430000000008
1.4409430000000008
1.4409430000000008
1.4409430000000008
1.4409430000000008
1.4409430000000008
1.4409430000000008
1.4409430000000008
1.4409430000000008
1.4409430000000008
1.4409430000000008
1.4409430000000008
1.4409430000000008
1.4409430000000008
1.4409430000000008
1.4409430000000008
1.4409430000000008
1.4409430000000008
-1.4409409999999996
-1.4409409999999996
-1.4409409999999996
-1.4409409999999996
-1.4409409999999996
-1.4409409999999996
-1.4409409999999996
-1.4409409999999996
-1.4409409999999996
-1.4409409999999996
-1.4409409999999996
-1.4409409999999996
-1.4409409999999996
-1.4409409999999996
-1.4409409999999996
-1.4409409999999996
-1.4409409999999996
-1.4409409999999996
-1.4409409999999996
-1.4409409999999996
-1.4409409999999996
-1.4409409999999996
-1.4409409999999996
-1.4409409999999996
-1.4409409999999996
-1.4409409999999996
-1.4409409999999996
-1.4409409999999996
-1.4409409999999996
-1.4409409999999996
-1.4409409999999996
-1.4409409999999996
-1.4409409999999996
-1.4409409999999996
-1.4409409999999996
-1.4409409999999996
-1.4409409999999996
-1.4409409999999996
-1.4409409999999996
-1.4409409999999996
-1.4409409999999996
-1.4409409999999996
-1.4409409999999996
-1.4409409999999996
-1.4409409999999996
-1.4409409999999996
-1.4409409999999996
-1.4409409999999996
-1.4409409999999996
-1.4409409999999996
-1.4409409999999996
-1.4409409999999996
-1.4409409999999996
-1.4409409999999996
-1.4409409999999996
-1.4409409999999996
-1.4409409999999996
-1.4409409999999996
-1.4409409999999996
-1.4409409999999996
-1.4409409999999996
-1.4409409999999996
-1.4409409999999996
-1.4409409999999996
