1.3379309999999993
1.3603699999999996
1.3379309999999993
1.3603699999999996
1.3379309999999993
1.3603699999999996
1.3379309999999993
1.3603699999999996
1.3379309999999993
1.3603699999999996
1.3379309999999993
1.3603699999999996
1.3379309999999993
1.3603699999999996
1.3379309999999993
1.3603699999999996
1.3379309999999993
1.3603699999999996
1.3379309999999993
1.3603699999999996
1.3379309999999993
1.3603699999999996
1.3379309999999993
1.3603699999999996
1.3379309999999993
1.3603699999999996
1.3379309999999993
1.3603699999999996
1.3379309999999993
1.3603699999999996
1.3379309999999993
1.3603699999999996
1.3379309999999993
1.3603699999999996
1.3379309999999993
1.3603699999999996
1.3379309999999993
1.3603699999999996
1.3379309999999993
1.3603699999999996
1.3379309999999993
1.3603699999999996
1.3379309999999993
1.3603699999999996
1.3379309999999993
1.3603699999999996
1.3379309999999993
1.3603699999999996
1.3379309999999993
1.3603699999999996
1.3379309999999993
1.3603699999999996
1.3379309999999993
1.3603699999999996
1.3379309999999993
1.3603699999999996
1.3379309999999993
1.3603699999999996
1.3379309999999993
1.3603699999999996
1.3379309999999993
1.3603699999999996
1.3379309999999993
1.3603699999999996
1.3379309999999993
1.3603699999999996
1.3379309999999993
1.3603699999999996
1.3379309999999993
1.3603699999999996
1.3379309999999993
1.3603699999999996
1.3379309999999993
1.3603699999999996
1.3379309999999993
1.3603699999999996
1.3379309999999993
1.3603699999999996
1.3379309999999993
1.3603699999999996
1.3379309999999993
1.3603699999999996
1.3379309999999993
1.3603699999999996
1.3379309999999993
1.3603699999999996
1.3379309999999993
1.3603699999999996
1.3379309999999993
1.3603699999999996
1.3379309999999993
1.3603699999999996
1.3379309999999993
1.3603699999999996
1.3379309999999993
1.3603699999999996
1.3379309999999993
1.3603699999999996
1.3379309999999993
1.3603699999999996
1.3379309999999993
1.3603699999999996
1.3379309999999993
1.3603699999999996
1.3379309999999993
1.3603699999999996
1.3379309999999993
1.3603699999999996
1.3379309999999993
1.3603699999999996
1.3379309999999993
1.3603699999999996
1.3379309999999993
1.3603699999999996
1.3379309999999993
1.3603699999999996
1.3379309999999993
1.3603699999999996
1.3379309999999993
1.3603699999999996
-1.3545059999999998
-1.3437929999999998
-1.3545059999999998
-1.3437929999999998
-1.3545059999999998
-1.3437929999999998
-1.3545059999999998
-1.3437929999999998
-1.3545059999999998
-1.3437929999999998
-1.3545059999999998
-1.3437929999999998
-1.3545059999999998
-1.3437929999999998
-1.3545059999999998
-1.3437929999999998
-1.3545059999999998
-1.3437929999999998
-1.3545059999999998
-1.3437929999999998
-1.3545059999999998
-1.3437929999999998
-1.3545059999999998
-1.3437929999999998
-1.3545059999999998
-1.3437929999999998
-1.3545059999999998
-1.3437929999999998
-1.3545059999999998
-1.3437929999999998
-1.3545059999999998
-1.3437929999999998
-1.3545059999999998
-1.3437929999999998
-1.3545059999999998
-1.3437929999999998
-1.3545059999999998
-1.3437929999999998
-1.3545059999999998
-1.3437929999999998
-1.3545059999999998
-1.3437929999999998
-1.3545059999999998
-1.3437929999999998
-1.3545059999999998
-1.3437929999999998
-1.3545059999999998
-1.3437929999999998
-1.3545059999999998
-1.3437929999999998
-1.3545059999999998
-1.3437929999999998
-1.3545059999999998
-1.3437929999999998
-1.3545059999999998
-1.3437929999999998
-1.3545059999999998
-1.3437929999999998
-1.3545059999999998
-1.3437929999999998
-1.3545059999999998
-1.3437929999999998
-1.3545059999999998
-1.3437929999999998
-1.3545059999999998
-1.3437929999999998
-1.3545059999999998
-1.3437929999999998
-1.3545059999999998
-1.3437929999999998
-1.3545059999999998
-1.3437929999999998
-1.3545059999999998
-1.3437929999999998
-1.3545059999999998
-1.3437929999999998
-1.3545059999999998
-1.3437929999999998
-1.3545059999999998
-1.3437929999999998
-1.3545059999999998
-1.3437929999999998
-1.3545059999999998
-1.3437929999999998
-1.3545059999999998
-1.3437929999999998
-1.3545059999999998
-1.3437929999999998
-1.3545059999999998
-1.3437929999999998
-1.3545059999999998
-1.3437929999999998
-1.3545059999999998
-1.3437929999999998
-1.3545059999999998
-1.3437929999999998
-1.3545059999999998
-1.3437929999999998
-1.3545059999999998
-1.3437929999999998
-1.3545059999999998
-1.3437929999999998
-1.3545059999999998
-1.3437929999999998
-1.3545059999999998
-1.3437929999999998
-1.3545059999999998
-1.3437929999999998
-1.3545059999999998
-1.3437929999999998
-1.3545059999999998
-1.3437929999999998
-1.3545059999999998
-1.3437929999999998
-1.3545059999999998
-1.3437929999999998
-1.3545059999999998
-1.3437929999999998
-1.3545059999999998
-1.3437929999999998
