1.4311740000000004
1.4285560000000004
1.4315990000000003
1.4284590000000001
1.4311740000000004
1.4285560000000004
1.4315990000000003
1.4284590000000001
1.4311740000000004
1.4285560000000004
1.4315990000000003
1.4284590000000001
1.4311740000000004
1.4285560000000004
1.4315990000000003
1.4284590000000001
1.4311740000000004
1.4285560000000004
1.4315990000000003
1.4284590000000001
1.4311740000000004
1.4285560000000004
1.4315990000000003
1.4284590000000001
1.4311740000000004
1.4285560000000004
1.4315990000000003
1.4284590000000001
1.4311740000000004
1.4285560000000004
1.4315990000000003
1.4284590000000001
1.4311740000000004
1.4285560000000004
1.4315990000000003
1.4284590000000001
1.4311740000000004
1.4285560000000004
1.4315990000000003
1.4284590000000001
1.4311740000000004
1.4285560000000004
1.4315990000000003
1.4284590000000001
1.4311740000000004
1.4285560000000004
1.4315990000000003
1.4284590000000001
1.4311740000000004
1.4285560000000004
1.4315990000000003
1.4284590000000001
1.4311740000000004
1.4285560000000004
1.4315990000000003
1.4284590000000001
1.4311740000000004
1.4285560000000004
1.4315990000000003
1.4284590000000001
1.4311740000000004
1.4285560000000004
1.4315990000000003
1.4284590000000001
1.4311740000000004
1.4285560000000004
1.4315990000000003
1.4284590000000001
1.4311740000000004
1.4285560000000004
1.4315990000000003
1.4284590000000001
1.4311740000000004
1.4285560000000004
1.4315990000000003
1.4284590000000001
1.4311740000000004
1.4285560000000004
1.4315990000000003
1.4284590000000001
1.4311740000000004
1.4285560000000004
1.4315990000000003
1.4284590000000001
1.4311740000000004
1.4285560000000004
1.4315990000000003
1.4284590000000001
1.4311740000000004
1.4285560000000004
1.4315990000000003
1.4284590000000001
1.4311740000000004
1.4285560000000004
1.4315990000000003
1.4284590000000001
1.4311740000000004
1.4285560000000004
1.4315990000000003
1.4284590000000001
1.4311740000000004
1.4285560000000004
1.4315990000000003
1.4284590000000001
1.4311740000000004
1.4285560000000004
1.4315990000000003
1.4284590000000001
1.4311740000000004
1.4285560000000004
1.4315990000000003
1.4284590000000001
1.4311740000000004
1.4285560000000004
1.4315990000000003
1.4284590000000001
1.4311740000000004
1.4285560000000004
1.4315990000000003
1.4284590000000001
1.4311740000000004
1.4285560000000004
1.4315990000000003
1.4284590000000001
1.4311740000000004
1.4285560000000004
1.4315990000000003
1.4284590000000001
1.4311740000000004
1.4285560000000004
1.4315990000000003
1.4284590000000001
1.4311740000000004
1.4285560000000004
1.4315990000000003
1.4284590000000001
1.4311740000000004
1.4285560000000004
1.4315990000000003
1.4284590000000001
1.4311740000000004
1.4285560000000004
1.4315990000000003
1.4284590000000001
-1.4315939999999996
-1.4292740000000004
-1.4301329999999997
-1.4287830000000001
-1.4315939999999996
-1.4292740000000004
-1.4301329999999997
-1.4287830000000001
-1.4315939999999996
-1.4292740000000004
-1.4301329999999997
-1.4287830000000001
-1.4315939999999996
-1.4292740000000004
-1.4301329999999997
-1.4287830000000001
-1.4315939999999996
-1.4292740000000004
-1.4301329999999997
-1.4287830000000001
-1.4315939999999996
-1.4292740000000004
-1.4301329999999997
-1.4287830000000001
-1.4315939999999996
-1.4292740000000004
-1.4301329999999997
-1.4287830000000001
-1.4315939999999996
-1.4292740000000004
-1.4301329999999997
-1.4287830000000001
-1.4315939999999996
-1.4292740000000004
-1.4301329999999997
-1.4287830000000001
-1.4315939999999996
-1.4292740000000004
-1.4301329999999997
-1.4287830000000001
-1.4315939999999996
-1.4292740000000004
-1.4301329999999997
-1.4287830000000001
-1.4315939999999996
-1.4292740000000004
-1.4301329999999997
-1.4287830000000001
-1.4315939999999996
-1.4292740000000004
-1.4301329999999997
-1.4287830000000001
-1.4315939999999996
-1.4292740000000004
-1.4301329999999997
-1.4287830000000001
-1.4315939999999996
-1.4292740000000004
-1.4301329999999997
-1.4287830000000001
-1.4315939999999996
-1.4292740000000004
-1.4301329999999997
-1.4287830000000001
-1.4315939999999996
-1.4292740000000004
-1.4301329999999997
-1.4287830000000001
-1.4315939999999996
-1.4292740000000004
-1.4301329999999997
-1.4287830000000001
-1.4315939999999996
-1.4292740000000004
-1.4301329999999997
-1.4287830000000001
-1.4315939999999996
-1.4292740000000004
-1.4301329999999997
-1.4287830000000001
-1.4315939999999996
-1.4292740000000004
-1.4301329999999997
-1.4287830000000001
-1.4315939999999996
-1.4292740000000004
-1.4301329999999997
-1.4287830000000001
-1.4315939999999996
-1.4292740000000004
-1.4301329999999997
-1.4287830000000001
-1.4315939999999996
-1.4292740000000004
-1.4301329999999997
-1.4287830000000001
-1.4315939999999996
-1.4292740000000004
-1.4301329999999997
-1.4287830000000001
-1.4315939999999996
-1.4292740000000004
-1.4301329999999997
-1.4287830000000001
-1.4315939999999996
-1.4292740000000004
-1.4301329999999997
-1.4287830000000001
-1.4315939999999996
-1.4292740000000004
-1.4301329999999997
-1.4287830000000001
-1.4315939999999996
-1.4292740000000004
-1.4301329999999997
-1.4287830000000001
-1.4315939999999996
-1.4292740000000004
-1.4301329999999997
-1.4287830000000001
-1.4315939999999996
-1.4292740000000004
-1.4301329999999997
-1.4287830000000001
-1.4315939999999996
-1.4292740000000004
-1.4301329999999997
-1.4287830000000001
-1.4315939999999996
-1.4292740000000004
-1.4301329999999997
-1.4287830000000001
-1.4315939999999996
-1.4292740000000004
-1.4301329999999997
-1.4287830000000001
-1.4315939999999996
-1.4292740000000004
-1.4301329999999997
-1.4287830000000001
-1.4315939999999996
-1.4292740000000004
-1.4301329999999997
-1.4287830000000001
