1.2867119999999996
1.2802600000000002
1.2867119999999996
1.2802600000000002
1.2867119999999996
1.2802600000000002
1.2867119999999996
1.2802600000000002
1.2867119999999996
1.2802600000000002
1.2867119999999996
1.2802600000000002
1.2867119999999996
1.2802600000000002
1.2867119999999996
1.2802600000000002
1.2867119999999996
1.2802600000000002
1.2867119999999996
1.2802600000000002
1.2867119999999996
1.2802600000000002
1.2867119999999996
1.2802600000000002
1.2867119999999996
1.2802600000000002
1.2867119999999996
1.2802600000000002
1.2867119999999996
1.2802600000000002
1.2867119999999996
1.2802600000000002
1.2867119999999996
1.2802600000000002
1.2867119999999996
1.2802600000000002
1.2867119999999996
1.2802600000000002
1.2867119999999996
1.2802600000000002
1.2867119999999996
1.2802600000000002
1.2867119999999996
1.2802600000000002
1.2867119999999996
1.2802600000000002
1.2867119999999996
1.2802600000000002
1.2867119999999996
1.2802600000000002
1.2867119999999996
1.2802600000000002
1.2867119999999996
1.2802600000000002
1.2867119999999996
1.2802600000000002
1.2867119999999996
1.2802600000000002
1.2867119999999996
1.2802600000000002
1.2867119999999996
1.2802600000000002
1.2867119999999996
1.2802600000000002
1.2867119999999996
1.2802600000000002
1.2867119999999996
1.2802600000000002
1.2867119999999996
1.2802600000000002
1.2867119999999996
1.2802600000000002
1.2867119999999996
1.2802600000000002
1.2867119999999996
1.2802600000000002
1.2867119999999996
1.2802600000000002
1.2867119999999996
1.2802600000000002
1.2867119999999996
1.2802600000000002
1.2867119999999996
1.2802600000000002
1.2867119999999996
1.2802600000000002
1.2867119999999996
1.2802600000000002
1.2867119999999996
1.2802600000000002
1.2867119999999996
1.2802600000000002
1.2867119999999996
1.2802600000000002
1.2867119999999996
1.2802600000000002
1.2867119999999996
1.2802600000000002
1.2867119999999996
1.2802600000000002
1.2867119999999996
1.2802600000000002
1.2867119999999996
1.2802600000000002
1.2867119999999996
1.2802600000000002
1.2867119999999996
1.2802600000000002
1.2867119999999996
1.2802600000000002
1.2867119999999996
1.2802600000000002
1.2867119999999996
1.2802600000000002
1.2867119999999996
1.2802600000000002
1.2867119999999996
1.2802600000000002
1.2867119999999996
1.2802600000000002
-1.281764
-1.285209
-1.281764
-1.285209
-1.281764
-1.285209
-1.281764
-1.285209
-1.281764
-1.285209
-1.281764
-1.285209
-1.281764
-1.285209
-1.281764
-1.285209
-1.281764
-1.285209
-1.281764
-1.285209
-1.281764
-1.285209
-1.281764
-1.285209
-1.281764
-1.285209
-1.281764
-1.285209
-1.281764
-1.285209
-1.281764
-1.285209
-1.281764
-1.285209
-1.281764
-1.285209
-1.281764
-1.285209
-1.281764
-1.285209
-1.281764
-1.285209
-1.281764
-1.285209
-1.281764
-1.285209
-1.281764
-1.285209
-1.281764
-1.285209
-1.281764
-1.285209
-1.281764
-1.285209
-1.281764
-1.285209
-1.281764
-1.285209
-1.281764
-1.285209
-1.281764
-1.285209
-1.281764
-1.285209
-1.281764
-1.285209
-1.281764
-1.285209
-1.281764
-1.285209
-1.281764
-1.285209
-1.281764
-1.285209
-1.281764
-1.285209
-1.281764
-1.285209
-1.281764
-1.285209
-1.281764
-1.285209
-1.281764
-1.285209
-1.281764
-1.285209
-1.281764
-1.285209
-1.281764
-1.285209
-1.281764
-1.285209
-1.281764
-1.285209
-1.281764
-1.285209
-1.281764
-1.285209
-1.281764
-1.285209
-1.281764
-1.285209
-1.281764
-1.285209
-1.281764
-1.285209
-1.281764
-1.285209
-1.281764
-1.285209
-1.281764
-1.285209
-1.281764
-1.285209
-1.281764
-1.285209
-1.281764
-1.285209
-1.281764
-1.285209
