0.3486469999999997
0.3486469999999997
0.3486469999999997
0.3486469999999997
0.3486469999999997
0.3486469999999997
0.3486469999999997
0.3486469999999997
0.3486469999999997
0.3486469999999997
0.3486469999999997
0.3486469999999997
0.3486469999999997
0.3486469999999997
0.3486469999999997
0.3486469999999997
0.3486469999999997
0.3486469999999997
0.3486469999999997
0.3486469999999997
0.3486469999999997
0.3486469999999997
0.3486469999999997
0.3486469999999997
0.3486469999999997
0.3486469999999997
0.3486469999999997
0.3486469999999997
0.3486469999999997
0.3486469999999997
0.3486469999999997
0.3486469999999997
0.3486469999999997
0.3486469999999997
0.3486469999999997
0.3486469999999997
0.3486469999999997
0.3486469999999997
0.3486469999999997
0.3486469999999997
0.3486469999999997
0.3486469999999997
0.3486469999999997
0.3486469999999997
0.3486469999999997
0.3486469999999997
0.3486469999999997
0.3486469999999997
0.3486469999999997
0.3486469999999997
-0.348649
-0.348649
-0.348649
-0.348649
-0.348649
-0.348649
-0.348649
-0.348649
-0.348649
-0.348649
-0.348649
-0.348649
-0.348649
-0.348649
-0.348649
-0.348649
-0.348649
-0.348649
-0.348649
-0.348649
-0.348649
-0.348649
-0.348649
-0.348649
-0.348649
-0.348649
-0.348649
-0.348649
-0.348649
-0.348649
-0.348649
-0.348649
-0.348649
-0.348649
-0.348649
-0.348649
-0.348649
-0.348649
-0.348649
-0.348649
-0.348649
-0.348649
-0.348649
-0.348649
-0.348649
-0.348649
-0.348649
-0.348649
-0.348649
-0.348649
