1.2387789999999992
1.2301479999999998
1.2387789999999992
1.2301479999999998
1.2387789999999992
1.2301479999999998
1.2387789999999992
1.2301479999999998
1.2387789999999992
1.2301479999999998
1.2387789999999992
1.2301479999999998
1.2387789999999992
1.2301479999999998
1.2387789999999992
1.2301479999999998
1.2387789999999992
1.2301479999999998
1.2387789999999992
1.2301479999999998
1.2387789999999992
1.2301479999999998
1.2387789999999992
1.2301479999999998
1.2387789999999992
1.2301479999999998
1.2387789999999992
1.2301479999999998
1.2387789999999992
1.2301479999999998
1.2387789999999992
1.2301479999999998
1.2387789999999992
1.2301479999999998
1.2387789999999992
1.2301479999999998
1.2387789999999992
1.2301479999999998
1.2387789999999992
1.2301479999999998
1.2387789999999992
1.2301479999999998
1.2387789999999992
1.2301479999999998
1.2387789999999992
1.2301479999999998
1.2387789999999992
1.2301479999999998
1.2387789999999992
1.2301479999999998
1.2387789999999992
1.2301479999999998
1.2387789999999992
1.2301479999999998
1.2387789999999992
1.2301479999999998
1.2387789999999992
1.2301479999999998
1.2387789999999992
1.2301479999999998
1.2387789999999992
1.2301479999999998
1.2387789999999992
1.2301479999999998
1.2387789999999992
1.2301479999999998
1.2387789999999992
1.2301479999999998
1.2387789999999992
1.2301479999999998
1.2387789999999992
1.2301479999999998
1.2387789999999992
1.2301479999999998
1.2387789999999992
1.2301479999999998
1.2387789999999992
1.2301479999999998
1.2387789999999992
1.2301479999999998
1.2387789999999992
1.2301479999999998
1.2387789999999992
1.2301479999999998
1.2387789999999992
1.2301479999999998
1.2387789999999992
1.2301479999999998
1.2387789999999992
1.2301479999999998
1.2387789999999992
1.2301479999999998
1.2387789999999992
1.2301479999999998
1.2387789999999992
1.2301479999999998
1.2387789999999992
1.2301479999999998
1.2387789999999992
1.2301479999999998
1.2387789999999992
1.2301479999999998
1.2387789999999992
1.2301479999999998
1.2387789999999992
1.2301479999999998
1.2387789999999992
1.2301479999999998
-1.2346719999999998
-1.2342529999999998
-1.2346719999999998
-1.2342529999999998
-1.2346719999999998
-1.2342529999999998
-1.2346719999999998
-1.2342529999999998
-1.2346719999999998
-1.2342529999999998
-1.2346719999999998
-1.2342529999999998
-1.2346719999999998
-1.2342529999999998
-1.2346719999999998
-1.2342529999999998
-1.2346719999999998
-1.2342529999999998
-1.2346719999999998
-1.2342529999999998
-1.2346719999999998
-1.2342529999999998
-1.2346719999999998
-1.2342529999999998
-1.2346719999999998
-1.2342529999999998
-1.2346719999999998
-1.2342529999999998
-1.2346719999999998
-1.2342529999999998
-1.2346719999999998
-1.2342529999999998
-1.2346719999999998
-1.2342529999999998
-1.2346719999999998
-1.2342529999999998
-1.2346719999999998
-1.2342529999999998
-1.2346719999999998
-1.2342529999999998
-1.2346719999999998
-1.2342529999999998
-1.2346719999999998
-1.2342529999999998
-1.2346719999999998
-1.2342529999999998
-1.2346719999999998
-1.2342529999999998
-1.2346719999999998
-1.2342529999999998
-1.2346719999999998
-1.2342529999999998
-1.2346719999999998
-1.2342529999999998
-1.2346719999999998
-1.2342529999999998
-1.2346719999999998
-1.2342529999999998
-1.2346719999999998
-1.2342529999999998
-1.2346719999999998
-1.2342529999999998
-1.2346719999999998
-1.2342529999999998
-1.2346719999999998
-1.2342529999999998
-1.2346719999999998
-1.2342529999999998
-1.2346719999999998
-1.2342529999999998
-1.2346719999999998
-1.2342529999999998
-1.2346719999999998
-1.2342529999999998
-1.2346719999999998
-1.2342529999999998
-1.2346719999999998
-1.2342529999999998
-1.2346719999999998
-1.2342529999999998
-1.2346719999999998
-1.2342529999999998
-1.2346719999999998
-1.2342529999999998
-1.2346719999999998
-1.2342529999999998
-1.2346719999999998
-1.2342529999999998
-1.2346719999999998
-1.2342529999999998
-1.2346719999999998
-1.2342529999999998
-1.2346719999999998
-1.2342529999999998
-1.2346719999999998
-1.2342529999999998
-1.2346719999999998
-1.2342529999999998
-1.2346719999999998
-1.2342529999999998
-1.2346719999999998
-1.2342529999999998
-1.2346719999999998
-1.2342529999999998
-1.2346719999999998
-1.2342529999999998
-1.2346719999999998
-1.2342529999999998
