1.3178249999999991
1.343788
1.3178249999999991
1.343788
1.3178249999999991
1.343788
1.3178249999999991
1.343788
1.3178249999999991
1.343788
1.3178249999999991
1.343788
1.3178249999999991
1.343788
1.3178249999999991
1.343788
1.3178249999999991
1.343788
1.3178249999999991
1.343788
1.3178249999999991
1.343788
1.3178249999999991
1.343788
1.3178249999999991
1.343788
1.3178249999999991
1.343788
1.3178249999999991
1.343788
1.3178249999999991
1.343788
1.3178249999999991
1.343788
1.3178249999999991
1.343788
1.3178249999999991
1.343788
1.3178249999999991
1.343788
1.3178249999999991
1.343788
1.3178249999999991
1.343788
1.3178249999999991
1.343788
1.3178249999999991
1.343788
1.3178249999999991
1.343788
1.3178249999999991
1.343788
1.3178249999999991
1.343788
1.3178249999999991
1.343788
1.3178249999999991
1.343788
1.3178249999999991
1.343788
1.3178249999999991
1.343788
1.3178249999999991
1.343788
1.3178249999999991
1.343788
1.3178249999999991
1.343788
1.3178249999999991
1.343788
1.3178249999999991
1.343788
1.3178249999999991
1.343788
1.3178249999999991
1.343788
1.3178249999999991
1.343788
1.3178249999999991
1.343788
1.3178249999999991
1.343788
1.3178249999999991
1.343788
1.3178249999999991
1.343788
1.3178249999999991
1.343788
1.3178249999999991
1.343788
1.3178249999999991
1.343788
1.3178249999999991
1.343788
1.3178249999999991
1.343788
1.3178249999999991
1.343788
1.3178249999999991
1.343788
1.3178249999999991
1.343788
1.3178249999999991
1.343788
1.3178249999999991
1.343788
1.3178249999999991
1.343788
1.3178249999999991
1.343788
1.3178249999999991
1.343788
1.3178249999999991
1.343788
1.3178249999999991
1.343788
1.3178249999999991
1.343788
1.3178249999999991
1.343788
-1.3337450000000004
-1.3278679999999996
-1.3337450000000004
-1.3278679999999996
-1.3337450000000004
-1.3278679999999996
-1.3337450000000004
-1.3278679999999996
-1.3337450000000004
-1.3278679999999996
-1.3337450000000004
-1.3278679999999996
-1.3337450000000004
-1.3278679999999996
-1.3337450000000004
-1.3278679999999996
-1.3337450000000004
-1.3278679999999996
-1.3337450000000004
-1.3278679999999996
-1.3337450000000004
-1.3278679999999996
-1.3337450000000004
-1.3278679999999996
-1.3337450000000004
-1.3278679999999996
-1.3337450000000004
-1.3278679999999996
-1.3337450000000004
-1.3278679999999996
-1.3337450000000004
-1.3278679999999996
-1.3337450000000004
-1.3278679999999996
-1.3337450000000004
-1.3278679999999996
-1.3337450000000004
-1.3278679999999996
-1.3337450000000004
-1.3278679999999996
-1.3337450000000004
-1.3278679999999996
-1.3337450000000004
-1.3278679999999996
-1.3337450000000004
-1.3278679999999996
-1.3337450000000004
-1.3278679999999996
-1.3337450000000004
-1.3278679999999996
-1.3337450000000004
-1.3278679999999996
-1.3337450000000004
-1.3278679999999996
-1.3337450000000004
-1.3278679999999996
-1.3337450000000004
-1.3278679999999996
-1.3337450000000004
-1.3278679999999996
-1.3337450000000004
-1.3278679999999996
-1.3337450000000004
-1.3278679999999996
-1.3337450000000004
-1.3278679999999996
-1.3337450000000004
-1.3278679999999996
-1.3337450000000004
-1.3278679999999996
-1.3337450000000004
-1.3278679999999996
-1.3337450000000004
-1.3278679999999996
-1.3337450000000004
-1.3278679999999996
-1.3337450000000004
-1.3278679999999996
-1.3337450000000004
-1.3278679999999996
-1.3337450000000004
-1.3278679999999996
-1.3337450000000004
-1.3278679999999996
-1.3337450000000004
-1.3278679999999996
-1.3337450000000004
-1.3278679999999996
-1.3337450000000004
-1.3278679999999996
-1.3337450000000004
-1.3278679999999996
-1.3337450000000004
-1.3278679999999996
-1.3337450000000004
-1.3278679999999996
-1.3337450000000004
-1.3278679999999996
-1.3337450000000004
-1.3278679999999996
-1.3337450000000004
-1.3278679999999996
-1.3337450000000004
-1.3278679999999996
-1.3337450000000004
-1.3278679999999996
-1.3337450000000004
-1.3278679999999996
-1.3337450000000004
-1.3278679999999996
-1.3337450000000004
-1.3278679999999996
-1.3337450000000004
-1.3278679999999996
-1.3337450000000004
-1.3278679999999996
-1.3337450000000004
-1.3278679999999996
-1.3337450000000004
-1.3278679999999996
