1.2959650000000007
1.2494239999999994
1.2959650000000007
1.2494239999999994
1.2959650000000007
1.2494239999999994
1.2959650000000007
1.2494239999999994
1.2959650000000007
1.2494239999999994
1.2959650000000007
1.2494239999999994
1.2959650000000007
1.2494239999999994
1.2959650000000007
1.2494239999999994
1.2959650000000007
1.2494239999999994
1.2959650000000007
1.2494239999999994
1.2959650000000007
1.2494239999999994
1.2959650000000007
1.2494239999999994
1.2959650000000007
1.2494239999999994
1.2959650000000007
1.2494239999999994
1.2959650000000007
1.2494239999999994
1.2959650000000007
1.2494239999999994
1.2959650000000007
1.2494239999999994
1.2959650000000007
1.2494239999999994
1.2959650000000007
1.2494239999999994
1.2959650000000007
1.2494239999999994
1.2959650000000007
1.2494239999999994
1.2959650000000007
1.2494239999999994
1.2959650000000007
1.2494239999999994
1.2959650000000007
1.2494239999999994
1.2959650000000007
1.2494239999999994
1.2959650000000007
1.2494239999999994
1.2959650000000007
1.2494239999999994
1.2959650000000007
1.2494239999999994
1.2959650000000007
1.2494239999999994
1.2959650000000007
1.2494239999999994
1.2959650000000007
1.2494239999999994
1.2959650000000007
1.2494239999999994
1.2959650000000007
1.2494239999999994
1.2959650000000007
1.2494239999999994
1.2959650000000007
1.2494239999999994
1.2959650000000007
1.2494239999999994
1.2959650000000007
1.2494239999999994
1.2959650000000007
1.2494239999999994
1.2959650000000007
1.2494239999999994
1.2959650000000007
1.2494239999999994
1.2959650000000007
1.2494239999999994
1.2959650000000007
1.2494239999999994
1.2959650000000007
1.2494239999999994
1.2959650000000007
1.2494239999999994
1.2959650000000007
1.2494239999999994
1.2959650000000007
1.2494239999999994
1.2959650000000007
1.2494239999999994
1.2959650000000007
1.2494239999999994
1.2959650000000007
1.2494239999999994
1.2959650000000007
1.2494239999999994
1.2959650000000007
1.2494239999999994
1.2959650000000007
1.2494239999999994
1.2959650000000007
1.2494239999999994
1.2959650000000007
1.2494239999999994
-1.2536300000000002
-1.29176
-1.2536300000000002
-1.29176
-1.2536300000000002
-1.29176
-1.2536300000000002
-1.29176
-1.2536300000000002
-1.29176
-1.2536300000000002
-1.29176
-1.2536300000000002
-1.29176
-1.2536300000000002
-1.29176
-1.2536300000000002
-1.29176
-1.2536300000000002
-1.29176
-1.2536300000000002
-1.29176
-1.2536300000000002
-1.29176
-1.2536300000000002
-1.29176
-1.2536300000000002
-1.29176
-1.2536300000000002
-1.29176
-1.2536300000000002
-1.29176
-1.2536300000000002
-1.29176
-1.2536300000000002
-1.29176
-1.2536300000000002
-1.29176
-1.2536300000000002
-1.29176
-1.2536300000000002
-1.29176
-1.2536300000000002
-1.29176
-1.2536300000000002
-1.29176
-1.2536300000000002
-1.29176
-1.2536300000000002
-1.29176
-1.2536300000000002
-1.29176
-1.2536300000000002
-1.29176
-1.2536300000000002
-1.29176
-1.2536300000000002
-1.29176
-1.2536300000000002
-1.29176
-1.2536300000000002
-1.29176
-1.2536300000000002
-1.29176
-1.2536300000000002
-1.29176
-1.2536300000000002
-1.29176
-1.2536300000000002
-1.29176
-1.2536300000000002
-1.29176
-1.2536300000000002
-1.29176
-1.2536300000000002
-1.29176
-1.2536300000000002
-1.29176
-1.2536300000000002
-1.29176
-1.2536300000000002
-1.29176
-1.2536300000000002
-1.29176
-1.2536300000000002
-1.29176
-1.2536300000000002
-1.29176
-1.2536300000000002
-1.29176
-1.2536300000000002
-1.29176
-1.2536300000000002
-1.29176
-1.2536300000000002
-1.29176
-1.2536300000000002
-1.29176
-1.2536300000000002
-1.29176
-1.2536300000000002
-1.29176
-1.2536300000000002
-1.29176
-1.2536300000000002
-1.29176
-1.2536300000000002
-1.29176
