1.1961110000000001
1.3277319999999992
1.3146909999999998
1.2173040000000004
1.1961110000000001
1.3277319999999992
1.3146909999999998
1.2173040000000004
1.1961110000000001
1.3277319999999992
1.3146909999999998
1.2173040000000004
1.1961110000000001
1.3277319999999992
1.3146909999999998
1.2173040000000004
1.1961110000000001
1.3277319999999992
1.3146909999999998
1.2173040000000004
1.1961110000000001
1.3277319999999992
1.3146909999999998
1.2173040000000004
1.1961110000000001
1.3277319999999992
1.3146909999999998
1.2173040000000004
1.1961110000000001
1.3277319999999992
1.3146909999999998
1.2173040000000004
1.1961110000000001
1.3277319999999992
1.3146909999999998
1.2173040000000004
1.1961110000000001
1.3277319999999992
1.3146909999999998
1.2173040000000004
1.1961110000000001
1.3277319999999992
1.3146909999999998
1.2173040000000004
1.1961110000000001
1.3277319999999992
1.3146909999999998
1.2173040000000004
1.1961110000000001
1.3277319999999992
1.3146909999999998
1.2173040000000004
1.1961110000000001
1.3277319999999992
1.3146909999999998
1.2173040000000004
1.1961110000000001
1.3277319999999992
1.3146909999999998
1.2173040000000004
1.1961110000000001
1.3277319999999992
1.3146909999999998
1.2173040000000004
1.1961110000000001
1.3277319999999992
1.3146909999999998
1.2173040000000004
1.1961110000000001
1.3277319999999992
1.3146909999999998
1.2173040000000004
1.1961110000000001
1.3277319999999992
1.3146909999999998
1.2173040000000004
1.1961110000000001
1.3277319999999992
1.3146909999999998
1.2173040000000004
1.1961110000000001
1.3277319999999992
1.3146909999999998
1.2173040000000004
1.1961110000000001
1.3277319999999992
1.3146909999999998
1.2173040000000004
1.1961110000000001
1.3277319999999992
1.3146909999999998
1.2173040000000004
1.1961110000000001
1.3277319999999992
1.3146909999999998
1.2173040000000004
1.1961110000000001
1.3277319999999992
1.3146909999999998
1.2173040000000004
1.1961110000000001
1.3277319999999992
1.3146909999999998
1.2173040000000004
1.1961110000000001
1.3277319999999992
1.3146909999999998
1.2173040000000004
1.1961110000000001
1.3277319999999992
1.3146909999999998
1.2173040000000004
1.1961110000000001
1.3277319999999992
1.3146909999999998
1.2173040000000004
1.1961110000000001
1.3277319999999992
1.3146909999999998
1.2173040000000004
1.1961110000000001
1.3277319999999992
1.3146909999999998
1.2173040000000004
1.1961110000000001
1.3277319999999992
1.3146909999999998
1.2173040000000004
1.1961110000000001
1.3277319999999992
1.3146909999999998
1.2173040000000004
1.1961110000000001
1.3277319999999992
1.3146909999999998
1.2173040000000004
1.1961110000000001
1.3277319999999992
1.3146909999999998
1.2173040000000004
1.1961110000000001
1.3277319999999992
1.3146909999999998
1.2173040000000004
1.1961110000000001
1.3277319999999992
1.3146909999999998
1.2173040000000004
1.1961110000000001
1.3277319999999992
1.3146909999999998
1.2173040000000004
1.1961110000000001
1.3277319999999992
1.3146909999999998
1.2173040000000004
1.1961110000000001
1.3277319999999992
1.3146909999999998
1.2173040000000004
1.1961110000000001
1.3277319999999992
1.3146909999999998
1.2173040000000004
1.1961110000000001
1.3277319999999992
1.3146909999999998
1.2173040000000004
1.1961110000000001
1.3277319999999992
1.3146909999999998
1.2173040000000004
1.1961110000000001
1.3277319999999992
1.3146909999999998
1.2173040000000004
1.1961110000000001
1.3277319999999992
1.3146909999999998
1.2173040000000004
-1.3320790000000002
-1.2753300000000003
-1.2419589999999996
-1.2064690000000002
-1.3320790000000002
-1.2753300000000003
-1.2419589999999996
-1.2064690000000002
-1.3320790000000002
-1.2753300000000003
-1.2419589999999996
-1.2064690000000002
-1.3320790000000002
-1.2753300000000003
-1.2419589999999996
-1.2064690000000002
-1.3320790000000002
-1.2753300000000003
-1.2419589999999996
-1.2064690000000002
-1.3320790000000002
-1.2753300000000003
-1.2419589999999996
-1.2064690000000002
-1.3320790000000002
-1.2753300000000003
-1.2419589999999996
-1.2064690000000002
-1.3320790000000002
-1.2753300000000003
-1.2419589999999996
-1.2064690000000002
-1.3320790000000002
-1.2753300000000003
-1.2419589999999996
-1.2064690000000002
-1.3320790000000002
-1.2753300000000003
-1.2419589999999996
-1.2064690000000002
-1.3320790000000002
-1.2753300000000003
-1.2419589999999996
-1.2064690000000002
-1.3320790000000002
-1.2753300000000003
-1.2419589999999996
-1.2064690000000002
-1.3320790000000002
-1.2753300000000003
-1.2419589999999996
-1.2064690000000002
-1.3320790000000002
-1.2753300000000003
-1.2419589999999996
-1.2064690000000002
-1.3320790000000002
-1.2753300000000003
-1.2419589999999996
-1.2064690000000002
-1.3320790000000002
-1.2753300000000003
-1.2419589999999996
-1.2064690000000002
-1.3320790000000002
-1.2753300000000003
-1.2419589999999996
-1.2064690000000002
-1.3320790000000002
-1.2753300000000003
-1.2419589999999996
-1.2064690000000002
-1.3320790000000002
-1.2753300000000003
-1.2419589999999996
-1.2064690000000002
-1.3320790000000002
-1.2753300000000003
-1.2419589999999996
-1.2064690000000002
-1.3320790000000002
-1.2753300000000003
-1.2419589999999996
-1.2064690000000002
-1.3320790000000002
-1.2753300000000003
-1.2419589999999996
-1.2064690000000002
-1.3320790000000002
-1.2753300000000003
-1.2419589999999996
-1.2064690000000002
-1.3320790000000002
-1.2753300000000003
-1.2419589999999996
-1.2064690000000002
-1.3320790000000002
-1.2753300000000003
-1.2419589999999996
-1.2064690000000002
-1.3320790000000002
-1.2753300000000003
-1.2419589999999996
-1.2064690000000002
-1.3320790000000002
-1.2753300000000003
-1.2419589999999996
-1.2064690000000002
-1.3320790000000002
-1.2753300000000003
-1.2419589999999996
-1.2064690000000002
-1.3320790000000002
-1.2753300000000003
-1.2419589999999996
-1.2064690000000002
-1.3320790000000002
-1.2753300000000003
-1.2419589999999996
-1.2064690000000002
-1.3320790000000002
-1.2753300000000003
-1.2419589999999996
-1.2064690000000002
-1.3320790000000002
-1.2753300000000003
-1.2419589999999996
-1.2064690000000002
-1.3320790000000002
-1.2753300000000003
-1.2419589999999996
-1.2064690000000002
-1.3320790000000002
-1.2753300000000003
-1.2419589999999996
-1.2064690000000002
-1.3320790000000002
-1.2753300000000003
-1.2419589999999996
-1.2064690000000002
-1.3320790000000002
-1.2753300000000003
-1.2419589999999996
-1.2064690000000002
-1.3320790000000002
-1.2753300000000003
-1.2419589999999996
-1.2064690000000002
-1.3320790000000002
-1.2753300000000003
-1.2419589999999996
-1.2064690000000002
-1.3320790000000002
-1.2753300000000003
-1.2419589999999996
-1.2064690000000002
-1.3320790000000002
-1.2753300000000003
-1.2419589999999996
-1.2064690000000002
-1.3320790000000002
-1.2753300000000003
-1.2419589999999996
-1.2064690000000002
-1.3320790000000002
-1.2753300000000003
-1.2419589999999996
-1.2064690000000002
-1.3320790000000002
-1.2753300000000003
-1.2419589999999996
-1.2064690000000002
-1.3320790000000002
-1.2753300000000003
-1.2419589999999996
-1.2064690000000002
-1.3320790000000002
-1.2753300000000003
-1.2419589999999996
-1.2064690000000002
