1.4355189999999993
1.44623
1.4449170000000002
1.442285
1.4355189999999993
1.44623
1.4449170000000002
1.442285
1.4355189999999993
1.44623
1.4449170000000002
1.442285
1.4355189999999993
1.44623
1.4449170000000002
1.442285
1.4355189999999993
1.44623
1.4449170000000002
1.442285
1.4355189999999993
1.44623
1.4449170000000002
1.442285
1.4355189999999993
1.44623
1.4449170000000002
1.442285
1.4355189999999993
1.44623
1.4449170000000002
1.442285
1.4355189999999993
1.44623
1.4449170000000002
1.442285
1.4355189999999993
1.44623
1.4449170000000002
1.442285
1.4355189999999993
1.44623
1.4449170000000002
1.442285
1.4355189999999993
1.44623
1.4449170000000002
1.442285
1.4355189999999993
1.44623
1.4449170000000002
1.442285
1.4355189999999993
1.44623
1.4449170000000002
1.442285
1.4355189999999993
1.44623
1.4449170000000002
1.442285
1.4355189999999993
1.44623
1.4449170000000002
1.442285
1.4355189999999993
1.44623
1.4449170000000002
1.442285
1.4355189999999993
1.44623
1.4449170000000002
1.442285
1.4355189999999993
1.44623
1.4449170000000002
1.442285
1.4355189999999993
1.44623
1.4449170000000002
1.442285
1.4355189999999993
1.44623
1.4449170000000002
1.442285
1.4355189999999993
1.44623
1.4449170000000002
1.442285
1.4355189999999993
1.44623
1.4449170000000002
1.442285
1.4355189999999993
1.44623
1.4449170000000002
1.442285
1.4355189999999993
1.44623
1.4449170000000002
1.442285
1.4355189999999993
1.44623
1.4449170000000002
1.442285
1.4355189999999993
1.44623
1.4449170000000002
1.442285
-1.4422040000000003
-1.441166
-1.4422560000000004
-1.4433239999999996
-1.4422040000000003
-1.441166
-1.4422560000000004
-1.4433239999999996
-1.4422040000000003
-1.441166
-1.4422560000000004
-1.4433239999999996
-1.4422040000000003
-1.441166
-1.4422560000000004
-1.4433239999999996
-1.4422040000000003
-1.441166
-1.4422560000000004
-1.4433239999999996
-1.4422040000000003
-1.441166
-1.4422560000000004
-1.4433239999999996
-1.4422040000000003
-1.441166
-1.4422560000000004
-1.4433239999999996
-1.4422040000000003
-1.441166
-1.4422560000000004
-1.4433239999999996
-1.4422040000000003
-1.441166
-1.4422560000000004
-1.4433239999999996
-1.4422040000000003
-1.441166
-1.4422560000000004
-1.4433239999999996
-1.4422040000000003
-1.441166
-1.4422560000000004
-1.4433239999999996
-1.4422040000000003
-1.441166
-1.4422560000000004
-1.4433239999999996
-1.4422040000000003
-1.441166
-1.4422560000000004
-1.4433239999999996
-1.4422040000000003
-1.441166
-1.4422560000000004
-1.4433239999999996
-1.4422040000000003
-1.441166
-1.4422560000000004
-1.4433239999999996
-1.4422040000000003
-1.441166
-1.4422560000000004
-1.4433239999999996
-1.4422040000000003
-1.441166
-1.4422560000000004
-1.4433239999999996
-1.4422040000000003
-1.441166
-1.4422560000000004
-1.4433239999999996
-1.4422040000000003
-1.441166
-1.4422560000000004
-1.4433239999999996
-1.4422040000000003
-1.441166
-1.4422560000000004
-1.4433239999999996
-1.4422040000000003
-1.441166
-1.4422560000000004
-1.4433239999999996
-1.4422040000000003
-1.441166
-1.4422560000000004
-1.4433239999999996
-1.4422040000000003
-1.441166
-1.4422560000000004
-1.4433239999999996
-1.4422040000000003
-1.441166
-1.4422560000000004
-1.4433239999999996
-1.4422040000000003
-1.441166
-1.4422560000000004
-1.4433239999999996
-1.4422040000000003
-1.441166
-1.4422560000000004
-1.4433239999999996
-1.4422040000000003
-1.441166
-1.4422560000000004
-1.4433239999999996
