1.423019
1.4096130000000002
1.4200890000000008
1.4166980000000002
1.423019
1.4096130000000002
1.4200890000000008
1.4166980000000002
1.423019
1.4096130000000002
1.4200890000000008
1.4166980000000002
1.423019
1.4096130000000002
1.4200890000000008
1.4166980000000002
1.423019
1.4096130000000002
1.4200890000000008
1.4166980000000002
1.423019
1.4096130000000002
1.4200890000000008
1.4166980000000002
1.423019
1.4096130000000002
1.4200890000000008
1.4166980000000002
1.423019
1.4096130000000002
1.4200890000000008
1.4166980000000002
1.423019
1.4096130000000002
1.4200890000000008
1.4166980000000002
1.423019
1.4096130000000002
1.4200890000000008
1.4166980000000002
1.423019
1.4096130000000002
1.4200890000000008
1.4166980000000002
1.423019
1.4096130000000002
1.4200890000000008
1.4166980000000002
1.423019
1.4096130000000002
1.4200890000000008
1.4166980000000002
1.423019
1.4096130000000002
1.4200890000000008
1.4166980000000002
1.423019
1.4096130000000002
1.4200890000000008
1.4166980000000002
1.423019
1.4096130000000002
1.4200890000000008
1.4166980000000002
1.423019
1.4096130000000002
1.4200890000000008
1.4166980000000002
1.423019
1.4096130000000002
1.4200890000000008
1.4166980000000002
1.423019
1.4096130000000002
1.4200890000000008
1.4166980000000002
1.423019
1.4096130000000002
1.4200890000000008
1.4166980000000002
1.423019
1.4096130000000002
1.4200890000000008
1.4166980000000002
1.423019
1.4096130000000002
1.4200890000000008
1.4166980000000002
1.423019
1.4096130000000002
1.4200890000000008
1.4166980000000002
1.423019
1.4096130000000002
1.4200890000000008
1.4166980000000002
1.423019
1.4096130000000002
1.4200890000000008
1.4166980000000002
1.423019
1.4096130000000002
1.4200890000000008
1.4166980000000002
1.423019
1.4096130000000002
1.4200890000000008
1.4166980000000002
1.423019
1.4096130000000002
1.4200890000000008
1.4166980000000002
1.423019
1.4096130000000002
1.4200890000000008
1.4166980000000002
1.423019
1.4096130000000002
1.4200890000000008
1.4166980000000002
1.423019
1.4096130000000002
1.4200890000000008
1.4166980000000002
1.423019
1.4096130000000002
1.4200890000000008
1.4166980000000002
1.423019
1.4096130000000002
1.4200890000000008
1.4166980000000002
1.423019
1.4096130000000002
1.4200890000000008
1.4166980000000002
1.423019
1.4096130000000002
1.4200890000000008
1.4166980000000002
1.423019
1.4096130000000002
1.4200890000000008
1.4166980000000002
-1.4167620000000003
-1.4204540000000003
-1.4139
-1.4183000000000003
-1.4167620000000003
-1.4204540000000003
-1.4139
-1.4183000000000003
-1.4167620000000003
-1.4204540000000003
-1.4139
-1.4183000000000003
-1.4167620000000003
-1.4204540000000003
-1.4139
-1.4183000000000003
-1.4167620000000003
-1.4204540000000003
-1.4139
-1.4183000000000003
-1.4167620000000003
-1.4204540000000003
-1.4139
-1.4183000000000003
-1.4167620000000003
-1.4204540000000003
-1.4139
-1.4183000000000003
-1.4167620000000003
-1.4204540000000003
-1.4139
-1.4183000000000003
-1.4167620000000003
-1.4204540000000003
-1.4139
-1.4183000000000003
-1.4167620000000003
-1.4204540000000003
-1.4139
-1.4183000000000003
-1.4167620000000003
-1.4204540000000003
-1.4139
-1.4183000000000003
-1.4167620000000003
-1.4204540000000003
-1.4139
-1.4183000000000003
-1.4167620000000003
-1.4204540000000003
-1.4139
-1.4183000000000003
-1.4167620000000003
-1.4204540000000003
-1.4139
-1.4183000000000003
-1.4167620000000003
-1.4204540000000003
-1.4139
-1.4183000000000003
-1.4167620000000003
-1.4204540000000003
-1.4139
-1.4183000000000003
-1.4167620000000003
-1.4204540000000003
-1.4139
-1.4183000000000003
-1.4167620000000003
-1.4204540000000003
-1.4139
-1.4183000000000003
-1.4167620000000003
-1.4204540000000003
-1.4139
-1.4183000000000003
-1.4167620000000003
-1.4204540000000003
-1.4139
-1.4183000000000003
-1.4167620000000003
-1.4204540000000003
-1.4139
-1.4183000000000003
-1.4167620000000003
-1.4204540000000003
-1.4139
-1.4183000000000003
-1.4167620000000003
-1.4204540000000003
-1.4139
-1.4183000000000003
-1.4167620000000003
-1.4204540000000003
-1.4139
-1.4183000000000003
-1.4167620000000003
-1.4204540000000003
-1.4139
-1.4183000000000003
-1.4167620000000003
-1.4204540000000003
-1.4139
-1.4183000000000003
-1.4167620000000003
-1.4204540000000003
-1.4139
-1.4183000000000003
-1.4167620000000003
-1.4204540000000003
-1.4139
-1.4183000000000003
-1.4167620000000003
-1.4204540000000003
-1.4139
-1.4183000000000003
-1.4167620000000003
-1.4204540000000003
-1.4139
-1.4183000000000003
-1.4167620000000003
-1.4204540000000003
-1.4139
-1.4183000000000003
-1.4167620000000003
-1.4204540000000003
-1.4139
-1.4183000000000003
-1.4167620000000003
-1.4204540000000003
-1.4139
-1.4183000000000003
-1.4167620000000003
-1.4204540000000003
-1.4139
-1.4183000000000003
-1.4167620000000003
-1.4204540000000003
-1.4139
-1.4183000000000003
-1.4167620000000003
-1.4204540000000003
-1.4139
-1.4183000000000003
