1.1718119999999992
1.3154559999999993
1.2623739999999994
1.2382919999999995
1.1718119999999992
1.3154559999999993
1.2623739999999994
1.2382919999999995
1.1718119999999992
1.3154559999999993
1.2623739999999994
1.2382919999999995
1.1718119999999992
1.3154559999999993
1.2623739999999994
1.2382919999999995
1.1718119999999992
1.3154559999999993
1.2623739999999994
1.2382919999999995
1.1718119999999992
1.3154559999999993
1.2623739999999994
1.2382919999999995
1.1718119999999992
1.3154559999999993
1.2623739999999994
1.2382919999999995
1.1718119999999992
1.3154559999999993
1.2623739999999994
1.2382919999999995
1.1718119999999992
1.3154559999999993
1.2623739999999994
1.2382919999999995
1.1718119999999992
1.3154559999999993
1.2623739999999994
1.2382919999999995
1.1718119999999992
1.3154559999999993
1.2623739999999994
1.2382919999999995
1.1718119999999992
1.3154559999999993
1.2623739999999994
1.2382919999999995
1.1718119999999992
1.3154559999999993
1.2623739999999994
1.2382919999999995
1.1718119999999992
1.3154559999999993
1.2623739999999994
1.2382919999999995
1.1718119999999992
1.3154559999999993
1.2623739999999994
1.2382919999999995
1.1718119999999992
1.3154559999999993
1.2623739999999994
1.2382919999999995
1.1718119999999992
1.3154559999999993
1.2623739999999994
1.2382919999999995
1.1718119999999992
1.3154559999999993
1.2623739999999994
1.2382919999999995
1.1718119999999992
1.3154559999999993
1.2623739999999994
1.2382919999999995
1.1718119999999992
1.3154559999999993
1.2623739999999994
1.2382919999999995
1.1718119999999992
1.3154559999999993
1.2623739999999994
1.2382919999999995
1.1718119999999992
1.3154559999999993
1.2623739999999994
1.2382919999999995
1.1718119999999992
1.3154559999999993
1.2623739999999994
1.2382919999999995
1.1718119999999992
1.3154559999999993
1.2623739999999994
1.2382919999999995
1.1718119999999992
1.3154559999999993
1.2623739999999994
1.2382919999999995
1.1718119999999992
1.3154559999999993
1.2623739999999994
1.2382919999999995
1.1718119999999992
1.3154559999999993
1.2623739999999994
1.2382919999999995
1.1718119999999992
1.3154559999999993
1.2623739999999994
1.2382919999999995
1.1718119999999992
1.3154559999999993
1.2623739999999994
1.2382919999999995
1.1718119999999992
1.3154559999999993
1.2623739999999994
1.2382919999999995
1.1718119999999992
1.3154559999999993
1.2623739999999994
1.2382919999999995
1.1718119999999992
1.3154559999999993
1.2623739999999994
1.2382919999999995
1.1718119999999992
1.3154559999999993
1.2623739999999994
1.2382919999999995
1.1718119999999992
1.3154559999999993
1.2623739999999994
1.2382919999999995
1.1718119999999992
1.3154559999999993
1.2623739999999994
1.2382919999999995
1.1718119999999992
1.3154559999999993
1.2623739999999994
1.2382919999999995
1.1718119999999992
1.3154559999999993
1.2623739999999994
1.2382919999999995
1.1718119999999992
1.3154559999999993
1.2623739999999994
1.2382919999999995
1.1718119999999992
1.3154559999999993
1.2623739999999994
1.2382919999999995
1.1718119999999992
1.3154559999999993
1.2623739999999994
1.2382919999999995
-1.2463189999999997
-1.20613
-1.2574560000000004
-1.2780300000000002
-1.2463189999999997
-1.20613
-1.2574560000000004
-1.2780300000000002
-1.2463189999999997
-1.20613
-1.2574560000000004
-1.2780300000000002
-1.2463189999999997
-1.20613
-1.2574560000000004
-1.2780300000000002
-1.2463189999999997
-1.20613
-1.2574560000000004
-1.2780300000000002
-1.2463189999999997
-1.20613
-1.2574560000000004
-1.2780300000000002
-1.2463189999999997
-1.20613
-1.2574560000000004
-1.2780300000000002
-1.2463189999999997
-1.20613
-1.2574560000000004
-1.2780300000000002
-1.2463189999999997
-1.20613
-1.2574560000000004
-1.2780300000000002
-1.2463189999999997
-1.20613
-1.2574560000000004
-1.2780300000000002
-1.2463189999999997
-1.20613
-1.2574560000000004
-1.2780300000000002
-1.2463189999999997
-1.20613
-1.2574560000000004
-1.2780300000000002
-1.2463189999999997
-1.20613
-1.2574560000000004
-1.2780300000000002
-1.2463189999999997
-1.20613
-1.2574560000000004
-1.2780300000000002
-1.2463189999999997
-1.20613
-1.2574560000000004
-1.2780300000000002
-1.2463189999999997
-1.20613
-1.2574560000000004
-1.2780300000000002
-1.2463189999999997
-1.20613
-1.2574560000000004
-1.2780300000000002
-1.2463189999999997
-1.20613
-1.2574560000000004
-1.2780300000000002
-1.2463189999999997
-1.20613
-1.2574560000000004
-1.2780300000000002
-1.2463189999999997
-1.20613
-1.2574560000000004
-1.2780300000000002
-1.2463189999999997
-1.20613
-1.2574560000000004
-1.2780300000000002
-1.2463189999999997
-1.20613
-1.2574560000000004
-1.2780300000000002
-1.2463189999999997
-1.20613
-1.2574560000000004
-1.2780300000000002
-1.2463189999999997
-1.20613
-1.2574560000000004
-1.2780300000000002
-1.2463189999999997
-1.20613
-1.2574560000000004
-1.2780300000000002
-1.2463189999999997
-1.20613
-1.2574560000000004
-1.2780300000000002
-1.2463189999999997
-1.20613
-1.2574560000000004
-1.2780300000000002
-1.2463189999999997
-1.20613
-1.2574560000000004
-1.2780300000000002
-1.2463189999999997
-1.20613
-1.2574560000000004
-1.2780300000000002
-1.2463189999999997
-1.20613
-1.2574560000000004
-1.2780300000000002
-1.2463189999999997
-1.20613
-1.2574560000000004
-1.2780300000000002
-1.2463189999999997
-1.20613
-1.2574560000000004
-1.2780300000000002
-1.2463189999999997
-1.20613
-1.2574560000000004
-1.2780300000000002
-1.2463189999999997
-1.20613
-1.2574560000000004
-1.2780300000000002
-1.2463189999999997
-1.20613
-1.2574560000000004
-1.2780300000000002
-1.2463189999999997
-1.20613
-1.2574560000000004
-1.2780300000000002
-1.2463189999999997
-1.20613
-1.2574560000000004
-1.2780300000000002
-1.2463189999999997
-1.20613
-1.2574560000000004
-1.2780300000000002
-1.2463189999999997
-1.20613
-1.2574560000000004
-1.2780300000000002
-1.2463189999999997
-1.20613
-1.2574560000000004
-1.2780300000000002
