1.4320979999999999
1.430714
1.4232399999999998
1.4234410000000004
1.4320979999999999
1.430714
1.4232399999999998
1.4234410000000004
1.4320979999999999
1.430714
1.4232399999999998
1.4234410000000004
1.4320979999999999
1.430714
1.4232399999999998
1.4234410000000004
1.4320979999999999
1.430714
1.4232399999999998
1.4234410000000004
1.4320979999999999
1.430714
1.4232399999999998
1.4234410000000004
1.4320979999999999
1.430714
1.4232399999999998
1.4234410000000004
1.4320979999999999
1.430714
1.4232399999999998
1.4234410000000004
1.4320979999999999
1.430714
1.4232399999999998
1.4234410000000004
1.4320979999999999
1.430714
1.4232399999999998
1.4234410000000004
1.4320979999999999
1.430714
1.4232399999999998
1.4234410000000004
1.4320979999999999
1.430714
1.4232399999999998
1.4234410000000004
1.4320979999999999
1.430714
1.4232399999999998
1.4234410000000004
1.4320979999999999
1.430714
1.4232399999999998
1.4234410000000004
1.4320979999999999
1.430714
1.4232399999999998
1.4234410000000004
1.4320979999999999
1.430714
1.4232399999999998
1.4234410000000004
1.4320979999999999
1.430714
1.4232399999999998
1.4234410000000004
1.4320979999999999
1.430714
1.4232399999999998
1.4234410000000004
1.4320979999999999
1.430714
1.4232399999999998
1.4234410000000004
1.4320979999999999
1.430714
1.4232399999999998
1.4234410000000004
1.4320979999999999
1.430714
1.4232399999999998
1.4234410000000004
1.4320979999999999
1.430714
1.4232399999999998
1.4234410000000004
1.4320979999999999
1.430714
1.4232399999999998
1.4234410000000004
1.4320979999999999
1.430714
1.4232399999999998
1.4234410000000004
1.4320979999999999
1.430714
1.4232399999999998
1.4234410000000004
1.4320979999999999
1.430714
1.4232399999999998
1.4234410000000004
1.4320979999999999
1.430714
1.4232399999999998
1.4234410000000004
1.4320979999999999
1.430714
1.4232399999999998
1.4234410000000004
1.4320979999999999
1.430714
1.4232399999999998
1.4234410000000004
1.4320979999999999
1.430714
1.4232399999999998
1.4234410000000004
1.4320979999999999
1.430714
1.4232399999999998
1.4234410000000004
1.4320979999999999
1.430714
1.4232399999999998
1.4234410000000004
1.4320979999999999
1.430714
1.4232399999999998
1.4234410000000004
1.4320979999999999
1.430714
1.4232399999999998
1.4234410000000004
1.4320979999999999
1.430714
1.4232399999999998
1.4234410000000004
1.4320979999999999
1.430714
1.4232399999999998
1.4234410000000004
1.4320979999999999
1.430714
1.4232399999999998
1.4234410000000004
1.4320979999999999
1.430714
1.4232399999999998
1.4234410000000004
1.4320979999999999
1.430714
1.4232399999999998
1.4234410000000004
1.4320979999999999
1.430714
1.4232399999999998
1.4234410000000004
1.4320979999999999
1.430714
1.4232399999999998
1.4234410000000004
1.4320979999999999
1.430714
1.4232399999999998
1.4234410000000004
1.4320979999999999
1.430714
1.4232399999999998
1.4234410000000004
1.4320979999999999
1.430714
1.4232399999999998
1.4234410000000004
1.4320979999999999
1.430714
1.4232399999999998
1.4234410000000004
1.4320979999999999
1.430714
1.4232399999999998
1.4234410000000004
1.4320979999999999
1.430714
1.4232399999999998
1.4234410000000004
1.4320979999999999
1.430714
1.4232399999999998
1.4234410000000004
-1.4241029999999997
-1.4275770000000003
-1.4308779999999999
-1.4269299999999996
-1.4241029999999997
-1.4275770000000003
-1.4308779999999999
-1.4269299999999996
-1.4241029999999997
-1.4275770000000003
-1.4308779999999999
-1.4269299999999996
-1.4241029999999997
-1.4275770000000003
-1.4308779999999999
-1.4269299999999996
-1.4241029999999997
-1.4275770000000003
-1.4308779999999999
-1.4269299999999996
-1.4241029999999997
-1.4275770000000003
-1.4308779999999999
-1.4269299999999996
-1.4241029999999997
-1.4275770000000003
-1.4308779999999999
-1.4269299999999996
-1.4241029999999997
-1.4275770000000003
-1.4308779999999999
-1.4269299999999996
-1.4241029999999997
-1.4275770000000003
-1.4308779999999999
-1.4269299999999996
-1.4241029999999997
-1.4275770000000003
-1.4308779999999999
-1.4269299999999996
-1.4241029999999997
-1.4275770000000003
-1.4308779999999999
-1.4269299999999996
-1.4241029999999997
-1.4275770000000003
-1.4308779999999999
-1.4269299999999996
-1.4241029999999997
-1.4275770000000003
-1.4308779999999999
-1.4269299999999996
-1.4241029999999997
-1.4275770000000003
-1.4308779999999999
-1.4269299999999996
-1.4241029999999997
-1.4275770000000003
-1.4308779999999999
-1.4269299999999996
-1.4241029999999997
-1.4275770000000003
-1.4308779999999999
-1.4269299999999996
-1.4241029999999997
-1.4275770000000003
-1.4308779999999999
-1.4269299999999996
-1.4241029999999997
-1.4275770000000003
-1.4308779999999999
-1.4269299999999996
-1.4241029999999997
-1.4275770000000003
-1.4308779999999999
-1.4269299999999996
-1.4241029999999997
-1.4275770000000003
-1.4308779999999999
-1.4269299999999996
-1.4241029999999997
-1.4275770000000003
-1.4308779999999999
-1.4269299999999996
-1.4241029999999997
-1.4275770000000003
-1.4308779999999999
-1.4269299999999996
-1.4241029999999997
-1.4275770000000003
-1.4308779999999999
-1.4269299999999996
-1.4241029999999997
-1.4275770000000003
-1.4308779999999999
-1.4269299999999996
-1.4241029999999997
-1.4275770000000003
-1.4308779999999999
-1.4269299999999996
-1.4241029999999997
-1.4275770000000003
-1.4308779999999999
-1.4269299999999996
-1.4241029999999997
-1.4275770000000003
-1.4308779999999999
-1.4269299999999996
-1.4241029999999997
-1.4275770000000003
-1.4308779999999999
-1.4269299999999996
-1.4241029999999997
-1.4275770000000003
-1.4308779999999999
-1.4269299999999996
-1.4241029999999997
-1.4275770000000003
-1.4308779999999999
-1.4269299999999996
-1.4241029999999997
-1.4275770000000003
-1.4308779999999999
-1.4269299999999996
-1.4241029999999997
-1.4275770000000003
-1.4308779999999999
-1.4269299999999996
-1.4241029999999997
-1.4275770000000003
-1.4308779999999999
-1.4269299999999996
-1.4241029999999997
-1.4275770000000003
-1.4308779999999999
-1.4269299999999996
-1.4241029999999997
-1.4275770000000003
-1.4308779999999999
-1.4269299999999996
-1.4241029999999997
-1.4275770000000003
-1.4308779999999999
-1.4269299999999996
-1.4241029999999997
-1.4275770000000003
-1.4308779999999999
-1.4269299999999996
-1.4241029999999997
-1.4275770000000003
-1.4308779999999999
-1.4269299999999996
-1.4241029999999997
-1.4275770000000003
-1.4308779999999999
-1.4269299999999996
-1.4241029999999997
-1.4275770000000003
-1.4308779999999999
-1.4269299999999996
-1.4241029999999997
-1.4275770000000003
-1.4308779999999999
-1.4269299999999996
-1.4241029999999997
-1.4275770000000003
-1.4308779999999999
-1.4269299999999996
-1.4241029999999997
-1.4275770000000003
-1.4308779999999999
-1.4269299999999996
-1.4241029999999997
-1.4275770000000003
-1.4308779999999999
-1.4269299999999996
-1.4241029999999997
-1.4275770000000003
-1.4308779999999999
-1.4269299999999996
-1.4241029999999997
-1.4275770000000003
-1.4308779999999999
-1.4269299999999996
-1.4241029999999997
-1.4275770000000003
-1.4308779999999999
-1.4269299999999996
-1.4241029999999997
-1.4275770000000003
-1.4308779999999999
-1.4269299999999996
