0.8097390000000004
0.8097390000000004
0.8097390000000004
0.8097390000000004
0.8097390000000004
0.8097390000000004
0.8097390000000004
0.8097390000000004
0.8097390000000004
0.8097390000000004
0.8097390000000004
0.8097390000000004
0.8097390000000004
0.8097390000000004
0.8097390000000004
0.8097390000000004
0.8097390000000004
0.8097390000000004
0.8097390000000004
0.8097390000000004
0.8097390000000004
0.8097390000000004
0.8097390000000004
0.8097390000000004
0.8097390000000004
0.8097390000000004
0.8097390000000004
0.8097390000000004
0.8097390000000004
0.8097390000000004
0.8097390000000004
0.8097390000000004
0.8097390000000004
0.8097390000000004
0.8097390000000004
0.8097390000000004
0.8097390000000004
0.8097390000000004
0.8097390000000004
0.8097390000000004
0.8097390000000004
0.8097390000000004
0.8097390000000004
0.8097390000000004
0.8097390000000004
0.8097390000000004
0.8097390000000004
0.8097390000000004
0.8097390000000004
0.8097390000000004
0.8097390000000004
0.8097390000000004
0.8097390000000004
0.8097390000000004
0.8097390000000004
0.8097390000000004
0.8097390000000004
0.8097390000000004
0.8097390000000004
0.8097390000000004
0.8097390000000004
0.8097390000000004
0.8097390000000004
0.8097390000000004
-0.8097380000000003
-0.8097380000000003
-0.8097380000000003
-0.8097380000000003
-0.8097380000000003
-0.8097380000000003
-0.8097380000000003
-0.8097380000000003
-0.8097380000000003
-0.8097380000000003
-0.8097380000000003
-0.8097380000000003
-0.8097380000000003
-0.8097380000000003
-0.8097380000000003
-0.8097380000000003
-0.8097380000000003
-0.8097380000000003
-0.8097380000000003
-0.8097380000000003
-0.8097380000000003
-0.8097380000000003
-0.8097380000000003
-0.8097380000000003
-0.8097380000000003
-0.8097380000000003
-0.8097380000000003
-0.8097380000000003
-0.8097380000000003
-0.8097380000000003
-0.8097380000000003
-0.8097380000000003
-0.8097380000000003
-0.8097380000000003
-0.8097380000000003
-0.8097380000000003
-0.8097380000000003
-0.8097380000000003
-0.8097380000000003
-0.8097380000000003
-0.8097380000000003
-0.8097380000000003
-0.8097380000000003
-0.8097380000000003
-0.8097380000000003
-0.8097380000000003
-0.8097380000000003
-0.8097380000000003
-0.8097380000000003
-0.8097380000000003
-0.8097380000000003
-0.8097380000000003
-0.8097380000000003
-0.8097380000000003
-0.8097380000000003
-0.8097380000000003
-0.8097380000000003
-0.8097380000000003
-0.8097380000000003
-0.8097380000000003
-0.8097380000000003
-0.8097380000000003
-0.8097380000000003
-0.8097380000000003
