1.10858
1.10858
1.10858
1.10858
1.10858
1.10858
1.10858
1.10858
1.10858
1.10858
1.10858
1.10858
1.10858
1.10858
1.10858
1.10858
1.10858
1.10858
1.10858
1.10858
1.10858
1.10858
1.10858
1.10858
1.10858
1.10858
1.10858
1.10858
1.10858
1.10858
1.10858
1.10858
1.10858
1.10858
1.10858
1.10858
1.10858
1.10858
1.10858
1.10858
1.10858
1.10858
1.10858
1.10858
1.10858
1.10858
1.10858
1.10858
1.10858
1.10858
1.10858
1.10858
1.10858
1.10858
1.10858
1.10858
1.10858
1.10858
1.10858
1.10858
1.10858
1.10858
1.10858
1.10858
1.10858
1.10858
1.10858
1.10858
1.10858
1.10858
1.10858
1.10858
1.10858
1.10858
1.10858
1.10858
1.10858
1.10858
1.10858
1.10858
1.10858
1.10858
1.10858
1.10858
1.10858
1.10858
1.10858
1.10858
1.10858
1.10858
-1.1085859999999998
-1.1085729999999998
-1.1085859999999998
-1.1085729999999998
-1.1085859999999998
-1.1085729999999998
-1.1085859999999998
-1.1085729999999998
-1.1085859999999998
-1.1085729999999998
-1.1085859999999998
-1.1085729999999998
-1.1085859999999998
-1.1085729999999998
-1.1085859999999998
-1.1085729999999998
-1.1085859999999998
-1.1085729999999998
-1.1085859999999998
-1.1085729999999998
-1.1085859999999998
-1.1085729999999998
-1.1085859999999998
-1.1085729999999998
-1.1085859999999998
-1.1085729999999998
-1.1085859999999998
-1.1085729999999998
-1.1085859999999998
-1.1085729999999998
-1.1085859999999998
-1.1085729999999998
-1.1085859999999998
-1.1085729999999998
-1.1085859999999998
-1.1085729999999998
-1.1085859999999998
-1.1085729999999998
-1.1085859999999998
-1.1085729999999998
-1.1085859999999998
-1.1085729999999998
-1.1085859999999998
-1.1085729999999998
-1.1085859999999998
-1.1085729999999998
-1.1085859999999998
-1.1085729999999998
-1.1085859999999998
-1.1085729999999998
-1.1085859999999998
-1.1085729999999998
-1.1085859999999998
-1.1085729999999998
-1.1085859999999998
-1.1085729999999998
-1.1085859999999998
-1.1085729999999998
-1.1085859999999998
-1.1085729999999998
-1.1085859999999998
-1.1085729999999998
-1.1085859999999998
-1.1085729999999998
-1.1085859999999998
-1.1085729999999998
-1.1085859999999998
-1.1085729999999998
-1.1085859999999998
-1.1085729999999998
-1.1085859999999998
-1.1085729999999998
-1.1085859999999998
-1.1085729999999998
-1.1085859999999998
-1.1085729999999998
-1.1085859999999998
-1.1085729999999998
-1.1085859999999998
-1.1085729999999998
-1.1085859999999998
-1.1085729999999998
-1.1085859999999998
-1.1085729999999998
-1.1085859999999998
-1.1085729999999998
-1.1085859999999998
-1.1085729999999998
-1.1085859999999998
-1.1085729999999998
