1.4685199999999998
1.4685199999999998
1.4685199999999998
1.4685199999999998
1.4685199999999998
1.4685199999999998
1.4685199999999998
1.4685199999999998
1.4685199999999998
1.4685199999999998
1.4685199999999998
1.4685199999999998
1.4685199999999998
1.4685199999999998
1.4685199999999998
1.4685199999999998
1.4685199999999998
1.4685199999999998
1.4685199999999998
1.4685199999999998
1.4685199999999998
1.4685199999999998
1.4685199999999998
1.4685199999999998
1.4685199999999998
1.4685199999999998
1.4685199999999998
1.4685199999999998
1.4685199999999998
1.4685199999999998
1.4685199999999998
1.4685199999999998
1.4685199999999998
1.4685199999999998
1.4685199999999998
1.4685199999999998
1.4685199999999998
1.4685199999999998
1.4685199999999998
1.4685199999999998
1.4685199999999998
1.4685199999999998
1.4685199999999998
1.4685199999999998
1.4685199999999998
1.4685199999999998
1.4685199999999998
1.4685199999999998
1.4685199999999998
1.4685199999999998
1.4685199999999998
1.4685199999999998
1.4685199999999998
1.4685199999999998
1.4685199999999998
1.4685199999999998
1.4685199999999998
1.4685199999999998
1.4685199999999998
1.4685199999999998
1.4685199999999998
1.4685199999999998
1.4685199999999998
1.4685199999999998
1.4685199999999998
1.4685199999999998
1.4685199999999998
1.4685199999999998
1.4685199999999998
1.4685199999999998
1.4685199999999998
1.4685199999999998
-1.4685199999999998
-1.4685199999999998
-1.4685199999999998
-1.4685199999999998
-1.4685199999999998
-1.4685199999999998
-1.4685199999999998
-1.4685199999999998
-1.4685199999999998
-1.4685199999999998
-1.4685199999999998
-1.4685199999999998
-1.4685199999999998
-1.4685199999999998
-1.4685199999999998
-1.4685199999999998
-1.4685199999999998
-1.4685199999999998
-1.4685199999999998
-1.4685199999999998
-1.4685199999999998
-1.4685199999999998
-1.4685199999999998
-1.4685199999999998
-1.4685199999999998
-1.4685199999999998
-1.4685199999999998
-1.4685199999999998
-1.4685199999999998
-1.4685199999999998
-1.4685199999999998
-1.4685199999999998
-1.4685199999999998
-1.4685199999999998
-1.4685199999999998
-1.4685199999999998
-1.4685199999999998
-1.4685199999999998
-1.4685199999999998
-1.4685199999999998
-1.4685199999999998
-1.4685199999999998
-1.4685199999999998
-1.4685199999999998
-1.4685199999999998
-1.4685199999999998
-1.4685199999999998
-1.4685199999999998
-1.4685199999999998
-1.4685199999999998
-1.4685199999999998
-1.4685199999999998
-1.4685199999999998
-1.4685199999999998
-1.4685199999999998
-1.4685199999999998
-1.4685199999999998
-1.4685199999999998
-1.4685199999999998
-1.4685199999999998
-1.4685199999999998
-1.4685199999999998
-1.4685199999999998
-1.4685199999999998
-1.4685199999999998
-1.4685199999999998
-1.4685199999999998
-1.4685199999999998
-1.4685199999999998
-1.4685199999999998
-1.4685199999999998
-1.4685199999999998
