1.4470189999999992
1.4470189999999992
1.4470189999999992
1.4470189999999992
1.4470189999999992
1.4470189999999992
1.4470189999999992
1.4470189999999992
1.4470189999999992
1.4470189999999992
1.4470189999999992
1.4470189999999992
1.4470189999999992
1.4470189999999992
1.4470189999999992
1.4470189999999992
1.4470189999999992
1.4470189999999992
1.4470189999999992
1.4470189999999992
1.4470189999999992
1.4470189999999992
1.4470189999999992
1.4470189999999992
1.4470189999999992
1.4470189999999992
1.4470189999999992
1.4470189999999992
1.4470189999999992
1.4470189999999992
1.4470189999999992
1.4470189999999992
1.4470189999999992
1.4470189999999992
1.4470189999999992
1.4470189999999992
1.4470189999999992
1.4470189999999992
1.4470189999999992
1.4470189999999992
1.4470189999999992
1.4470189999999992
1.4470189999999992
1.4470189999999992
1.4470189999999992
1.4470189999999992
1.4470189999999992
1.4470189999999992
1.4470189999999992
1.4470189999999992
1.4470189999999992
1.4470189999999992
1.4470189999999992
1.4470189999999992
1.4470189999999992
1.4470189999999992
1.4470189999999992
1.4470189999999992
1.4470189999999992
1.4470189999999992
1.4470189999999992
1.4470189999999992
1.4470189999999992
1.4470189999999992
-1.447018
-1.447018
-1.447018
-1.447018
-1.447018
-1.447018
-1.447018
-1.447018
-1.447018
-1.447018
-1.447018
-1.447018
-1.447018
-1.447018
-1.447018
-1.447018
-1.447018
-1.447018
-1.447018
-1.447018
-1.447018
-1.447018
-1.447018
-1.447018
-1.447018
-1.447018
-1.447018
-1.447018
-1.447018
-1.447018
-1.447018
-1.447018
-1.447018
-1.447018
-1.447018
-1.447018
-1.447018
-1.447018
-1.447018
-1.447018
-1.447018
-1.447018
-1.447018
-1.447018
-1.447018
-1.447018
-1.447018
-1.447018
-1.447018
-1.447018
-1.447018
-1.447018
-1.447018
-1.447018
-1.447018
-1.447018
-1.447018
-1.447018
-1.447018
-1.447018
-1.447018
-1.447018
-1.447018
-1.447018
