1.3717089999999992
1.385109
1.3717089999999992
1.385109
1.3717089999999992
1.385109
1.3717089999999992
1.385109
1.3717089999999992
1.385109
1.3717089999999992
1.385109
1.3717089999999992
1.385109
1.3717089999999992
1.385109
1.3717089999999992
1.385109
1.3717089999999992
1.385109
1.3717089999999992
1.385109
1.3717089999999992
1.385109
1.3717089999999992
1.385109
1.3717089999999992
1.385109
1.3717089999999992
1.385109
1.3717089999999992
1.385109
1.3717089999999992
1.385109
1.3717089999999992
1.385109
1.3717089999999992
1.385109
1.3717089999999992
1.385109
1.3717089999999992
1.385109
1.3717089999999992
1.385109
1.3717089999999992
1.385109
1.3717089999999992
1.385109
1.3717089999999992
1.385109
1.3717089999999992
1.385109
1.3717089999999992
1.385109
1.3717089999999992
1.385109
1.3717089999999992
1.385109
1.3717089999999992
1.385109
1.3717089999999992
1.385109
1.3717089999999992
1.385109
1.3717089999999992
1.385109
1.3717089999999992
1.385109
1.3717089999999992
1.385109
1.3717089999999992
1.385109
1.3717089999999992
1.385109
1.3717089999999992
1.385109
1.3717089999999992
1.385109
1.3717089999999992
1.385109
1.3717089999999992
1.385109
1.3717089999999992
1.385109
1.3717089999999992
1.385109
1.3717089999999992
1.385109
1.3717089999999992
1.385109
-1.373647
-1.3831699999999998
-1.373647
-1.3831699999999998
-1.373647
-1.3831699999999998
-1.373647
-1.3831699999999998
-1.373647
-1.3831699999999998
-1.373647
-1.3831699999999998
-1.373647
-1.3831699999999998
-1.373647
-1.3831699999999998
-1.373647
-1.3831699999999998
-1.373647
-1.3831699999999998
-1.373647
-1.3831699999999998
-1.373647
-1.3831699999999998
-1.373647
-1.3831699999999998
-1.373647
-1.3831699999999998
-1.373647
-1.3831699999999998
-1.373647
-1.3831699999999998
-1.373647
-1.3831699999999998
-1.373647
-1.3831699999999998
-1.373647
-1.3831699999999998
-1.373647
-1.3831699999999998
-1.373647
-1.3831699999999998
-1.373647
-1.3831699999999998
-1.373647
-1.3831699999999998
-1.373647
-1.3831699999999998
-1.373647
-1.3831699999999998
-1.373647
-1.3831699999999998
-1.373647
-1.3831699999999998
-1.373647
-1.3831699999999998
-1.373647
-1.3831699999999998
-1.373647
-1.3831699999999998
-1.373647
-1.3831699999999998
-1.373647
-1.3831699999999998
-1.373647
-1.3831699999999998
-1.373647
-1.3831699999999998
-1.373647
-1.3831699999999998
-1.373647
-1.3831699999999998
-1.373647
-1.3831699999999998
-1.373647
-1.3831699999999998
-1.373647
-1.3831699999999998
-1.373647
-1.3831699999999998
-1.373647
-1.3831699999999998
-1.373647
-1.3831699999999998
-1.373647
-1.3831699999999998
-1.373647
-1.3831699999999998
-1.373647
-1.3831699999999998
