0.9417659999999994
0.9417659999999994
0.9417659999999994
0.9417659999999994
0.9417659999999994
0.9417659999999994
0.9417659999999994
0.9417659999999994
0.9417659999999994
0.9417659999999994
0.9417659999999994
0.9417659999999994
0.9417659999999994
0.9417659999999994
0.9417659999999994
0.9417659999999994
0.9417659999999994
0.9417659999999994
0.9417659999999994
0.9417659999999994
0.9417659999999994
0.9417659999999994
0.9417659999999994
0.9417659999999994
0.9417659999999994
0.9417659999999994
0.9417659999999994
0.9417659999999994
0.9417659999999994
0.9417659999999994
0.9417659999999994
0.9417659999999994
0.9417659999999994
0.9417659999999994
0.9417659999999994
0.9417659999999994
0.9417659999999994
0.9417659999999994
0.9417659999999994
0.9417659999999994
0.9417659999999994
0.9417659999999994
0.9417659999999994
0.9417659999999994
0.9417659999999994
0.9417659999999994
0.9417659999999994
0.9417659999999994
0.9417659999999994
0.9417659999999994
0.9417659999999994
0.9417659999999994
0.9417659999999994
0.9417659999999994
0.9417659999999994
0.9417659999999994
0.9417659999999994
0.9417659999999994
0.9417659999999994
0.9417659999999994
0.9417659999999994
0.9417659999999994
0.9417659999999994
0.9417659999999994
-0.9417650000000002
-0.9417650000000002
-0.9417650000000002
-0.9417650000000002
-0.9417650000000002
-0.9417650000000002
-0.9417650000000002
-0.9417650000000002
-0.9417650000000002
-0.9417650000000002
-0.9417650000000002
-0.9417650000000002
-0.9417650000000002
-0.9417650000000002
-0.9417650000000002
-0.9417650000000002
-0.9417650000000002
-0.9417650000000002
-0.9417650000000002
-0.9417650000000002
-0.9417650000000002
-0.9417650000000002
-0.9417650000000002
-0.9417650000000002
-0.9417650000000002
-0.9417650000000002
-0.9417650000000002
-0.9417650000000002
-0.9417650000000002
-0.9417650000000002
-0.9417650000000002
-0.9417650000000002
-0.9417650000000002
-0.9417650000000002
-0.9417650000000002
-0.9417650000000002
-0.9417650000000002
-0.9417650000000002
-0.9417650000000002
-0.9417650000000002
-0.9417650000000002
-0.9417650000000002
-0.9417650000000002
-0.9417650000000002
-0.9417650000000002
-0.9417650000000002
-0.9417650000000002
-0.9417650000000002
-0.9417650000000002
-0.9417650000000002
-0.9417650000000002
-0.9417650000000002
-0.9417650000000002
-0.9417650000000002
-0.9417650000000002
-0.9417650000000002
-0.9417650000000002
-0.9417650000000002
-0.9417650000000002
-0.9417650000000002
-0.9417650000000002
-0.9417650000000002
-0.9417650000000002
-0.9417650000000002
