1.2796599999999998
1.2931899999999992
1.2908709999999992
1.3276889999999995
1.2796599999999998
1.2931899999999992
1.2908709999999992
1.3276889999999995
1.2796599999999998
1.2931899999999992
1.2908709999999992
1.3276889999999995
1.2796599999999998
1.2931899999999992
1.2908709999999992
1.3276889999999995
1.2796599999999998
1.2931899999999992
1.2908709999999992
1.3276889999999995
1.2796599999999998
1.2931899999999992
1.2908709999999992
1.3276889999999995
1.2796599999999998
1.2931899999999992
1.2908709999999992
1.3276889999999995
1.2796599999999998
1.2931899999999992
1.2908709999999992
1.3276889999999995
1.2796599999999998
1.2931899999999992
1.2908709999999992
1.3276889999999995
1.2796599999999998
1.2931899999999992
1.2908709999999992
1.3276889999999995
1.2796599999999998
1.2931899999999992
1.2908709999999992
1.3276889999999995
1.2796599999999998
1.2931899999999992
1.2908709999999992
1.3276889999999995
1.2796599999999998
1.2931899999999992
1.2908709999999992
1.3276889999999995
1.2796599999999998
1.2931899999999992
1.2908709999999992
1.3276889999999995
1.2796599999999998
1.2931899999999992
1.2908709999999992
1.3276889999999995
1.2796599999999998
1.2931899999999992
1.2908709999999992
1.3276889999999995
1.2796599999999998
1.2931899999999992
1.2908709999999992
1.3276889999999995
1.2796599999999998
1.2931899999999992
1.2908709999999992
1.3276889999999995
1.2796599999999998
1.2931899999999992
1.2908709999999992
1.3276889999999995
1.2796599999999998
1.2931899999999992
1.2908709999999992
1.3276889999999995
1.2796599999999998
1.2931899999999992
1.2908709999999992
1.3276889999999995
1.2796599999999998
1.2931899999999992
1.2908709999999992
1.3276889999999995
1.2796599999999998
1.2931899999999992
1.2908709999999992
1.3276889999999995
1.2796599999999998
1.2931899999999992
1.2908709999999992
1.3276889999999995
1.2796599999999998
1.2931899999999992
1.2908709999999992
1.3276889999999995
1.2796599999999998
1.2931899999999992
1.2908709999999992
1.3276889999999995
1.2796599999999998
1.2931899999999992
1.2908709999999992
1.3276889999999995
1.2796599999999998
1.2931899999999992
1.2908709999999992
1.3276889999999995
1.2796599999999998
1.2931899999999992
1.2908709999999992
1.3276889999999995
1.2796599999999998
1.2931899999999992
1.2908709999999992
1.3276889999999995
1.2796599999999998
1.2931899999999992
1.2908709999999992
1.3276889999999995
1.2796599999999998
1.2931899999999992
1.2908709999999992
1.3276889999999995
1.2796599999999998
1.2931899999999992
1.2908709999999992
1.3276889999999995
1.2796599999999998
1.2931899999999992
1.2908709999999992
1.3276889999999995
1.2796599999999998
1.2931899999999992
1.2908709999999992
1.3276889999999995
1.2796599999999998
1.2931899999999992
1.2908709999999992
1.3276889999999995
-1.3074339999999998
-1.295553
-1.2848550000000003
-1.3035690000000004
-1.3074339999999998
-1.295553
-1.2848550000000003
-1.3035690000000004
-1.3074339999999998
-1.295553
-1.2848550000000003
-1.3035690000000004
-1.3074339999999998
-1.295553
-1.2848550000000003
-1.3035690000000004
-1.3074339999999998
-1.295553
-1.2848550000000003
-1.3035690000000004
-1.3074339999999998
-1.295553
-1.2848550000000003
-1.3035690000000004
-1.3074339999999998
-1.295553
-1.2848550000000003
-1.3035690000000004
-1.3074339999999998
-1.295553
-1.2848550000000003
-1.3035690000000004
-1.3074339999999998
-1.295553
-1.2848550000000003
-1.3035690000000004
-1.3074339999999998
-1.295553
-1.2848550000000003
-1.3035690000000004
-1.3074339999999998
-1.295553
-1.2848550000000003
-1.3035690000000004
-1.3074339999999998
-1.295553
-1.2848550000000003
-1.3035690000000004
-1.3074339999999998
-1.295553
-1.2848550000000003
-1.3035690000000004
-1.3074339999999998
-1.295553
-1.2848550000000003
-1.3035690000000004
-1.3074339999999998
-1.295553
-1.2848550000000003
-1.3035690000000004
-1.3074339999999998
-1.295553
-1.2848550000000003
-1.3035690000000004
-1.3074339999999998
-1.295553
-1.2848550000000003
-1.3035690000000004
-1.3074339999999998
-1.295553
-1.2848550000000003
-1.3035690000000004
-1.3074339999999998
-1.295553
-1.2848550000000003
-1.3035690000000004
-1.3074339999999998
-1.295553
-1.2848550000000003
-1.3035690000000004
-1.3074339999999998
-1.295553
-1.2848550000000003
-1.3035690000000004
-1.3074339999999998
-1.295553
-1.2848550000000003
-1.3035690000000004
-1.3074339999999998
-1.295553
-1.2848550000000003
-1.3035690000000004
-1.3074339999999998
-1.295553
-1.2848550000000003
-1.3035690000000004
-1.3074339999999998
-1.295553
-1.2848550000000003
-1.3035690000000004
-1.3074339999999998
-1.295553
-1.2848550000000003
-1.3035690000000004
-1.3074339999999998
-1.295553
-1.2848550000000003
-1.3035690000000004
-1.3074339999999998
-1.295553
-1.2848550000000003
-1.3035690000000004
-1.3074339999999998
-1.295553
-1.2848550000000003
-1.3035690000000004
-1.3074339999999998
-1.295553
-1.2848550000000003
-1.3035690000000004
-1.3074339999999998
-1.295553
-1.2848550000000003
-1.3035690000000004
-1.3074339999999998
-1.295553
-1.2848550000000003
-1.3035690000000004
-1.3074339999999998
-1.295553
-1.2848550000000003
-1.3035690000000004
-1.3074339999999998
-1.295553
-1.2848550000000003
-1.3035690000000004
-1.3074339999999998
-1.295553
-1.2848550000000003
-1.3035690000000004
-1.3074339999999998
-1.295553
-1.2848550000000003
-1.3035690000000004
