0.39545299999999983
0.39545299999999983
0.39545299999999983
0.39545299999999983
0.39545299999999983
0.39545299999999983
0.39545299999999983
0.39545299999999983
0.39545299999999983
0.39545299999999983
0.39545299999999983
0.39545299999999983
0.39545299999999983
0.39545299999999983
0.39545299999999983
0.39545299999999983
0.39545299999999983
0.39545299999999983
0.39545299999999983
0.39545299999999983
0.39545299999999983
0.39545299999999983
0.39545299999999983
0.39545299999999983
0.39545299999999983
0.39545299999999983
0.39545299999999983
0.39545299999999983
0.39545299999999983
0.39545299999999983
0.39545299999999983
0.39545299999999983
0.39545299999999983
0.39545299999999983
0.39545299999999983
0.39545299999999983
0.39545299999999983
0.39545299999999983
0.39545299999999983
0.39545299999999983
0.39545299999999983
0.39545299999999983
0.39545299999999983
0.39545299999999983
0.39545299999999983
0.39545299999999983
0.39545299999999983
0.39545299999999983
0.39545299999999983
0.39545299999999983
-0.39545399999999997
-0.39545399999999997
-0.39545399999999997
-0.39545399999999997
-0.39545399999999997
-0.39545399999999997
-0.39545399999999997
-0.39545399999999997
-0.39545399999999997
-0.39545399999999997
-0.39545399999999997
-0.39545399999999997
-0.39545399999999997
-0.39545399999999997
-0.39545399999999997
-0.39545399999999997
-0.39545399999999997
-0.39545399999999997
-0.39545399999999997
-0.39545399999999997
-0.39545399999999997
-0.39545399999999997
-0.39545399999999997
-0.39545399999999997
-0.39545399999999997
-0.39545399999999997
-0.39545399999999997
-0.39545399999999997
-0.39545399999999997
-0.39545399999999997
-0.39545399999999997
-0.39545399999999997
-0.39545399999999997
-0.39545399999999997
-0.39545399999999997
-0.39545399999999997
-0.39545399999999997
-0.39545399999999997
-0.39545399999999997
-0.39545399999999997
-0.39545399999999997
-0.39545399999999997
-0.39545399999999997
-0.39545399999999997
-0.39545399999999997
-0.39545399999999997
-0.39545399999999997
-0.39545399999999997
-0.39545399999999997
-0.39545399999999997
