1.4281609999999993
1.4235190000000006
1.4253230000000006
1.4247169999999993
1.4281609999999993
1.4235190000000006
1.4253230000000006
1.4247169999999993
1.4281609999999993
1.4235190000000006
1.4253230000000006
1.4247169999999993
1.4281609999999993
1.4235190000000006
1.4253230000000006
1.4247169999999993
1.4281609999999993
1.4235190000000006
1.4253230000000006
1.4247169999999993
1.4281609999999993
1.4235190000000006
1.4253230000000006
1.4247169999999993
1.4281609999999993
1.4235190000000006
1.4253230000000006
1.4247169999999993
1.4281609999999993
1.4235190000000006
1.4253230000000006
1.4247169999999993
1.4281609999999993
1.4235190000000006
1.4253230000000006
1.4247169999999993
1.4281609999999993
1.4235190000000006
1.4253230000000006
1.4247169999999993
1.4281609999999993
1.4235190000000006
1.4253230000000006
1.4247169999999993
1.4281609999999993
1.4235190000000006
1.4253230000000006
1.4247169999999993
1.4281609999999993
1.4235190000000006
1.4253230000000006
1.4247169999999993
1.4281609999999993
1.4235190000000006
1.4253230000000006
1.4247169999999993
1.4281609999999993
1.4235190000000006
1.4253230000000006
1.4247169999999993
1.4281609999999993
1.4235190000000006
1.4253230000000006
1.4247169999999993
1.4281609999999993
1.4235190000000006
1.4253230000000006
1.4247169999999993
1.4281609999999993
1.4235190000000006
1.4253230000000006
1.4247169999999993
1.4281609999999993
1.4235190000000006
1.4253230000000006
1.4247169999999993
1.4281609999999993
1.4235190000000006
1.4253230000000006
1.4247169999999993
1.4281609999999993
1.4235190000000006
1.4253230000000006
1.4247169999999993
1.4281609999999993
1.4235190000000006
1.4253230000000006
1.4247169999999993
1.4281609999999993
1.4235190000000006
1.4253230000000006
1.4247169999999993
1.4281609999999993
1.4235190000000006
1.4253230000000006
1.4247169999999993
1.4281609999999993
1.4235190000000006
1.4253230000000006
1.4247169999999993
1.4281609999999993
1.4235190000000006
1.4253230000000006
1.4247169999999993
1.4281609999999993
1.4235190000000006
1.4253230000000006
1.4247169999999993
1.4281609999999993
1.4235190000000006
1.4253230000000006
1.4247169999999993
1.4281609999999993
1.4235190000000006
1.4253230000000006
1.4247169999999993
1.4281609999999993
1.4235190000000006
1.4253230000000006
1.4247169999999993
1.4281609999999993
1.4235190000000006
1.4253230000000006
1.4247169999999993
1.4281609999999993
1.4235190000000006
1.4253230000000006
1.4247169999999993
1.4281609999999993
1.4235190000000006
1.4253230000000006
1.4247169999999993
1.4281609999999993
1.4235190000000006
1.4253230000000006
1.4247169999999993
1.4281609999999993
1.4235190000000006
1.4253230000000006
1.4247169999999993
1.4281609999999993
1.4235190000000006
1.4253230000000006
1.4247169999999993
-1.4272869999999998
-1.4282719999999998
-1.4229370000000001
-1.423222
-1.4272869999999998
-1.4282719999999998
-1.4229370000000001
-1.423222
-1.4272869999999998
-1.4282719999999998
-1.4229370000000001
-1.423222
-1.4272869999999998
-1.4282719999999998
-1.4229370000000001
-1.423222
-1.4272869999999998
-1.4282719999999998
-1.4229370000000001
-1.423222
-1.4272869999999998
-1.4282719999999998
-1.4229370000000001
-1.423222
-1.4272869999999998
-1.4282719999999998
-1.4229370000000001
-1.423222
-1.4272869999999998
-1.4282719999999998
-1.4229370000000001
-1.423222
-1.4272869999999998
-1.4282719999999998
-1.4229370000000001
-1.423222
-1.4272869999999998
-1.4282719999999998
-1.4229370000000001
-1.423222
-1.4272869999999998
-1.4282719999999998
-1.4229370000000001
-1.423222
-1.4272869999999998
-1.4282719999999998
-1.4229370000000001
-1.423222
-1.4272869999999998
-1.4282719999999998
-1.4229370000000001
-1.423222
-1.4272869999999998
-1.4282719999999998
-1.4229370000000001
-1.423222
-1.4272869999999998
-1.4282719999999998
-1.4229370000000001
-1.423222
-1.4272869999999998
-1.4282719999999998
-1.4229370000000001
-1.423222
-1.4272869999999998
-1.4282719999999998
-1.4229370000000001
-1.423222
-1.4272869999999998
-1.4282719999999998
-1.4229370000000001
-1.423222
-1.4272869999999998
-1.4282719999999998
-1.4229370000000001
-1.423222
-1.4272869999999998
-1.4282719999999998
-1.4229370000000001
-1.423222
-1.4272869999999998
-1.4282719999999998
-1.4229370000000001
-1.423222
-1.4272869999999998
-1.4282719999999998
-1.4229370000000001
-1.423222
-1.4272869999999998
-1.4282719999999998
-1.4229370000000001
-1.423222
-1.4272869999999998
-1.4282719999999998
-1.4229370000000001
-1.423222
-1.4272869999999998
-1.4282719999999998
-1.4229370000000001
-1.423222
-1.4272869999999998
-1.4282719999999998
-1.4229370000000001
-1.423222
-1.4272869999999998
-1.4282719999999998
-1.4229370000000001
-1.423222
-1.4272869999999998
-1.4282719999999998
-1.4229370000000001
-1.423222
-1.4272869999999998
-1.4282719999999998
-1.4229370000000001
-1.423222
-1.4272869999999998
-1.4282719999999998
-1.4229370000000001
-1.423222
-1.4272869999999998
-1.4282719999999998
-1.4229370000000001
-1.423222
-1.4272869999999998
-1.4282719999999998
-1.4229370000000001
-1.423222
-1.4272869999999998
-1.4282719999999998
-1.4229370000000001
-1.423222
-1.4272869999999998
-1.4282719999999998
-1.4229370000000001
-1.423222
-1.4272869999999998
-1.4282719999999998
-1.4229370000000001
-1.423222
-1.4272869999999998
-1.4282719999999998
-1.4229370000000001
-1.423222
