1.0623269999999998
1.0623269999999998
1.0623269999999998
1.0623269999999998
1.0623269999999998
1.0623269999999998
1.0623269999999998
1.0623269999999998
1.0623269999999998
1.0623269999999998
1.0623269999999998
1.0623269999999998
1.0623269999999998
1.0623269999999998
1.0623269999999998
1.0623269999999998
1.0623269999999998
1.0623269999999998
1.0623269999999998
1.0623269999999998
1.0623269999999998
1.0623269999999998
1.0623269999999998
1.0623269999999998
1.0623269999999998
1.0623269999999998
1.0623269999999998
-1.0623269999999998
-1.0623269999999998
-1.0623269999999998
-1.0623269999999998
-1.0623269999999998
-1.0623269999999998
-1.0623269999999998
-1.0623269999999998
-1.0623269999999998
-1.0623269999999998
-1.0623269999999998
-1.0623269999999998
-1.0623269999999998
-1.0623269999999998
-1.0623269999999998
-1.0623269999999998
-1.0623269999999998
-1.0623269999999998
-1.0623269999999998
-1.0623269999999998
-1.0623269999999998
-1.0623269999999998
-1.0623269999999998
-1.0623269999999998
-1.0623269999999998
-1.0623269999999998
-1.0623269999999998
