1.464772
1.464772
1.464772
1.464772
1.464772
1.464772
1.464772
1.464772
1.464772
1.464772
1.464772
1.464772
1.464772
1.464772
1.464772
1.464772
1.464772
1.464772
1.464772
1.464772
1.464772
1.464772
1.464772
1.464772
1.464772
1.464772
1.464772
1.464772
1.464772
1.464772
1.464772
1.464772
1.464772
1.464772
1.464772
1.464772
1.464772
1.464772
1.464772
1.464772
1.464772
1.464772
1.464772
1.464772
1.464772
1.464772
1.464772
1.464772
1.464772
1.464772
1.464772
1.464772
1.464772
1.464772
1.464772
1.464772
1.464772
1.464772
1.464772
1.464772
1.464772
1.464772
1.464772
1.464772
1.464772
1.464772
1.464772
1.464772
1.464772
1.464772
1.464772
1.464772
-1.464772
-1.464772
-1.464772
-1.464772
-1.464772
-1.464772
-1.464772
-1.464772
-1.464772
-1.464772
-1.464772
-1.464772
-1.464772
-1.464772
-1.464772
-1.464772
-1.464772
-1.464772
-1.464772
-1.464772
-1.464772
-1.464772
-1.464772
-1.464772
-1.464772
-1.464772
-1.464772
-1.464772
-1.464772
-1.464772
-1.464772
-1.464772
-1.464772
-1.464772
-1.464772
-1.464772
-1.464772
-1.464772
-1.464772
-1.464772
-1.464772
-1.464772
-1.464772
-1.464772
-1.464772
-1.464772
-1.464772
-1.464772
-1.464772
-1.464772
-1.464772
-1.464772
-1.464772
-1.464772
-1.464772
-1.464772
-1.464772
-1.464772
-1.464772
-1.464772
-1.464772
-1.464772
-1.464772
-1.464772
-1.464772
-1.464772
-1.464772
-1.464772
-1.464772
-1.464772
-1.464772
-1.464772
