1.4262680000000003
1.4248650000000005
1.4251199999999997
1.4265109999999996
1.4262680000000003
1.4248650000000005
1.4251199999999997
1.4265109999999996
1.4262680000000003
1.4248650000000005
1.4251199999999997
1.4265109999999996
1.4262680000000003
1.4248650000000005
1.4251199999999997
1.4265109999999996
1.4262680000000003
1.4248650000000005
1.4251199999999997
1.4265109999999996
1.4262680000000003
1.4248650000000005
1.4251199999999997
1.4265109999999996
1.4262680000000003
1.4248650000000005
1.4251199999999997
1.4265109999999996
1.4262680000000003
1.4248650000000005
1.4251199999999997
1.4265109999999996
1.4262680000000003
1.4248650000000005
1.4251199999999997
1.4265109999999996
1.4262680000000003
1.4248650000000005
1.4251199999999997
1.4265109999999996
1.4262680000000003
1.4248650000000005
1.4251199999999997
1.4265109999999996
1.4262680000000003
1.4248650000000005
1.4251199999999997
1.4265109999999996
1.4262680000000003
1.4248650000000005
1.4251199999999997
1.4265109999999996
1.4262680000000003
1.4248650000000005
1.4251199999999997
1.4265109999999996
1.4262680000000003
1.4248650000000005
1.4251199999999997
1.4265109999999996
1.4262680000000003
1.4248650000000005
1.4251199999999997
1.4265109999999996
1.4262680000000003
1.4248650000000005
1.4251199999999997
1.4265109999999996
1.4262680000000003
1.4248650000000005
1.4251199999999997
1.4265109999999996
1.4262680000000003
1.4248650000000005
1.4251199999999997
1.4265109999999996
1.4262680000000003
1.4248650000000005
1.4251199999999997
1.4265109999999996
1.4262680000000003
1.4248650000000005
1.4251199999999997
1.4265109999999996
1.4262680000000003
1.4248650000000005
1.4251199999999997
1.4265109999999996
1.4262680000000003
1.4248650000000005
1.4251199999999997
1.4265109999999996
1.4262680000000003
1.4248650000000005
1.4251199999999997
1.4265109999999996
1.4262680000000003
1.4248650000000005
1.4251199999999997
1.4265109999999996
1.4262680000000003
1.4248650000000005
1.4251199999999997
1.4265109999999996
1.4262680000000003
1.4248650000000005
1.4251199999999997
1.4265109999999996
1.4262680000000003
1.4248650000000005
1.4251199999999997
1.4265109999999996
1.4262680000000003
1.4248650000000005
1.4251199999999997
1.4265109999999996
1.4262680000000003
1.4248650000000005
1.4251199999999997
1.4265109999999996
1.4262680000000003
1.4248650000000005
1.4251199999999997
1.4265109999999996
1.4262680000000003
1.4248650000000005
1.4251199999999997
1.4265109999999996
1.4262680000000003
1.4248650000000005
1.4251199999999997
1.4265109999999996
1.4262680000000003
1.4248650000000005
1.4251199999999997
1.4265109999999996
1.4262680000000003
1.4248650000000005
1.4251199999999997
1.4265109999999996
1.4262680000000003
1.4248650000000005
1.4251199999999997
1.4265109999999996
-1.4249140000000002
-1.427613
-1.4266750000000004
-1.4235639999999998
-1.4249140000000002
-1.427613
-1.4266750000000004
-1.4235639999999998
-1.4249140000000002
-1.427613
-1.4266750000000004
-1.4235639999999998
-1.4249140000000002
-1.427613
-1.4266750000000004
-1.4235639999999998
-1.4249140000000002
-1.427613
-1.4266750000000004
-1.4235639999999998
-1.4249140000000002
-1.427613
-1.4266750000000004
-1.4235639999999998
-1.4249140000000002
-1.427613
-1.4266750000000004
-1.4235639999999998
-1.4249140000000002
-1.427613
-1.4266750000000004
-1.4235639999999998
-1.4249140000000002
-1.427613
-1.4266750000000004
-1.4235639999999998
-1.4249140000000002
-1.427613
-1.4266750000000004
-1.4235639999999998
-1.4249140000000002
-1.427613
-1.4266750000000004
-1.4235639999999998
-1.4249140000000002
-1.427613
-1.4266750000000004
-1.4235639999999998
-1.4249140000000002
-1.427613
-1.4266750000000004
-1.4235639999999998
-1.4249140000000002
-1.427613
-1.4266750000000004
-1.4235639999999998
-1.4249140000000002
-1.427613
-1.4266750000000004
-1.4235639999999998
-1.4249140000000002
-1.427613
-1.4266750000000004
-1.4235639999999998
-1.4249140000000002
-1.427613
-1.4266750000000004
-1.4235639999999998
-1.4249140000000002
-1.427613
-1.4266750000000004
-1.4235639999999998
-1.4249140000000002
-1.427613
-1.4266750000000004
-1.4235639999999998
-1.4249140000000002
-1.427613
-1.4266750000000004
-1.4235639999999998
-1.4249140000000002
-1.427613
-1.4266750000000004
-1.4235639999999998
-1.4249140000000002
-1.427613
-1.4266750000000004
-1.4235639999999998
-1.4249140000000002
-1.427613
-1.4266750000000004
-1.4235639999999998
-1.4249140000000002
-1.427613
-1.4266750000000004
-1.4235639999999998
-1.4249140000000002
-1.427613
-1.4266750000000004
-1.4235639999999998
-1.4249140000000002
-1.427613
-1.4266750000000004
-1.4235639999999998
-1.4249140000000002
-1.427613
-1.4266750000000004
-1.4235639999999998
-1.4249140000000002
-1.427613
-1.4266750000000004
-1.4235639999999998
-1.4249140000000002
-1.427613
-1.4266750000000004
-1.4235639999999998
-1.4249140000000002
-1.427613
-1.4266750000000004
-1.4235639999999998
-1.4249140000000002
-1.427613
-1.4266750000000004
-1.4235639999999998
-1.4249140000000002
-1.427613
-1.4266750000000004
-1.4235639999999998
-1.4249140000000002
-1.427613
-1.4266750000000004
-1.4235639999999998
-1.4249140000000002
-1.427613
-1.4266750000000004
-1.4235639999999998
-1.4249140000000002
-1.427613
-1.4266750000000004
-1.4235639999999998
-1.4249140000000002
-1.427613
-1.4266750000000004
-1.4235639999999998
