1.2653309999999998
1.2529280000000007
1.2025170000000003
1.1398679999999999
1.2653309999999998
1.2529280000000007
1.2025170000000003
1.1398679999999999
1.2653309999999998
1.2529280000000007
1.2025170000000003
1.1398679999999999
1.2653309999999998
1.2529280000000007
1.2025170000000003
1.1398679999999999
1.2653309999999998
1.2529280000000007
1.2025170000000003
1.1398679999999999
1.2653309999999998
1.2529280000000007
1.2025170000000003
1.1398679999999999
1.2653309999999998
1.2529280000000007
1.2025170000000003
1.1398679999999999
1.2653309999999998
1.2529280000000007
1.2025170000000003
1.1398679999999999
1.2653309999999998
1.2529280000000007
1.2025170000000003
1.1398679999999999
1.2653309999999998
1.2529280000000007
1.2025170000000003
1.1398679999999999
1.2653309999999998
1.2529280000000007
1.2025170000000003
1.1398679999999999
1.2653309999999998
1.2529280000000007
1.2025170000000003
1.1398679999999999
1.2653309999999998
1.2529280000000007
1.2025170000000003
1.1398679999999999
1.2653309999999998
1.2529280000000007
1.2025170000000003
1.1398679999999999
1.2653309999999998
1.2529280000000007
1.2025170000000003
1.1398679999999999
1.2653309999999998
1.2529280000000007
1.2025170000000003
1.1398679999999999
1.2653309999999998
1.2529280000000007
1.2025170000000003
1.1398679999999999
1.2653309999999998
1.2529280000000007
1.2025170000000003
1.1398679999999999
1.2653309999999998
1.2529280000000007
1.2025170000000003
1.1398679999999999
1.2653309999999998
1.2529280000000007
1.2025170000000003
1.1398679999999999
1.2653309999999998
1.2529280000000007
1.2025170000000003
1.1398679999999999
1.2653309999999998
1.2529280000000007
1.2025170000000003
1.1398679999999999
1.2653309999999998
1.2529280000000007
1.2025170000000003
1.1398679999999999
1.2653309999999998
1.2529280000000007
1.2025170000000003
1.1398679999999999
1.2653309999999998
1.2529280000000007
1.2025170000000003
1.1398679999999999
1.2653309999999998
1.2529280000000007
1.2025170000000003
1.1398679999999999
1.2653309999999998
1.2529280000000007
1.2025170000000003
1.1398679999999999
1.2653309999999998
1.2529280000000007
1.2025170000000003
1.1398679999999999
1.2653309999999998
1.2529280000000007
1.2025170000000003
1.1398679999999999
1.2653309999999998
1.2529280000000007
1.2025170000000003
1.1398679999999999
1.2653309999999998
1.2529280000000007
1.2025170000000003
1.1398679999999999
1.2653309999999998
1.2529280000000007
1.2025170000000003
1.1398679999999999
1.2653309999999998
1.2529280000000007
1.2025170000000003
1.1398679999999999
1.2653309999999998
1.2529280000000007
1.2025170000000003
1.1398679999999999
1.2653309999999998
1.2529280000000007
1.2025170000000003
1.1398679999999999
1.2653309999999998
1.2529280000000007
1.2025170000000003
1.1398679999999999
1.2653309999999998
1.2529280000000007
1.2025170000000003
1.1398679999999999
1.2653309999999998
1.2529280000000007
1.2025170000000003
1.1398679999999999
1.2653309999999998
1.2529280000000007
1.2025170000000003
1.1398679999999999
1.2653309999999998
1.2529280000000007
1.2025170000000003
1.1398679999999999
-1.1874640000000003
-1.2894249999999996
-1.1686870000000003
-1.215071
-1.1874640000000003
-1.2894249999999996
-1.1686870000000003
-1.215071
-1.1874640000000003
-1.2894249999999996
-1.1686870000000003
-1.215071
-1.1874640000000003
-1.2894249999999996
-1.1686870000000003
-1.215071
-1.1874640000000003
-1.2894249999999996
-1.1686870000000003
-1.215071
-1.1874640000000003
-1.2894249999999996
-1.1686870000000003
-1.215071
-1.1874640000000003
-1.2894249999999996
-1.1686870000000003
-1.215071
-1.1874640000000003
-1.2894249999999996
-1.1686870000000003
-1.215071
-1.1874640000000003
-1.2894249999999996
-1.1686870000000003
-1.215071
-1.1874640000000003
-1.2894249999999996
-1.1686870000000003
-1.215071
-1.1874640000000003
-1.2894249999999996
-1.1686870000000003
-1.215071
-1.1874640000000003
-1.2894249999999996
-1.1686870000000003
-1.215071
-1.1874640000000003
-1.2894249999999996
-1.1686870000000003
-1.215071
-1.1874640000000003
-1.2894249999999996
-1.1686870000000003
-1.215071
-1.1874640000000003
-1.2894249999999996
-1.1686870000000003
-1.215071
-1.1874640000000003
-1.2894249999999996
-1.1686870000000003
-1.215071
-1.1874640000000003
-1.2894249999999996
-1.1686870000000003
-1.215071
-1.1874640000000003
-1.2894249999999996
-1.1686870000000003
-1.215071
-1.1874640000000003
-1.2894249999999996
-1.1686870000000003
-1.215071
-1.1874640000000003
-1.2894249999999996
-1.1686870000000003
-1.215071
-1.1874640000000003
-1.2894249999999996
-1.1686870000000003
-1.215071
-1.1874640000000003
-1.2894249999999996
-1.1686870000000003
-1.215071
-1.1874640000000003
-1.2894249999999996
-1.1686870000000003
-1.215071
-1.1874640000000003
-1.2894249999999996
-1.1686870000000003
-1.215071
-1.1874640000000003
-1.2894249999999996
-1.1686870000000003
-1.215071
-1.1874640000000003
-1.2894249999999996
-1.1686870000000003
-1.215071
-1.1874640000000003
-1.2894249999999996
-1.1686870000000003
-1.215071
-1.1874640000000003
-1.2894249999999996
-1.1686870000000003
-1.215071
-1.1874640000000003
-1.2894249999999996
-1.1686870000000003
-1.215071
-1.1874640000000003
-1.2894249999999996
-1.1686870000000003
-1.215071
-1.1874640000000003
-1.2894249999999996
-1.1686870000000003
-1.215071
-1.1874640000000003
-1.2894249999999996
-1.1686870000000003
-1.215071
-1.1874640000000003
-1.2894249999999996
-1.1686870000000003
-1.215071
-1.1874640000000003
-1.2894249999999996
-1.1686870000000003
-1.215071
-1.1874640000000003
-1.2894249999999996
-1.1686870000000003
-1.215071
-1.1874640000000003
-1.2894249999999996
-1.1686870000000003
-1.215071
-1.1874640000000003
-1.2894249999999996
-1.1686870000000003
-1.215071
-1.1874640000000003
-1.2894249999999996
-1.1686870000000003
-1.215071
-1.1874640000000003
-1.2894249999999996
-1.1686870000000003
-1.215071
-1.1874640000000003
-1.2894249999999996
-1.1686870000000003
-1.215071
