1.3896429999999995
1.4009959999999992
1.3910210000000003
1.4015950000000004
1.3896429999999995
1.4009959999999992
1.3910210000000003
1.4015950000000004
1.3896429999999995
1.4009959999999992
1.3910210000000003
1.4015950000000004
1.3896429999999995
1.4009959999999992
1.3910210000000003
1.4015950000000004
1.3896429999999995
1.4009959999999992
1.3910210000000003
1.4015950000000004
1.3896429999999995
1.4009959999999992
1.3910210000000003
1.4015950000000004
1.3896429999999995
1.4009959999999992
1.3910210000000003
1.4015950000000004
1.3896429999999995
1.4009959999999992
1.3910210000000003
1.4015950000000004
1.3896429999999995
1.4009959999999992
1.3910210000000003
1.4015950000000004
1.3896429999999995
1.4009959999999992
1.3910210000000003
1.4015950000000004
1.3896429999999995
1.4009959999999992
1.3910210000000003
1.4015950000000004
1.3896429999999995
1.4009959999999992
1.3910210000000003
1.4015950000000004
1.3896429999999995
1.4009959999999992
1.3910210000000003
1.4015950000000004
1.3896429999999995
1.4009959999999992
1.3910210000000003
1.4015950000000004
1.3896429999999995
1.4009959999999992
1.3910210000000003
1.4015950000000004
1.3896429999999995
1.4009959999999992
1.3910210000000003
1.4015950000000004
1.3896429999999995
1.4009959999999992
1.3910210000000003
1.4015950000000004
1.3896429999999995
1.4009959999999992
1.3910210000000003
1.4015950000000004
1.3896429999999995
1.4009959999999992
1.3910210000000003
1.4015950000000004
1.3896429999999995
1.4009959999999992
1.3910210000000003
1.4015950000000004
1.3896429999999995
1.4009959999999992
1.3910210000000003
1.4015950000000004
1.3896429999999995
1.4009959999999992
1.3910210000000003
1.4015950000000004
1.3896429999999995
1.4009959999999992
1.3910210000000003
1.4015950000000004
1.3896429999999995
1.4009959999999992
1.3910210000000003
1.4015950000000004
1.3896429999999995
1.4009959999999992
1.3910210000000003
1.4015950000000004
1.3896429999999995
1.4009959999999992
1.3910210000000003
1.4015950000000004
1.3896429999999995
1.4009959999999992
1.3910210000000003
1.4015950000000004
1.3896429999999995
1.4009959999999992
1.3910210000000003
1.4015950000000004
1.3896429999999995
1.4009959999999992
1.3910210000000003
1.4015950000000004
1.3896429999999995
1.4009959999999992
1.3910210000000003
1.4015950000000004
1.3896429999999995
1.4009959999999992
1.3910210000000003
1.4015950000000004
1.3896429999999995
1.4009959999999992
1.3910210000000003
1.4015950000000004
1.3896429999999995
1.4009959999999992
1.3910210000000003
1.4015950000000004
1.3896429999999995
1.4009959999999992
1.3910210000000003
1.4015950000000004
1.3896429999999995
1.4009959999999992
1.3910210000000003
1.4015950000000004
1.3896429999999995
1.4009959999999992
1.3910210000000003
1.4015950000000004
-1.406835
-1.394717
-1.3959989999999998
-1.3857049999999997
-1.406835
-1.394717
-1.3959989999999998
-1.3857049999999997
-1.406835
-1.394717
-1.3959989999999998
-1.3857049999999997
-1.406835
-1.394717
-1.3959989999999998
-1.3857049999999997
-1.406835
-1.394717
-1.3959989999999998
-1.3857049999999997
-1.406835
-1.394717
-1.3959989999999998
-1.3857049999999997
-1.406835
-1.394717
-1.3959989999999998
-1.3857049999999997
-1.406835
-1.394717
-1.3959989999999998
-1.3857049999999997
-1.406835
-1.394717
-1.3959989999999998
-1.3857049999999997
-1.406835
-1.394717
-1.3959989999999998
-1.3857049999999997
-1.406835
-1.394717
-1.3959989999999998
-1.3857049999999997
-1.406835
-1.394717
-1.3959989999999998
-1.3857049999999997
-1.406835
-1.394717
-1.3959989999999998
-1.3857049999999997
-1.406835
-1.394717
-1.3959989999999998
-1.3857049999999997
-1.406835
-1.394717
-1.3959989999999998
-1.3857049999999997
-1.406835
-1.394717
-1.3959989999999998
-1.3857049999999997
-1.406835
-1.394717
-1.3959989999999998
-1.3857049999999997
-1.406835
-1.394717
-1.3959989999999998
-1.3857049999999997
-1.406835
-1.394717
-1.3959989999999998
-1.3857049999999997
-1.406835
-1.394717
-1.3959989999999998
-1.3857049999999997
-1.406835
-1.394717
-1.3959989999999998
-1.3857049999999997
-1.406835
-1.394717
-1.3959989999999998
-1.3857049999999997
-1.406835
-1.394717
-1.3959989999999998
-1.3857049999999997
-1.406835
-1.394717
-1.3959989999999998
-1.3857049999999997
-1.406835
-1.394717
-1.3959989999999998
-1.3857049999999997
-1.406835
-1.394717
-1.3959989999999998
-1.3857049999999997
-1.406835
-1.394717
-1.3959989999999998
-1.3857049999999997
-1.406835
-1.394717
-1.3959989999999998
-1.3857049999999997
-1.406835
-1.394717
-1.3959989999999998
-1.3857049999999997
-1.406835
-1.394717
-1.3959989999999998
-1.3857049999999997
-1.406835
-1.394717
-1.3959989999999998
-1.3857049999999997
-1.406835
-1.394717
-1.3959989999999998
-1.3857049999999997
-1.406835
-1.394717
-1.3959989999999998
-1.3857049999999997
-1.406835
-1.394717
-1.3959989999999998
-1.3857049999999997
-1.406835
-1.394717
-1.3959989999999998
-1.3857049999999997
-1.406835
-1.394717
-1.3959989999999998
-1.3857049999999997
