1.4642370000000007
1.4642370000000007
1.4642370000000007
1.4642370000000007
1.4642370000000007
1.4642370000000007
1.4642370000000007
1.4642370000000007
1.4642370000000007
1.4642370000000007
1.4642370000000007
1.4642370000000007
1.4642370000000007
1.4642370000000007
1.4642370000000007
1.4642370000000007
1.4642370000000007
1.4642370000000007
1.4642370000000007
1.4642370000000007
1.4642370000000007
1.4642370000000007
1.4642370000000007
1.4642370000000007
1.4642370000000007
1.4642370000000007
1.4642370000000007
1.4642370000000007
1.4642370000000007
1.4642370000000007
1.4642370000000007
1.4642370000000007
1.4642370000000007
1.4642370000000007
1.4642370000000007
1.4642370000000007
1.4642370000000007
1.4642370000000007
1.4642370000000007
1.4642370000000007
1.4642370000000007
1.4642370000000007
1.4642370000000007
1.4642370000000007
1.4642370000000007
1.4642370000000007
1.4642370000000007
1.4642370000000007
1.4642370000000007
1.4642370000000007
1.4642370000000007
1.4642370000000007
1.4642370000000007
1.4642370000000007
-1.4642359999999996
-1.4642359999999996
-1.4642359999999996
-1.4642359999999996
-1.4642359999999996
-1.4642359999999996
-1.4642359999999996
-1.4642359999999996
-1.4642359999999996
-1.4642359999999996
-1.4642359999999996
-1.4642359999999996
-1.4642359999999996
-1.4642359999999996
-1.4642359999999996
-1.4642359999999996
-1.4642359999999996
-1.4642359999999996
-1.4642359999999996
-1.4642359999999996
-1.4642359999999996
-1.4642359999999996
-1.4642359999999996
-1.4642359999999996
-1.4642359999999996
-1.4642359999999996
-1.4642359999999996
-1.4642359999999996
-1.4642359999999996
-1.4642359999999996
-1.4642359999999996
-1.4642359999999996
-1.4642359999999996
-1.4642359999999996
-1.4642359999999996
-1.4642359999999996
-1.4642359999999996
-1.4642359999999996
-1.4642359999999996
-1.4642359999999996
-1.4642359999999996
-1.4642359999999996
-1.4642359999999996
-1.4642359999999996
-1.4642359999999996
-1.4642359999999996
-1.4642359999999996
-1.4642359999999996
-1.4642359999999996
-1.4642359999999996
-1.4642359999999996
-1.4642359999999996
-1.4642359999999996
-1.4642359999999996
