1.378838
1.3833579999999994
1.378838
1.3833579999999994
1.378838
1.3833579999999994
1.378838
1.3833579999999994
1.378838
1.3833579999999994
1.378838
1.3833579999999994
1.378838
1.3833579999999994
1.378838
1.3833579999999994
1.378838
1.3833579999999994
1.378838
1.3833579999999994
1.378838
1.3833579999999994
1.378838
1.3833579999999994
1.378838
1.3833579999999994
1.378838
1.3833579999999994
1.378838
1.3833579999999994
1.378838
1.3833579999999994
1.378838
1.3833579999999994
1.378838
1.3833579999999994
1.378838
1.3833579999999994
1.378838
1.3833579999999994
1.378838
1.3833579999999994
1.378838
1.3833579999999994
1.378838
1.3833579999999994
1.378838
1.3833579999999994
1.378838
1.3833579999999994
1.378838
1.3833579999999994
1.378838
1.3833579999999994
1.378838
1.3833579999999994
1.378838
1.3833579999999994
1.378838
1.3833579999999994
1.378838
1.3833579999999994
1.378838
1.3833579999999994
1.378838
1.3833579999999994
1.378838
1.3833579999999994
1.378838
1.3833579999999994
1.378838
1.3833579999999994
1.378838
1.3833579999999994
1.378838
1.3833579999999994
1.378838
1.3833579999999994
1.378838
1.3833579999999994
1.378838
1.3833579999999994
1.378838
1.3833579999999994
1.378838
1.3833579999999994
1.378838
1.3833579999999994
1.378838
1.3833579999999994
1.378838
1.3833579999999994
1.378838
1.3833579999999994
1.378838
1.3833579999999994
1.378838
1.3833579999999994
1.378838
1.3833579999999994
1.378838
1.3833579999999994
1.378838
1.3833579999999994
1.378838
1.3833579999999994
1.378838
1.3833579999999994
1.378838
1.3833579999999994
1.378838
1.3833579999999994
1.378838
1.3833579999999994
1.378838
1.3833579999999994
1.378838
1.3833579999999994
1.378838
1.3833579999999994
-1.3799349999999997
-1.3822609999999997
-1.3799349999999997
-1.3822609999999997
-1.3799349999999997
-1.3822609999999997
-1.3799349999999997
-1.3822609999999997
-1.3799349999999997
-1.3822609999999997
-1.3799349999999997
-1.3822609999999997
-1.3799349999999997
-1.3822609999999997
-1.3799349999999997
-1.3822609999999997
-1.3799349999999997
-1.3822609999999997
-1.3799349999999997
-1.3822609999999997
-1.3799349999999997
-1.3822609999999997
-1.3799349999999997
-1.3822609999999997
-1.3799349999999997
-1.3822609999999997
-1.3799349999999997
-1.3822609999999997
-1.3799349999999997
-1.3822609999999997
-1.3799349999999997
-1.3822609999999997
-1.3799349999999997
-1.3822609999999997
-1.3799349999999997
-1.3822609999999997
-1.3799349999999997
-1.3822609999999997
-1.3799349999999997
-1.3822609999999997
-1.3799349999999997
-1.3822609999999997
-1.3799349999999997
-1.3822609999999997
-1.3799349999999997
-1.3822609999999997
-1.3799349999999997
-1.3822609999999997
-1.3799349999999997
-1.3822609999999997
-1.3799349999999997
-1.3822609999999997
-1.3799349999999997
-1.3822609999999997
-1.3799349999999997
-1.3822609999999997
-1.3799349999999997
-1.3822609999999997
-1.3799349999999997
-1.3822609999999997
-1.3799349999999997
-1.3822609999999997
-1.3799349999999997
-1.3822609999999997
-1.3799349999999997
-1.3822609999999997
-1.3799349999999997
-1.3822609999999997
-1.3799349999999997
-1.3822609999999997
-1.3799349999999997
-1.3822609999999997
-1.3799349999999997
-1.3822609999999997
-1.3799349999999997
-1.3822609999999997
-1.3799349999999997
-1.3822609999999997
-1.3799349999999997
-1.3822609999999997
-1.3799349999999997
-1.3822609999999997
-1.3799349999999997
-1.3822609999999997
-1.3799349999999997
-1.3822609999999997
-1.3799349999999997
-1.3822609999999997
-1.3799349999999997
-1.3822609999999997
-1.3799349999999997
-1.3822609999999997
-1.3799349999999997
-1.3822609999999997
-1.3799349999999997
-1.3822609999999997
-1.3799349999999997
-1.3822609999999997
-1.3799349999999997
-1.3822609999999997
-1.3799349999999997
-1.3822609999999997
-1.3799349999999997
-1.3822609999999997
-1.3799349999999997
-1.3822609999999997
-1.3799349999999997
-1.3822609999999997
-1.3799349999999997
-1.3822609999999997
-1.3799349999999997
-1.3822609999999997
-1.3799349999999997
-1.3822609999999997
-1.3799349999999997
-1.3822609999999997
-1.3799349999999997
-1.3822609999999997
-1.3799349999999997
-1.3822609999999997
