1.4240860000000009
1.4207610000000006
1.4108070000000001
1.4201949999999997
1.4240860000000009
1.4207610000000006
1.4108070000000001
1.4201949999999997
1.4240860000000009
1.4207610000000006
1.4108070000000001
1.4201949999999997
1.4240860000000009
1.4207610000000006
1.4108070000000001
1.4201949999999997
1.4240860000000009
1.4207610000000006
1.4108070000000001
1.4201949999999997
1.4240860000000009
1.4207610000000006
1.4108070000000001
1.4201949999999997
1.4240860000000009
1.4207610000000006
1.4108070000000001
1.4201949999999997
1.4240860000000009
1.4207610000000006
1.4108070000000001
1.4201949999999997
1.4240860000000009
1.4207610000000006
1.4108070000000001
1.4201949999999997
1.4240860000000009
1.4207610000000006
1.4108070000000001
1.4201949999999997
1.4240860000000009
1.4207610000000006
1.4108070000000001
1.4201949999999997
1.4240860000000009
1.4207610000000006
1.4108070000000001
1.4201949999999997
1.4240860000000009
1.4207610000000006
1.4108070000000001
1.4201949999999997
1.4240860000000009
1.4207610000000006
1.4108070000000001
1.4201949999999997
1.4240860000000009
1.4207610000000006
1.4108070000000001
1.4201949999999997
1.4240860000000009
1.4207610000000006
1.4108070000000001
1.4201949999999997
1.4240860000000009
1.4207610000000006
1.4108070000000001
1.4201949999999997
1.4240860000000009
1.4207610000000006
1.4108070000000001
1.4201949999999997
1.4240860000000009
1.4207610000000006
1.4108070000000001
1.4201949999999997
1.4240860000000009
1.4207610000000006
1.4108070000000001
1.4201949999999997
1.4240860000000009
1.4207610000000006
1.4108070000000001
1.4201949999999997
1.4240860000000009
1.4207610000000006
1.4108070000000001
1.4201949999999997
1.4240860000000009
1.4207610000000006
1.4108070000000001
1.4201949999999997
1.4240860000000009
1.4207610000000006
1.4108070000000001
1.4201949999999997
1.4240860000000009
1.4207610000000006
1.4108070000000001
1.4201949999999997
1.4240860000000009
1.4207610000000006
1.4108070000000001
1.4201949999999997
1.4240860000000009
1.4207610000000006
1.4108070000000001
1.4201949999999997
1.4240860000000009
1.4207610000000006
1.4108070000000001
1.4201949999999997
1.4240860000000009
1.4207610000000006
1.4108070000000001
1.4201949999999997
1.4240860000000009
1.4207610000000006
1.4108070000000001
1.4201949999999997
1.4240860000000009
1.4207610000000006
1.4108070000000001
1.4201949999999997
1.4240860000000009
1.4207610000000006
1.4108070000000001
1.4201949999999997
1.4240860000000009
1.4207610000000006
1.4108070000000001
1.4201949999999997
1.4240860000000009
1.4207610000000006
1.4108070000000001
1.4201949999999997
1.4240860000000009
1.4207610000000006
1.4108070000000001
1.4201949999999997
1.4240860000000009
1.4207610000000006
1.4108070000000001
1.4201949999999997
-1.4199719999999996
-1.4213449999999996
-1.4222190000000001
-1.412312
-1.4199719999999996
-1.4213449999999996
-1.4222190000000001
-1.412312
-1.4199719999999996
-1.4213449999999996
-1.4222190000000001
-1.412312
-1.4199719999999996
-1.4213449999999996
-1.4222190000000001
-1.412312
-1.4199719999999996
-1.4213449999999996
-1.4222190000000001
-1.412312
-1.4199719999999996
-1.4213449999999996
-1.4222190000000001
-1.412312
-1.4199719999999996
-1.4213449999999996
-1.4222190000000001
-1.412312
-1.4199719999999996
-1.4213449999999996
-1.4222190000000001
-1.412312
-1.4199719999999996
-1.4213449999999996
-1.4222190000000001
-1.412312
-1.4199719999999996
-1.4213449999999996
-1.4222190000000001
-1.412312
-1.4199719999999996
-1.4213449999999996
-1.4222190000000001
-1.412312
-1.4199719999999996
-1.4213449999999996
-1.4222190000000001
-1.412312
-1.4199719999999996
-1.4213449999999996
-1.4222190000000001
-1.412312
-1.4199719999999996
-1.4213449999999996
-1.4222190000000001
-1.412312
-1.4199719999999996
-1.4213449999999996
-1.4222190000000001
-1.412312
-1.4199719999999996
-1.4213449999999996
-1.4222190000000001
-1.412312
-1.4199719999999996
-1.4213449999999996
-1.4222190000000001
-1.412312
-1.4199719999999996
-1.4213449999999996
-1.4222190000000001
-1.412312
-1.4199719999999996
-1.4213449999999996
-1.4222190000000001
-1.412312
-1.4199719999999996
-1.4213449999999996
-1.4222190000000001
-1.412312
-1.4199719999999996
-1.4213449999999996
-1.4222190000000001
-1.412312
-1.4199719999999996
-1.4213449999999996
-1.4222190000000001
-1.412312
-1.4199719999999996
-1.4213449999999996
-1.4222190000000001
-1.412312
-1.4199719999999996
-1.4213449999999996
-1.4222190000000001
-1.412312
-1.4199719999999996
-1.4213449999999996
-1.4222190000000001
-1.412312
-1.4199719999999996
-1.4213449999999996
-1.4222190000000001
-1.412312
-1.4199719999999996
-1.4213449999999996
-1.4222190000000001
-1.412312
-1.4199719999999996
-1.4213449999999996
-1.4222190000000001
-1.412312
-1.4199719999999996
-1.4213449999999996
-1.4222190000000001
-1.412312
-1.4199719999999996
-1.4213449999999996
-1.4222190000000001
-1.412312
-1.4199719999999996
-1.4213449999999996
-1.4222190000000001
-1.412312
-1.4199719999999996
-1.4213449999999996
-1.4222190000000001
-1.412312
-1.4199719999999996
-1.4213449999999996
-1.4222190000000001
-1.412312
-1.4199719999999996
-1.4213449999999996
-1.4222190000000001
-1.412312
-1.4199719999999996
-1.4213449999999996
-1.4222190000000001
-1.412312
-1.4199719999999996
-1.4213449999999996
-1.4222190000000001
-1.412312
