1.4159930000000003
1.4115369999999992
1.4159930000000003
1.4115369999999992
1.4159930000000003
1.4115369999999992
1.4159930000000003
1.4115369999999992
1.4159930000000003
1.4115369999999992
1.4159930000000003
1.4115369999999992
1.4159930000000003
1.4115369999999992
1.4159930000000003
1.4115369999999992
1.4159930000000003
1.4115369999999992
1.4159930000000003
1.4115369999999992
1.4159930000000003
1.4115369999999992
1.4159930000000003
1.4115369999999992
1.4159930000000003
1.4115369999999992
1.4159930000000003
1.4115369999999992
1.4159930000000003
1.4115369999999992
1.4159930000000003
1.4115369999999992
1.4159930000000003
1.4115369999999992
1.4159930000000003
1.4115369999999992
1.4159930000000003
1.4115369999999992
1.4159930000000003
1.4115369999999992
1.4159930000000003
1.4115369999999992
1.4159930000000003
1.4115369999999992
1.4159930000000003
1.4115369999999992
1.4159930000000003
1.4115369999999992
1.4159930000000003
1.4115369999999992
1.4159930000000003
1.4115369999999992
1.4159930000000003
1.4115369999999992
1.4159930000000003
1.4115369999999992
1.4159930000000003
1.4115369999999992
1.4159930000000003
1.4115369999999992
1.4159930000000003
1.4115369999999992
1.4159930000000003
1.4115369999999992
1.4159930000000003
1.4115369999999992
1.4159930000000003
1.4115369999999992
1.4159930000000003
1.4115369999999992
1.4159930000000003
1.4115369999999992
1.4159930000000003
1.4115369999999992
1.4159930000000003
1.4115369999999992
1.4159930000000003
1.4115369999999992
1.4159930000000003
1.4115369999999992
1.4159930000000003
1.4115369999999992
1.4159930000000003
1.4115369999999992
1.4159930000000003
1.4115369999999992
1.4159930000000003
1.4115369999999992
1.4159930000000003
1.4115369999999992
1.4159930000000003
1.4115369999999992
1.4159930000000003
1.4115369999999992
1.4159930000000003
1.4115369999999992
1.4159930000000003
1.4115369999999992
1.4159930000000003
1.4115369999999992
1.4159930000000003
1.4115369999999992
1.4159930000000003
1.4115369999999992
1.4159930000000003
1.4115369999999992
1.4159930000000003
1.4115369999999992
1.4159930000000003
1.4115369999999992
1.4159930000000003
1.4115369999999992
1.4159930000000003
1.4115369999999992
1.4159930000000003
1.4115369999999992
1.4159930000000003
1.4115369999999992
1.4159930000000003
1.4115369999999992
-1.414192
-1.4133370000000003
-1.414192
-1.4133370000000003
-1.414192
-1.4133370000000003
-1.414192
-1.4133370000000003
-1.414192
-1.4133370000000003
-1.414192
-1.4133370000000003
-1.414192
-1.4133370000000003
-1.414192
-1.4133370000000003
-1.414192
-1.4133370000000003
-1.414192
-1.4133370000000003
-1.414192
-1.4133370000000003
-1.414192
-1.4133370000000003
-1.414192
-1.4133370000000003
-1.414192
-1.4133370000000003
-1.414192
-1.4133370000000003
-1.414192
-1.4133370000000003
-1.414192
-1.4133370000000003
-1.414192
-1.4133370000000003
-1.414192
-1.4133370000000003
-1.414192
-1.4133370000000003
-1.414192
-1.4133370000000003
-1.414192
-1.4133370000000003
-1.414192
-1.4133370000000003
-1.414192
-1.4133370000000003
-1.414192
-1.4133370000000003
-1.414192
-1.4133370000000003
-1.414192
-1.4133370000000003
-1.414192
-1.4133370000000003
-1.414192
-1.4133370000000003
-1.414192
-1.4133370000000003
-1.414192
-1.4133370000000003
-1.414192
-1.4133370000000003
-1.414192
-1.4133370000000003
-1.414192
-1.4133370000000003
-1.414192
-1.4133370000000003
-1.414192
-1.4133370000000003
-1.414192
-1.4133370000000003
-1.414192
-1.4133370000000003
-1.414192
-1.4133370000000003
-1.414192
-1.4133370000000003
-1.414192
-1.4133370000000003
-1.414192
-1.4133370000000003
-1.414192
-1.4133370000000003
-1.414192
-1.4133370000000003
-1.414192
-1.4133370000000003
-1.414192
-1.4133370000000003
-1.414192
-1.4133370000000003
-1.414192
-1.4133370000000003
-1.414192
-1.4133370000000003
-1.414192
-1.4133370000000003
-1.414192
-1.4133370000000003
-1.414192
-1.4133370000000003
-1.414192
-1.4133370000000003
-1.414192
-1.4133370000000003
-1.414192
-1.4133370000000003
-1.414192
-1.4133370000000003
-1.414192
-1.4133370000000003
-1.414192
-1.4133370000000003
-1.414192
-1.4133370000000003
-1.414192
-1.4133370000000003
