1.4402559999999998
1.4393809999999991
1.4398700000000009
1.4400739999999992
1.4402559999999998
1.4393809999999991
1.4398700000000009
1.4400739999999992
1.4402559999999998
1.4393809999999991
1.4398700000000009
1.4400739999999992
1.4402559999999998
1.4393809999999991
1.4398700000000009
1.4400739999999992
1.4402559999999998
1.4393809999999991
1.4398700000000009
1.4400739999999992
1.4402559999999998
1.4393809999999991
1.4398700000000009
1.4400739999999992
1.4402559999999998
1.4393809999999991
1.4398700000000009
1.4400739999999992
1.4402559999999998
1.4393809999999991
1.4398700000000009
1.4400739999999992
1.4402559999999998
1.4393809999999991
1.4398700000000009
1.4400739999999992
1.4402559999999998
1.4393809999999991
1.4398700000000009
1.4400739999999992
1.4402559999999998
1.4393809999999991
1.4398700000000009
1.4400739999999992
1.4402559999999998
1.4393809999999991
1.4398700000000009
1.4400739999999992
1.4402559999999998
1.4393809999999991
1.4398700000000009
1.4400739999999992
1.4402559999999998
1.4393809999999991
1.4398700000000009
1.4400739999999992
1.4402559999999998
1.4393809999999991
1.4398700000000009
1.4400739999999992
1.4402559999999998
1.4393809999999991
1.4398700000000009
1.4400739999999992
1.4402559999999998
1.4393809999999991
1.4398700000000009
1.4400739999999992
1.4402559999999998
1.4393809999999991
1.4398700000000009
1.4400739999999992
1.4402559999999998
1.4393809999999991
1.4398700000000009
1.4400739999999992
1.4402559999999998
1.4393809999999991
1.4398700000000009
1.4400739999999992
1.4402559999999998
1.4393809999999991
1.4398700000000009
1.4400739999999992
1.4402559999999998
1.4393809999999991
1.4398700000000009
1.4400739999999992
1.4402559999999998
1.4393809999999991
1.4398700000000009
1.4400739999999992
1.4402559999999998
1.4393809999999991
1.4398700000000009
1.4400739999999992
1.4402559999999998
1.4393809999999991
1.4398700000000009
1.4400739999999992
1.4402559999999998
1.4393809999999991
1.4398700000000009
1.4400739999999992
1.4402559999999998
1.4393809999999991
1.4398700000000009
1.4400739999999992
1.4402559999999998
1.4393809999999991
1.4398700000000009
1.4400739999999992
1.4402559999999998
1.4393809999999991
1.4398700000000009
1.4400739999999992
1.4402559999999998
1.4393809999999991
1.4398700000000009
1.4400739999999992
1.4402559999999998
1.4393809999999991
1.4398700000000009
1.4400739999999992
1.4402559999999998
1.4393809999999991
1.4398700000000009
1.4400739999999992
1.4402559999999998
1.4393809999999991
1.4398700000000009
1.4400739999999992
1.4402559999999998
1.4393809999999991
1.4398700000000009
1.4400739999999992
1.4402559999999998
1.4393809999999991
1.4398700000000009
1.4400739999999992
1.4402559999999998
1.4393809999999991
1.4398700000000009
1.4400739999999992
-1.4398419999999996
-1.43966
-1.4400659999999998
-1.440017
-1.4398419999999996
-1.43966
-1.4400659999999998
-1.440017
-1.4398419999999996
-1.43966
-1.4400659999999998
-1.440017
-1.4398419999999996
-1.43966
-1.4400659999999998
-1.440017
-1.4398419999999996
-1.43966
-1.4400659999999998
-1.440017
-1.4398419999999996
-1.43966
-1.4400659999999998
-1.440017
-1.4398419999999996
-1.43966
-1.4400659999999998
-1.440017
-1.4398419999999996
-1.43966
-1.4400659999999998
-1.440017
-1.4398419999999996
-1.43966
-1.4400659999999998
-1.440017
-1.4398419999999996
-1.43966
-1.4400659999999998
-1.440017
-1.4398419999999996
-1.43966
-1.4400659999999998
-1.440017
-1.4398419999999996
-1.43966
-1.4400659999999998
-1.440017
-1.4398419999999996
-1.43966
-1.4400659999999998
-1.440017
-1.4398419999999996
-1.43966
-1.4400659999999998
-1.440017
-1.4398419999999996
-1.43966
-1.4400659999999998
-1.440017
-1.4398419999999996
-1.43966
-1.4400659999999998
-1.440017
-1.4398419999999996
-1.43966
-1.4400659999999998
-1.440017
-1.4398419999999996
-1.43966
-1.4400659999999998
-1.440017
-1.4398419999999996
-1.43966
-1.4400659999999998
-1.440017
-1.4398419999999996
-1.43966
-1.4400659999999998
-1.440017
-1.4398419999999996
-1.43966
-1.4400659999999998
-1.440017
-1.4398419999999996
-1.43966
-1.4400659999999998
-1.440017
-1.4398419999999996
-1.43966
-1.4400659999999998
-1.440017
-1.4398419999999996
-1.43966
-1.4400659999999998
-1.440017
-1.4398419999999996
-1.43966
-1.4400659999999998
-1.440017
-1.4398419999999996
-1.43966
-1.4400659999999998
-1.440017
-1.4398419999999996
-1.43966
-1.4400659999999998
-1.440017
-1.4398419999999996
-1.43966
-1.4400659999999998
-1.440017
-1.4398419999999996
-1.43966
-1.4400659999999998
-1.440017
-1.4398419999999996
-1.43966
-1.4400659999999998
-1.440017
-1.4398419999999996
-1.43966
-1.4400659999999998
-1.440017
-1.4398419999999996
-1.43966
-1.4400659999999998
-1.440017
-1.4398419999999996
-1.43966
-1.4400659999999998
-1.440017
-1.4398419999999996
-1.43966
-1.4400659999999998
-1.440017
-1.4398419999999996
-1.43966
-1.4400659999999998
-1.440017
-1.4398419999999996
-1.43966
-1.4400659999999998
-1.440017
