1.4264799999999997
1.4208300000000005
1.4234589999999994
1.4203430000000008
1.4264799999999997
1.4208300000000005
1.4234589999999994
1.4203430000000008
1.4264799999999997
1.4208300000000005
1.4234589999999994
1.4203430000000008
1.4264799999999997
1.4208300000000005
1.4234589999999994
1.4203430000000008
1.4264799999999997
1.4208300000000005
1.4234589999999994
1.4203430000000008
1.4264799999999997
1.4208300000000005
1.4234589999999994
1.4203430000000008
1.4264799999999997
1.4208300000000005
1.4234589999999994
1.4203430000000008
1.4264799999999997
1.4208300000000005
1.4234589999999994
1.4203430000000008
1.4264799999999997
1.4208300000000005
1.4234589999999994
1.4203430000000008
1.4264799999999997
1.4208300000000005
1.4234589999999994
1.4203430000000008
1.4264799999999997
1.4208300000000005
1.4234589999999994
1.4203430000000008
1.4264799999999997
1.4208300000000005
1.4234589999999994
1.4203430000000008
1.4264799999999997
1.4208300000000005
1.4234589999999994
1.4203430000000008
1.4264799999999997
1.4208300000000005
1.4234589999999994
1.4203430000000008
1.4264799999999997
1.4208300000000005
1.4234589999999994
1.4203430000000008
1.4264799999999997
1.4208300000000005
1.4234589999999994
1.4203430000000008
1.4264799999999997
1.4208300000000005
1.4234589999999994
1.4203430000000008
1.4264799999999997
1.4208300000000005
1.4234589999999994
1.4203430000000008
1.4264799999999997
1.4208300000000005
1.4234589999999994
1.4203430000000008
1.4264799999999997
1.4208300000000005
1.4234589999999994
1.4203430000000008
1.4264799999999997
1.4208300000000005
1.4234589999999994
1.4203430000000008
1.4264799999999997
1.4208300000000005
1.4234589999999994
1.4203430000000008
1.4264799999999997
1.4208300000000005
1.4234589999999994
1.4203430000000008
1.4264799999999997
1.4208300000000005
1.4234589999999994
1.4203430000000008
1.4264799999999997
1.4208300000000005
1.4234589999999994
1.4203430000000008
1.4264799999999997
1.4208300000000005
1.4234589999999994
1.4203430000000008
1.4264799999999997
1.4208300000000005
1.4234589999999994
1.4203430000000008
1.4264799999999997
1.4208300000000005
1.4234589999999994
1.4203430000000008
1.4264799999999997
1.4208300000000005
1.4234589999999994
1.4203430000000008
1.4264799999999997
1.4208300000000005
1.4234589999999994
1.4203430000000008
1.4264799999999997
1.4208300000000005
1.4234589999999994
1.4203430000000008
1.4264799999999997
1.4208300000000005
1.4234589999999994
1.4203430000000008
1.4264799999999997
1.4208300000000005
1.4234589999999994
1.4203430000000008
1.4264799999999997
1.4208300000000005
1.4234589999999994
1.4203430000000008
1.4264799999999997
1.4208300000000005
1.4234589999999994
1.4203430000000008
1.4264799999999997
1.4208300000000005
1.4234589999999994
1.4203430000000008
1.4264799999999997
1.4208300000000005
1.4234589999999994
1.4203430000000008
1.4264799999999997
1.4208300000000005
1.4234589999999994
1.4203430000000008
1.4264799999999997
1.4208300000000005
1.4234589999999994
1.4203430000000008
1.4264799999999997
1.4208300000000005
1.4234589999999994
1.4203430000000008
1.4264799999999997
1.4208300000000005
1.4234589999999994
1.4203430000000008
1.4264799999999997
1.4208300000000005
1.4234589999999994
1.4203430000000008
1.4264799999999997
1.4208300000000005
1.4234589999999994
1.4203430000000008
1.4264799999999997
1.4208300000000005
1.4234589999999994
1.4203430000000008
1.4264799999999997
1.4208300000000005
1.4234589999999994
1.4203430000000008
1.4264799999999997
1.4208300000000005
1.4234589999999994
1.4203430000000008
1.4264799999999997
1.4208300000000005
1.4234589999999994
1.4203430000000008
1.4264799999999997
1.4208300000000005
1.4234589999999994
1.4203430000000008
-1.4244310000000002
-1.420496
-1.4249479999999997
-1.42124
-1.4244310000000002
-1.420496
-1.4249479999999997
-1.42124
-1.4244310000000002
-1.420496
-1.4249479999999997
-1.42124
-1.4244310000000002
-1.420496
-1.4249479999999997
-1.42124
-1.4244310000000002
-1.420496
-1.4249479999999997
-1.42124
-1.4244310000000002
-1.420496
-1.4249479999999997
-1.42124
-1.4244310000000002
-1.420496
-1.4249479999999997
-1.42124
-1.4244310000000002
-1.420496
-1.4249479999999997
-1.42124
-1.4244310000000002
-1.420496
-1.4249479999999997
-1.42124
-1.4244310000000002
-1.420496
-1.4249479999999997
-1.42124
-1.4244310000000002
-1.420496
-1.4249479999999997
-1.42124
-1.4244310000000002
-1.420496
-1.4249479999999997
-1.42124
-1.4244310000000002
-1.420496
-1.4249479999999997
-1.42124
-1.4244310000000002
-1.420496
-1.4249479999999997
-1.42124
-1.4244310000000002
-1.420496
-1.4249479999999997
-1.42124
-1.4244310000000002
-1.420496
-1.4249479999999997
-1.42124
-1.4244310000000002
-1.420496
-1.4249479999999997
-1.42124
-1.4244310000000002
-1.420496
-1.4249479999999997
-1.42124
-1.4244310000000002
-1.420496
-1.4249479999999997
-1.42124
-1.4244310000000002
-1.420496
-1.4249479999999997
-1.42124
-1.4244310000000002
-1.420496
-1.4249479999999997
-1.42124
-1.4244310000000002
-1.420496
-1.4249479999999997
-1.42124
-1.4244310000000002
-1.420496
-1.4249479999999997
-1.42124
-1.4244310000000002
-1.420496
-1.4249479999999997
-1.42124
-1.4244310000000002
-1.420496
-1.4249479999999997
-1.42124
-1.4244310000000002
-1.420496
-1.4249479999999997
-1.42124
-1.4244310000000002
-1.420496
-1.4249479999999997
-1.42124
-1.4244310000000002
-1.420496
-1.4249479999999997
-1.42124
-1.4244310000000002
-1.420496
-1.4249479999999997
-1.42124
-1.4244310000000002
-1.420496
-1.4249479999999997
-1.42124
-1.4244310000000002
-1.420496
-1.4249479999999997
-1.42124
-1.4244310000000002
-1.420496
-1.4249479999999997
-1.42124
-1.4244310000000002
-1.420496
-1.4249479999999997
-1.42124
-1.4244310000000002
-1.420496
-1.4249479999999997
-1.42124
-1.4244310000000002
-1.420496
-1.4249479999999997
-1.42124
-1.4244310000000002
-1.420496
-1.4249479999999997
-1.42124
-1.4244310000000002
-1.420496
-1.4249479999999997
-1.42124
-1.4244310000000002
-1.420496
-1.4249479999999997
-1.42124
-1.4244310000000002
-1.420496
-1.4249479999999997
-1.42124
-1.4244310000000002
-1.420496
-1.4249479999999997
-1.42124
-1.4244310000000002
-1.420496
-1.4249479999999997
-1.42124
-1.4244310000000002
-1.420496
-1.4249479999999997
-1.42124
-1.4244310000000002
-1.420496
-1.4249479999999997
-1.42124
-1.4244310000000002
-1.420496
-1.4249479999999997
-1.42124
-1.4244310000000002
-1.420496
-1.4249479999999997
-1.42124
-1.4244310000000002
-1.420496
-1.4249479999999997
-1.42124
-1.4244310000000002
-1.420496
-1.4249479999999997
-1.42124
-1.4244310000000002
-1.420496
-1.4249479999999997
-1.42124
