1.4049580000000006
1.4049580000000006
1.4049580000000006
1.4049580000000006
1.4049580000000006
1.4049580000000006
1.4049580000000006
1.4049580000000006
1.4049580000000006
1.4049580000000006
1.4049580000000006
1.4049580000000006
1.4049580000000006
1.4049580000000006
1.4049580000000006
1.4049580000000006
1.4049580000000006
1.4049580000000006
1.4049580000000006
1.4049580000000006
1.4049580000000006
1.4049580000000006
1.4049580000000006
1.4049580000000006
1.4049580000000006
1.4049580000000006
1.4049580000000006
1.4049580000000006
1.4049580000000006
1.4049580000000006
1.4049580000000006
1.4049580000000006
1.4049580000000006
1.4049580000000006
1.4049580000000006
1.4049580000000006
1.4049580000000006
1.4049580000000006
1.4049580000000006
1.4049580000000006
1.4049580000000006
1.4049580000000006
1.4049580000000006
1.4049580000000006
1.4049580000000006
1.4049580000000006
1.4049580000000006
1.4049580000000006
1.4049580000000006
1.4049580000000006
1.4049580000000006
1.4049580000000006
1.4049580000000006
1.4049580000000006
-1.4049569999999996
-1.4049569999999996
-1.4049569999999996
-1.4049569999999996
-1.4049569999999996
-1.4049569999999996
-1.4049569999999996
-1.4049569999999996
-1.4049569999999996
-1.4049569999999996
-1.4049569999999996
-1.4049569999999996
-1.4049569999999996
-1.4049569999999996
-1.4049569999999996
-1.4049569999999996
-1.4049569999999996
-1.4049569999999996
-1.4049569999999996
-1.4049569999999996
-1.4049569999999996
-1.4049569999999996
-1.4049569999999996
-1.4049569999999996
-1.4049569999999996
-1.4049569999999996
-1.4049569999999996
-1.4049569999999996
-1.4049569999999996
-1.4049569999999996
-1.4049569999999996
-1.4049569999999996
-1.4049569999999996
-1.4049569999999996
-1.4049569999999996
-1.4049569999999996
-1.4049569999999996
-1.4049569999999996
-1.4049569999999996
-1.4049569999999996
-1.4049569999999996
-1.4049569999999996
-1.4049569999999996
-1.4049569999999996
-1.4049569999999996
-1.4049569999999996
-1.4049569999999996
-1.4049569999999996
-1.4049569999999996
-1.4049569999999996
-1.4049569999999996
-1.4049569999999996
-1.4049569999999996
-1.4049569999999996
