1.3760960000000004
1.3700609999999998
1.3760960000000004
1.3700609999999998
1.3760960000000004
1.3700609999999998
1.3760960000000004
1.3700609999999998
1.3760960000000004
1.3700609999999998
1.3760960000000004
1.3700609999999998
1.3760960000000004
1.3700609999999998
1.3760960000000004
1.3700609999999998
1.3760960000000004
1.3700609999999998
1.3760960000000004
1.3700609999999998
1.3760960000000004
1.3700609999999998
1.3760960000000004
1.3700609999999998
1.3760960000000004
1.3700609999999998
1.3760960000000004
1.3700609999999998
1.3760960000000004
1.3700609999999998
1.3760960000000004
1.3700609999999998
1.3760960000000004
1.3700609999999998
1.3760960000000004
1.3700609999999998
1.3760960000000004
1.3700609999999998
1.3760960000000004
1.3700609999999998
1.3760960000000004
1.3700609999999998
1.3760960000000004
1.3700609999999998
1.3760960000000004
1.3700609999999998
1.3760960000000004
1.3700609999999998
1.3760960000000004
1.3700609999999998
1.3760960000000004
1.3700609999999998
1.3760960000000004
1.3700609999999998
1.3760960000000004
1.3700609999999998
1.3760960000000004
1.3700609999999998
1.3760960000000004
1.3700609999999998
1.3760960000000004
1.3700609999999998
1.3760960000000004
1.3700609999999998
1.3760960000000004
1.3700609999999998
1.3760960000000004
1.3700609999999998
1.3760960000000004
1.3700609999999998
1.3760960000000004
1.3700609999999998
1.3760960000000004
1.3700609999999998
1.3760960000000004
1.3700609999999998
1.3760960000000004
1.3700609999999998
1.3760960000000004
1.3700609999999998
1.3760960000000004
1.3700609999999998
1.3760960000000004
1.3700609999999998
1.3760960000000004
1.3700609999999998
1.3760960000000004
1.3700609999999998
1.3760960000000004
1.3700609999999998
1.3760960000000004
1.3700609999999998
1.3760960000000004
1.3700609999999998
1.3760960000000004
1.3700609999999998
-1.3698449999999998
-1.3763129999999997
-1.3698449999999998
-1.3763129999999997
-1.3698449999999998
-1.3763129999999997
-1.3698449999999998
-1.3763129999999997
-1.3698449999999998
-1.3763129999999997
-1.3698449999999998
-1.3763129999999997
-1.3698449999999998
-1.3763129999999997
-1.3698449999999998
-1.3763129999999997
-1.3698449999999998
-1.3763129999999997
-1.3698449999999998
-1.3763129999999997
-1.3698449999999998
-1.3763129999999997
-1.3698449999999998
-1.3763129999999997
-1.3698449999999998
-1.3763129999999997
-1.3698449999999998
-1.3763129999999997
-1.3698449999999998
-1.3763129999999997
-1.3698449999999998
-1.3763129999999997
-1.3698449999999998
-1.3763129999999997
-1.3698449999999998
-1.3763129999999997
-1.3698449999999998
-1.3763129999999997
-1.3698449999999998
-1.3763129999999997
-1.3698449999999998
-1.3763129999999997
-1.3698449999999998
-1.3763129999999997
-1.3698449999999998
-1.3763129999999997
-1.3698449999999998
-1.3763129999999997
-1.3698449999999998
-1.3763129999999997
-1.3698449999999998
-1.3763129999999997
-1.3698449999999998
-1.3763129999999997
-1.3698449999999998
-1.3763129999999997
-1.3698449999999998
-1.3763129999999997
-1.3698449999999998
-1.3763129999999997
-1.3698449999999998
-1.3763129999999997
-1.3698449999999998
-1.3763129999999997
-1.3698449999999998
-1.3763129999999997
-1.3698449999999998
-1.3763129999999997
-1.3698449999999998
-1.3763129999999997
-1.3698449999999998
-1.3763129999999997
-1.3698449999999998
-1.3763129999999997
-1.3698449999999998
-1.3763129999999997
-1.3698449999999998
-1.3763129999999997
-1.3698449999999998
-1.3763129999999997
-1.3698449999999998
-1.3763129999999997
-1.3698449999999998
-1.3763129999999997
-1.3698449999999998
-1.3763129999999997
-1.3698449999999998
-1.3763129999999997
-1.3698449999999998
-1.3763129999999997
-1.3698449999999998
-1.3763129999999997
-1.3698449999999998
-1.3763129999999997
-1.3698449999999998
-1.3763129999999997
