1.3839880000000004
1.4061760000000003
1.3839880000000004
1.4061760000000003
1.3839880000000004
1.4061760000000003
1.3839880000000004
1.4061760000000003
1.3839880000000004
1.4061760000000003
1.3839880000000004
1.4061760000000003
1.3839880000000004
1.4061760000000003
1.3839880000000004
1.4061760000000003
1.3839880000000004
1.4061760000000003
1.3839880000000004
1.4061760000000003
1.3839880000000004
1.4061760000000003
1.3839880000000004
1.4061760000000003
1.3839880000000004
1.4061760000000003
1.3839880000000004
1.4061760000000003
1.3839880000000004
1.4061760000000003
1.3839880000000004
1.4061760000000003
1.3839880000000004
1.4061760000000003
1.3839880000000004
1.4061760000000003
1.3839880000000004
1.4061760000000003
1.3839880000000004
1.4061760000000003
1.3839880000000004
1.4061760000000003
1.3839880000000004
1.4061760000000003
1.3839880000000004
1.4061760000000003
1.3839880000000004
1.4061760000000003
1.3839880000000004
1.4061760000000003
1.3839880000000004
1.4061760000000003
1.3839880000000004
1.4061760000000003
1.3839880000000004
1.4061760000000003
1.3839880000000004
1.4061760000000003
1.3839880000000004
1.4061760000000003
1.3839880000000004
1.4061760000000003
1.3839880000000004
1.4061760000000003
1.3839880000000004
1.4061760000000003
1.3839880000000004
1.4061760000000003
1.3839880000000004
1.4061760000000003
1.3839880000000004
1.4061760000000003
1.3839880000000004
1.4061760000000003
1.3839880000000004
1.4061760000000003
1.3839880000000004
1.4061760000000003
1.3839880000000004
1.4061760000000003
1.3839880000000004
1.4061760000000003
1.3839880000000004
1.4061760000000003
1.3839880000000004
1.4061760000000003
1.3839880000000004
1.4061760000000003
1.3839880000000004
1.4061760000000003
1.3839880000000004
1.4061760000000003
1.3839880000000004
1.4061760000000003
1.3839880000000004
1.4061760000000003
1.3839880000000004
1.4061760000000003
1.3839880000000004
1.4061760000000003
1.3839880000000004
1.4061760000000003
1.3839880000000004
1.4061760000000003
1.3839880000000004
1.4061760000000003
1.3839880000000004
1.4061760000000003
1.3839880000000004
1.4061760000000003
1.3839880000000004
1.4061760000000003
1.3839880000000004
1.4061760000000003
1.3839880000000004
1.4061760000000003
1.3839880000000004
1.4061760000000003
1.3839880000000004
1.4061760000000003
-1.395283
-1.3948790000000004
-1.395283
-1.3948790000000004
-1.395283
-1.3948790000000004
-1.395283
-1.3948790000000004
-1.395283
-1.3948790000000004
-1.395283
-1.3948790000000004
-1.395283
-1.3948790000000004
-1.395283
-1.3948790000000004
-1.395283
-1.3948790000000004
-1.395283
-1.3948790000000004
-1.395283
-1.3948790000000004
-1.395283
-1.3948790000000004
-1.395283
-1.3948790000000004
-1.395283
-1.3948790000000004
-1.395283
-1.3948790000000004
-1.395283
-1.3948790000000004
-1.395283
-1.3948790000000004
-1.395283
-1.3948790000000004
-1.395283
-1.3948790000000004
-1.395283
-1.3948790000000004
-1.395283
-1.3948790000000004
-1.395283
-1.3948790000000004
-1.395283
-1.3948790000000004
-1.395283
-1.3948790000000004
-1.395283
-1.3948790000000004
-1.395283
-1.3948790000000004
-1.395283
-1.3948790000000004
-1.395283
-1.3948790000000004
-1.395283
-1.3948790000000004
-1.395283
-1.3948790000000004
-1.395283
-1.3948790000000004
-1.395283
-1.3948790000000004
-1.395283
-1.3948790000000004
-1.395283
-1.3948790000000004
-1.395283
-1.3948790000000004
-1.395283
-1.3948790000000004
-1.395283
-1.3948790000000004
-1.395283
-1.3948790000000004
-1.395283
-1.3948790000000004
-1.395283
-1.3948790000000004
-1.395283
-1.3948790000000004
-1.395283
-1.3948790000000004
-1.395283
-1.3948790000000004
-1.395283
-1.3948790000000004
-1.395283
-1.3948790000000004
-1.395283
-1.3948790000000004
-1.395283
-1.3948790000000004
-1.395283
-1.3948790000000004
-1.395283
-1.3948790000000004
-1.395283
-1.3948790000000004
-1.395283
-1.3948790000000004
-1.395283
-1.3948790000000004
-1.395283
-1.3948790000000004
-1.395283
-1.3948790000000004
-1.395283
-1.3948790000000004
-1.395283
-1.3948790000000004
-1.395283
-1.3948790000000004
-1.395283
-1.3948790000000004
-1.395283
-1.3948790000000004
-1.395283
-1.3948790000000004
