1.3126759999999997
1.3126759999999997
1.3126759999999997
1.3126759999999997
1.3126759999999997
1.3126759999999997
1.3126759999999997
1.3126759999999997
1.3126759999999997
1.3126759999999997
1.3126759999999997
1.3126759999999997
1.3126759999999997
1.3126759999999997
1.3126759999999997
1.3126759999999997
1.3126759999999997
1.3126759999999997
1.3126759999999997
1.3126759999999997
1.3126759999999997
1.3126759999999997
1.3126759999999997
1.3126759999999997
1.3126759999999997
1.3126759999999997
1.3126759999999997
1.3126759999999997
1.3126759999999997
1.3126759999999997
1.3126759999999997
1.3126759999999997
1.3126759999999997
1.3126759999999997
1.3126759999999997
1.3126759999999997
1.3126759999999997
1.3126759999999997
1.3126759999999997
1.3126759999999997
1.3126759999999997
1.3126759999999997
1.3126759999999997
1.3126759999999997
1.3126759999999997
1.3126759999999997
1.3126759999999997
1.3126759999999997
1.3126759999999997
1.3126759999999997
1.3126759999999997
1.3126759999999997
1.3126759999999997
1.3126759999999997
-1.3126759999999997
-1.3126759999999997
-1.3126759999999997
-1.3126759999999997
-1.3126759999999997
-1.3126759999999997
-1.3126759999999997
-1.3126759999999997
-1.3126759999999997
-1.3126759999999997
-1.3126759999999997
-1.3126759999999997
-1.3126759999999997
-1.3126759999999997
-1.3126759999999997
-1.3126759999999997
-1.3126759999999997
-1.3126759999999997
-1.3126759999999997
-1.3126759999999997
-1.3126759999999997
-1.3126759999999997
-1.3126759999999997
-1.3126759999999997
-1.3126759999999997
-1.3126759999999997
-1.3126759999999997
-1.3126759999999997
-1.3126759999999997
-1.3126759999999997
-1.3126759999999997
-1.3126759999999997
-1.3126759999999997
-1.3126759999999997
-1.3126759999999997
-1.3126759999999997
-1.3126759999999997
-1.3126759999999997
-1.3126759999999997
-1.3126759999999997
-1.3126759999999997
-1.3126759999999997
-1.3126759999999997
-1.3126759999999997
-1.3126759999999997
-1.3126759999999997
-1.3126759999999997
-1.3126759999999997
-1.3126759999999997
-1.3126759999999997
-1.3126759999999997
-1.3126759999999997
-1.3126759999999997
-1.3126759999999997
