1.3274919999999995
1.3343760000000007
1.3274919999999995
1.3343760000000007
1.3274919999999995
1.3343760000000007
1.3274919999999995
1.3343760000000007
1.3274919999999995
1.3343760000000007
1.3274919999999995
1.3343760000000007
1.3274919999999995
1.3343760000000007
1.3274919999999995
1.3343760000000007
1.3274919999999995
1.3343760000000007
1.3274919999999995
1.3343760000000007
1.3274919999999995
1.3343760000000007
1.3274919999999995
1.3343760000000007
1.3274919999999995
1.3343760000000007
1.3274919999999995
1.3343760000000007
1.3274919999999995
1.3343760000000007
1.3274919999999995
1.3343760000000007
1.3274919999999995
1.3343760000000007
1.3274919999999995
1.3343760000000007
1.3274919999999995
1.3343760000000007
1.3274919999999995
1.3343760000000007
1.3274919999999995
1.3343760000000007
1.3274919999999995
1.3343760000000007
1.3274919999999995
1.3343760000000007
1.3274919999999995
1.3343760000000007
1.3274919999999995
1.3343760000000007
1.3274919999999995
1.3343760000000007
1.3274919999999995
1.3343760000000007
1.3274919999999995
1.3343760000000007
1.3274919999999995
1.3343760000000007
1.3274919999999995
1.3343760000000007
1.3274919999999995
1.3343760000000007
1.3274919999999995
1.3343760000000007
1.3274919999999995
1.3343760000000007
1.3274919999999995
1.3343760000000007
1.3274919999999995
1.3343760000000007
1.3274919999999995
1.3343760000000007
1.3274919999999995
1.3343760000000007
1.3274919999999995
1.3343760000000007
1.3274919999999995
1.3343760000000007
1.3274919999999995
1.3343760000000007
1.3274919999999995
1.3343760000000007
1.3274919999999995
1.3343760000000007
1.3274919999999995
1.3343760000000007
1.3274919999999995
1.3343760000000007
1.3274919999999995
1.3343760000000007
1.3274919999999995
1.3343760000000007
1.3274919999999995
1.3343760000000007
1.3274919999999995
1.3343760000000007
1.3274919999999995
1.3343760000000007
1.3274919999999995
1.3343760000000007
1.3274919999999995
1.3343760000000007
1.3274919999999995
1.3343760000000007
1.3274919999999995
1.3343760000000007
1.3274919999999995
1.3343760000000007
1.3274919999999995
1.3343760000000007
1.3274919999999995
1.3343760000000007
1.3274919999999995
1.3343760000000007
1.3274919999999995
1.3343760000000007
1.3274919999999995
1.3343760000000007
1.3274919999999995
1.3343760000000007
-1.337783
-1.324084
-1.337783
-1.324084
-1.337783
-1.324084
-1.337783
-1.324084
-1.337783
-1.324084
-1.337783
-1.324084
-1.337783
-1.324084
-1.337783
-1.324084
-1.337783
-1.324084
-1.337783
-1.324084
-1.337783
-1.324084
-1.337783
-1.324084
-1.337783
-1.324084
-1.337783
-1.324084
-1.337783
-1.324084
-1.337783
-1.324084
-1.337783
-1.324084
-1.337783
-1.324084
-1.337783
-1.324084
-1.337783
-1.324084
-1.337783
-1.324084
-1.337783
-1.324084
-1.337783
-1.324084
-1.337783
-1.324084
-1.337783
-1.324084
-1.337783
-1.324084
-1.337783
-1.324084
-1.337783
-1.324084
-1.337783
-1.324084
-1.337783
-1.324084
-1.337783
-1.324084
-1.337783
-1.324084
-1.337783
-1.324084
-1.337783
-1.324084
-1.337783
-1.324084
-1.337783
-1.324084
-1.337783
-1.324084
-1.337783
-1.324084
-1.337783
-1.324084
-1.337783
-1.324084
-1.337783
-1.324084
-1.337783
-1.324084
-1.337783
-1.324084
-1.337783
-1.324084
-1.337783
-1.324084
-1.337783
-1.324084
-1.337783
-1.324084
-1.337783
-1.324084
-1.337783
-1.324084
-1.337783
-1.324084
-1.337783
-1.324084
-1.337783
-1.324084
-1.337783
-1.324084
-1.337783
-1.324084
-1.337783
-1.324084
-1.337783
-1.324084
-1.337783
-1.324084
-1.337783
-1.324084
-1.337783
-1.324084
-1.337783
-1.324084
