1.256919
1.2277539999999991
1.256919
1.2277539999999991
1.256919
1.2277539999999991
1.256919
1.2277539999999991
1.256919
1.2277539999999991
1.256919
1.2277539999999991
1.256919
1.2277539999999991
1.256919
1.2277539999999991
1.256919
1.2277539999999991
1.256919
1.2277539999999991
1.256919
1.2277539999999991
1.256919
1.2277539999999991
1.256919
1.2277539999999991
1.256919
1.2277539999999991
1.256919
1.2277539999999991
1.256919
1.2277539999999991
1.256919
1.2277539999999991
1.256919
1.2277539999999991
1.256919
1.2277539999999991
1.256919
1.2277539999999991
1.256919
1.2277539999999991
1.256919
1.2277539999999991
1.256919
1.2277539999999991
1.256919
1.2277539999999991
1.256919
1.2277539999999991
1.256919
1.2277539999999991
1.256919
1.2277539999999991
1.256919
1.2277539999999991
1.256919
1.2277539999999991
1.256919
1.2277539999999991
1.256919
1.2277539999999991
1.256919
1.2277539999999991
1.256919
1.2277539999999991
1.256919
1.2277539999999991
1.256919
1.2277539999999991
1.256919
1.2277539999999991
1.256919
1.2277539999999991
1.256919
1.2277539999999991
1.256919
1.2277539999999991
1.256919
1.2277539999999991
1.256919
1.2277539999999991
1.256919
1.2277539999999991
1.256919
1.2277539999999991
1.256919
1.2277539999999991
1.256919
1.2277539999999991
1.256919
1.2277539999999991
1.256919
1.2277539999999991
1.256919
1.2277539999999991
1.256919
1.2277539999999991
1.256919
1.2277539999999991
1.256919
1.2277539999999991
1.256919
1.2277539999999991
1.256919
1.2277539999999991
1.256919
1.2277539999999991
1.256919
1.2277539999999991
1.256919
1.2277539999999991
1.256919
1.2277539999999991
1.256919
1.2277539999999991
1.256919
1.2277539999999991
1.256919
1.2277539999999991
-1.2437779999999998
-1.240894
-1.2437779999999998
-1.240894
-1.2437779999999998
-1.240894
-1.2437779999999998
-1.240894
-1.2437779999999998
-1.240894
-1.2437779999999998
-1.240894
-1.2437779999999998
-1.240894
-1.2437779999999998
-1.240894
-1.2437779999999998
-1.240894
-1.2437779999999998
-1.240894
-1.2437779999999998
-1.240894
-1.2437779999999998
-1.240894
-1.2437779999999998
-1.240894
-1.2437779999999998
-1.240894
-1.2437779999999998
-1.240894
-1.2437779999999998
-1.240894
-1.2437779999999998
-1.240894
-1.2437779999999998
-1.240894
-1.2437779999999998
-1.240894
-1.2437779999999998
-1.240894
-1.2437779999999998
-1.240894
-1.2437779999999998
-1.240894
-1.2437779999999998
-1.240894
-1.2437779999999998
-1.240894
-1.2437779999999998
-1.240894
-1.2437779999999998
-1.240894
-1.2437779999999998
-1.240894
-1.2437779999999998
-1.240894
-1.2437779999999998
-1.240894
-1.2437779999999998
-1.240894
-1.2437779999999998
-1.240894
-1.2437779999999998
-1.240894
-1.2437779999999998
-1.240894
-1.2437779999999998
-1.240894
-1.2437779999999998
-1.240894
-1.2437779999999998
-1.240894
-1.2437779999999998
-1.240894
-1.2437779999999998
-1.240894
-1.2437779999999998
-1.240894
-1.2437779999999998
-1.240894
-1.2437779999999998
-1.240894
-1.2437779999999998
-1.240894
-1.2437779999999998
-1.240894
-1.2437779999999998
-1.240894
-1.2437779999999998
-1.240894
-1.2437779999999998
-1.240894
-1.2437779999999998
-1.240894
-1.2437779999999998
-1.240894
-1.2437779999999998
-1.240894
-1.2437779999999998
-1.240894
-1.2437779999999998
-1.240894
-1.2437779999999998
-1.240894
-1.2437779999999998
-1.240894
-1.2437779999999998
-1.240894
-1.2437779999999998
-1.240894
-1.2437779999999998
-1.240894
-1.2437779999999998
-1.240894
-1.2437779999999998
-1.240894
-1.2437779999999998
-1.240894
-1.2437779999999998
-1.240894
