1.438708
1.4390199999999993
1.4394179999999999
1.4379100000000005
1.438708
1.4390199999999993
1.4394179999999999
1.4379100000000005
1.438708
1.4390199999999993
1.4394179999999999
1.4379100000000005
1.438708
1.4390199999999993
1.4394179999999999
1.4379100000000005
1.438708
1.4390199999999993
1.4394179999999999
1.4379100000000005
1.438708
1.4390199999999993
1.4394179999999999
1.4379100000000005
1.438708
1.4390199999999993
1.4394179999999999
1.4379100000000005
1.438708
1.4390199999999993
1.4394179999999999
1.4379100000000005
1.438708
1.4390199999999993
1.4394179999999999
1.4379100000000005
1.438708
1.4390199999999993
1.4394179999999999
1.4379100000000005
1.438708
1.4390199999999993
1.4394179999999999
1.4379100000000005
1.438708
1.4390199999999993
1.4394179999999999
1.4379100000000005
1.438708
1.4390199999999993
1.4394179999999999
1.4379100000000005
1.438708
1.4390199999999993
1.4394179999999999
1.4379100000000005
1.438708
1.4390199999999993
1.4394179999999999
1.4379100000000005
1.438708
1.4390199999999993
1.4394179999999999
1.4379100000000005
1.438708
1.4390199999999993
1.4394179999999999
1.4379100000000005
1.438708
1.4390199999999993
1.4394179999999999
1.4379100000000005
1.438708
1.4390199999999993
1.4394179999999999
1.4379100000000005
1.438708
1.4390199999999993
1.4394179999999999
1.4379100000000005
1.438708
1.4390199999999993
1.4394179999999999
1.4379100000000005
1.438708
1.4390199999999993
1.4394179999999999
1.4379100000000005
1.438708
1.4390199999999993
1.4394179999999999
1.4379100000000005
1.438708
1.4390199999999993
1.4394179999999999
1.4379100000000005
1.438708
1.4390199999999993
1.4394179999999999
1.4379100000000005
1.438708
1.4390199999999993
1.4394179999999999
1.4379100000000005
1.438708
1.4390199999999993
1.4394179999999999
1.4379100000000005
-1.4385960000000004
-1.4389459999999996
-1.4388870000000002
-1.438625
-1.4385960000000004
-1.4389459999999996
-1.4388870000000002
-1.438625
-1.4385960000000004
-1.4389459999999996
-1.4388870000000002
-1.438625
-1.4385960000000004
-1.4389459999999996
-1.4388870000000002
-1.438625
-1.4385960000000004
-1.4389459999999996
-1.4388870000000002
-1.438625
-1.4385960000000004
-1.4389459999999996
-1.4388870000000002
-1.438625
-1.4385960000000004
-1.4389459999999996
-1.4388870000000002
-1.438625
-1.4385960000000004
-1.4389459999999996
-1.4388870000000002
-1.438625
-1.4385960000000004
-1.4389459999999996
-1.4388870000000002
-1.438625
-1.4385960000000004
-1.4389459999999996
-1.4388870000000002
-1.438625
-1.4385960000000004
-1.4389459999999996
-1.4388870000000002
-1.438625
-1.4385960000000004
-1.4389459999999996
-1.4388870000000002
-1.438625
-1.4385960000000004
-1.4389459999999996
-1.4388870000000002
-1.438625
-1.4385960000000004
-1.4389459999999996
-1.4388870000000002
-1.438625
-1.4385960000000004
-1.4389459999999996
-1.4388870000000002
-1.438625
-1.4385960000000004
-1.4389459999999996
-1.4388870000000002
-1.438625
-1.4385960000000004
-1.4389459999999996
-1.4388870000000002
-1.438625
-1.4385960000000004
-1.4389459999999996
-1.4388870000000002
-1.438625
-1.4385960000000004
-1.4389459999999996
-1.4388870000000002
-1.438625
-1.4385960000000004
-1.4389459999999996
-1.4388870000000002
-1.438625
-1.4385960000000004
-1.4389459999999996
-1.4388870000000002
-1.438625
-1.4385960000000004
-1.4389459999999996
-1.4388870000000002
-1.438625
-1.4385960000000004
-1.4389459999999996
-1.4388870000000002
-1.438625
-1.4385960000000004
-1.4389459999999996
-1.4388870000000002
-1.438625
-1.4385960000000004
-1.4389459999999996
-1.4388870000000002
-1.438625
-1.4385960000000004
-1.4389459999999996
-1.4388870000000002
-1.438625
-1.4385960000000004
-1.4389459999999996
-1.4388870000000002
-1.438625
