1.4289170000000002
1.4264170000000007
1.430422
1.4272679999999998
1.4289170000000002
1.4264170000000007
1.430422
1.4272679999999998
1.4289170000000002
1.4264170000000007
1.430422
1.4272679999999998
1.4289170000000002
1.4264170000000007
1.430422
1.4272679999999998
1.4289170000000002
1.4264170000000007
1.430422
1.4272679999999998
1.4289170000000002
1.4264170000000007
1.430422
1.4272679999999998
1.4289170000000002
1.4264170000000007
1.430422
1.4272679999999998
1.4289170000000002
1.4264170000000007
1.430422
1.4272679999999998
1.4289170000000002
1.4264170000000007
1.430422
1.4272679999999998
1.4289170000000002
1.4264170000000007
1.430422
1.4272679999999998
1.4289170000000002
1.4264170000000007
1.430422
1.4272679999999998
1.4289170000000002
1.4264170000000007
1.430422
1.4272679999999998
1.4289170000000002
1.4264170000000007
1.430422
1.4272679999999998
1.4289170000000002
1.4264170000000007
1.430422
1.4272679999999998
1.4289170000000002
1.4264170000000007
1.430422
1.4272679999999998
1.4289170000000002
1.4264170000000007
1.430422
1.4272679999999998
1.4289170000000002
1.4264170000000007
1.430422
1.4272679999999998
1.4289170000000002
1.4264170000000007
1.430422
1.4272679999999998
1.4289170000000002
1.4264170000000007
1.430422
1.4272679999999998
1.4289170000000002
1.4264170000000007
1.430422
1.4272679999999998
1.4289170000000002
1.4264170000000007
1.430422
1.4272679999999998
1.4289170000000002
1.4264170000000007
1.430422
1.4272679999999998
1.4289170000000002
1.4264170000000007
1.430422
1.4272679999999998
1.4289170000000002
1.4264170000000007
1.430422
1.4272679999999998
1.4289170000000002
1.4264170000000007
1.430422
1.4272679999999998
1.4289170000000002
1.4264170000000007
1.430422
1.4272679999999998
1.4289170000000002
1.4264170000000007
1.430422
1.4272679999999998
1.4289170000000002
1.4264170000000007
1.430422
1.4272679999999998
1.4289170000000002
1.4264170000000007
1.430422
1.4272679999999998
1.4289170000000002
1.4264170000000007
1.430422
1.4272679999999998
1.4289170000000002
1.4264170000000007
1.430422
1.4272679999999998
1.4289170000000002
1.4264170000000007
1.430422
1.4272679999999998
1.4289170000000002
1.4264170000000007
1.430422
1.4272679999999998
1.4289170000000002
1.4264170000000007
1.430422
1.4272679999999998
1.4289170000000002
1.4264170000000007
1.430422
1.4272679999999998
1.4289170000000002
1.4264170000000007
1.430422
1.4272679999999998
-1.4255570000000004
-1.4278849999999998
-1.429595
-1.4299860000000004
-1.4255570000000004
-1.4278849999999998
-1.429595
-1.4299860000000004
-1.4255570000000004
-1.4278849999999998
-1.429595
-1.4299860000000004
-1.4255570000000004
-1.4278849999999998
-1.429595
-1.4299860000000004
-1.4255570000000004
-1.4278849999999998
-1.429595
-1.4299860000000004
-1.4255570000000004
-1.4278849999999998
-1.429595
-1.4299860000000004
-1.4255570000000004
-1.4278849999999998
-1.429595
-1.4299860000000004
-1.4255570000000004
-1.4278849999999998
-1.429595
-1.4299860000000004
-1.4255570000000004
-1.4278849999999998
-1.429595
-1.4299860000000004
-1.4255570000000004
-1.4278849999999998
-1.429595
-1.4299860000000004
-1.4255570000000004
-1.4278849999999998
-1.429595
-1.4299860000000004
-1.4255570000000004
-1.4278849999999998
-1.429595
-1.4299860000000004
-1.4255570000000004
-1.4278849999999998
-1.429595
-1.4299860000000004
-1.4255570000000004
-1.4278849999999998
-1.429595
-1.4299860000000004
-1.4255570000000004
-1.4278849999999998
-1.429595
-1.4299860000000004
-1.4255570000000004
-1.4278849999999998
-1.429595
-1.4299860000000004
-1.4255570000000004
-1.4278849999999998
-1.429595
-1.4299860000000004
-1.4255570000000004
-1.4278849999999998
-1.429595
-1.4299860000000004
-1.4255570000000004
-1.4278849999999998
-1.429595
-1.4299860000000004
-1.4255570000000004
-1.4278849999999998
-1.429595
-1.4299860000000004
-1.4255570000000004
-1.4278849999999998
-1.429595
-1.4299860000000004
-1.4255570000000004
-1.4278849999999998
-1.429595
-1.4299860000000004
-1.4255570000000004
-1.4278849999999998
-1.429595
-1.4299860000000004
-1.4255570000000004
-1.4278849999999998
-1.429595
-1.4299860000000004
-1.4255570000000004
-1.4278849999999998
-1.429595
-1.4299860000000004
-1.4255570000000004
-1.4278849999999998
-1.429595
-1.4299860000000004
-1.4255570000000004
-1.4278849999999998
-1.429595
-1.4299860000000004
-1.4255570000000004
-1.4278849999999998
-1.429595
-1.4299860000000004
-1.4255570000000004
-1.4278849999999998
-1.429595
-1.4299860000000004
-1.4255570000000004
-1.4278849999999998
-1.429595
-1.4299860000000004
-1.4255570000000004
-1.4278849999999998
-1.429595
-1.4299860000000004
-1.4255570000000004
-1.4278849999999998
-1.429595
-1.4299860000000004
-1.4255570000000004
-1.4278849999999998
-1.429595
-1.4299860000000004
-1.4255570000000004
-1.4278849999999998
-1.429595
-1.4299860000000004
-1.4255570000000004
-1.4278849999999998
-1.429595
-1.4299860000000004
-1.4255570000000004
-1.4278849999999998
-1.429595
-1.4299860000000004
