1.325787
1.3248029999999993
1.325787
1.3248029999999993
1.325787
1.3248029999999993
1.325787
1.3248029999999993
1.325787
1.3248029999999993
1.325787
1.3248029999999993
1.325787
1.3248029999999993
1.325787
1.3248029999999993
1.325787
1.3248029999999993
1.325787
1.3248029999999993
1.325787
1.3248029999999993
1.325787
1.3248029999999993
1.325787
1.3248029999999993
1.325787
1.3248029999999993
1.325787
1.3248029999999993
1.325787
1.3248029999999993
1.325787
1.3248029999999993
1.325787
1.3248029999999993
1.325787
1.3248029999999993
1.325787
1.3248029999999993
1.325787
1.3248029999999993
1.325787
1.3248029999999993
1.325787
1.3248029999999993
1.325787
1.3248029999999993
1.325787
1.3248029999999993
1.325787
1.3248029999999993
1.325787
1.3248029999999993
1.325787
1.3248029999999993
1.325787
1.3248029999999993
1.325787
1.3248029999999993
1.325787
1.3248029999999993
1.325787
1.3248029999999993
1.325787
1.3248029999999993
1.325787
1.3248029999999993
1.325787
1.3248029999999993
1.325787
1.3248029999999993
1.325787
1.3248029999999993
1.325787
1.3248029999999993
1.325787
1.3248029999999993
1.325787
1.3248029999999993
1.325787
1.3248029999999993
1.325787
1.3248029999999993
1.325787
1.3248029999999993
1.325787
1.3248029999999993
1.325787
1.3248029999999993
1.325787
1.3248029999999993
1.325787
1.3248029999999993
1.325787
1.3248029999999993
1.325787
1.3248029999999993
1.325787
1.3248029999999993
1.325787
1.3248029999999993
1.325787
1.3248029999999993
1.325787
1.3248029999999993
1.325787
1.3248029999999993
-1.324585
-1.3260059999999996
-1.324585
-1.3260059999999996
-1.324585
-1.3260059999999996
-1.324585
-1.3260059999999996
-1.324585
-1.3260059999999996
-1.324585
-1.3260059999999996
-1.324585
-1.3260059999999996
-1.324585
-1.3260059999999996
-1.324585
-1.3260059999999996
-1.324585
-1.3260059999999996
-1.324585
-1.3260059999999996
-1.324585
-1.3260059999999996
-1.324585
-1.3260059999999996
-1.324585
-1.3260059999999996
-1.324585
-1.3260059999999996
-1.324585
-1.3260059999999996
-1.324585
-1.3260059999999996
-1.324585
-1.3260059999999996
-1.324585
-1.3260059999999996
-1.324585
-1.3260059999999996
-1.324585
-1.3260059999999996
-1.324585
-1.3260059999999996
-1.324585
-1.3260059999999996
-1.324585
-1.3260059999999996
-1.324585
-1.3260059999999996
-1.324585
-1.3260059999999996
-1.324585
-1.3260059999999996
-1.324585
-1.3260059999999996
-1.324585
-1.3260059999999996
-1.324585
-1.3260059999999996
-1.324585
-1.3260059999999996
-1.324585
-1.3260059999999996
-1.324585
-1.3260059999999996
-1.324585
-1.3260059999999996
-1.324585
-1.3260059999999996
-1.324585
-1.3260059999999996
-1.324585
-1.3260059999999996
-1.324585
-1.3260059999999996
-1.324585
-1.3260059999999996
-1.324585
-1.3260059999999996
-1.324585
-1.3260059999999996
-1.324585
-1.3260059999999996
-1.324585
-1.3260059999999996
-1.324585
-1.3260059999999996
-1.324585
-1.3260059999999996
-1.324585
-1.3260059999999996
-1.324585
-1.3260059999999996
-1.324585
-1.3260059999999996
-1.324585
-1.3260059999999996
-1.324585
-1.3260059999999996
-1.324585
-1.3260059999999996
-1.324585
-1.3260059999999996
-1.324585
-1.3260059999999996
-1.324585
-1.3260059999999996
