1.4177590000000002
1.4186969999999999
1.4181000000000008
1.4137210000000007
1.4177590000000002
1.4186969999999999
1.4181000000000008
1.4137210000000007
1.4177590000000002
1.4186969999999999
1.4181000000000008
1.4137210000000007
1.4177590000000002
1.4186969999999999
1.4181000000000008
1.4137210000000007
1.4177590000000002
1.4186969999999999
1.4181000000000008
1.4137210000000007
1.4177590000000002
1.4186969999999999
1.4181000000000008
1.4137210000000007
1.4177590000000002
1.4186969999999999
1.4181000000000008
1.4137210000000007
1.4177590000000002
1.4186969999999999
1.4181000000000008
1.4137210000000007
1.4177590000000002
1.4186969999999999
1.4181000000000008
1.4137210000000007
1.4177590000000002
1.4186969999999999
1.4181000000000008
1.4137210000000007
1.4177590000000002
1.4186969999999999
1.4181000000000008
1.4137210000000007
1.4177590000000002
1.4186969999999999
1.4181000000000008
1.4137210000000007
1.4177590000000002
1.4186969999999999
1.4181000000000008
1.4137210000000007
1.4177590000000002
1.4186969999999999
1.4181000000000008
1.4137210000000007
1.4177590000000002
1.4186969999999999
1.4181000000000008
1.4137210000000007
1.4177590000000002
1.4186969999999999
1.4181000000000008
1.4137210000000007
1.4177590000000002
1.4186969999999999
1.4181000000000008
1.4137210000000007
1.4177590000000002
1.4186969999999999
1.4181000000000008
1.4137210000000007
1.4177590000000002
1.4186969999999999
1.4181000000000008
1.4137210000000007
1.4177590000000002
1.4186969999999999
1.4181000000000008
1.4137210000000007
1.4177590000000002
1.4186969999999999
1.4181000000000008
1.4137210000000007
1.4177590000000002
1.4186969999999999
1.4181000000000008
1.4137210000000007
1.4177590000000002
1.4186969999999999
1.4181000000000008
1.4137210000000007
1.4177590000000002
1.4186969999999999
1.4181000000000008
1.4137210000000007
1.4177590000000002
1.4186969999999999
1.4181000000000008
1.4137210000000007
1.4177590000000002
1.4186969999999999
1.4181000000000008
1.4137210000000007
1.4177590000000002
1.4186969999999999
1.4181000000000008
1.4137210000000007
1.4177590000000002
1.4186969999999999
1.4181000000000008
1.4137210000000007
1.4177590000000002
1.4186969999999999
1.4181000000000008
1.4137210000000007
1.4177590000000002
1.4186969999999999
1.4181000000000008
1.4137210000000007
1.4177590000000002
1.4186969999999999
1.4181000000000008
1.4137210000000007
1.4177590000000002
1.4186969999999999
1.4181000000000008
1.4137210000000007
1.4177590000000002
1.4186969999999999
1.4181000000000008
1.4137210000000007
1.4177590000000002
1.4186969999999999
1.4181000000000008
1.4137210000000007
1.4177590000000002
1.4186969999999999
1.4181000000000008
1.4137210000000007
1.4177590000000002
1.4186969999999999
1.4181000000000008
1.4137210000000007
1.4177590000000002
1.4186969999999999
1.4181000000000008
1.4137210000000007
1.4177590000000002
1.4186969999999999
1.4181000000000008
1.4137210000000007
1.4177590000000002
1.4186969999999999
1.4181000000000008
1.4137210000000007
1.4177590000000002
1.4186969999999999
1.4181000000000008
1.4137210000000007
1.4177590000000002
1.4186969999999999
1.4181000000000008
1.4137210000000007
1.4177590000000002
1.4186969999999999
1.4181000000000008
1.4137210000000007
1.4177590000000002
1.4186969999999999
1.4181000000000008
1.4137210000000007
1.4177590000000002
1.4186969999999999
1.4181000000000008
1.4137210000000007
1.4177590000000002
1.4186969999999999
1.4181000000000008
1.4137210000000007
1.4177590000000002
1.4186969999999999
1.4181000000000008
1.4137210000000007
1.4177590000000002
1.4186969999999999
1.4181000000000008
1.4137210000000007
1.4177590000000002
1.4186969999999999
1.4181000000000008
1.4137210000000007
-1.418704
-1.4166949999999998
-1.4163199999999998
-1.4165590000000003
-1.418704
-1.4166949999999998
-1.4163199999999998
-1.4165590000000003
-1.418704
-1.4166949999999998
-1.4163199999999998
-1.4165590000000003
-1.418704
-1.4166949999999998
-1.4163199999999998
-1.4165590000000003
-1.418704
-1.4166949999999998
-1.4163199999999998
-1.4165590000000003
-1.418704
-1.4166949999999998
-1.4163199999999998
-1.4165590000000003
-1.418704
-1.4166949999999998
-1.4163199999999998
-1.4165590000000003
-1.418704
-1.4166949999999998
-1.4163199999999998
-1.4165590000000003
-1.418704
-1.4166949999999998
-1.4163199999999998
-1.4165590000000003
-1.418704
-1.4166949999999998
-1.4163199999999998
-1.4165590000000003
-1.418704
-1.4166949999999998
-1.4163199999999998
-1.4165590000000003
-1.418704
-1.4166949999999998
-1.4163199999999998
-1.4165590000000003
-1.418704
-1.4166949999999998
-1.4163199999999998
-1.4165590000000003
-1.418704
-1.4166949999999998
-1.4163199999999998
-1.4165590000000003
-1.418704
-1.4166949999999998
-1.4163199999999998
-1.4165590000000003
-1.418704
-1.4166949999999998
-1.4163199999999998
-1.4165590000000003
-1.418704
-1.4166949999999998
-1.4163199999999998
-1.4165590000000003
-1.418704
-1.4166949999999998
-1.4163199999999998
-1.4165590000000003
-1.418704
-1.4166949999999998
-1.4163199999999998
-1.4165590000000003
-1.418704
-1.4166949999999998
-1.4163199999999998
-1.4165590000000003
-1.418704
-1.4166949999999998
-1.4163199999999998
-1.4165590000000003
-1.418704
-1.4166949999999998
-1.4163199999999998
-1.4165590000000003
-1.418704
-1.4166949999999998
-1.4163199999999998
-1.4165590000000003
-1.418704
-1.4166949999999998
-1.4163199999999998
-1.4165590000000003
-1.418704
-1.4166949999999998
-1.4163199999999998
-1.4165590000000003
-1.418704
-1.4166949999999998
-1.4163199999999998
-1.4165590000000003
-1.418704
-1.4166949999999998
-1.4163199999999998
-1.4165590000000003
-1.418704
-1.4166949999999998
-1.4163199999999998
-1.4165590000000003
-1.418704
-1.4166949999999998
-1.4163199999999998
-1.4165590000000003
-1.418704
-1.4166949999999998
-1.4163199999999998
-1.4165590000000003
-1.418704
-1.4166949999999998
-1.4163199999999998
-1.4165590000000003
-1.418704
-1.4166949999999998
-1.4163199999999998
-1.4165590000000003
-1.418704
-1.4166949999999998
-1.4163199999999998
-1.4165590000000003
-1.418704
-1.4166949999999998
-1.4163199999999998
-1.4165590000000003
-1.418704
-1.4166949999999998
-1.4163199999999998
-1.4165590000000003
-1.418704
-1.4166949999999998
-1.4163199999999998
-1.4165590000000003
-1.418704
-1.4166949999999998
-1.4163199999999998
-1.4165590000000003
-1.418704
-1.4166949999999998
-1.4163199999999998
-1.4165590000000003
-1.418704
-1.4166949999999998
-1.4163199999999998
-1.4165590000000003
-1.418704
-1.4166949999999998
-1.4163199999999998
-1.4165590000000003
-1.418704
-1.4166949999999998
-1.4163199999999998
-1.4165590000000003
-1.418704
-1.4166949999999998
-1.4163199999999998
-1.4165590000000003
-1.418704
-1.4166949999999998
-1.4163199999999998
-1.4165590000000003
-1.418704
-1.4166949999999998
-1.4163199999999998
-1.4165590000000003
-1.418704
-1.4166949999999998
-1.4163199999999998
-1.4165590000000003
-1.418704
-1.4166949999999998
-1.4163199999999998
-1.4165590000000003
-1.418704
-1.4166949999999998
-1.4163199999999998
-1.4165590000000003
-1.418704
-1.4166949999999998
-1.4163199999999998
-1.4165590000000003
