1.4232200000000006
1.4068900000000006
1.4232200000000006
1.4068900000000006
1.4232200000000006
1.4068900000000006
1.4232200000000006
1.4068900000000006
1.4232200000000006
1.4068900000000006
1.4232200000000006
1.4068900000000006
1.4232200000000006
1.4068900000000006
1.4232200000000006
1.4068900000000006
1.4232200000000006
1.4068900000000006
1.4232200000000006
1.4068900000000006
1.4232200000000006
1.4068900000000006
1.4232200000000006
1.4068900000000006
1.4232200000000006
1.4068900000000006
1.4232200000000006
1.4068900000000006
1.4232200000000006
1.4068900000000006
1.4232200000000006
1.4068900000000006
1.4232200000000006
1.4068900000000006
1.4232200000000006
1.4068900000000006
1.4232200000000006
1.4068900000000006
1.4232200000000006
1.4068900000000006
1.4232200000000006
1.4068900000000006
1.4232200000000006
1.4068900000000006
1.4232200000000006
1.4068900000000006
1.4232200000000006
1.4068900000000006
1.4232200000000006
1.4068900000000006
1.4232200000000006
1.4068900000000006
1.4232200000000006
1.4068900000000006
1.4232200000000006
1.4068900000000006
1.4232200000000006
1.4068900000000006
1.4232200000000006
1.4068900000000006
1.4232200000000006
1.4068900000000006
1.4232200000000006
1.4068900000000006
1.4232200000000006
1.4068900000000006
1.4232200000000006
1.4068900000000006
1.4232200000000006
1.4068900000000006
1.4232200000000006
1.4068900000000006
1.4232200000000006
1.4068900000000006
1.4232200000000006
1.4068900000000006
1.4232200000000006
1.4068900000000006
1.4232200000000006
1.4068900000000006
1.4232200000000006
1.4068900000000006
1.4232200000000006
1.4068900000000006
1.4232200000000006
1.4068900000000006
1.4232200000000006
1.4068900000000006
1.4232200000000006
1.4068900000000006
1.4232200000000006
1.4068900000000006
1.4232200000000006
1.4068900000000006
1.4232200000000006
1.4068900000000006
1.4232200000000006
1.4068900000000006
1.4232200000000006
1.4068900000000006
1.4232200000000006
1.4068900000000006
1.4232200000000006
1.4068900000000006
1.4232200000000006
1.4068900000000006
1.4232200000000006
1.4068900000000006
1.4232200000000006
1.4068900000000006
1.4232200000000006
1.4068900000000006
1.4232200000000006
1.4068900000000006
1.4232200000000006
1.4068900000000006
1.4232200000000006
1.4068900000000006
1.4232200000000006
1.4068900000000006
-1.4101540000000004
-1.4199549999999999
-1.4101540000000004
-1.4199549999999999
-1.4101540000000004
-1.4199549999999999
-1.4101540000000004
-1.4199549999999999
-1.4101540000000004
-1.4199549999999999
-1.4101540000000004
-1.4199549999999999
-1.4101540000000004
-1.4199549999999999
-1.4101540000000004
-1.4199549999999999
-1.4101540000000004
-1.4199549999999999
-1.4101540000000004
-1.4199549999999999
-1.4101540000000004
-1.4199549999999999
-1.4101540000000004
-1.4199549999999999
-1.4101540000000004
-1.4199549999999999
-1.4101540000000004
-1.4199549999999999
-1.4101540000000004
-1.4199549999999999
-1.4101540000000004
-1.4199549999999999
-1.4101540000000004
-1.4199549999999999
-1.4101540000000004
-1.4199549999999999
-1.4101540000000004
-1.4199549999999999
-1.4101540000000004
-1.4199549999999999
-1.4101540000000004
-1.4199549999999999
-1.4101540000000004
-1.4199549999999999
-1.4101540000000004
-1.4199549999999999
-1.4101540000000004
-1.4199549999999999
-1.4101540000000004
-1.4199549999999999
-1.4101540000000004
-1.4199549999999999
-1.4101540000000004
-1.4199549999999999
-1.4101540000000004
-1.4199549999999999
-1.4101540000000004
-1.4199549999999999
-1.4101540000000004
-1.4199549999999999
-1.4101540000000004
-1.4199549999999999
-1.4101540000000004
-1.4199549999999999
-1.4101540000000004
-1.4199549999999999
-1.4101540000000004
-1.4199549999999999
-1.4101540000000004
-1.4199549999999999
-1.4101540000000004
-1.4199549999999999
-1.4101540000000004
-1.4199549999999999
-1.4101540000000004
-1.4199549999999999
-1.4101540000000004
-1.4199549999999999
-1.4101540000000004
-1.4199549999999999
-1.4101540000000004
-1.4199549999999999
-1.4101540000000004
-1.4199549999999999
-1.4101540000000004
-1.4199549999999999
-1.4101540000000004
-1.4199549999999999
-1.4101540000000004
-1.4199549999999999
-1.4101540000000004
-1.4199549999999999
-1.4101540000000004
-1.4199549999999999
-1.4101540000000004
-1.4199549999999999
-1.4101540000000004
-1.4199549999999999
-1.4101540000000004
-1.4199549999999999
-1.4101540000000004
-1.4199549999999999
-1.4101540000000004
-1.4199549999999999
-1.4101540000000004
-1.4199549999999999
-1.4101540000000004
-1.4199549999999999
-1.4101540000000004
-1.4199549999999999
-1.4101540000000004
-1.4199549999999999
-1.4101540000000004
-1.4199549999999999
-1.4101540000000004
-1.4199549999999999
-1.4101540000000004
-1.4199549999999999
-1.4101540000000004
-1.4199549999999999
