1.332179
1.3154149999999998
1.332179
1.3154149999999998
1.332179
1.3154149999999998
1.332179
1.3154149999999998
1.332179
1.3154149999999998
1.332179
1.3154149999999998
1.332179
1.3154149999999998
1.332179
1.3154149999999998
1.332179
1.3154149999999998
1.332179
1.3154149999999998
1.332179
1.3154149999999998
1.332179
1.3154149999999998
1.332179
1.3154149999999998
1.332179
1.3154149999999998
1.332179
1.3154149999999998
1.332179
1.3154149999999998
1.332179
1.3154149999999998
1.332179
1.3154149999999998
1.332179
1.3154149999999998
1.332179
1.3154149999999998
1.332179
1.3154149999999998
1.332179
1.3154149999999998
1.332179
1.3154149999999998
1.332179
1.3154149999999998
1.332179
1.3154149999999998
1.332179
1.3154149999999998
1.332179
1.3154149999999998
1.332179
1.3154149999999998
1.332179
1.3154149999999998
1.332179
1.3154149999999998
1.332179
1.3154149999999998
1.332179
1.3154149999999998
1.332179
1.3154149999999998
1.332179
1.3154149999999998
1.332179
1.3154149999999998
1.332179
1.3154149999999998
1.332179
1.3154149999999998
1.332179
1.3154149999999998
1.332179
1.3154149999999998
1.332179
1.3154149999999998
1.332179
1.3154149999999998
1.332179
1.3154149999999998
1.332179
1.3154149999999998
1.332179
1.3154149999999998
1.332179
1.3154149999999998
1.332179
1.3154149999999998
1.332179
1.3154149999999998
1.332179
1.3154149999999998
1.332179
1.3154149999999998
1.332179
1.3154149999999998
1.332179
1.3154149999999998
1.332179
1.3154149999999998
1.332179
1.3154149999999998
1.332179
1.3154149999999998
1.332179
1.3154149999999998
1.332179
1.3154149999999998
1.332179
1.3154149999999998
1.332179
1.3154149999999998
1.332179
1.3154149999999998
1.332179
1.3154149999999998
-1.3301949999999998
-1.3174000000000001
-1.3301949999999998
-1.3174000000000001
-1.3301949999999998
-1.3174000000000001
-1.3301949999999998
-1.3174000000000001
-1.3301949999999998
-1.3174000000000001
-1.3301949999999998
-1.3174000000000001
-1.3301949999999998
-1.3174000000000001
-1.3301949999999998
-1.3174000000000001
-1.3301949999999998
-1.3174000000000001
-1.3301949999999998
-1.3174000000000001
-1.3301949999999998
-1.3174000000000001
-1.3301949999999998
-1.3174000000000001
-1.3301949999999998
-1.3174000000000001
-1.3301949999999998
-1.3174000000000001
-1.3301949999999998
-1.3174000000000001
-1.3301949999999998
-1.3174000000000001
-1.3301949999999998
-1.3174000000000001
-1.3301949999999998
-1.3174000000000001
-1.3301949999999998
-1.3174000000000001
-1.3301949999999998
-1.3174000000000001
-1.3301949999999998
-1.3174000000000001
-1.3301949999999998
-1.3174000000000001
-1.3301949999999998
-1.3174000000000001
-1.3301949999999998
-1.3174000000000001
-1.3301949999999998
-1.3174000000000001
-1.3301949999999998
-1.3174000000000001
-1.3301949999999998
-1.3174000000000001
-1.3301949999999998
-1.3174000000000001
-1.3301949999999998
-1.3174000000000001
-1.3301949999999998
-1.3174000000000001
-1.3301949999999998
-1.3174000000000001
-1.3301949999999998
-1.3174000000000001
-1.3301949999999998
-1.3174000000000001
-1.3301949999999998
-1.3174000000000001
-1.3301949999999998
-1.3174000000000001
-1.3301949999999998
-1.3174000000000001
-1.3301949999999998
-1.3174000000000001
-1.3301949999999998
-1.3174000000000001
-1.3301949999999998
-1.3174000000000001
-1.3301949999999998
-1.3174000000000001
-1.3301949999999998
-1.3174000000000001
-1.3301949999999998
-1.3174000000000001
-1.3301949999999998
-1.3174000000000001
-1.3301949999999998
-1.3174000000000001
-1.3301949999999998
-1.3174000000000001
-1.3301949999999998
-1.3174000000000001
-1.3301949999999998
-1.3174000000000001
-1.3301949999999998
-1.3174000000000001
-1.3301949999999998
-1.3174000000000001
-1.3301949999999998
-1.3174000000000001
-1.3301949999999998
-1.3174000000000001
-1.3301949999999998
-1.3174000000000001
-1.3301949999999998
-1.3174000000000001
-1.3301949999999998
-1.3174000000000001
-1.3301949999999998
-1.3174000000000001
-1.3301949999999998
-1.3174000000000001
-1.3301949999999998
-1.3174000000000001
-1.3301949999999998
-1.3174000000000001
-1.3301949999999998
-1.3174000000000001
-1.3301949999999998
-1.3174000000000001
