1.4285770000000007
1.4288620000000005
1.4235500000000005
1.4291739999999997
1.4285770000000007
1.4288620000000005
1.4235500000000005
1.4291739999999997
1.4285770000000007
1.4288620000000005
1.4235500000000005
1.4291739999999997
1.4285770000000007
1.4288620000000005
1.4235500000000005
1.4291739999999997
1.4285770000000007
1.4288620000000005
1.4235500000000005
1.4291739999999997
1.4285770000000007
1.4288620000000005
1.4235500000000005
1.4291739999999997
1.4285770000000007
1.4288620000000005
1.4235500000000005
1.4291739999999997
1.4285770000000007
1.4288620000000005
1.4235500000000005
1.4291739999999997
1.4285770000000007
1.4288620000000005
1.4235500000000005
1.4291739999999997
1.4285770000000007
1.4288620000000005
1.4235500000000005
1.4291739999999997
1.4285770000000007
1.4288620000000005
1.4235500000000005
1.4291739999999997
1.4285770000000007
1.4288620000000005
1.4235500000000005
1.4291739999999997
1.4285770000000007
1.4288620000000005
1.4235500000000005
1.4291739999999997
1.4285770000000007
1.4288620000000005
1.4235500000000005
1.4291739999999997
1.4285770000000007
1.4288620000000005
1.4235500000000005
1.4291739999999997
1.4285770000000007
1.4288620000000005
1.4235500000000005
1.4291739999999997
1.4285770000000007
1.4288620000000005
1.4235500000000005
1.4291739999999997
1.4285770000000007
1.4288620000000005
1.4235500000000005
1.4291739999999997
1.4285770000000007
1.4288620000000005
1.4235500000000005
1.4291739999999997
1.4285770000000007
1.4288620000000005
1.4235500000000005
1.4291739999999997
1.4285770000000007
1.4288620000000005
1.4235500000000005
1.4291739999999997
1.4285770000000007
1.4288620000000005
1.4235500000000005
1.4291739999999997
1.4285770000000007
1.4288620000000005
1.4235500000000005
1.4291739999999997
1.4285770000000007
1.4288620000000005
1.4235500000000005
1.4291739999999997
1.4285770000000007
1.4288620000000005
1.4235500000000005
1.4291739999999997
1.4285770000000007
1.4288620000000005
1.4235500000000005
1.4291739999999997
1.4285770000000007
1.4288620000000005
1.4235500000000005
1.4291739999999997
1.4285770000000007
1.4288620000000005
1.4235500000000005
1.4291739999999997
1.4285770000000007
1.4288620000000005
1.4235500000000005
1.4291739999999997
1.4285770000000007
1.4288620000000005
1.4235500000000005
1.4291739999999997
1.4285770000000007
1.4288620000000005
1.4235500000000005
1.4291739999999997
1.4285770000000007
1.4288620000000005
1.4235500000000005
1.4291739999999997
1.4285770000000007
1.4288620000000005
1.4235500000000005
1.4291739999999997
1.4285770000000007
1.4288620000000005
1.4235500000000005
1.4291739999999997
1.4285770000000007
1.4288620000000005
1.4235500000000005
1.4291739999999997
1.4285770000000007
1.4288620000000005
1.4235500000000005
1.4291739999999997
-1.428509
-1.4291489999999998
-1.4267500000000002
-1.4257540000000004
-1.428509
-1.4291489999999998
-1.4267500000000002
-1.4257540000000004
-1.428509
-1.4291489999999998
-1.4267500000000002
-1.4257540000000004
-1.428509
-1.4291489999999998
-1.4267500000000002
-1.4257540000000004
-1.428509
-1.4291489999999998
-1.4267500000000002
-1.4257540000000004
-1.428509
-1.4291489999999998
-1.4267500000000002
-1.4257540000000004
-1.428509
-1.4291489999999998
-1.4267500000000002
-1.4257540000000004
-1.428509
-1.4291489999999998
-1.4267500000000002
-1.4257540000000004
-1.428509
-1.4291489999999998
-1.4267500000000002
-1.4257540000000004
-1.428509
-1.4291489999999998
-1.4267500000000002
-1.4257540000000004
-1.428509
-1.4291489999999998
-1.4267500000000002
-1.4257540000000004
-1.428509
-1.4291489999999998
-1.4267500000000002
-1.4257540000000004
-1.428509
-1.4291489999999998
-1.4267500000000002
-1.4257540000000004
-1.428509
-1.4291489999999998
-1.4267500000000002
-1.4257540000000004
-1.428509
-1.4291489999999998
-1.4267500000000002
-1.4257540000000004
-1.428509
-1.4291489999999998
-1.4267500000000002
-1.4257540000000004
-1.428509
-1.4291489999999998
-1.4267500000000002
-1.4257540000000004
-1.428509
-1.4291489999999998
-1.4267500000000002
-1.4257540000000004
-1.428509
-1.4291489999999998
-1.4267500000000002
-1.4257540000000004
-1.428509
-1.4291489999999998
-1.4267500000000002
-1.4257540000000004
-1.428509
-1.4291489999999998
-1.4267500000000002
-1.4257540000000004
-1.428509
-1.4291489999999998
-1.4267500000000002
-1.4257540000000004
-1.428509
-1.4291489999999998
-1.4267500000000002
-1.4257540000000004
-1.428509
-1.4291489999999998
-1.4267500000000002
-1.4257540000000004
-1.428509
-1.4291489999999998
-1.4267500000000002
-1.4257540000000004
-1.428509
-1.4291489999999998
-1.4267500000000002
-1.4257540000000004
-1.428509
-1.4291489999999998
-1.4267500000000002
-1.4257540000000004
-1.428509
-1.4291489999999998
-1.4267500000000002
-1.4257540000000004
-1.428509
-1.4291489999999998
-1.4267500000000002
-1.4257540000000004
-1.428509
-1.4291489999999998
-1.4267500000000002
-1.4257540000000004
-1.428509
-1.4291489999999998
-1.4267500000000002
-1.4257540000000004
-1.428509
-1.4291489999999998
-1.4267500000000002
-1.4257540000000004
-1.428509
-1.4291489999999998
-1.4267500000000002
-1.4257540000000004
-1.428509
-1.4291489999999998
-1.4267500000000002
-1.4257540000000004
-1.428509
-1.4291489999999998
-1.4267500000000002
-1.4257540000000004
-1.428509
-1.4291489999999998
-1.4267500000000002
-1.4257540000000004
