1.4239540000000002
1.4136220000000002
1.4249100000000006
1.4226670000000006
1.4239540000000002
1.4136220000000002
1.4249100000000006
1.4226670000000006
1.4239540000000002
1.4136220000000002
1.4249100000000006
1.4226670000000006
1.4239540000000002
1.4136220000000002
1.4249100000000006
1.4226670000000006
1.4239540000000002
1.4136220000000002
1.4249100000000006
1.4226670000000006
1.4239540000000002
1.4136220000000002
1.4249100000000006
1.4226670000000006
1.4239540000000002
1.4136220000000002
1.4249100000000006
1.4226670000000006
1.4239540000000002
1.4136220000000002
1.4249100000000006
1.4226670000000006
1.4239540000000002
1.4136220000000002
1.4249100000000006
1.4226670000000006
1.4239540000000002
1.4136220000000002
1.4249100000000006
1.4226670000000006
1.4239540000000002
1.4136220000000002
1.4249100000000006
1.4226670000000006
1.4239540000000002
1.4136220000000002
1.4249100000000006
1.4226670000000006
1.4239540000000002
1.4136220000000002
1.4249100000000006
1.4226670000000006
1.4239540000000002
1.4136220000000002
1.4249100000000006
1.4226670000000006
1.4239540000000002
1.4136220000000002
1.4249100000000006
1.4226670000000006
1.4239540000000002
1.4136220000000002
1.4249100000000006
1.4226670000000006
1.4239540000000002
1.4136220000000002
1.4249100000000006
1.4226670000000006
1.4239540000000002
1.4136220000000002
1.4249100000000006
1.4226670000000006
1.4239540000000002
1.4136220000000002
1.4249100000000006
1.4226670000000006
1.4239540000000002
1.4136220000000002
1.4249100000000006
1.4226670000000006
1.4239540000000002
1.4136220000000002
1.4249100000000006
1.4226670000000006
1.4239540000000002
1.4136220000000002
1.4249100000000006
1.4226670000000006
1.4239540000000002
1.4136220000000002
1.4249100000000006
1.4226670000000006
1.4239540000000002
1.4136220000000002
1.4249100000000006
1.4226670000000006
1.4239540000000002
1.4136220000000002
1.4249100000000006
1.4226670000000006
1.4239540000000002
1.4136220000000002
1.4249100000000006
1.4226670000000006
1.4239540000000002
1.4136220000000002
1.4249100000000006
1.4226670000000006
1.4239540000000002
1.4136220000000002
1.4249100000000006
1.4226670000000006
1.4239540000000002
1.4136220000000002
1.4249100000000006
1.4226670000000006
1.4239540000000002
1.4136220000000002
1.4249100000000006
1.4226670000000006
1.4239540000000002
1.4136220000000002
1.4249100000000006
1.4226670000000006
1.4239540000000002
1.4136220000000002
1.4249100000000006
1.4226670000000006
1.4239540000000002
1.4136220000000002
1.4249100000000006
1.4226670000000006
1.4239540000000002
1.4136220000000002
1.4249100000000006
1.4226670000000006
1.4239540000000002
1.4136220000000002
1.4249100000000006
1.4226670000000006
1.4239540000000002
1.4136220000000002
1.4249100000000006
1.4226670000000006
-1.4230539999999996
-1.421856
-1.4162879999999998
-1.4239569999999997
-1.4230539999999996
-1.421856
-1.4162879999999998
-1.4239569999999997
-1.4230539999999996
-1.421856
-1.4162879999999998
-1.4239569999999997
-1.4230539999999996
-1.421856
-1.4162879999999998
-1.4239569999999997
-1.4230539999999996
-1.421856
-1.4162879999999998
-1.4239569999999997
-1.4230539999999996
-1.421856
-1.4162879999999998
-1.4239569999999997
-1.4230539999999996
-1.421856
-1.4162879999999998
-1.4239569999999997
-1.4230539999999996
-1.421856
-1.4162879999999998
-1.4239569999999997
-1.4230539999999996
-1.421856
-1.4162879999999998
-1.4239569999999997
-1.4230539999999996
-1.421856
-1.4162879999999998
-1.4239569999999997
-1.4230539999999996
-1.421856
-1.4162879999999998
-1.4239569999999997
-1.4230539999999996
-1.421856
-1.4162879999999998
-1.4239569999999997
-1.4230539999999996
-1.421856
-1.4162879999999998
-1.4239569999999997
-1.4230539999999996
-1.421856
-1.4162879999999998
-1.4239569999999997
-1.4230539999999996
-1.421856
-1.4162879999999998
-1.4239569999999997
-1.4230539999999996
-1.421856
-1.4162879999999998
-1.4239569999999997
-1.4230539999999996
-1.421856
-1.4162879999999998
-1.4239569999999997
-1.4230539999999996
-1.421856
-1.4162879999999998
-1.4239569999999997
-1.4230539999999996
-1.421856
-1.4162879999999998
-1.4239569999999997
-1.4230539999999996
-1.421856
-1.4162879999999998
-1.4239569999999997
-1.4230539999999996
-1.421856
-1.4162879999999998
-1.4239569999999997
-1.4230539999999996
-1.421856
-1.4162879999999998
-1.4239569999999997
-1.4230539999999996
-1.421856
-1.4162879999999998
-1.4239569999999997
-1.4230539999999996
-1.421856
-1.4162879999999998
-1.4239569999999997
-1.4230539999999996
-1.421856
-1.4162879999999998
-1.4239569999999997
-1.4230539999999996
-1.421856
-1.4162879999999998
-1.4239569999999997
-1.4230539999999996
-1.421856
-1.4162879999999998
-1.4239569999999997
-1.4230539999999996
-1.421856
-1.4162879999999998
-1.4239569999999997
-1.4230539999999996
-1.421856
-1.4162879999999998
-1.4239569999999997
-1.4230539999999996
-1.421856
-1.4162879999999998
-1.4239569999999997
-1.4230539999999996
-1.421856
-1.4162879999999998
-1.4239569999999997
-1.4230539999999996
-1.421856
-1.4162879999999998
-1.4239569999999997
-1.4230539999999996
-1.421856
-1.4162879999999998
-1.4239569999999997
-1.4230539999999996
-1.421856
-1.4162879999999998
-1.4239569999999997
-1.4230539999999996
-1.421856
-1.4162879999999998
-1.4239569999999997
-1.4230539999999996
-1.421856
-1.4162879999999998
-1.4239569999999997
