1.4357170000000004
1.4359359999999999
1.435117
1.4342360000000003
1.4357170000000004
1.4359359999999999
1.435117
1.4342360000000003
1.4357170000000004
1.4359359999999999
1.435117
1.4342360000000003
1.4357170000000004
1.4359359999999999
1.435117
1.4342360000000003
1.4357170000000004
1.4359359999999999
1.435117
1.4342360000000003
1.4357170000000004
1.4359359999999999
1.435117
1.4342360000000003
1.4357170000000004
1.4359359999999999
1.435117
1.4342360000000003
1.4357170000000004
1.4359359999999999
1.435117
1.4342360000000003
1.4357170000000004
1.4359359999999999
1.435117
1.4342360000000003
1.4357170000000004
1.4359359999999999
1.435117
1.4342360000000003
1.4357170000000004
1.4359359999999999
1.435117
1.4342360000000003
1.4357170000000004
1.4359359999999999
1.435117
1.4342360000000003
1.4357170000000004
1.4359359999999999
1.435117
1.4342360000000003
1.4357170000000004
1.4359359999999999
1.435117
1.4342360000000003
1.4357170000000004
1.4359359999999999
1.435117
1.4342360000000003
1.4357170000000004
1.4359359999999999
1.435117
1.4342360000000003
1.4357170000000004
1.4359359999999999
1.435117
1.4342360000000003
1.4357170000000004
1.4359359999999999
1.435117
1.4342360000000003
1.4357170000000004
1.4359359999999999
1.435117
1.4342360000000003
1.4357170000000004
1.4359359999999999
1.435117
1.4342360000000003
1.4357170000000004
1.4359359999999999
1.435117
1.4342360000000003
1.4357170000000004
1.4359359999999999
1.435117
1.4342360000000003
1.4357170000000004
1.4359359999999999
1.435117
1.4342360000000003
1.4357170000000004
1.4359359999999999
1.435117
1.4342360000000003
1.4357170000000004
1.4359359999999999
1.435117
1.4342360000000003
1.4357170000000004
1.4359359999999999
1.435117
1.4342360000000003
1.4357170000000004
1.4359359999999999
1.435117
1.4342360000000003
1.4357170000000004
1.4359359999999999
1.435117
1.4342360000000003
1.4357170000000004
1.4359359999999999
1.435117
1.4342360000000003
1.4357170000000004
1.4359359999999999
1.435117
1.4342360000000003
1.4357170000000004
1.4359359999999999
1.435117
1.4342360000000003
1.4357170000000004
1.4359359999999999
1.435117
1.4342360000000003
1.4357170000000004
1.4359359999999999
1.435117
1.4342360000000003
1.4357170000000004
1.4359359999999999
1.435117
1.4342360000000003
1.4357170000000004
1.4359359999999999
1.435117
1.4342360000000003
1.4357170000000004
1.4359359999999999
1.435117
1.4342360000000003
-1.4357699999999998
-1.434781
-1.4337109999999997
-1.4367419999999997
-1.4357699999999998
-1.434781
-1.4337109999999997
-1.4367419999999997
-1.4357699999999998
-1.434781
-1.4337109999999997
-1.4367419999999997
-1.4357699999999998
-1.434781
-1.4337109999999997
-1.4367419999999997
-1.4357699999999998
-1.434781
-1.4337109999999997
-1.4367419999999997
-1.4357699999999998
-1.434781
-1.4337109999999997
-1.4367419999999997
-1.4357699999999998
-1.434781
-1.4337109999999997
-1.4367419999999997
-1.4357699999999998
-1.434781
-1.4337109999999997
-1.4367419999999997
-1.4357699999999998
-1.434781
-1.4337109999999997
-1.4367419999999997
-1.4357699999999998
-1.434781
-1.4337109999999997
-1.4367419999999997
-1.4357699999999998
-1.434781
-1.4337109999999997
-1.4367419999999997
-1.4357699999999998
-1.434781
-1.4337109999999997
-1.4367419999999997
-1.4357699999999998
-1.434781
-1.4337109999999997
-1.4367419999999997
-1.4357699999999998
-1.434781
-1.4337109999999997
-1.4367419999999997
-1.4357699999999998
-1.434781
-1.4337109999999997
-1.4367419999999997
-1.4357699999999998
-1.434781
-1.4337109999999997
-1.4367419999999997
-1.4357699999999998
-1.434781
-1.4337109999999997
-1.4367419999999997
-1.4357699999999998
-1.434781
-1.4337109999999997
-1.4367419999999997
-1.4357699999999998
-1.434781
-1.4337109999999997
-1.4367419999999997
-1.4357699999999998
-1.434781
-1.4337109999999997
-1.4367419999999997
-1.4357699999999998
-1.434781
-1.4337109999999997
-1.4367419999999997
-1.4357699999999998
-1.434781
-1.4337109999999997
-1.4367419999999997
-1.4357699999999998
-1.434781
-1.4337109999999997
-1.4367419999999997
-1.4357699999999998
-1.434781
-1.4337109999999997
-1.4367419999999997
-1.4357699999999998
-1.434781
-1.4337109999999997
-1.4367419999999997
-1.4357699999999998
-1.434781
-1.4337109999999997
-1.4367419999999997
-1.4357699999999998
-1.434781
-1.4337109999999997
-1.4367419999999997
-1.4357699999999998
-1.434781
-1.4337109999999997
-1.4367419999999997
-1.4357699999999998
-1.434781
-1.4337109999999997
-1.4367419999999997
-1.4357699999999998
-1.434781
-1.4337109999999997
-1.4367419999999997
-1.4357699999999998
-1.434781
-1.4337109999999997
-1.4367419999999997
-1.4357699999999998
-1.434781
-1.4337109999999997
-1.4367419999999997
-1.4357699999999998
-1.434781
-1.4337109999999997
-1.4367419999999997
-1.4357699999999998
-1.434781
-1.4337109999999997
-1.4367419999999997
-1.4357699999999998
-1.434781
-1.4337109999999997
-1.4367419999999997
-1.4357699999999998
-1.434781
-1.4337109999999997
-1.4367419999999997
