1.4495799999999992
1.4495799999999992
1.4495799999999992
1.4495799999999992
1.4495799999999992
1.4495799999999992
1.4495799999999992
1.4495799999999992
1.4495799999999992
1.4495799999999992
1.4495799999999992
1.4495799999999992
1.4495799999999992
1.4495799999999992
1.4495799999999992
1.4495799999999992
1.4495799999999992
1.4495799999999992
1.4495799999999992
1.4495799999999992
1.4495799999999992
1.4495799999999992
1.4495799999999992
1.4495799999999992
1.4495799999999992
1.4495799999999992
1.4495799999999992
1.4495799999999992
1.4495799999999992
1.4495799999999992
1.4495799999999992
1.4495799999999992
1.4495799999999992
1.4495799999999992
1.4495799999999992
1.4495799999999992
1.4495799999999992
1.4495799999999992
1.4495799999999992
1.4495799999999992
1.4495799999999992
1.4495799999999992
1.4495799999999992
1.4495799999999992
1.4495799999999992
1.4495799999999992
1.4495799999999992
1.4495799999999992
1.4495799999999992
1.4495799999999992
1.4495799999999992
1.4495799999999992
1.4495799999999992
1.4495799999999992
1.4495799999999992
1.4495799999999992
1.4495799999999992
1.4495799999999992
1.4495799999999992
1.4495799999999992
1.4495799999999992
1.4495799999999992
1.4495799999999992
1.4495799999999992
-1.44958
-1.44958
-1.44958
-1.44958
-1.44958
-1.44958
-1.44958
-1.44958
-1.44958
-1.44958
-1.44958
-1.44958
-1.44958
-1.44958
-1.44958
-1.44958
-1.44958
-1.44958
-1.44958
-1.44958
-1.44958
-1.44958
-1.44958
-1.44958
-1.44958
-1.44958
-1.44958
-1.44958
-1.44958
-1.44958
-1.44958
-1.44958
-1.44958
-1.44958
-1.44958
-1.44958
-1.44958
-1.44958
-1.44958
-1.44958
-1.44958
-1.44958
-1.44958
-1.44958
-1.44958
-1.44958
-1.44958
-1.44958
-1.44958
-1.44958
-1.44958
-1.44958
-1.44958
-1.44958
-1.44958
-1.44958
-1.44958
-1.44958
-1.44958
-1.44958
-1.44958
-1.44958
-1.44958
-1.44958
