1.2039519999999992
1.2039519999999992
1.2039519999999992
1.2039519999999992
1.2039519999999992
1.2039519999999992
1.2039519999999992
1.2039519999999992
1.2039519999999992
1.2039519999999992
1.2039519999999992
1.2039519999999992
1.2039519999999992
1.2039519999999992
1.2039519999999992
1.2039519999999992
1.2039519999999992
1.2039519999999992
1.2039519999999992
1.2039519999999992
1.2039519999999992
1.2039519999999992
1.2039519999999992
1.2039519999999992
-1.203951
-1.203951
-1.203951
-1.203951
-1.203951
-1.203951
-1.203951
-1.203951
-1.203951
-1.203951
-1.203951
-1.203951
-1.203951
-1.203951
-1.203951
-1.203951
-1.203951
-1.203951
-1.203951
-1.203951
-1.203951
-1.203951
-1.203951
-1.203951
