1.3573649999999997
1.3649050000000003
1.3573649999999997
1.3649050000000003
1.3573649999999997
1.3649050000000003
1.3573649999999997
1.3649050000000003
1.3573649999999997
1.3649050000000003
1.3573649999999997
1.3649050000000003
1.3573649999999997
1.3649050000000003
1.3573649999999997
1.3649050000000003
1.3573649999999997
1.3649050000000003
1.3573649999999997
1.3649050000000003
1.3573649999999997
1.3649050000000003
1.3573649999999997
1.3649050000000003
1.3573649999999997
1.3649050000000003
1.3573649999999997
1.3649050000000003
1.3573649999999997
1.3649050000000003
1.3573649999999997
1.3649050000000003
1.3573649999999997
1.3649050000000003
1.3573649999999997
1.3649050000000003
1.3573649999999997
1.3649050000000003
1.3573649999999997
1.3649050000000003
1.3573649999999997
1.3649050000000003
1.3573649999999997
1.3649050000000003
1.3573649999999997
1.3649050000000003
1.3573649999999997
1.3649050000000003
1.3573649999999997
1.3649050000000003
1.3573649999999997
1.3649050000000003
1.3573649999999997
1.3649050000000003
1.3573649999999997
1.3649050000000003
1.3573649999999997
1.3649050000000003
1.3573649999999997
1.3649050000000003
1.3573649999999997
1.3649050000000003
1.3573649999999997
1.3649050000000003
1.3573649999999997
1.3649050000000003
1.3573649999999997
1.3649050000000003
1.3573649999999997
1.3649050000000003
1.3573649999999997
1.3649050000000003
1.3573649999999997
1.3649050000000003
1.3573649999999997
1.3649050000000003
1.3573649999999997
1.3649050000000003
1.3573649999999997
1.3649050000000003
1.3573649999999997
1.3649050000000003
1.3573649999999997
1.3649050000000003
1.3573649999999997
1.3649050000000003
1.3573649999999997
1.3649050000000003
1.3573649999999997
1.3649050000000003
1.3573649999999997
1.3649050000000003
1.3573649999999997
1.3649050000000003
1.3573649999999997
1.3649050000000003
1.3573649999999997
1.3649050000000003
1.3573649999999997
1.3649050000000003
1.3573649999999997
1.3649050000000003
1.3573649999999997
1.3649050000000003
1.3573649999999997
1.3649050000000003
1.3573649999999997
1.3649050000000003
1.3573649999999997
1.3649050000000003
1.3573649999999997
1.3649050000000003
1.3573649999999997
1.3649050000000003
1.3573649999999997
1.3649050000000003
1.3573649999999997
1.3649050000000003
1.3573649999999997
1.3649050000000003
-1.365627
-1.356642
-1.365627
-1.356642
-1.365627
-1.356642
-1.365627
-1.356642
-1.365627
-1.356642
-1.365627
-1.356642
-1.365627
-1.356642
-1.365627
-1.356642
-1.365627
-1.356642
-1.365627
-1.356642
-1.365627
-1.356642
-1.365627
-1.356642
-1.365627
-1.356642
-1.365627
-1.356642
-1.365627
-1.356642
-1.365627
-1.356642
-1.365627
-1.356642
-1.365627
-1.356642
-1.365627
-1.356642
-1.365627
-1.356642
-1.365627
-1.356642
-1.365627
-1.356642
-1.365627
-1.356642
-1.365627
-1.356642
-1.365627
-1.356642
-1.365627
-1.356642
-1.365627
-1.356642
-1.365627
-1.356642
-1.365627
-1.356642
-1.365627
-1.356642
-1.365627
-1.356642
-1.365627
-1.356642
-1.365627
-1.356642
-1.365627
-1.356642
-1.365627
-1.356642
-1.365627
-1.356642
-1.365627
-1.356642
-1.365627
-1.356642
-1.365627
-1.356642
-1.365627
-1.356642
-1.365627
-1.356642
-1.365627
-1.356642
-1.365627
-1.356642
-1.365627
-1.356642
-1.365627
-1.356642
-1.365627
-1.356642
-1.365627
-1.356642
-1.365627
-1.356642
-1.365627
-1.356642
-1.365627
-1.356642
-1.365627
-1.356642
-1.365627
-1.356642
-1.365627
-1.356642
-1.365627
-1.356642
-1.365627
-1.356642
-1.365627
-1.356642
-1.365627
-1.356642
-1.365627
-1.356642
-1.365627
-1.356642
-1.365627
-1.356642
