1.3767680000000002
1.3702369999999995
1.3767680000000002
1.3702369999999995
1.3767680000000002
1.3702369999999995
1.3767680000000002
1.3702369999999995
1.3767680000000002
1.3702369999999995
1.3767680000000002
1.3702369999999995
1.3767680000000002
1.3702369999999995
1.3767680000000002
1.3702369999999995
1.3767680000000002
1.3702369999999995
1.3767680000000002
1.3702369999999995
1.3767680000000002
1.3702369999999995
1.3767680000000002
1.3702369999999995
1.3767680000000002
1.3702369999999995
1.3767680000000002
1.3702369999999995
1.3767680000000002
1.3702369999999995
1.3767680000000002
1.3702369999999995
1.3767680000000002
1.3702369999999995
1.3767680000000002
1.3702369999999995
1.3767680000000002
1.3702369999999995
1.3767680000000002
1.3702369999999995
1.3767680000000002
1.3702369999999995
1.3767680000000002
1.3702369999999995
1.3767680000000002
1.3702369999999995
1.3767680000000002
1.3702369999999995
1.3767680000000002
1.3702369999999995
1.3767680000000002
1.3702369999999995
1.3767680000000002
1.3702369999999995
1.3767680000000002
1.3702369999999995
1.3767680000000002
1.3702369999999995
1.3767680000000002
1.3702369999999995
1.3767680000000002
1.3702369999999995
1.3767680000000002
1.3702369999999995
1.3767680000000002
1.3702369999999995
1.3767680000000002
1.3702369999999995
1.3767680000000002
1.3702369999999995
1.3767680000000002
1.3702369999999995
1.3767680000000002
1.3702369999999995
1.3767680000000002
1.3702369999999995
1.3767680000000002
1.3702369999999995
1.3767680000000002
1.3702369999999995
1.3767680000000002
1.3702369999999995
1.3767680000000002
1.3702369999999995
1.3767680000000002
1.3702369999999995
1.3767680000000002
1.3702369999999995
1.3767680000000002
1.3702369999999995
1.3767680000000002
1.3702369999999995
1.3767680000000002
1.3702369999999995
1.3767680000000002
1.3702369999999995
1.3767680000000002
1.3702369999999995
1.3767680000000002
1.3702369999999995
1.3767680000000002
1.3702369999999995
1.3767680000000002
1.3702369999999995
1.3767680000000002
1.3702369999999995
1.3767680000000002
1.3702369999999995
1.3767680000000002
1.3702369999999995
1.3767680000000002
1.3702369999999995
1.3767680000000002
1.3702369999999995
1.3767680000000002
1.3702369999999995
1.3767680000000002
1.3702369999999995
1.3767680000000002
1.3702369999999995
-1.3712720000000003
-1.3757330000000003
-1.3712720000000003
-1.3757330000000003
-1.3712720000000003
-1.3757330000000003
-1.3712720000000003
-1.3757330000000003
-1.3712720000000003
-1.3757330000000003
-1.3712720000000003
-1.3757330000000003
-1.3712720000000003
-1.3757330000000003
-1.3712720000000003
-1.3757330000000003
-1.3712720000000003
-1.3757330000000003
-1.3712720000000003
-1.3757330000000003
-1.3712720000000003
-1.3757330000000003
-1.3712720000000003
-1.3757330000000003
-1.3712720000000003
-1.3757330000000003
-1.3712720000000003
-1.3757330000000003
-1.3712720000000003
-1.3757330000000003
-1.3712720000000003
-1.3757330000000003
-1.3712720000000003
-1.3757330000000003
-1.3712720000000003
-1.3757330000000003
-1.3712720000000003
-1.3757330000000003
-1.3712720000000003
-1.3757330000000003
-1.3712720000000003
-1.3757330000000003
-1.3712720000000003
-1.3757330000000003
-1.3712720000000003
-1.3757330000000003
-1.3712720000000003
-1.3757330000000003
-1.3712720000000003
-1.3757330000000003
-1.3712720000000003
-1.3757330000000003
-1.3712720000000003
-1.3757330000000003
-1.3712720000000003
-1.3757330000000003
-1.3712720000000003
-1.3757330000000003
-1.3712720000000003
-1.3757330000000003
-1.3712720000000003
-1.3757330000000003
-1.3712720000000003
-1.3757330000000003
-1.3712720000000003
-1.3757330000000003
-1.3712720000000003
-1.3757330000000003
-1.3712720000000003
-1.3757330000000003
-1.3712720000000003
-1.3757330000000003
-1.3712720000000003
-1.3757330000000003
-1.3712720000000003
-1.3757330000000003
-1.3712720000000003
-1.3757330000000003
-1.3712720000000003
-1.3757330000000003
-1.3712720000000003
-1.3757330000000003
-1.3712720000000003
-1.3757330000000003
-1.3712720000000003
-1.3757330000000003
-1.3712720000000003
-1.3757330000000003
-1.3712720000000003
-1.3757330000000003
-1.3712720000000003
-1.3757330000000003
-1.3712720000000003
-1.3757330000000003
-1.3712720000000003
-1.3757330000000003
-1.3712720000000003
-1.3757330000000003
-1.3712720000000003
-1.3757330000000003
-1.3712720000000003
-1.3757330000000003
-1.3712720000000003
-1.3757330000000003
-1.3712720000000003
-1.3757330000000003
-1.3712720000000003
-1.3757330000000003
-1.3712720000000003
-1.3757330000000003
-1.3712720000000003
-1.3757330000000003
-1.3712720000000003
-1.3757330000000003
-1.3712720000000003
-1.3757330000000003
-1.3712720000000003
-1.3757330000000003
-1.3712720000000003
-1.3757330000000003
