1.4345999999999997
1.4323069999999998
1.4313289999999999
1.4354220000000009
1.4345999999999997
1.4323069999999998
1.4313289999999999
1.4354220000000009
1.4345999999999997
1.4323069999999998
1.4313289999999999
1.4354220000000009
1.4345999999999997
1.4323069999999998
1.4313289999999999
1.4354220000000009
1.4345999999999997
1.4323069999999998
1.4313289999999999
1.4354220000000009
1.4345999999999997
1.4323069999999998
1.4313289999999999
1.4354220000000009
1.4345999999999997
1.4323069999999998
1.4313289999999999
1.4354220000000009
1.4345999999999997
1.4323069999999998
1.4313289999999999
1.4354220000000009
1.4345999999999997
1.4323069999999998
1.4313289999999999
1.4354220000000009
1.4345999999999997
1.4323069999999998
1.4313289999999999
1.4354220000000009
1.4345999999999997
1.4323069999999998
1.4313289999999999
1.4354220000000009
1.4345999999999997
1.4323069999999998
1.4313289999999999
1.4354220000000009
1.4345999999999997
1.4323069999999998
1.4313289999999999
1.4354220000000009
1.4345999999999997
1.4323069999999998
1.4313289999999999
1.4354220000000009
1.4345999999999997
1.4323069999999998
1.4313289999999999
1.4354220000000009
1.4345999999999997
1.4323069999999998
1.4313289999999999
1.4354220000000009
1.4345999999999997
1.4323069999999998
1.4313289999999999
1.4354220000000009
1.4345999999999997
1.4323069999999998
1.4313289999999999
1.4354220000000009
1.4345999999999997
1.4323069999999998
1.4313289999999999
1.4354220000000009
1.4345999999999997
1.4323069999999998
1.4313289999999999
1.4354220000000009
1.4345999999999997
1.4323069999999998
1.4313289999999999
1.4354220000000009
1.4345999999999997
1.4323069999999998
1.4313289999999999
1.4354220000000009
1.4345999999999997
1.4323069999999998
1.4313289999999999
1.4354220000000009
1.4345999999999997
1.4323069999999998
1.4313289999999999
1.4354220000000009
1.4345999999999997
1.4323069999999998
1.4313289999999999
1.4354220000000009
1.4345999999999997
1.4323069999999998
1.4313289999999999
1.4354220000000009
1.4345999999999997
1.4323069999999998
1.4313289999999999
1.4354220000000009
1.4345999999999997
1.4323069999999998
1.4313289999999999
1.4354220000000009
1.4345999999999997
1.4323069999999998
1.4313289999999999
1.4354220000000009
1.4345999999999997
1.4323069999999998
1.4313289999999999
1.4354220000000009
1.4345999999999997
1.4323069999999998
1.4313289999999999
1.4354220000000009
1.4345999999999997
1.4323069999999998
1.4313289999999999
1.4354220000000009
1.4345999999999997
1.4323069999999998
1.4313289999999999
1.4354220000000009
1.4345999999999997
1.4323069999999998
1.4313289999999999
1.4354220000000009
1.4345999999999997
1.4323069999999998
1.4313289999999999
1.4354220000000009
1.4345999999999997
1.4323069999999998
1.4313289999999999
1.4354220000000009
-1.4340390000000003
-1.432613
-1.433237
-1.43377
-1.4340390000000003
-1.432613
-1.433237
-1.43377
-1.4340390000000003
-1.432613
-1.433237
-1.43377
-1.4340390000000003
-1.432613
-1.433237
-1.43377
-1.4340390000000003
-1.432613
-1.433237
-1.43377
-1.4340390000000003
-1.432613
-1.433237
-1.43377
-1.4340390000000003
-1.432613
-1.433237
-1.43377
-1.4340390000000003
-1.432613
-1.433237
-1.43377
-1.4340390000000003
-1.432613
-1.433237
-1.43377
-1.4340390000000003
-1.432613
-1.433237
-1.43377
-1.4340390000000003
-1.432613
-1.433237
-1.43377
-1.4340390000000003
-1.432613
-1.433237
-1.43377
-1.4340390000000003
-1.432613
-1.433237
-1.43377
-1.4340390000000003
-1.432613
-1.433237
-1.43377
-1.4340390000000003
-1.432613
-1.433237
-1.43377
-1.4340390000000003
-1.432613
-1.433237
-1.43377
-1.4340390000000003
-1.432613
-1.433237
-1.43377
-1.4340390000000003
-1.432613
-1.433237
-1.43377
-1.4340390000000003
-1.432613
-1.433237
-1.43377
-1.4340390000000003
-1.432613
-1.433237
-1.43377
-1.4340390000000003
-1.432613
-1.433237
-1.43377
-1.4340390000000003
-1.432613
-1.433237
-1.43377
-1.4340390000000003
-1.432613
-1.433237
-1.43377
-1.4340390000000003
-1.432613
-1.433237
-1.43377
-1.4340390000000003
-1.432613
-1.433237
-1.43377
-1.4340390000000003
-1.432613
-1.433237
-1.43377
-1.4340390000000003
-1.432613
-1.433237
-1.43377
-1.4340390000000003
-1.432613
-1.433237
-1.43377
-1.4340390000000003
-1.432613
-1.433237
-1.43377
-1.4340390000000003
-1.432613
-1.433237
-1.43377
-1.4340390000000003
-1.432613
-1.433237
-1.43377
-1.4340390000000003
-1.432613
-1.433237
-1.43377
-1.4340390000000003
-1.432613
-1.433237
-1.43377
-1.4340390000000003
-1.432613
-1.433237
-1.43377
-1.4340390000000003
-1.432613
-1.433237
-1.43377
-1.4340390000000003
-1.432613
-1.433237
-1.43377
