1.4258780000000009
1.4226539999999996
1.4282129999999995
1.4276490000000006
1.4258780000000009
1.4226539999999996
1.4282129999999995
1.4276490000000006
1.4258780000000009
1.4226539999999996
1.4282129999999995
1.4276490000000006
1.4258780000000009
1.4226539999999996
1.4282129999999995
1.4276490000000006
1.4258780000000009
1.4226539999999996
1.4282129999999995
1.4276490000000006
1.4258780000000009
1.4226539999999996
1.4282129999999995
1.4276490000000006
1.4258780000000009
1.4226539999999996
1.4282129999999995
1.4276490000000006
1.4258780000000009
1.4226539999999996
1.4282129999999995
1.4276490000000006
1.4258780000000009
1.4226539999999996
1.4282129999999995
1.4276490000000006
1.4258780000000009
1.4226539999999996
1.4282129999999995
1.4276490000000006
1.4258780000000009
1.4226539999999996
1.4282129999999995
1.4276490000000006
1.4258780000000009
1.4226539999999996
1.4282129999999995
1.4276490000000006
1.4258780000000009
1.4226539999999996
1.4282129999999995
1.4276490000000006
1.4258780000000009
1.4226539999999996
1.4282129999999995
1.4276490000000006
1.4258780000000009
1.4226539999999996
1.4282129999999995
1.4276490000000006
1.4258780000000009
1.4226539999999996
1.4282129999999995
1.4276490000000006
1.4258780000000009
1.4226539999999996
1.4282129999999995
1.4276490000000006
1.4258780000000009
1.4226539999999996
1.4282129999999995
1.4276490000000006
1.4258780000000009
1.4226539999999996
1.4282129999999995
1.4276490000000006
1.4258780000000009
1.4226539999999996
1.4282129999999995
1.4276490000000006
1.4258780000000009
1.4226539999999996
1.4282129999999995
1.4276490000000006
1.4258780000000009
1.4226539999999996
1.4282129999999995
1.4276490000000006
1.4258780000000009
1.4226539999999996
1.4282129999999995
1.4276490000000006
1.4258780000000009
1.4226539999999996
1.4282129999999995
1.4276490000000006
1.4258780000000009
1.4226539999999996
1.4282129999999995
1.4276490000000006
1.4258780000000009
1.4226539999999996
1.4282129999999995
1.4276490000000006
1.4258780000000009
1.4226539999999996
1.4282129999999995
1.4276490000000006
1.4258780000000009
1.4226539999999996
1.4282129999999995
1.4276490000000006
1.4258780000000009
1.4226539999999996
1.4282129999999995
1.4276490000000006
1.4258780000000009
1.4226539999999996
1.4282129999999995
1.4276490000000006
1.4258780000000009
1.4226539999999996
1.4282129999999995
1.4276490000000006
1.4258780000000009
1.4226539999999996
1.4282129999999995
1.4276490000000006
1.4258780000000009
1.4226539999999996
1.4282129999999995
1.4276490000000006
1.4258780000000009
1.4226539999999996
1.4282129999999995
1.4276490000000006
1.4258780000000009
1.4226539999999996
1.4282129999999995
1.4276490000000006
1.4258780000000009
1.4226539999999996
1.4282129999999995
1.4276490000000006
-1.4260279999999996
-1.4271570000000002
-1.425662
-1.425547
-1.4260279999999996
-1.4271570000000002
-1.425662
-1.425547
-1.4260279999999996
-1.4271570000000002
-1.425662
-1.425547
-1.4260279999999996
-1.4271570000000002
-1.425662
-1.425547
-1.4260279999999996
-1.4271570000000002
-1.425662
-1.425547
-1.4260279999999996
-1.4271570000000002
-1.425662
-1.425547
-1.4260279999999996
-1.4271570000000002
-1.425662
-1.425547
-1.4260279999999996
-1.4271570000000002
-1.425662
-1.425547
-1.4260279999999996
-1.4271570000000002
-1.425662
-1.425547
-1.4260279999999996
-1.4271570000000002
-1.425662
-1.425547
-1.4260279999999996
-1.4271570000000002
-1.425662
-1.425547
-1.4260279999999996
-1.4271570000000002
-1.425662
-1.425547
-1.4260279999999996
-1.4271570000000002
-1.425662
-1.425547
-1.4260279999999996
-1.4271570000000002
-1.425662
-1.425547
-1.4260279999999996
-1.4271570000000002
-1.425662
-1.425547
-1.4260279999999996
-1.4271570000000002
-1.425662
-1.425547
-1.4260279999999996
-1.4271570000000002
-1.425662
-1.425547
-1.4260279999999996
-1.4271570000000002
-1.425662
-1.425547
-1.4260279999999996
-1.4271570000000002
-1.425662
-1.425547
-1.4260279999999996
-1.4271570000000002
-1.425662
-1.425547
-1.4260279999999996
-1.4271570000000002
-1.425662
-1.425547
-1.4260279999999996
-1.4271570000000002
-1.425662
-1.425547
-1.4260279999999996
-1.4271570000000002
-1.425662
-1.425547
-1.4260279999999996
-1.4271570000000002
-1.425662
-1.425547
-1.4260279999999996
-1.4271570000000002
-1.425662
-1.425547
-1.4260279999999996
-1.4271570000000002
-1.425662
-1.425547
-1.4260279999999996
-1.4271570000000002
-1.425662
-1.425547
-1.4260279999999996
-1.4271570000000002
-1.425662
-1.425547
-1.4260279999999996
-1.4271570000000002
-1.425662
-1.425547
-1.4260279999999996
-1.4271570000000002
-1.425662
-1.425547
-1.4260279999999996
-1.4271570000000002
-1.425662
-1.425547
-1.4260279999999996
-1.4271570000000002
-1.425662
-1.425547
-1.4260279999999996
-1.4271570000000002
-1.425662
-1.425547
-1.4260279999999996
-1.4271570000000002
-1.425662
-1.425547
-1.4260279999999996
-1.4271570000000002
-1.425662
-1.425547
-1.4260279999999996
-1.4271570000000002
-1.425662
-1.425547
