1.3230850000000007
1.3074729999999999
1.3230850000000007
1.3074729999999999
1.3230850000000007
1.3074729999999999
1.3230850000000007
1.3074729999999999
1.3230850000000007
1.3074729999999999
1.3230850000000007
1.3074729999999999
1.3230850000000007
1.3074729999999999
1.3230850000000007
1.3074729999999999
1.3230850000000007
1.3074729999999999
1.3230850000000007
1.3074729999999999
1.3230850000000007
1.3074729999999999
1.3230850000000007
1.3074729999999999
1.3230850000000007
1.3074729999999999
1.3230850000000007
1.3074729999999999
1.3230850000000007
1.3074729999999999
1.3230850000000007
1.3074729999999999
1.3230850000000007
1.3074729999999999
1.3230850000000007
1.3074729999999999
1.3230850000000007
1.3074729999999999
1.3230850000000007
1.3074729999999999
1.3230850000000007
1.3074729999999999
1.3230850000000007
1.3074729999999999
1.3230850000000007
1.3074729999999999
1.3230850000000007
1.3074729999999999
1.3230850000000007
1.3074729999999999
1.3230850000000007
1.3074729999999999
1.3230850000000007
1.3074729999999999
1.3230850000000007
1.3074729999999999
1.3230850000000007
1.3074729999999999
1.3230850000000007
1.3074729999999999
1.3230850000000007
1.3074729999999999
1.3230850000000007
1.3074729999999999
1.3230850000000007
1.3074729999999999
1.3230850000000007
1.3074729999999999
1.3230850000000007
1.3074729999999999
1.3230850000000007
1.3074729999999999
1.3230850000000007
1.3074729999999999
1.3230850000000007
1.3074729999999999
1.3230850000000007
1.3074729999999999
1.3230850000000007
1.3074729999999999
1.3230850000000007
1.3074729999999999
1.3230850000000007
1.3074729999999999
1.3230850000000007
1.3074729999999999
1.3230850000000007
1.3074729999999999
1.3230850000000007
1.3074729999999999
1.3230850000000007
1.3074729999999999
1.3230850000000007
1.3074729999999999
1.3230850000000007
1.3074729999999999
1.3230850000000007
1.3074729999999999
1.3230850000000007
1.3074729999999999
1.3230850000000007
1.3074729999999999
1.3230850000000007
1.3074729999999999
1.3230850000000007
1.3074729999999999
1.3230850000000007
1.3074729999999999
1.3230850000000007
1.3074729999999999
1.3230850000000007
1.3074729999999999
1.3230850000000007
1.3074729999999999
1.3230850000000007
1.3074729999999999
1.3230850000000007
1.3074729999999999
1.3230850000000007
1.3074729999999999
-1.3036339999999997
-1.3269229999999999
-1.3036339999999997
-1.3269229999999999
-1.3036339999999997
-1.3269229999999999
-1.3036339999999997
-1.3269229999999999
-1.3036339999999997
-1.3269229999999999
-1.3036339999999997
-1.3269229999999999
-1.3036339999999997
-1.3269229999999999
-1.3036339999999997
-1.3269229999999999
-1.3036339999999997
-1.3269229999999999
-1.3036339999999997
-1.3269229999999999
-1.3036339999999997
-1.3269229999999999
-1.3036339999999997
-1.3269229999999999
-1.3036339999999997
-1.3269229999999999
-1.3036339999999997
-1.3269229999999999
-1.3036339999999997
-1.3269229999999999
-1.3036339999999997
-1.3269229999999999
-1.3036339999999997
-1.3269229999999999
-1.3036339999999997
-1.3269229999999999
-1.3036339999999997
-1.3269229999999999
-1.3036339999999997
-1.3269229999999999
-1.3036339999999997
-1.3269229999999999
-1.3036339999999997
-1.3269229999999999
-1.3036339999999997
-1.3269229999999999
-1.3036339999999997
-1.3269229999999999
-1.3036339999999997
-1.3269229999999999
-1.3036339999999997
-1.3269229999999999
-1.3036339999999997
-1.3269229999999999
-1.3036339999999997
-1.3269229999999999
-1.3036339999999997
-1.3269229999999999
-1.3036339999999997
-1.3269229999999999
-1.3036339999999997
-1.3269229999999999
-1.3036339999999997
-1.3269229999999999
-1.3036339999999997
-1.3269229999999999
-1.3036339999999997
-1.3269229999999999
-1.3036339999999997
-1.3269229999999999
-1.3036339999999997
-1.3269229999999999
-1.3036339999999997
-1.3269229999999999
-1.3036339999999997
-1.3269229999999999
-1.3036339999999997
-1.3269229999999999
-1.3036339999999997
-1.3269229999999999
-1.3036339999999997
-1.3269229999999999
-1.3036339999999997
-1.3269229999999999
-1.3036339999999997
-1.3269229999999999
-1.3036339999999997
-1.3269229999999999
-1.3036339999999997
-1.3269229999999999
-1.3036339999999997
-1.3269229999999999
-1.3036339999999997
-1.3269229999999999
-1.3036339999999997
-1.3269229999999999
-1.3036339999999997
-1.3269229999999999
-1.3036339999999997
-1.3269229999999999
-1.3036339999999997
-1.3269229999999999
-1.3036339999999997
-1.3269229999999999
-1.3036339999999997
-1.3269229999999999
-1.3036339999999997
-1.3269229999999999
-1.3036339999999997
-1.3269229999999999
-1.3036339999999997
-1.3269229999999999
-1.3036339999999997
-1.3269229999999999
-1.3036339999999997
-1.3269229999999999
-1.3036339999999997
-1.3269229999999999
-1.3036339999999997
-1.3269229999999999
