1.4391580000000008
1.4391580000000008
1.4391580000000008
1.4391580000000008
1.4391580000000008
1.4391580000000008
1.4391580000000008
1.4391580000000008
1.4391580000000008
1.4391580000000008
1.4391580000000008
1.4391580000000008
1.4391580000000008
1.4391580000000008
1.4391580000000008
1.4391580000000008
1.4391580000000008
1.4391580000000008
1.4391580000000008
1.4391580000000008
1.4391580000000008
1.4391580000000008
1.4391580000000008
1.4391580000000008
1.4391580000000008
1.4391580000000008
1.4391580000000008
1.4391580000000008
1.4391580000000008
1.4391580000000008
1.4391580000000008
1.4391580000000008
1.4391580000000008
1.4391580000000008
1.4391580000000008
1.4391580000000008
1.4391580000000008
1.4391580000000008
1.4391580000000008
1.4391580000000008
1.4391580000000008
1.4391580000000008
1.4391580000000008
1.4391580000000008
1.4391580000000008
1.4391580000000008
1.4391580000000008
1.4391580000000008
1.4391580000000008
1.4391580000000008
1.4391580000000008
1.4391580000000008
1.4391580000000008
1.4391580000000008
1.4391580000000008
1.4391580000000008
1.4391580000000008
1.4391580000000008
1.4391580000000008
1.4391580000000008
1.4391580000000008
1.4391580000000008
1.4391580000000008
1.4391580000000008
-1.4391559999999997
-1.4391559999999997
-1.4391559999999997
-1.4391559999999997
-1.4391559999999997
-1.4391559999999997
-1.4391559999999997
-1.4391559999999997
-1.4391559999999997
-1.4391559999999997
-1.4391559999999997
-1.4391559999999997
-1.4391559999999997
-1.4391559999999997
-1.4391559999999997
-1.4391559999999997
-1.4391559999999997
-1.4391559999999997
-1.4391559999999997
-1.4391559999999997
-1.4391559999999997
-1.4391559999999997
-1.4391559999999997
-1.4391559999999997
-1.4391559999999997
-1.4391559999999997
-1.4391559999999997
-1.4391559999999997
-1.4391559999999997
-1.4391559999999997
-1.4391559999999997
-1.4391559999999997
-1.4391559999999997
-1.4391559999999997
-1.4391559999999997
-1.4391559999999997
-1.4391559999999997
-1.4391559999999997
-1.4391559999999997
-1.4391559999999997
-1.4391559999999997
-1.4391559999999997
-1.4391559999999997
-1.4391559999999997
-1.4391559999999997
-1.4391559999999997
-1.4391559999999997
-1.4391559999999997
-1.4391559999999997
-1.4391559999999997
-1.4391559999999997
-1.4391559999999997
-1.4391559999999997
-1.4391559999999997
-1.4391559999999997
-1.4391559999999997
-1.4391559999999997
-1.4391559999999997
-1.4391559999999997
-1.4391559999999997
-1.4391559999999997
-1.4391559999999997
-1.4391559999999997
-1.4391559999999997
