1.4345940000000006
1.4316139999999997
1.4344210000000004
1.4363770000000002
1.4345940000000006
1.4316139999999997
1.4344210000000004
1.4363770000000002
1.4345940000000006
1.4316139999999997
1.4344210000000004
1.4363770000000002
1.4345940000000006
1.4316139999999997
1.4344210000000004
1.4363770000000002
1.4345940000000006
1.4316139999999997
1.4344210000000004
1.4363770000000002
1.4345940000000006
1.4316139999999997
1.4344210000000004
1.4363770000000002
1.4345940000000006
1.4316139999999997
1.4344210000000004
1.4363770000000002
1.4345940000000006
1.4316139999999997
1.4344210000000004
1.4363770000000002
1.4345940000000006
1.4316139999999997
1.4344210000000004
1.4363770000000002
1.4345940000000006
1.4316139999999997
1.4344210000000004
1.4363770000000002
1.4345940000000006
1.4316139999999997
1.4344210000000004
1.4363770000000002
1.4345940000000006
1.4316139999999997
1.4344210000000004
1.4363770000000002
1.4345940000000006
1.4316139999999997
1.4344210000000004
1.4363770000000002
1.4345940000000006
1.4316139999999997
1.4344210000000004
1.4363770000000002
1.4345940000000006
1.4316139999999997
1.4344210000000004
1.4363770000000002
1.4345940000000006
1.4316139999999997
1.4344210000000004
1.4363770000000002
1.4345940000000006
1.4316139999999997
1.4344210000000004
1.4363770000000002
1.4345940000000006
1.4316139999999997
1.4344210000000004
1.4363770000000002
1.4345940000000006
1.4316139999999997
1.4344210000000004
1.4363770000000002
1.4345940000000006
1.4316139999999997
1.4344210000000004
1.4363770000000002
1.4345940000000006
1.4316139999999997
1.4344210000000004
1.4363770000000002
1.4345940000000006
1.4316139999999997
1.4344210000000004
1.4363770000000002
1.4345940000000006
1.4316139999999997
1.4344210000000004
1.4363770000000002
1.4345940000000006
1.4316139999999997
1.4344210000000004
1.4363770000000002
1.4345940000000006
1.4316139999999997
1.4344210000000004
1.4363770000000002
1.4345940000000006
1.4316139999999997
1.4344210000000004
1.4363770000000002
1.4345940000000006
1.4316139999999997
1.4344210000000004
1.4363770000000002
-1.4349040000000004
-1.4338639999999998
-1.4342959999999998
-1.4339459999999997
-1.4349040000000004
-1.4338639999999998
-1.4342959999999998
-1.4339459999999997
-1.4349040000000004
-1.4338639999999998
-1.4342959999999998
-1.4339459999999997
-1.4349040000000004
-1.4338639999999998
-1.4342959999999998
-1.4339459999999997
-1.4349040000000004
-1.4338639999999998
-1.4342959999999998
-1.4339459999999997
-1.4349040000000004
-1.4338639999999998
-1.4342959999999998
-1.4339459999999997
-1.4349040000000004
-1.4338639999999998
-1.4342959999999998
-1.4339459999999997
-1.4349040000000004
-1.4338639999999998
-1.4342959999999998
-1.4339459999999997
-1.4349040000000004
-1.4338639999999998
-1.4342959999999998
-1.4339459999999997
-1.4349040000000004
-1.4338639999999998
-1.4342959999999998
-1.4339459999999997
-1.4349040000000004
-1.4338639999999998
-1.4342959999999998
-1.4339459999999997
-1.4349040000000004
-1.4338639999999998
-1.4342959999999998
-1.4339459999999997
-1.4349040000000004
-1.4338639999999998
-1.4342959999999998
-1.4339459999999997
-1.4349040000000004
-1.4338639999999998
-1.4342959999999998
-1.4339459999999997
-1.4349040000000004
-1.4338639999999998
-1.4342959999999998
-1.4339459999999997
-1.4349040000000004
-1.4338639999999998
-1.4342959999999998
-1.4339459999999997
-1.4349040000000004
-1.4338639999999998
-1.4342959999999998
-1.4339459999999997
-1.4349040000000004
-1.4338639999999998
-1.4342959999999998
-1.4339459999999997
-1.4349040000000004
-1.4338639999999998
-1.4342959999999998
-1.4339459999999997
-1.4349040000000004
-1.4338639999999998
-1.4342959999999998
-1.4339459999999997
-1.4349040000000004
-1.4338639999999998
-1.4342959999999998
-1.4339459999999997
-1.4349040000000004
-1.4338639999999998
-1.4342959999999998
-1.4339459999999997
-1.4349040000000004
-1.4338639999999998
-1.4342959999999998
-1.4339459999999997
-1.4349040000000004
-1.4338639999999998
-1.4342959999999998
-1.4339459999999997
-1.4349040000000004
-1.4338639999999998
-1.4342959999999998
-1.4339459999999997
-1.4349040000000004
-1.4338639999999998
-1.4342959999999998
-1.4339459999999997
-1.4349040000000004
-1.4338639999999998
-1.4342959999999998
-1.4339459999999997
