1.3810450000000003
1.3799360000000007
1.3810450000000003
1.3799360000000007
1.3810450000000003
1.3799360000000007
1.3810450000000003
1.3799360000000007
1.3810450000000003
1.3799360000000007
1.3810450000000003
1.3799360000000007
1.3810450000000003
1.3799360000000007
1.3810450000000003
1.3799360000000007
1.3810450000000003
1.3799360000000007
1.3810450000000003
1.3799360000000007
1.3810450000000003
1.3799360000000007
1.3810450000000003
1.3799360000000007
1.3810450000000003
1.3799360000000007
1.3810450000000003
1.3799360000000007
1.3810450000000003
1.3799360000000007
1.3810450000000003
1.3799360000000007
1.3810450000000003
1.3799360000000007
1.3810450000000003
1.3799360000000007
1.3810450000000003
1.3799360000000007
1.3810450000000003
1.3799360000000007
1.3810450000000003
1.3799360000000007
1.3810450000000003
1.3799360000000007
1.3810450000000003
1.3799360000000007
1.3810450000000003
1.3799360000000007
1.3810450000000003
1.3799360000000007
1.3810450000000003
1.3799360000000007
1.3810450000000003
1.3799360000000007
1.3810450000000003
1.3799360000000007
1.3810450000000003
1.3799360000000007
1.3810450000000003
1.3799360000000007
1.3810450000000003
1.3799360000000007
1.3810450000000003
1.3799360000000007
1.3810450000000003
1.3799360000000007
1.3810450000000003
1.3799360000000007
1.3810450000000003
1.3799360000000007
1.3810450000000003
1.3799360000000007
1.3810450000000003
1.3799360000000007
1.3810450000000003
1.3799360000000007
1.3810450000000003
1.3799360000000007
1.3810450000000003
1.3799360000000007
1.3810450000000003
1.3799360000000007
1.3810450000000003
1.3799360000000007
1.3810450000000003
1.3799360000000007
1.3810450000000003
1.3799360000000007
1.3810450000000003
1.3799360000000007
1.3810450000000003
1.3799360000000007
1.3810450000000003
1.3799360000000007
1.3810450000000003
1.3799360000000007
1.3810450000000003
1.3799360000000007
1.3810450000000003
1.3799360000000007
1.3810450000000003
1.3799360000000007
1.3810450000000003
1.3799360000000007
1.3810450000000003
1.3799360000000007
1.3810450000000003
1.3799360000000007
1.3810450000000003
1.3799360000000007
1.3810450000000003
1.3799360000000007
1.3810450000000003
1.3799360000000007
1.3810450000000003
1.3799360000000007
1.3810450000000003
1.3799360000000007
1.3810450000000003
1.3799360000000007
-1.377414
-1.3835670000000002
-1.377414
-1.3835670000000002
-1.377414
-1.3835670000000002
-1.377414
-1.3835670000000002
-1.377414
-1.3835670000000002
-1.377414
-1.3835670000000002
-1.377414
-1.3835670000000002
-1.377414
-1.3835670000000002
-1.377414
-1.3835670000000002
-1.377414
-1.3835670000000002
-1.377414
-1.3835670000000002
-1.377414
-1.3835670000000002
-1.377414
-1.3835670000000002
-1.377414
-1.3835670000000002
-1.377414
-1.3835670000000002
-1.377414
-1.3835670000000002
-1.377414
-1.3835670000000002
-1.377414
-1.3835670000000002
-1.377414
-1.3835670000000002
-1.377414
-1.3835670000000002
-1.377414
-1.3835670000000002
-1.377414
-1.3835670000000002
-1.377414
-1.3835670000000002
-1.377414
-1.3835670000000002
-1.377414
-1.3835670000000002
-1.377414
-1.3835670000000002
-1.377414
-1.3835670000000002
-1.377414
-1.3835670000000002
-1.377414
-1.3835670000000002
-1.377414
-1.3835670000000002
-1.377414
-1.3835670000000002
-1.377414
-1.3835670000000002
-1.377414
-1.3835670000000002
-1.377414
-1.3835670000000002
-1.377414
-1.3835670000000002
-1.377414
-1.3835670000000002
-1.377414
-1.3835670000000002
-1.377414
-1.3835670000000002
-1.377414
-1.3835670000000002
-1.377414
-1.3835670000000002
-1.377414
-1.3835670000000002
-1.377414
-1.3835670000000002
-1.377414
-1.3835670000000002
-1.377414
-1.3835670000000002
-1.377414
-1.3835670000000002
-1.377414
-1.3835670000000002
-1.377414
-1.3835670000000002
-1.377414
-1.3835670000000002
-1.377414
-1.3835670000000002
-1.377414
-1.3835670000000002
-1.377414
-1.3835670000000002
-1.377414
-1.3835670000000002
-1.377414
-1.3835670000000002
-1.377414
-1.3835670000000002
-1.377414
-1.3835670000000002
-1.377414
-1.3835670000000002
-1.377414
-1.3835670000000002
-1.377414
-1.3835670000000002
-1.377414
-1.3835670000000002
-1.377414
-1.3835670000000002
