1.0517570000000003
1.0517570000000003
1.0517570000000003
1.0517570000000003
1.0517570000000003
1.0517570000000003
1.0517570000000003
1.0517570000000003
1.0517570000000003
1.0517570000000003
1.0517570000000003
1.0517570000000003
1.0517570000000003
1.0517570000000003
1.0517570000000003
1.0517570000000003
1.0517570000000003
1.0517570000000003
1.0517570000000003
1.0517570000000003
1.0517570000000003
1.0517570000000003
1.0517570000000003
1.0517570000000003
1.0517570000000003
1.0517570000000003
1.0517570000000003
1.0517570000000003
1.0517570000000003
1.0517570000000003
1.0517570000000003
1.0517570000000003
1.0517570000000003
1.0517570000000003
1.0517570000000003
1.0517570000000003
1.0517570000000003
1.0517570000000003
1.0517570000000003
1.0517570000000003
1.0517570000000003
1.0517570000000003
1.0517570000000003
1.0517570000000003
1.0517570000000003
1.0517570000000003
1.0517570000000003
1.0517570000000003
1.0517570000000003
1.0517570000000003
1.0517570000000003
1.0517570000000003
1.0517570000000003
1.0517570000000003
1.0517570000000003
1.0517570000000003
1.0517570000000003
1.0517570000000003
1.0517570000000003
1.0517570000000003
1.0517570000000003
1.0517570000000003
1.0517570000000003
1.0517570000000003
1.0517570000000003
1.0517570000000003
1.0517570000000003
1.0517570000000003
1.0517570000000003
1.0517570000000003
1.0517570000000003
1.0517570000000003
1.0517570000000003
1.0517570000000003
1.0517570000000003
1.0517570000000003
1.0517570000000003
1.0517570000000003
1.0517570000000003
1.0517570000000003
1.0517570000000003
1.0517570000000003
1.0517570000000003
1.0517570000000003
1.0517570000000003
1.0517570000000003
1.0517570000000003
1.0517570000000003
1.0517570000000003
1.0517570000000003
-1.0517690000000002
-1.051743
-1.0517690000000002
-1.051743
-1.0517690000000002
-1.051743
-1.0517690000000002
-1.051743
-1.0517690000000002
-1.051743
-1.0517690000000002
-1.051743
-1.0517690000000002
-1.051743
-1.0517690000000002
-1.051743
-1.0517690000000002
-1.051743
-1.0517690000000002
-1.051743
-1.0517690000000002
-1.051743
-1.0517690000000002
-1.051743
-1.0517690000000002
-1.051743
-1.0517690000000002
-1.051743
-1.0517690000000002
-1.051743
-1.0517690000000002
-1.051743
-1.0517690000000002
-1.051743
-1.0517690000000002
-1.051743
-1.0517690000000002
-1.051743
-1.0517690000000002
-1.051743
-1.0517690000000002
-1.051743
-1.0517690000000002
-1.051743
-1.0517690000000002
-1.051743
-1.0517690000000002
-1.051743
-1.0517690000000002
-1.051743
-1.0517690000000002
-1.051743
-1.0517690000000002
-1.051743
-1.0517690000000002
-1.051743
-1.0517690000000002
-1.051743
-1.0517690000000002
-1.051743
-1.0517690000000002
-1.051743
-1.0517690000000002
-1.051743
-1.0517690000000002
-1.051743
-1.0517690000000002
-1.051743
-1.0517690000000002
-1.051743
-1.0517690000000002
-1.051743
-1.0517690000000002
-1.051743
-1.0517690000000002
-1.051743
-1.0517690000000002
-1.051743
-1.0517690000000002
-1.051743
-1.0517690000000002
-1.051743
-1.0517690000000002
-1.051743
-1.0517690000000002
-1.051743
-1.0517690000000002
-1.051743
-1.0517690000000002
-1.051743
