1.4376119999999997
1.4376999999999995
1.4378740000000008
1.4369460000000007
1.4376119999999997
1.4376999999999995
1.4378740000000008
1.4369460000000007
1.4376119999999997
1.4376999999999995
1.4378740000000008
1.4369460000000007
1.4376119999999997
1.4376999999999995
1.4378740000000008
1.4369460000000007
1.4376119999999997
1.4376999999999995
1.4378740000000008
1.4369460000000007
1.4376119999999997
1.4376999999999995
1.4378740000000008
1.4369460000000007
1.4376119999999997
1.4376999999999995
1.4378740000000008
1.4369460000000007
1.4376119999999997
1.4376999999999995
1.4378740000000008
1.4369460000000007
1.4376119999999997
1.4376999999999995
1.4378740000000008
1.4369460000000007
1.4376119999999997
1.4376999999999995
1.4378740000000008
1.4369460000000007
1.4376119999999997
1.4376999999999995
1.4378740000000008
1.4369460000000007
1.4376119999999997
1.4376999999999995
1.4378740000000008
1.4369460000000007
1.4376119999999997
1.4376999999999995
1.4378740000000008
1.4369460000000007
1.4376119999999997
1.4376999999999995
1.4378740000000008
1.4369460000000007
1.4376119999999997
1.4376999999999995
1.4378740000000008
1.4369460000000007
1.4376119999999997
1.4376999999999995
1.4378740000000008
1.4369460000000007
1.4376119999999997
1.4376999999999995
1.4378740000000008
1.4369460000000007
1.4376119999999997
1.4376999999999995
1.4378740000000008
1.4369460000000007
1.4376119999999997
1.4376999999999995
1.4378740000000008
1.4369460000000007
1.4376119999999997
1.4376999999999995
1.4378740000000008
1.4369460000000007
1.4376119999999997
1.4376999999999995
1.4378740000000008
1.4369460000000007
1.4376119999999997
1.4376999999999995
1.4378740000000008
1.4369460000000007
1.4376119999999997
1.4376999999999995
1.4378740000000008
1.4369460000000007
1.4376119999999997
1.4376999999999995
1.4378740000000008
1.4369460000000007
1.4376119999999997
1.4376999999999995
1.4378740000000008
1.4369460000000007
1.4376119999999997
1.4376999999999995
1.4378740000000008
1.4369460000000007
1.4376119999999997
1.4376999999999995
1.4378740000000008
1.4369460000000007
-1.4374390000000004
-1.4378089999999997
-1.4374029999999998
-1.4374799999999999
-1.4374390000000004
-1.4378089999999997
-1.4374029999999998
-1.4374799999999999
-1.4374390000000004
-1.4378089999999997
-1.4374029999999998
-1.4374799999999999
-1.4374390000000004
-1.4378089999999997
-1.4374029999999998
-1.4374799999999999
-1.4374390000000004
-1.4378089999999997
-1.4374029999999998
-1.4374799999999999
-1.4374390000000004
-1.4378089999999997
-1.4374029999999998
-1.4374799999999999
-1.4374390000000004
-1.4378089999999997
-1.4374029999999998
-1.4374799999999999
-1.4374390000000004
-1.4378089999999997
-1.4374029999999998
-1.4374799999999999
-1.4374390000000004
-1.4378089999999997
-1.4374029999999998
-1.4374799999999999
-1.4374390000000004
-1.4378089999999997
-1.4374029999999998
-1.4374799999999999
-1.4374390000000004
-1.4378089999999997
-1.4374029999999998
-1.4374799999999999
-1.4374390000000004
-1.4378089999999997
-1.4374029999999998
-1.4374799999999999
-1.4374390000000004
-1.4378089999999997
-1.4374029999999998
-1.4374799999999999
-1.4374390000000004
-1.4378089999999997
-1.4374029999999998
-1.4374799999999999
-1.4374390000000004
-1.4378089999999997
-1.4374029999999998
-1.4374799999999999
-1.4374390000000004
-1.4378089999999997
-1.4374029999999998
-1.4374799999999999
-1.4374390000000004
-1.4378089999999997
-1.4374029999999998
-1.4374799999999999
-1.4374390000000004
-1.4378089999999997
-1.4374029999999998
-1.4374799999999999
-1.4374390000000004
-1.4378089999999997
-1.4374029999999998
-1.4374799999999999
-1.4374390000000004
-1.4378089999999997
-1.4374029999999998
-1.4374799999999999
-1.4374390000000004
-1.4378089999999997
-1.4374029999999998
-1.4374799999999999
-1.4374390000000004
-1.4378089999999997
-1.4374029999999998
-1.4374799999999999
-1.4374390000000004
-1.4378089999999997
-1.4374029999999998
-1.4374799999999999
-1.4374390000000004
-1.4378089999999997
-1.4374029999999998
-1.4374799999999999
-1.4374390000000004
-1.4378089999999997
-1.4374029999999998
-1.4374799999999999
-1.4374390000000004
-1.4378089999999997
-1.4374029999999998
-1.4374799999999999
-1.4374390000000004
-1.4378089999999997
-1.4374029999999998
-1.4374799999999999
