1.3128630000000001
1.3128630000000001
1.3128630000000001
1.3128630000000001
1.3128630000000001
1.3128630000000001
1.3128630000000001
1.3128630000000001
1.3128630000000001
1.3128630000000001
1.3128630000000001
1.3128630000000001
1.3128630000000001
1.3128630000000001
1.3128630000000001
1.3128630000000001
1.3128630000000001
1.3128630000000001
1.3128630000000001
1.3128630000000001
1.3128630000000001
1.3128630000000001
1.3128630000000001
1.3128630000000001
1.3128630000000001
1.3128630000000001
1.3128630000000001
1.3128630000000001
1.3128630000000001
1.3128630000000001
1.3128630000000001
1.3128630000000001
1.3128630000000001
1.3128630000000001
1.3128630000000001
1.3128630000000001
1.3128630000000001
1.3128630000000001
1.3128630000000001
1.3128630000000001
1.3128630000000001
1.3128630000000001
1.3128630000000001
1.3128630000000001
1.3128630000000001
1.3128630000000001
1.3128630000000001
1.3128630000000001
1.3128630000000001
1.3128630000000001
1.3128630000000001
1.3128630000000001
1.3128630000000001
1.3128630000000001
1.3128630000000001
1.3128630000000001
1.3128630000000001
1.3128630000000001
1.3128630000000001
1.3128630000000001
1.3128630000000001
1.3128630000000001
1.3128630000000001
1.3128630000000001
-1.312862
-1.312862
-1.312862
-1.312862
-1.312862
-1.312862
-1.312862
-1.312862
-1.312862
-1.312862
-1.312862
-1.312862
-1.312862
-1.312862
-1.312862
-1.312862
-1.312862
-1.312862
-1.312862
-1.312862
-1.312862
-1.312862
-1.312862
-1.312862
-1.312862
-1.312862
-1.312862
-1.312862
-1.312862
-1.312862
-1.312862
-1.312862
-1.312862
-1.312862
-1.312862
-1.312862
-1.312862
-1.312862
-1.312862
-1.312862
-1.312862
-1.312862
-1.312862
-1.312862
-1.312862
-1.312862
-1.312862
-1.312862
-1.312862
-1.312862
-1.312862
-1.312862
-1.312862
-1.312862
-1.312862
-1.312862
-1.312862
-1.312862
-1.312862
-1.312862
-1.312862
-1.312862
-1.312862
-1.312862
