1.439209
1.4390630000000009
1.4390509999999992
1.4388290000000001
1.439209
1.4390630000000009
1.4390509999999992
1.4388290000000001
1.439209
1.4390630000000009
1.4390509999999992
1.4388290000000001
1.439209
1.4390630000000009
1.4390509999999992
1.4388290000000001
1.439209
1.4390630000000009
1.4390509999999992
1.4388290000000001
1.439209
1.4390630000000009
1.4390509999999992
1.4388290000000001
1.439209
1.4390630000000009
1.4390509999999992
1.4388290000000001
1.439209
1.4390630000000009
1.4390509999999992
1.4388290000000001
1.439209
1.4390630000000009
1.4390509999999992
1.4388290000000001
1.439209
1.4390630000000009
1.4390509999999992
1.4388290000000001
1.439209
1.4390630000000009
1.4390509999999992
1.4388290000000001
1.439209
1.4390630000000009
1.4390509999999992
1.4388290000000001
1.439209
1.4390630000000009
1.4390509999999992
1.4388290000000001
1.439209
1.4390630000000009
1.4390509999999992
1.4388290000000001
1.439209
1.4390630000000009
1.4390509999999992
1.4388290000000001
1.439209
1.4390630000000009
1.4390509999999992
1.4388290000000001
1.439209
1.4390630000000009
1.4390509999999992
1.4388290000000001
1.439209
1.4390630000000009
1.4390509999999992
1.4388290000000001
1.439209
1.4390630000000009
1.4390509999999992
1.4388290000000001
1.439209
1.4390630000000009
1.4390509999999992
1.4388290000000001
1.439209
1.4390630000000009
1.4390509999999992
1.4388290000000001
1.439209
1.4390630000000009
1.4390509999999992
1.4388290000000001
1.439209
1.4390630000000009
1.4390509999999992
1.4388290000000001
1.439209
1.4390630000000009
1.4390509999999992
1.4388290000000001
1.439209
1.4390630000000009
1.4390509999999992
1.4388290000000001
1.439209
1.4390630000000009
1.4390509999999992
1.4388290000000001
1.439209
1.4390630000000009
1.4390509999999992
1.4388290000000001
-1.4391410000000002
-1.4389219999999998
-1.4391530000000001
-1.4389370000000001
-1.4391410000000002
-1.4389219999999998
-1.4391530000000001
-1.4389370000000001
-1.4391410000000002
-1.4389219999999998
-1.4391530000000001
-1.4389370000000001
-1.4391410000000002
-1.4389219999999998
-1.4391530000000001
-1.4389370000000001
-1.4391410000000002
-1.4389219999999998
-1.4391530000000001
-1.4389370000000001
-1.4391410000000002
-1.4389219999999998
-1.4391530000000001
-1.4389370000000001
-1.4391410000000002
-1.4389219999999998
-1.4391530000000001
-1.4389370000000001
-1.4391410000000002
-1.4389219999999998
-1.4391530000000001
-1.4389370000000001
-1.4391410000000002
-1.4389219999999998
-1.4391530000000001
-1.4389370000000001
-1.4391410000000002
-1.4389219999999998
-1.4391530000000001
-1.4389370000000001
-1.4391410000000002
-1.4389219999999998
-1.4391530000000001
-1.4389370000000001
-1.4391410000000002
-1.4389219999999998
-1.4391530000000001
-1.4389370000000001
-1.4391410000000002
-1.4389219999999998
-1.4391530000000001
-1.4389370000000001
-1.4391410000000002
-1.4389219999999998
-1.4391530000000001
-1.4389370000000001
-1.4391410000000002
-1.4389219999999998
-1.4391530000000001
-1.4389370000000001
-1.4391410000000002
-1.4389219999999998
-1.4391530000000001
-1.4389370000000001
-1.4391410000000002
-1.4389219999999998
-1.4391530000000001
-1.4389370000000001
-1.4391410000000002
-1.4389219999999998
-1.4391530000000001
-1.4389370000000001
-1.4391410000000002
-1.4389219999999998
-1.4391530000000001
-1.4389370000000001
-1.4391410000000002
-1.4389219999999998
-1.4391530000000001
-1.4389370000000001
-1.4391410000000002
-1.4389219999999998
-1.4391530000000001
-1.4389370000000001
-1.4391410000000002
-1.4389219999999998
-1.4391530000000001
-1.4389370000000001
-1.4391410000000002
-1.4389219999999998
-1.4391530000000001
-1.4389370000000001
-1.4391410000000002
-1.4389219999999998
-1.4391530000000001
-1.4389370000000001
-1.4391410000000002
-1.4389219999999998
-1.4391530000000001
-1.4389370000000001
-1.4391410000000002
-1.4389219999999998
-1.4391530000000001
-1.4389370000000001
-1.4391410000000002
-1.4389219999999998
-1.4391530000000001
-1.4389370000000001
