1.2024419999999996
1.2024419999999996
1.2024419999999996
1.2024419999999996
1.2024419999999996
1.2024419999999996
1.2024419999999996
1.2024419999999996
1.2024419999999996
1.2024419999999996
1.2024419999999996
1.2024419999999996
1.2024419999999996
1.2024419999999996
1.2024419999999996
1.2024419999999996
1.2024419999999996
1.2024419999999996
1.2024419999999996
1.2024419999999996
1.2024419999999996
1.2024419999999996
1.2024419999999996
1.2024419999999996
1.2024419999999996
1.2024419999999996
1.2024419999999996
-1.202445
-1.202445
-1.202445
-1.202445
-1.202445
-1.202445
-1.202445
-1.202445
-1.202445
-1.202445
-1.202445
-1.202445
-1.202445
-1.202445
-1.202445
-1.202445
-1.202445
-1.202445
-1.202445
-1.202445
-1.202445
-1.202445
-1.202445
-1.202445
-1.202445
-1.202445
-1.202445
