1.2059580000000008
1.2059580000000008
1.2059580000000008
1.2059580000000008
1.2059580000000008
1.2059580000000008
1.2059580000000008
1.2059580000000008
1.2059580000000008
1.2059580000000008
1.2059580000000008
1.2059580000000008
1.2059580000000008
1.2059580000000008
1.2059580000000008
1.2059580000000008
1.2059580000000008
1.2059580000000008
1.2059580000000008
1.2059580000000008
1.2059580000000008
1.2059580000000008
1.2059580000000008
1.2059580000000008
1.2059580000000008
1.2059580000000008
1.2059580000000008
-1.2059610000000003
-1.2059610000000003
-1.2059610000000003
-1.2059610000000003
-1.2059610000000003
-1.2059610000000003
-1.2059610000000003
-1.2059610000000003
-1.2059610000000003
-1.2059610000000003
-1.2059610000000003
-1.2059610000000003
-1.2059610000000003
-1.2059610000000003
-1.2059610000000003
-1.2059610000000003
-1.2059610000000003
-1.2059610000000003
-1.2059610000000003
-1.2059610000000003
-1.2059610000000003
-1.2059610000000003
-1.2059610000000003
-1.2059610000000003
-1.2059610000000003
-1.2059610000000003
-1.2059610000000003
