1.4510710000000007
1.4548279999999991
1.4524349999999995
1.4539139999999993
1.4510710000000007
1.4548279999999991
1.4524349999999995
1.4539139999999993
1.4510710000000007
1.4548279999999991
1.4524349999999995
1.4539139999999993
1.4510710000000007
1.4548279999999991
1.4524349999999995
1.4539139999999993
1.4510710000000007
1.4548279999999991
1.4524349999999995
1.4539139999999993
1.4510710000000007
1.4548279999999991
1.4524349999999995
1.4539139999999993
1.4510710000000007
1.4548279999999991
1.4524349999999995
1.4539139999999993
1.4510710000000007
1.4548279999999991
1.4524349999999995
1.4539139999999993
1.4510710000000007
1.4548279999999991
1.4524349999999995
1.4539139999999993
1.4510710000000007
1.4548279999999991
1.4524349999999995
1.4539139999999993
1.4510710000000007
1.4548279999999991
1.4524349999999995
1.4539139999999993
1.4510710000000007
1.4548279999999991
1.4524349999999995
1.4539139999999993
1.4510710000000007
1.4548279999999991
1.4524349999999995
1.4539139999999993
1.4510710000000007
1.4548279999999991
1.4524349999999995
1.4539139999999993
1.4510710000000007
1.4548279999999991
1.4524349999999995
1.4539139999999993
1.4510710000000007
1.4548279999999991
1.4524349999999995
1.4539139999999993
1.4510710000000007
1.4548279999999991
1.4524349999999995
1.4539139999999993
1.4510710000000007
1.4548279999999991
1.4524349999999995
1.4539139999999993
1.4510710000000007
1.4548279999999991
1.4524349999999995
1.4539139999999993
1.4510710000000007
1.4548279999999991
1.4524349999999995
1.4539139999999993
1.4510710000000007
1.4548279999999991
1.4524349999999995
1.4539139999999993
1.4510710000000007
1.4548279999999991
1.4524349999999995
1.4539139999999993
1.4510710000000007
1.4548279999999991
1.4524349999999995
1.4539139999999993
1.4510710000000007
1.4548279999999991
1.4524349999999995
1.4539139999999993
1.4510710000000007
1.4548279999999991
1.4524349999999995
1.4539139999999993
1.4510710000000007
1.4548279999999991
1.4524349999999995
1.4539139999999993
1.4510710000000007
1.4548279999999991
1.4524349999999995
1.4539139999999993
-1.4504099999999998
-1.453881
-1.454465
-1.453493
-1.4504099999999998
-1.453881
-1.454465
-1.453493
-1.4504099999999998
-1.453881
-1.454465
-1.453493
-1.4504099999999998
-1.453881
-1.454465
-1.453493
-1.4504099999999998
-1.453881
-1.454465
-1.453493
-1.4504099999999998
-1.453881
-1.454465
-1.453493
-1.4504099999999998
-1.453881
-1.454465
-1.453493
-1.4504099999999998
-1.453881
-1.454465
-1.453493
-1.4504099999999998
-1.453881
-1.454465
-1.453493
-1.4504099999999998
-1.453881
-1.454465
-1.453493
-1.4504099999999998
-1.453881
-1.454465
-1.453493
-1.4504099999999998
-1.453881
-1.454465
-1.453493
-1.4504099999999998
-1.453881
-1.454465
-1.453493
-1.4504099999999998
-1.453881
-1.454465
-1.453493
-1.4504099999999998
-1.453881
-1.454465
-1.453493
-1.4504099999999998
-1.453881
-1.454465
-1.453493
-1.4504099999999998
-1.453881
-1.454465
-1.453493
-1.4504099999999998
-1.453881
-1.454465
-1.453493
-1.4504099999999998
-1.453881
-1.454465
-1.453493
-1.4504099999999998
-1.453881
-1.454465
-1.453493
-1.4504099999999998
-1.453881
-1.454465
-1.453493
-1.4504099999999998
-1.453881
-1.454465
-1.453493
-1.4504099999999998
-1.453881
-1.454465
-1.453493
-1.4504099999999998
-1.453881
-1.454465
-1.453493
-1.4504099999999998
-1.453881
-1.454465
-1.453493
-1.4504099999999998
-1.453881
-1.454465
-1.453493
-1.4504099999999998
-1.453881
-1.454465
-1.453493
