0.9958829999999992
0.9958829999999992
0.9958829999999992
0.9958829999999992
0.9958829999999992
0.9958829999999992
0.9958829999999992
0.9958829999999992
0.9958829999999992
0.9958829999999992
0.9958829999999992
0.9958829999999992
0.9958829999999992
0.9958829999999992
0.9958829999999992
0.9958829999999992
0.9958829999999992
0.9958829999999992
0.9958829999999992
0.9958829999999992
0.9958829999999992
0.9958829999999992
0.9958829999999992
0.9958829999999992
0.9958829999999992
0.9958829999999992
0.9958829999999992
0.9958829999999992
0.9958829999999992
0.9958829999999992
0.9958829999999992
0.9958829999999992
0.9958829999999992
0.9958829999999992
0.9958829999999992
0.9958829999999992
0.9958829999999992
0.9958829999999992
0.9958829999999992
0.9958829999999992
0.9958829999999992
0.9958829999999992
0.9958829999999992
0.9958829999999992
0.9958829999999992
0.9958829999999992
0.9958829999999992
0.9958829999999992
0.9958829999999992
0.9958829999999992
0.9958829999999992
0.9958829999999992
0.9958829999999992
0.9958829999999992
0.9958829999999992
0.9958829999999992
0.9958829999999992
0.9958829999999992
0.9958829999999992
0.9958829999999992
0.9958829999999992
0.9958829999999992
0.9958829999999992
0.9958829999999992
-0.9958830000000001
-0.9958830000000001
-0.9958830000000001
-0.9958830000000001
-0.9958830000000001
-0.9958830000000001
-0.9958830000000001
-0.9958830000000001
-0.9958830000000001
-0.9958830000000001
-0.9958830000000001
-0.9958830000000001
-0.9958830000000001
-0.9958830000000001
-0.9958830000000001
-0.9958830000000001
-0.9958830000000001
-0.9958830000000001
-0.9958830000000001
-0.9958830000000001
-0.9958830000000001
-0.9958830000000001
-0.9958830000000001
-0.9958830000000001
-0.9958830000000001
-0.9958830000000001
-0.9958830000000001
-0.9958830000000001
-0.9958830000000001
-0.9958830000000001
-0.9958830000000001
-0.9958830000000001
-0.9958830000000001
-0.9958830000000001
-0.9958830000000001
-0.9958830000000001
-0.9958830000000001
-0.9958830000000001
-0.9958830000000001
-0.9958830000000001
-0.9958830000000001
-0.9958830000000001
-0.9958830000000001
-0.9958830000000001
-0.9958830000000001
-0.9958830000000001
-0.9958830000000001
-0.9958830000000001
-0.9958830000000001
-0.9958830000000001
-0.9958830000000001
-0.9958830000000001
-0.9958830000000001
-0.9958830000000001
-0.9958830000000001
-0.9958830000000001
-0.9958830000000001
-0.9958830000000001
-0.9958830000000001
-0.9958830000000001
-0.9958830000000001
-0.9958830000000001
-0.9958830000000001
-0.9958830000000001
