1.3063280000000006
1.3146470000000008
1.3063280000000006
1.3146470000000008
1.3063280000000006
1.3146470000000008
1.3063280000000006
1.3146470000000008
1.3063280000000006
1.3146470000000008
1.3063280000000006
1.3146470000000008
1.3063280000000006
1.3146470000000008
1.3063280000000006
1.3146470000000008
1.3063280000000006
1.3146470000000008
1.3063280000000006
1.3146470000000008
1.3063280000000006
1.3146470000000008
1.3063280000000006
1.3146470000000008
1.3063280000000006
1.3146470000000008
1.3063280000000006
1.3146470000000008
1.3063280000000006
1.3146470000000008
1.3063280000000006
1.3146470000000008
1.3063280000000006
1.3146470000000008
1.3063280000000006
1.3146470000000008
1.3063280000000006
1.3146470000000008
1.3063280000000006
1.3146470000000008
1.3063280000000006
1.3146470000000008
1.3063280000000006
1.3146470000000008
1.3063280000000006
1.3146470000000008
1.3063280000000006
1.3146470000000008
1.3063280000000006
1.3146470000000008
1.3063280000000006
1.3146470000000008
1.3063280000000006
1.3146470000000008
1.3063280000000006
1.3146470000000008
1.3063280000000006
1.3146470000000008
1.3063280000000006
1.3146470000000008
1.3063280000000006
1.3146470000000008
1.3063280000000006
1.3146470000000008
1.3063280000000006
1.3146470000000008
1.3063280000000006
1.3146470000000008
1.3063280000000006
1.3146470000000008
1.3063280000000006
1.3146470000000008
1.3063280000000006
1.3146470000000008
1.3063280000000006
1.3146470000000008
1.3063280000000006
1.3146470000000008
1.3063280000000006
1.3146470000000008
1.3063280000000006
1.3146470000000008
1.3063280000000006
1.3146470000000008
1.3063280000000006
1.3146470000000008
1.3063280000000006
1.3146470000000008
1.3063280000000006
1.3146470000000008
1.3063280000000006
1.3146470000000008
1.3063280000000006
1.3146470000000008
1.3063280000000006
1.3146470000000008
1.3063280000000006
1.3146470000000008
1.3063280000000006
1.3146470000000008
1.3063280000000006
1.3146470000000008
1.3063280000000006
1.3146470000000008
1.3063280000000006
1.3146470000000008
1.3063280000000006
1.3146470000000008
-1.309786
-1.3111889999999997
-1.309786
-1.3111889999999997
-1.309786
-1.3111889999999997
-1.309786
-1.3111889999999997
-1.309786
-1.3111889999999997
-1.309786
-1.3111889999999997
-1.309786
-1.3111889999999997
-1.309786
-1.3111889999999997
-1.309786
-1.3111889999999997
-1.309786
-1.3111889999999997
-1.309786
-1.3111889999999997
-1.309786
-1.3111889999999997
-1.309786
-1.3111889999999997
-1.309786
-1.3111889999999997
-1.309786
-1.3111889999999997
-1.309786
-1.3111889999999997
-1.309786
-1.3111889999999997
-1.309786
-1.3111889999999997
-1.309786
-1.3111889999999997
-1.309786
-1.3111889999999997
-1.309786
-1.3111889999999997
-1.309786
-1.3111889999999997
-1.309786
-1.3111889999999997
-1.309786
-1.3111889999999997
-1.309786
-1.3111889999999997
-1.309786
-1.3111889999999997
-1.309786
-1.3111889999999997
-1.309786
-1.3111889999999997
-1.309786
-1.3111889999999997
-1.309786
-1.3111889999999997
-1.309786
-1.3111889999999997
-1.309786
-1.3111889999999997
-1.309786
-1.3111889999999997
-1.309786
-1.3111889999999997
-1.309786
-1.3111889999999997
-1.309786
-1.3111889999999997
-1.309786
-1.3111889999999997
-1.309786
-1.3111889999999997
-1.309786
-1.3111889999999997
-1.309786
-1.3111889999999997
-1.309786
-1.3111889999999997
-1.309786
-1.3111889999999997
-1.309786
-1.3111889999999997
-1.309786
-1.3111889999999997
-1.309786
-1.3111889999999997
-1.309786
-1.3111889999999997
-1.309786
-1.3111889999999997
-1.309786
-1.3111889999999997
-1.309786
-1.3111889999999997
-1.309786
-1.3111889999999997
-1.309786
-1.3111889999999997
-1.309786
-1.3111889999999997
-1.309786
-1.3111889999999997
-1.309786
-1.3111889999999997
