1.3984249999999996
1.3789339999999992
1.3984249999999996
1.3789339999999992
1.3984249999999996
1.3789339999999992
1.3984249999999996
1.3789339999999992
1.3984249999999996
1.3789339999999992
1.3984249999999996
1.3789339999999992
1.3984249999999996
1.3789339999999992
1.3984249999999996
1.3789339999999992
1.3984249999999996
1.3789339999999992
1.3984249999999996
1.3789339999999992
1.3984249999999996
1.3789339999999992
1.3984249999999996
1.3789339999999992
1.3984249999999996
1.3789339999999992
1.3984249999999996
1.3789339999999992
1.3984249999999996
1.3789339999999992
1.3984249999999996
1.3789339999999992
1.3984249999999996
1.3789339999999992
1.3984249999999996
1.3789339999999992
1.3984249999999996
1.3789339999999992
1.3984249999999996
1.3789339999999992
1.3984249999999996
1.3789339999999992
1.3984249999999996
1.3789339999999992
1.3984249999999996
1.3789339999999992
1.3984249999999996
1.3789339999999992
1.3984249999999996
1.3789339999999992
1.3984249999999996
1.3789339999999992
1.3984249999999996
1.3789339999999992
1.3984249999999996
1.3789339999999992
1.3984249999999996
1.3789339999999992
1.3984249999999996
1.3789339999999992
1.3984249999999996
1.3789339999999992
1.3984249999999996
1.3789339999999992
1.3984249999999996
1.3789339999999992
1.3984249999999996
1.3789339999999992
1.3984249999999996
1.3789339999999992
1.3984249999999996
1.3789339999999992
1.3984249999999996
1.3789339999999992
1.3984249999999996
1.3789339999999992
1.3984249999999996
1.3789339999999992
1.3984249999999996
1.3789339999999992
1.3984249999999996
1.3789339999999992
1.3984249999999996
1.3789339999999992
1.3984249999999996
1.3789339999999992
1.3984249999999996
1.3789339999999992
1.3984249999999996
1.3789339999999992
1.3984249999999996
1.3789339999999992
1.3984249999999996
1.3789339999999992
1.3984249999999996
1.3789339999999992
1.3984249999999996
1.3789339999999992
1.3984249999999996
1.3789339999999992
1.3984249999999996
1.3789339999999992
1.3984249999999996
1.3789339999999992
1.3984249999999996
1.3789339999999992
1.3984249999999996
1.3789339999999992
1.3984249999999996
1.3789339999999992
1.3984249999999996
1.3789339999999992
1.3984249999999996
1.3789339999999992
1.3984249999999996
1.3789339999999992
1.3984249999999996
1.3789339999999992
1.3984249999999996
1.3789339999999992
-1.3833780000000004
-1.39398
-1.3833780000000004
-1.39398
-1.3833780000000004
-1.39398
-1.3833780000000004
-1.39398
-1.3833780000000004
-1.39398
-1.3833780000000004
-1.39398
-1.3833780000000004
-1.39398
-1.3833780000000004
-1.39398
-1.3833780000000004
-1.39398
-1.3833780000000004
-1.39398
-1.3833780000000004
-1.39398
-1.3833780000000004
-1.39398
-1.3833780000000004
-1.39398
-1.3833780000000004
-1.39398
-1.3833780000000004
-1.39398
-1.3833780000000004
-1.39398
-1.3833780000000004
-1.39398
-1.3833780000000004
-1.39398
-1.3833780000000004
-1.39398
-1.3833780000000004
-1.39398
-1.3833780000000004
-1.39398
-1.3833780000000004
-1.39398
-1.3833780000000004
-1.39398
-1.3833780000000004
-1.39398
-1.3833780000000004
-1.39398
-1.3833780000000004
-1.39398
-1.3833780000000004
-1.39398
-1.3833780000000004
-1.39398
-1.3833780000000004
-1.39398
-1.3833780000000004
-1.39398
-1.3833780000000004
-1.39398
-1.3833780000000004
-1.39398
-1.3833780000000004
-1.39398
-1.3833780000000004
-1.39398
-1.3833780000000004
-1.39398
-1.3833780000000004
-1.39398
-1.3833780000000004
-1.39398
-1.3833780000000004
-1.39398
-1.3833780000000004
-1.39398
-1.3833780000000004
-1.39398
-1.3833780000000004
-1.39398
-1.3833780000000004
-1.39398
-1.3833780000000004
-1.39398
-1.3833780000000004
-1.39398
-1.3833780000000004
-1.39398
-1.3833780000000004
-1.39398
-1.3833780000000004
-1.39398
-1.3833780000000004
-1.39398
-1.3833780000000004
-1.39398
-1.3833780000000004
-1.39398
-1.3833780000000004
-1.39398
-1.3833780000000004
-1.39398
-1.3833780000000004
-1.39398
-1.3833780000000004
-1.39398
-1.3833780000000004
-1.39398
-1.3833780000000004
-1.39398
-1.3833780000000004
-1.39398
-1.3833780000000004
-1.39398
-1.3833780000000004
-1.39398
-1.3833780000000004
-1.39398
