1.4387539999999994
1.4375269999999993
1.4378969999999995
1.4369680000000002
1.4387539999999994
1.4375269999999993
1.4378969999999995
1.4369680000000002
1.4387539999999994
1.4375269999999993
1.4378969999999995
1.4369680000000002
1.4387539999999994
1.4375269999999993
1.4378969999999995
1.4369680000000002
1.4387539999999994
1.4375269999999993
1.4378969999999995
1.4369680000000002
1.4387539999999994
1.4375269999999993
1.4378969999999995
1.4369680000000002
1.4387539999999994
1.4375269999999993
1.4378969999999995
1.4369680000000002
1.4387539999999994
1.4375269999999993
1.4378969999999995
1.4369680000000002
1.4387539999999994
1.4375269999999993
1.4378969999999995
1.4369680000000002
1.4387539999999994
1.4375269999999993
1.4378969999999995
1.4369680000000002
1.4387539999999994
1.4375269999999993
1.4378969999999995
1.4369680000000002
1.4387539999999994
1.4375269999999993
1.4378969999999995
1.4369680000000002
1.4387539999999994
1.4375269999999993
1.4378969999999995
1.4369680000000002
1.4387539999999994
1.4375269999999993
1.4378969999999995
1.4369680000000002
1.4387539999999994
1.4375269999999993
1.4378969999999995
1.4369680000000002
1.4387539999999994
1.4375269999999993
1.4378969999999995
1.4369680000000002
1.4387539999999994
1.4375269999999993
1.4378969999999995
1.4369680000000002
1.4387539999999994
1.4375269999999993
1.4378969999999995
1.4369680000000002
1.4387539999999994
1.4375269999999993
1.4378969999999995
1.4369680000000002
1.4387539999999994
1.4375269999999993
1.4378969999999995
1.4369680000000002
1.4387539999999994
1.4375269999999993
1.4378969999999995
1.4369680000000002
1.4387539999999994
1.4375269999999993
1.4378969999999995
1.4369680000000002
1.4387539999999994
1.4375269999999993
1.4378969999999995
1.4369680000000002
1.4387539999999994
1.4375269999999993
1.4378969999999995
1.4369680000000002
1.4387539999999994
1.4375269999999993
1.4378969999999995
1.4369680000000002
1.4387539999999994
1.4375269999999993
1.4378969999999995
1.4369680000000002
1.4387539999999994
1.4375269999999993
1.4378969999999995
1.4369680000000002
1.4387539999999994
1.4375269999999993
1.4378969999999995
1.4369680000000002
1.4387539999999994
1.4375269999999993
1.4378969999999995
1.4369680000000002
1.4387539999999994
1.4375269999999993
1.4378969999999995
1.4369680000000002
1.4387539999999994
1.4375269999999993
1.4378969999999995
1.4369680000000002
1.4387539999999994
1.4375269999999993
1.4378969999999995
1.4369680000000002
1.4387539999999994
1.4375269999999993
1.4378969999999995
1.4369680000000002
1.4387539999999994
1.4375269999999993
1.4378969999999995
1.4369680000000002
1.4387539999999994
1.4375269999999993
1.4378969999999995
1.4369680000000002
1.4387539999999994
1.4375269999999993
1.4378969999999995
1.4369680000000002
-1.4384009999999998
-1.4385979999999998
-1.4374969999999996
-1.4366469999999998
-1.4384009999999998
-1.4385979999999998
-1.4374969999999996
-1.4366469999999998
-1.4384009999999998
-1.4385979999999998
-1.4374969999999996
-1.4366469999999998
-1.4384009999999998
-1.4385979999999998
-1.4374969999999996
-1.4366469999999998
-1.4384009999999998
-1.4385979999999998
-1.4374969999999996
-1.4366469999999998
-1.4384009999999998
-1.4385979999999998
-1.4374969999999996
-1.4366469999999998
-1.4384009999999998
-1.4385979999999998
-1.4374969999999996
-1.4366469999999998
-1.4384009999999998
-1.4385979999999998
-1.4374969999999996
-1.4366469999999998
-1.4384009999999998
-1.4385979999999998
-1.4374969999999996
-1.4366469999999998
-1.4384009999999998
-1.4385979999999998
-1.4374969999999996
-1.4366469999999998
-1.4384009999999998
-1.4385979999999998
-1.4374969999999996
-1.4366469999999998
-1.4384009999999998
-1.4385979999999998
-1.4374969999999996
-1.4366469999999998
-1.4384009999999998
-1.4385979999999998
-1.4374969999999996
-1.4366469999999998
-1.4384009999999998
-1.4385979999999998
-1.4374969999999996
-1.4366469999999998
-1.4384009999999998
-1.4385979999999998
-1.4374969999999996
-1.4366469999999998
-1.4384009999999998
-1.4385979999999998
-1.4374969999999996
-1.4366469999999998
-1.4384009999999998
-1.4385979999999998
-1.4374969999999996
-1.4366469999999998
-1.4384009999999998
-1.4385979999999998
-1.4374969999999996
-1.4366469999999998
-1.4384009999999998
-1.4385979999999998
-1.4374969999999996
-1.4366469999999998
-1.4384009999999998
-1.4385979999999998
-1.4374969999999996
-1.4366469999999998
-1.4384009999999998
-1.4385979999999998
-1.4374969999999996
-1.4366469999999998
-1.4384009999999998
-1.4385979999999998
-1.4374969999999996
-1.4366469999999998
-1.4384009999999998
-1.4385979999999998
-1.4374969999999996
-1.4366469999999998
-1.4384009999999998
-1.4385979999999998
-1.4374969999999996
-1.4366469999999998
-1.4384009999999998
-1.4385979999999998
-1.4374969999999996
-1.4366469999999998
-1.4384009999999998
-1.4385979999999998
-1.4374969999999996
-1.4366469999999998
-1.4384009999999998
-1.4385979999999998
-1.4374969999999996
-1.4366469999999998
-1.4384009999999998
-1.4385979999999998
-1.4374969999999996
-1.4366469999999998
-1.4384009999999998
-1.4385979999999998
-1.4374969999999996
-1.4366469999999998
-1.4384009999999998
-1.4385979999999998
-1.4374969999999996
-1.4366469999999998
-1.4384009999999998
-1.4385979999999998
-1.4374969999999996
-1.4366469999999998
-1.4384009999999998
-1.4385979999999998
-1.4374969999999996
-1.4366469999999998
-1.4384009999999998
-1.4385979999999998
-1.4374969999999996
-1.4366469999999998
-1.4384009999999998
-1.4385979999999998
-1.4374969999999996
-1.4366469999999998
-1.4384009999999998
-1.4385979999999998
-1.4374969999999996
-1.4366469999999998
-1.4384009999999998
-1.4385979999999998
-1.4374969999999996
-1.4366469999999998
