1.4397680000000008
1.4402150000000002
1.4401729999999997
1.4421739999999996
1.4397680000000008
1.4402150000000002
1.4401729999999997
1.4421739999999996
1.4397680000000008
1.4402150000000002
1.4401729999999997
1.4421739999999996
1.4397680000000008
1.4402150000000002
1.4401729999999997
1.4421739999999996
1.4397680000000008
1.4402150000000002
1.4401729999999997
1.4421739999999996
1.4397680000000008
1.4402150000000002
1.4401729999999997
1.4421739999999996
1.4397680000000008
1.4402150000000002
1.4401729999999997
1.4421739999999996
1.4397680000000008
1.4402150000000002
1.4401729999999997
1.4421739999999996
1.4397680000000008
1.4402150000000002
1.4401729999999997
1.4421739999999996
1.4397680000000008
1.4402150000000002
1.4401729999999997
1.4421739999999996
1.4397680000000008
1.4402150000000002
1.4401729999999997
1.4421739999999996
1.4397680000000008
1.4402150000000002
1.4401729999999997
1.4421739999999996
1.4397680000000008
1.4402150000000002
1.4401729999999997
1.4421739999999996
1.4397680000000008
1.4402150000000002
1.4401729999999997
1.4421739999999996
1.4397680000000008
1.4402150000000002
1.4401729999999997
1.4421739999999996
1.4397680000000008
1.4402150000000002
1.4401729999999997
1.4421739999999996
1.4397680000000008
1.4402150000000002
1.4401729999999997
1.4421739999999996
1.4397680000000008
1.4402150000000002
1.4401729999999997
1.4421739999999996
1.4397680000000008
1.4402150000000002
1.4401729999999997
1.4421739999999996
1.4397680000000008
1.4402150000000002
1.4401729999999997
1.4421739999999996
1.4397680000000008
1.4402150000000002
1.4401729999999997
1.4421739999999996
1.4397680000000008
1.4402150000000002
1.4401729999999997
1.4421739999999996
1.4397680000000008
1.4402150000000002
1.4401729999999997
1.4421739999999996
1.4397680000000008
1.4402150000000002
1.4401729999999997
1.4421739999999996
1.4397680000000008
1.4402150000000002
1.4401729999999997
1.4421739999999996
1.4397680000000008
1.4402150000000002
1.4401729999999997
1.4421739999999996
1.4397680000000008
1.4402150000000002
1.4401729999999997
1.4421739999999996
1.4397680000000008
1.4402150000000002
1.4401729999999997
1.4421739999999996
1.4397680000000008
1.4402150000000002
1.4401729999999997
1.4421739999999996
1.4397680000000008
1.4402150000000002
1.4401729999999997
1.4421739999999996
1.4397680000000008
1.4402150000000002
1.4401729999999997
1.4421739999999996
1.4397680000000008
1.4402150000000002
1.4401729999999997
1.4421739999999996
1.4397680000000008
1.4402150000000002
1.4401729999999997
1.4421739999999996
1.4397680000000008
1.4402150000000002
1.4401729999999997
1.4421739999999996
1.4397680000000008
1.4402150000000002
1.4401729999999997
1.4421739999999996
1.4397680000000008
1.4402150000000002
1.4401729999999997
1.4421739999999996
-1.44055
-1.441554
-1.4395119999999997
-1.4407100000000002
-1.44055
-1.441554
-1.4395119999999997
-1.4407100000000002
-1.44055
-1.441554
-1.4395119999999997
-1.4407100000000002
-1.44055
-1.441554
-1.4395119999999997
-1.4407100000000002
-1.44055
-1.441554
-1.4395119999999997
-1.4407100000000002
-1.44055
-1.441554
-1.4395119999999997
-1.4407100000000002
-1.44055
-1.441554
-1.4395119999999997
-1.4407100000000002
-1.44055
-1.441554
-1.4395119999999997
-1.4407100000000002
-1.44055
-1.441554
-1.4395119999999997
-1.4407100000000002
-1.44055
-1.441554
-1.4395119999999997
-1.4407100000000002
-1.44055
-1.441554
-1.4395119999999997
-1.4407100000000002
-1.44055
-1.441554
-1.4395119999999997
-1.4407100000000002
-1.44055
-1.441554
-1.4395119999999997
-1.4407100000000002
-1.44055
-1.441554
-1.4395119999999997
-1.4407100000000002
-1.44055
-1.441554
-1.4395119999999997
-1.4407100000000002
-1.44055
-1.441554
-1.4395119999999997
-1.4407100000000002
-1.44055
-1.441554
-1.4395119999999997
-1.4407100000000002
-1.44055
-1.441554
-1.4395119999999997
-1.4407100000000002
-1.44055
-1.441554
-1.4395119999999997
-1.4407100000000002
-1.44055
-1.441554
-1.4395119999999997
-1.4407100000000002
-1.44055
-1.441554
-1.4395119999999997
-1.4407100000000002
-1.44055
-1.441554
-1.4395119999999997
-1.4407100000000002
-1.44055
-1.441554
-1.4395119999999997
-1.4407100000000002
-1.44055
-1.441554
-1.4395119999999997
-1.4407100000000002
-1.44055
-1.441554
-1.4395119999999997
-1.4407100000000002
-1.44055
-1.441554
-1.4395119999999997
-1.4407100000000002
-1.44055
-1.441554
-1.4395119999999997
-1.4407100000000002
-1.44055
-1.441554
-1.4395119999999997
-1.4407100000000002
-1.44055
-1.441554
-1.4395119999999997
-1.4407100000000002
-1.44055
-1.441554
-1.4395119999999997
-1.4407100000000002
-1.44055
-1.441554
-1.4395119999999997
-1.4407100000000002
-1.44055
-1.441554
-1.4395119999999997
-1.4407100000000002
-1.44055
-1.441554
-1.4395119999999997
-1.4407100000000002
-1.44055
-1.441554
-1.4395119999999997
-1.4407100000000002
-1.44055
-1.441554
-1.4395119999999997
-1.4407100000000002
-1.44055
-1.441554
-1.4395119999999997
-1.4407100000000002
