1.4126589999999997
1.4153610000000008
1.4112349999999996
1.4097709999999992
1.4126589999999997
1.4153610000000008
1.4112349999999996
1.4097709999999992
1.4126589999999997
1.4153610000000008
1.4112349999999996
1.4097709999999992
1.4126589999999997
1.4153610000000008
1.4112349999999996
1.4097709999999992
1.4126589999999997
1.4153610000000008
1.4112349999999996
1.4097709999999992
1.4126589999999997
1.4153610000000008
1.4112349999999996
1.4097709999999992
1.4126589999999997
1.4153610000000008
1.4112349999999996
1.4097709999999992
1.4126589999999997
1.4153610000000008
1.4112349999999996
1.4097709999999992
1.4126589999999997
1.4153610000000008
1.4112349999999996
1.4097709999999992
1.4126589999999997
1.4153610000000008
1.4112349999999996
1.4097709999999992
1.4126589999999997
1.4153610000000008
1.4112349999999996
1.4097709999999992
1.4126589999999997
1.4153610000000008
1.4112349999999996
1.4097709999999992
1.4126589999999997
1.4153610000000008
1.4112349999999996
1.4097709999999992
1.4126589999999997
1.4153610000000008
1.4112349999999996
1.4097709999999992
1.4126589999999997
1.4153610000000008
1.4112349999999996
1.4097709999999992
1.4126589999999997
1.4153610000000008
1.4112349999999996
1.4097709999999992
1.4126589999999997
1.4153610000000008
1.4112349999999996
1.4097709999999992
1.4126589999999997
1.4153610000000008
1.4112349999999996
1.4097709999999992
1.4126589999999997
1.4153610000000008
1.4112349999999996
1.4097709999999992
1.4126589999999997
1.4153610000000008
1.4112349999999996
1.4097709999999992
1.4126589999999997
1.4153610000000008
1.4112349999999996
1.4097709999999992
1.4126589999999997
1.4153610000000008
1.4112349999999996
1.4097709999999992
1.4126589999999997
1.4153610000000008
1.4112349999999996
1.4097709999999992
1.4126589999999997
1.4153610000000008
1.4112349999999996
1.4097709999999992
1.4126589999999997
1.4153610000000008
1.4112349999999996
1.4097709999999992
1.4126589999999997
1.4153610000000008
1.4112349999999996
1.4097709999999992
1.4126589999999997
1.4153610000000008
1.4112349999999996
1.4097709999999992
1.4126589999999997
1.4153610000000008
1.4112349999999996
1.4097709999999992
1.4126589999999997
1.4153610000000008
1.4112349999999996
1.4097709999999992
1.4126589999999997
1.4153610000000008
1.4112349999999996
1.4097709999999992
1.4126589999999997
1.4153610000000008
1.4112349999999996
1.4097709999999992
1.4126589999999997
1.4153610000000008
1.4112349999999996
1.4097709999999992
1.4126589999999997
1.4153610000000008
1.4112349999999996
1.4097709999999992
1.4126589999999997
1.4153610000000008
1.4112349999999996
1.4097709999999992
1.4126589999999997
1.4153610000000008
1.4112349999999996
1.4097709999999992
1.4126589999999997
1.4153610000000008
1.4112349999999996
1.4097709999999992
-1.41059
-1.4170550000000004
-1.4099560000000002
-1.4114209999999998
-1.41059
-1.4170550000000004
-1.4099560000000002
-1.4114209999999998
-1.41059
-1.4170550000000004
-1.4099560000000002
-1.4114209999999998
-1.41059
-1.4170550000000004
-1.4099560000000002
-1.4114209999999998
-1.41059
-1.4170550000000004
-1.4099560000000002
-1.4114209999999998
-1.41059
-1.4170550000000004
-1.4099560000000002
-1.4114209999999998
-1.41059
-1.4170550000000004
-1.4099560000000002
-1.4114209999999998
-1.41059
-1.4170550000000004
-1.4099560000000002
-1.4114209999999998
-1.41059
-1.4170550000000004
-1.4099560000000002
-1.4114209999999998
-1.41059
-1.4170550000000004
-1.4099560000000002
-1.4114209999999998
-1.41059
-1.4170550000000004
-1.4099560000000002
-1.4114209999999998
-1.41059
-1.4170550000000004
-1.4099560000000002
-1.4114209999999998
-1.41059
-1.4170550000000004
-1.4099560000000002
-1.4114209999999998
-1.41059
-1.4170550000000004
-1.4099560000000002
-1.4114209999999998
-1.41059
-1.4170550000000004
-1.4099560000000002
-1.4114209999999998
-1.41059
-1.4170550000000004
-1.4099560000000002
-1.4114209999999998
-1.41059
-1.4170550000000004
-1.4099560000000002
-1.4114209999999998
-1.41059
-1.4170550000000004
-1.4099560000000002
-1.4114209999999998
-1.41059
-1.4170550000000004
-1.4099560000000002
-1.4114209999999998
-1.41059
-1.4170550000000004
-1.4099560000000002
-1.4114209999999998
-1.41059
-1.4170550000000004
-1.4099560000000002
-1.4114209999999998
-1.41059
-1.4170550000000004
-1.4099560000000002
-1.4114209999999998
-1.41059
-1.4170550000000004
-1.4099560000000002
-1.4114209999999998
-1.41059
-1.4170550000000004
-1.4099560000000002
-1.4114209999999998
-1.41059
-1.4170550000000004
-1.4099560000000002
-1.4114209999999998
-1.41059
-1.4170550000000004
-1.4099560000000002
-1.4114209999999998
-1.41059
-1.4170550000000004
-1.4099560000000002
-1.4114209999999998
-1.41059
-1.4170550000000004
-1.4099560000000002
-1.4114209999999998
-1.41059
-1.4170550000000004
-1.4099560000000002
-1.4114209999999998
-1.41059
-1.4170550000000004
-1.4099560000000002
-1.4114209999999998
-1.41059
-1.4170550000000004
-1.4099560000000002
-1.4114209999999998
-1.41059
-1.4170550000000004
-1.4099560000000002
-1.4114209999999998
-1.41059
-1.4170550000000004
-1.4099560000000002
-1.4114209999999998
-1.41059
-1.4170550000000004
-1.4099560000000002
-1.4114209999999998
-1.41059
-1.4170550000000004
-1.4099560000000002
-1.4114209999999998
-1.41059
-1.4170550000000004
-1.4099560000000002
-1.4114209999999998
