0.8802880000000002
0.8802880000000002
0.8802880000000002
0.8802880000000002
0.8802880000000002
0.8802880000000002
0.8802880000000002
0.8802880000000002
0.8802880000000002
0.8802880000000002
0.8802880000000002
0.8802880000000002
0.8802880000000002
0.8802880000000002
0.8802880000000002
0.8802880000000002
0.8802880000000002
0.8802880000000002
0.8802880000000002
0.8802880000000002
0.8802880000000002
0.8802880000000002
0.8802880000000002
0.8802880000000002
0.8802880000000002
0.8802880000000002
0.8802880000000002
0.8802880000000002
0.8802880000000002
0.8802880000000002
0.8802880000000002
0.8802880000000002
0.8802880000000002
0.8802880000000002
0.8802880000000002
0.8802880000000002
0.8802880000000002
0.8802880000000002
0.8802880000000002
0.8802880000000002
0.8802880000000002
0.8802880000000002
0.8802880000000002
0.8802880000000002
0.8802880000000002
0.8802880000000002
0.8802880000000002
0.8802880000000002
0.8802880000000002
0.8802880000000002
0.8802880000000002
0.8802880000000002
0.8802880000000002
0.8802880000000002
0.8802880000000002
0.8802880000000002
0.8802880000000002
0.8802880000000002
0.8802880000000002
0.8802880000000002
0.8802880000000002
0.8802880000000002
0.8802880000000002
0.8802880000000002
-0.8802880000000002
-0.8802880000000002
-0.8802880000000002
-0.8802880000000002
-0.8802880000000002
-0.8802880000000002
-0.8802880000000002
-0.8802880000000002
-0.8802880000000002
-0.8802880000000002
-0.8802880000000002
-0.8802880000000002
-0.8802880000000002
-0.8802880000000002
-0.8802880000000002
-0.8802880000000002
-0.8802880000000002
-0.8802880000000002
-0.8802880000000002
-0.8802880000000002
-0.8802880000000002
-0.8802880000000002
-0.8802880000000002
-0.8802880000000002
-0.8802880000000002
-0.8802880000000002
-0.8802880000000002
-0.8802880000000002
-0.8802880000000002
-0.8802880000000002
-0.8802880000000002
-0.8802880000000002
-0.8802880000000002
-0.8802880000000002
-0.8802880000000002
-0.8802880000000002
-0.8802880000000002
-0.8802880000000002
-0.8802880000000002
-0.8802880000000002
-0.8802880000000002
-0.8802880000000002
-0.8802880000000002
-0.8802880000000002
-0.8802880000000002
-0.8802880000000002
-0.8802880000000002
-0.8802880000000002
-0.8802880000000002
-0.8802880000000002
-0.8802880000000002
-0.8802880000000002
-0.8802880000000002
-0.8802880000000002
-0.8802880000000002
-0.8802880000000002
-0.8802880000000002
-0.8802880000000002
-0.8802880000000002
-0.8802880000000002
-0.8802880000000002
-0.8802880000000002
-0.8802880000000002
-0.8802880000000002
