1.4414090000000002
1.438739
1.439145
1.4424220000000005
1.4414090000000002
1.438739
1.439145
1.4424220000000005
1.4414090000000002
1.438739
1.439145
1.4424220000000005
1.4414090000000002
1.438739
1.439145
1.4424220000000005
1.4414090000000002
1.438739
1.439145
1.4424220000000005
1.4414090000000002
1.438739
1.439145
1.4424220000000005
1.4414090000000002
1.438739
1.439145
1.4424220000000005
1.4414090000000002
1.438739
1.439145
1.4424220000000005
1.4414090000000002
1.438739
1.439145
1.4424220000000005
1.4414090000000002
1.438739
1.439145
1.4424220000000005
1.4414090000000002
1.438739
1.439145
1.4424220000000005
1.4414090000000002
1.438739
1.439145
1.4424220000000005
1.4414090000000002
1.438739
1.439145
1.4424220000000005
1.4414090000000002
1.438739
1.439145
1.4424220000000005
1.4414090000000002
1.438739
1.439145
1.4424220000000005
1.4414090000000002
1.438739
1.439145
1.4424220000000005
1.4414090000000002
1.438739
1.439145
1.4424220000000005
1.4414090000000002
1.438739
1.439145
1.4424220000000005
1.4414090000000002
1.438739
1.439145
1.4424220000000005
1.4414090000000002
1.438739
1.439145
1.4424220000000005
1.4414090000000002
1.438739
1.439145
1.4424220000000005
1.4414090000000002
1.438739
1.439145
1.4424220000000005
1.4414090000000002
1.438739
1.439145
1.4424220000000005
1.4414090000000002
1.438739
1.439145
1.4424220000000005
1.4414090000000002
1.438739
1.439145
1.4424220000000005
1.4414090000000002
1.438739
1.439145
1.4424220000000005
1.4414090000000002
1.438739
1.439145
1.4424220000000005
-1.4411379999999996
-1.4414749999999996
-1.4400370000000002
-1.4390609999999997
-1.4411379999999996
-1.4414749999999996
-1.4400370000000002
-1.4390609999999997
-1.4411379999999996
-1.4414749999999996
-1.4400370000000002
-1.4390609999999997
-1.4411379999999996
-1.4414749999999996
-1.4400370000000002
-1.4390609999999997
-1.4411379999999996
-1.4414749999999996
-1.4400370000000002
-1.4390609999999997
-1.4411379999999996
-1.4414749999999996
-1.4400370000000002
-1.4390609999999997
-1.4411379999999996
-1.4414749999999996
-1.4400370000000002
-1.4390609999999997
-1.4411379999999996
-1.4414749999999996
-1.4400370000000002
-1.4390609999999997
-1.4411379999999996
-1.4414749999999996
-1.4400370000000002
-1.4390609999999997
-1.4411379999999996
-1.4414749999999996
-1.4400370000000002
-1.4390609999999997
-1.4411379999999996
-1.4414749999999996
-1.4400370000000002
-1.4390609999999997
-1.4411379999999996
-1.4414749999999996
-1.4400370000000002
-1.4390609999999997
-1.4411379999999996
-1.4414749999999996
-1.4400370000000002
-1.4390609999999997
-1.4411379999999996
-1.4414749999999996
-1.4400370000000002
-1.4390609999999997
-1.4411379999999996
-1.4414749999999996
-1.4400370000000002
-1.4390609999999997
-1.4411379999999996
-1.4414749999999996
-1.4400370000000002
-1.4390609999999997
-1.4411379999999996
-1.4414749999999996
-1.4400370000000002
-1.4390609999999997
-1.4411379999999996
-1.4414749999999996
-1.4400370000000002
-1.4390609999999997
-1.4411379999999996
-1.4414749999999996
-1.4400370000000002
-1.4390609999999997
-1.4411379999999996
-1.4414749999999996
-1.4400370000000002
-1.4390609999999997
-1.4411379999999996
-1.4414749999999996
-1.4400370000000002
-1.4390609999999997
-1.4411379999999996
-1.4414749999999996
-1.4400370000000002
-1.4390609999999997
-1.4411379999999996
-1.4414749999999996
-1.4400370000000002
-1.4390609999999997
-1.4411379999999996
-1.4414749999999996
-1.4400370000000002
-1.4390609999999997
-1.4411379999999996
-1.4414749999999996
-1.4400370000000002
-1.4390609999999997
-1.4411379999999996
-1.4414749999999996
-1.4400370000000002
-1.4390609999999997
-1.4411379999999996
-1.4414749999999996
-1.4400370000000002
-1.4390609999999997
