1.3795819999999992
1.3855939999999993
1.3795819999999992
1.3855939999999993
1.3795819999999992
1.3855939999999993
1.3795819999999992
1.3855939999999993
1.3795819999999992
1.3855939999999993
1.3795819999999992
1.3855939999999993
1.3795819999999992
1.3855939999999993
1.3795819999999992
1.3855939999999993
1.3795819999999992
1.3855939999999993
1.3795819999999992
1.3855939999999993
1.3795819999999992
1.3855939999999993
1.3795819999999992
1.3855939999999993
1.3795819999999992
1.3855939999999993
1.3795819999999992
1.3855939999999993
1.3795819999999992
1.3855939999999993
1.3795819999999992
1.3855939999999993
1.3795819999999992
1.3855939999999993
1.3795819999999992
1.3855939999999993
1.3795819999999992
1.3855939999999993
1.3795819999999992
1.3855939999999993
1.3795819999999992
1.3855939999999993
1.3795819999999992
1.3855939999999993
1.3795819999999992
1.3855939999999993
1.3795819999999992
1.3855939999999993
1.3795819999999992
1.3855939999999993
1.3795819999999992
1.3855939999999993
1.3795819999999992
1.3855939999999993
1.3795819999999992
1.3855939999999993
1.3795819999999992
1.3855939999999993
1.3795819999999992
1.3855939999999993
1.3795819999999992
1.3855939999999993
1.3795819999999992
1.3855939999999993
1.3795819999999992
1.3855939999999993
1.3795819999999992
1.3855939999999993
1.3795819999999992
1.3855939999999993
1.3795819999999992
1.3855939999999993
1.3795819999999992
1.3855939999999993
1.3795819999999992
1.3855939999999993
1.3795819999999992
1.3855939999999993
1.3795819999999992
1.3855939999999993
1.3795819999999992
1.3855939999999993
1.3795819999999992
1.3855939999999993
1.3795819999999992
1.3855939999999993
1.3795819999999992
1.3855939999999993
1.3795819999999992
1.3855939999999993
1.3795819999999992
1.3855939999999993
1.3795819999999992
1.3855939999999993
1.3795819999999992
1.3855939999999993
1.3795819999999992
1.3855939999999993
1.3795819999999992
1.3855939999999993
1.3795819999999992
1.3855939999999993
1.3795819999999992
1.3855939999999993
1.3795819999999992
1.3855939999999993
1.3795819999999992
1.3855939999999993
1.3795819999999992
1.3855939999999993
1.3795819999999992
1.3855939999999993
1.3795819999999992
1.3855939999999993
1.3795819999999992
1.3855939999999993
1.3795819999999992
1.3855939999999993
1.3795819999999992
1.3855939999999993
-1.3855589999999998
-1.3796169999999996
-1.3855589999999998
-1.3796169999999996
-1.3855589999999998
-1.3796169999999996
-1.3855589999999998
-1.3796169999999996
-1.3855589999999998
-1.3796169999999996
-1.3855589999999998
-1.3796169999999996
-1.3855589999999998
-1.3796169999999996
-1.3855589999999998
-1.3796169999999996
-1.3855589999999998
-1.3796169999999996
-1.3855589999999998
-1.3796169999999996
-1.3855589999999998
-1.3796169999999996
-1.3855589999999998
-1.3796169999999996
-1.3855589999999998
-1.3796169999999996
-1.3855589999999998
-1.3796169999999996
-1.3855589999999998
-1.3796169999999996
-1.3855589999999998
-1.3796169999999996
-1.3855589999999998
-1.3796169999999996
-1.3855589999999998
-1.3796169999999996
-1.3855589999999998
-1.3796169999999996
-1.3855589999999998
-1.3796169999999996
-1.3855589999999998
-1.3796169999999996
-1.3855589999999998
-1.3796169999999996
-1.3855589999999998
-1.3796169999999996
-1.3855589999999998
-1.3796169999999996
-1.3855589999999998
-1.3796169999999996
-1.3855589999999998
-1.3796169999999996
-1.3855589999999998
-1.3796169999999996
-1.3855589999999998
-1.3796169999999996
-1.3855589999999998
-1.3796169999999996
-1.3855589999999998
-1.3796169999999996
-1.3855589999999998
-1.3796169999999996
-1.3855589999999998
-1.3796169999999996
-1.3855589999999998
-1.3796169999999996
-1.3855589999999998
-1.3796169999999996
-1.3855589999999998
-1.3796169999999996
-1.3855589999999998
-1.3796169999999996
-1.3855589999999998
-1.3796169999999996
-1.3855589999999998
-1.3796169999999996
-1.3855589999999998
-1.3796169999999996
-1.3855589999999998
-1.3796169999999996
-1.3855589999999998
-1.3796169999999996
-1.3855589999999998
-1.3796169999999996
-1.3855589999999998
-1.3796169999999996
-1.3855589999999998
-1.3796169999999996
-1.3855589999999998
-1.3796169999999996
-1.3855589999999998
-1.3796169999999996
-1.3855589999999998
-1.3796169999999996
-1.3855589999999998
-1.3796169999999996
-1.3855589999999998
-1.3796169999999996
-1.3855589999999998
-1.3796169999999996
-1.3855589999999998
-1.3796169999999996
-1.3855589999999998
-1.3796169999999996
-1.3855589999999998
-1.3796169999999996
-1.3855589999999998
-1.3796169999999996
-1.3855589999999998
-1.3796169999999996
-1.3855589999999998
-1.3796169999999996
-1.3855589999999998
-1.3796169999999996
-1.3855589999999998
-1.3796169999999996
-1.3855589999999998
-1.3796169999999996
-1.3855589999999998
-1.3796169999999996
