1.2400149999999996
1.2698230000000006
1.2400149999999996
1.2698230000000006
1.2400149999999996
1.2698230000000006
1.2400149999999996
1.2698230000000006
1.2400149999999996
1.2698230000000006
1.2400149999999996
1.2698230000000006
1.2400149999999996
1.2698230000000006
1.2400149999999996
1.2698230000000006
1.2400149999999996
1.2698230000000006
1.2400149999999996
1.2698230000000006
1.2400149999999996
1.2698230000000006
1.2400149999999996
1.2698230000000006
1.2400149999999996
1.2698230000000006
1.2400149999999996
1.2698230000000006
1.2400149999999996
1.2698230000000006
1.2400149999999996
1.2698230000000006
1.2400149999999996
1.2698230000000006
1.2400149999999996
1.2698230000000006
1.2400149999999996
1.2698230000000006
1.2400149999999996
1.2698230000000006
1.2400149999999996
1.2698230000000006
1.2400149999999996
1.2698230000000006
1.2400149999999996
1.2698230000000006
1.2400149999999996
1.2698230000000006
1.2400149999999996
1.2698230000000006
1.2400149999999996
1.2698230000000006
1.2400149999999996
1.2698230000000006
1.2400149999999996
1.2698230000000006
1.2400149999999996
1.2698230000000006
1.2400149999999996
1.2698230000000006
1.2400149999999996
1.2698230000000006
1.2400149999999996
1.2698230000000006
1.2400149999999996
1.2698230000000006
1.2400149999999996
1.2698230000000006
1.2400149999999996
1.2698230000000006
1.2400149999999996
1.2698230000000006
1.2400149999999996
1.2698230000000006
1.2400149999999996
1.2698230000000006
1.2400149999999996
1.2698230000000006
1.2400149999999996
1.2698230000000006
1.2400149999999996
1.2698230000000006
1.2400149999999996
1.2698230000000006
1.2400149999999996
1.2698230000000006
1.2400149999999996
1.2698230000000006
1.2400149999999996
1.2698230000000006
1.2400149999999996
1.2698230000000006
1.2400149999999996
1.2698230000000006
1.2400149999999996
1.2698230000000006
1.2400149999999996
1.2698230000000006
1.2400149999999996
1.2698230000000006
1.2400149999999996
1.2698230000000006
1.2400149999999996
1.2698230000000006
1.2400149999999996
1.2698230000000006
1.2400149999999996
1.2698230000000006
1.2400149999999996
1.2698230000000006
1.2400149999999996
1.2698230000000006
1.2400149999999996
1.2698230000000006
1.2400149999999996
1.2698230000000006
1.2400149999999996
1.2698230000000006
1.2400149999999996
1.2698230000000006
-1.257479
-1.2523590000000002
-1.257479
-1.2523590000000002
-1.257479
-1.2523590000000002
-1.257479
-1.2523590000000002
-1.257479
-1.2523590000000002
-1.257479
-1.2523590000000002
-1.257479
-1.2523590000000002
-1.257479
-1.2523590000000002
-1.257479
-1.2523590000000002
-1.257479
-1.2523590000000002
-1.257479
-1.2523590000000002
-1.257479
-1.2523590000000002
-1.257479
-1.2523590000000002
-1.257479
-1.2523590000000002
-1.257479
-1.2523590000000002
-1.257479
-1.2523590000000002
-1.257479
-1.2523590000000002
-1.257479
-1.2523590000000002
-1.257479
-1.2523590000000002
-1.257479
-1.2523590000000002
-1.257479
-1.2523590000000002
-1.257479
-1.2523590000000002
-1.257479
-1.2523590000000002
-1.257479
-1.2523590000000002
-1.257479
-1.2523590000000002
-1.257479
-1.2523590000000002
-1.257479
-1.2523590000000002
-1.257479
-1.2523590000000002
-1.257479
-1.2523590000000002
-1.257479
-1.2523590000000002
-1.257479
-1.2523590000000002
-1.257479
-1.2523590000000002
-1.257479
-1.2523590000000002
-1.257479
-1.2523590000000002
-1.257479
-1.2523590000000002
-1.257479
-1.2523590000000002
-1.257479
-1.2523590000000002
-1.257479
-1.2523590000000002
-1.257479
-1.2523590000000002
-1.257479
-1.2523590000000002
-1.257479
-1.2523590000000002
-1.257479
-1.2523590000000002
-1.257479
-1.2523590000000002
-1.257479
-1.2523590000000002
-1.257479
-1.2523590000000002
-1.257479
-1.2523590000000002
-1.257479
-1.2523590000000002
-1.257479
-1.2523590000000002
-1.257479
-1.2523590000000002
-1.257479
-1.2523590000000002
-1.257479
-1.2523590000000002
-1.257479
-1.2523590000000002
-1.257479
-1.2523590000000002
-1.257479
-1.2523590000000002
-1.257479
-1.2523590000000002
-1.257479
-1.2523590000000002
-1.257479
-1.2523590000000002
-1.257479
-1.2523590000000002
-1.257479
-1.2523590000000002
-1.257479
-1.2523590000000002
