1.3682789999999994
1.3353940000000009
1.3682789999999994
1.3353940000000009
1.3682789999999994
1.3353940000000009
1.3682789999999994
1.3353940000000009
1.3682789999999994
1.3353940000000009
1.3682789999999994
1.3353940000000009
1.3682789999999994
1.3353940000000009
1.3682789999999994
1.3353940000000009
1.3682789999999994
1.3353940000000009
1.3682789999999994
1.3353940000000009
1.3682789999999994
1.3353940000000009
1.3682789999999994
1.3353940000000009
1.3682789999999994
1.3353940000000009
1.3682789999999994
1.3353940000000009
1.3682789999999994
1.3353940000000009
1.3682789999999994
1.3353940000000009
1.3682789999999994
1.3353940000000009
1.3682789999999994
1.3353940000000009
1.3682789999999994
1.3353940000000009
1.3682789999999994
1.3353940000000009
1.3682789999999994
1.3353940000000009
1.3682789999999994
1.3353940000000009
1.3682789999999994
1.3353940000000009
1.3682789999999994
1.3353940000000009
1.3682789999999994
1.3353940000000009
1.3682789999999994
1.3353940000000009
1.3682789999999994
1.3353940000000009
1.3682789999999994
1.3353940000000009
1.3682789999999994
1.3353940000000009
1.3682789999999994
1.3353940000000009
1.3682789999999994
1.3353940000000009
1.3682789999999994
1.3353940000000009
1.3682789999999994
1.3353940000000009
1.3682789999999994
1.3353940000000009
1.3682789999999994
1.3353940000000009
1.3682789999999994
1.3353940000000009
1.3682789999999994
1.3353940000000009
1.3682789999999994
1.3353940000000009
1.3682789999999994
1.3353940000000009
1.3682789999999994
1.3353940000000009
1.3682789999999994
1.3353940000000009
1.3682789999999994
1.3353940000000009
1.3682789999999994
1.3353940000000009
1.3682789999999994
1.3353940000000009
1.3682789999999994
1.3353940000000009
1.3682789999999994
1.3353940000000009
1.3682789999999994
1.3353940000000009
1.3682789999999994
1.3353940000000009
-1.3547450000000003
-1.348928
-1.3547450000000003
-1.348928
-1.3547450000000003
-1.348928
-1.3547450000000003
-1.348928
-1.3547450000000003
-1.348928
-1.3547450000000003
-1.348928
-1.3547450000000003
-1.348928
-1.3547450000000003
-1.348928
-1.3547450000000003
-1.348928
-1.3547450000000003
-1.348928
-1.3547450000000003
-1.348928
-1.3547450000000003
-1.348928
-1.3547450000000003
-1.348928
-1.3547450000000003
-1.348928
-1.3547450000000003
-1.348928
-1.3547450000000003
-1.348928
-1.3547450000000003
-1.348928
-1.3547450000000003
-1.348928
-1.3547450000000003
-1.348928
-1.3547450000000003
-1.348928
-1.3547450000000003
-1.348928
-1.3547450000000003
-1.348928
-1.3547450000000003
-1.348928
-1.3547450000000003
-1.348928
-1.3547450000000003
-1.348928
-1.3547450000000003
-1.348928
-1.3547450000000003
-1.348928
-1.3547450000000003
-1.348928
-1.3547450000000003
-1.348928
-1.3547450000000003
-1.348928
-1.3547450000000003
-1.348928
-1.3547450000000003
-1.348928
-1.3547450000000003
-1.348928
-1.3547450000000003
-1.348928
-1.3547450000000003
-1.348928
-1.3547450000000003
-1.348928
-1.3547450000000003
-1.348928
-1.3547450000000003
-1.348928
-1.3547450000000003
-1.348928
-1.3547450000000003
-1.348928
-1.3547450000000003
-1.348928
-1.3547450000000003
-1.348928
-1.3547450000000003
-1.348928
-1.3547450000000003
-1.348928
-1.3547450000000003
-1.348928
-1.3547450000000003
-1.348928
-1.3547450000000003
-1.348928
-1.3547450000000003
-1.348928
