1.3712599999999995
1.3826680000000007
1.3976400000000009
1.3874099999999991
1.3712599999999995
1.3826680000000007
1.3976400000000009
1.3874099999999991
1.3712599999999995
1.3826680000000007
1.3976400000000009
1.3874099999999991
1.3712599999999995
1.3826680000000007
1.3976400000000009
1.3874099999999991
1.3712599999999995
1.3826680000000007
1.3976400000000009
1.3874099999999991
1.3712599999999995
1.3826680000000007
1.3976400000000009
1.3874099999999991
1.3712599999999995
1.3826680000000007
1.3976400000000009
1.3874099999999991
1.3712599999999995
1.3826680000000007
1.3976400000000009
1.3874099999999991
1.3712599999999995
1.3826680000000007
1.3976400000000009
1.3874099999999991
1.3712599999999995
1.3826680000000007
1.3976400000000009
1.3874099999999991
1.3712599999999995
1.3826680000000007
1.3976400000000009
1.3874099999999991
1.3712599999999995
1.3826680000000007
1.3976400000000009
1.3874099999999991
1.3712599999999995
1.3826680000000007
1.3976400000000009
1.3874099999999991
1.3712599999999995
1.3826680000000007
1.3976400000000009
1.3874099999999991
1.3712599999999995
1.3826680000000007
1.3976400000000009
1.3874099999999991
1.3712599999999995
1.3826680000000007
1.3976400000000009
1.3874099999999991
1.3712599999999995
1.3826680000000007
1.3976400000000009
1.3874099999999991
1.3712599999999995
1.3826680000000007
1.3976400000000009
1.3874099999999991
1.3712599999999995
1.3826680000000007
1.3976400000000009
1.3874099999999991
1.3712599999999995
1.3826680000000007
1.3976400000000009
1.3874099999999991
1.3712599999999995
1.3826680000000007
1.3976400000000009
1.3874099999999991
1.3712599999999995
1.3826680000000007
1.3976400000000009
1.3874099999999991
1.3712599999999995
1.3826680000000007
1.3976400000000009
1.3874099999999991
1.3712599999999995
1.3826680000000007
1.3976400000000009
1.3874099999999991
1.3712599999999995
1.3826680000000007
1.3976400000000009
1.3874099999999991
1.3712599999999995
1.3826680000000007
1.3976400000000009
1.3874099999999991
1.3712599999999995
1.3826680000000007
1.3976400000000009
1.3874099999999991
1.3712599999999995
1.3826680000000007
1.3976400000000009
1.3874099999999991
1.3712599999999995
1.3826680000000007
1.3976400000000009
1.3874099999999991
1.3712599999999995
1.3826680000000007
1.3976400000000009
1.3874099999999991
1.3712599999999995
1.3826680000000007
1.3976400000000009
1.3874099999999991
1.3712599999999995
1.3826680000000007
1.3976400000000009
1.3874099999999991
1.3712599999999995
1.3826680000000007
1.3976400000000009
1.3874099999999991
1.3712599999999995
1.3826680000000007
1.3976400000000009
1.3874099999999991
1.3712599999999995
1.3826680000000007
1.3976400000000009
1.3874099999999991
1.3712599999999995
1.3826680000000007
1.3976400000000009
1.3874099999999991
-1.3747129999999999
-1.3950519999999997
-1.3786509999999996
-1.390561
-1.3747129999999999
-1.3950519999999997
-1.3786509999999996
-1.390561
-1.3747129999999999
-1.3950519999999997
-1.3786509999999996
-1.390561
-1.3747129999999999
-1.3950519999999997
-1.3786509999999996
-1.390561
-1.3747129999999999
-1.3950519999999997
-1.3786509999999996
-1.390561
-1.3747129999999999
-1.3950519999999997
-1.3786509999999996
-1.390561
-1.3747129999999999
-1.3950519999999997
-1.3786509999999996
-1.390561
-1.3747129999999999
-1.3950519999999997
-1.3786509999999996
-1.390561
-1.3747129999999999
-1.3950519999999997
-1.3786509999999996
-1.390561
-1.3747129999999999
-1.3950519999999997
-1.3786509999999996
-1.390561
-1.3747129999999999
-1.3950519999999997
-1.3786509999999996
-1.390561
-1.3747129999999999
-1.3950519999999997
-1.3786509999999996
-1.390561
-1.3747129999999999
-1.3950519999999997
-1.3786509999999996
-1.390561
-1.3747129999999999
-1.3950519999999997
-1.3786509999999996
-1.390561
-1.3747129999999999
-1.3950519999999997
-1.3786509999999996
-1.390561
-1.3747129999999999
-1.3950519999999997
-1.3786509999999996
-1.390561
-1.3747129999999999
-1.3950519999999997
-1.3786509999999996
-1.390561
-1.3747129999999999
-1.3950519999999997
-1.3786509999999996
-1.390561
-1.3747129999999999
-1.3950519999999997
-1.3786509999999996
-1.390561
-1.3747129999999999
-1.3950519999999997
-1.3786509999999996
-1.390561
-1.3747129999999999
-1.3950519999999997
-1.3786509999999996
-1.390561
-1.3747129999999999
-1.3950519999999997
-1.3786509999999996
-1.390561
-1.3747129999999999
-1.3950519999999997
-1.3786509999999996
-1.390561
-1.3747129999999999
-1.3950519999999997
-1.3786509999999996
-1.390561
-1.3747129999999999
-1.3950519999999997
-1.3786509999999996
-1.390561
-1.3747129999999999
-1.3950519999999997
-1.3786509999999996
-1.390561
-1.3747129999999999
-1.3950519999999997
-1.3786509999999996
-1.390561
-1.3747129999999999
-1.3950519999999997
-1.3786509999999996
-1.390561
-1.3747129999999999
-1.3950519999999997
-1.3786509999999996
-1.390561
-1.3747129999999999
-1.3950519999999997
-1.3786509999999996
-1.390561
-1.3747129999999999
-1.3950519999999997
-1.3786509999999996
-1.390561
-1.3747129999999999
-1.3950519999999997
-1.3786509999999996
-1.390561
-1.3747129999999999
-1.3950519999999997
-1.3786509999999996
-1.390561
-1.3747129999999999
-1.3950519999999997
-1.3786509999999996
-1.390561
-1.3747129999999999
-1.3950519999999997
-1.3786509999999996
-1.390561
-1.3747129999999999
-1.3950519999999997
-1.3786509999999996
-1.390561
