1.3166980000000006
1.3166980000000006
1.3166980000000006
1.3166980000000006
1.3166980000000006
1.3166980000000006
1.3166980000000006
1.3166980000000006
1.3166980000000006
1.3166980000000006
1.3166980000000006
1.3166980000000006
1.3166980000000006
1.3166980000000006
1.3166980000000006
1.3166980000000006
1.3166980000000006
1.3166980000000006
1.3166980000000006
1.3166980000000006
1.3166980000000006
1.3166980000000006
1.3166980000000006
1.3166980000000006
1.3166980000000006
1.3166980000000006
1.3166980000000006
1.3166980000000006
1.3166980000000006
1.3166980000000006
1.3166980000000006
1.3166980000000006
1.3166980000000006
1.3166980000000006
1.3166980000000006
1.3166980000000006
1.3166980000000006
1.3166980000000006
1.3166980000000006
1.3166980000000006
1.3166980000000006
1.3166980000000006
1.3166980000000006
1.3166980000000006
1.3166980000000006
1.3166980000000006
1.3166980000000006
1.3166980000000006
1.3166980000000006
1.3166980000000006
1.3166980000000006
1.3166980000000006
1.3166980000000006
1.3166980000000006
1.3166980000000006
1.3166980000000006
1.3166980000000006
1.3166980000000006
1.3166980000000006
1.3166980000000006
1.3166980000000006
1.3166980000000006
1.3166980000000006
1.3166980000000006
1.3166980000000006
1.3166980000000006
1.3166980000000006
1.3166980000000006
1.3166980000000006
1.3166980000000006
1.3166980000000006
1.3166980000000006
1.3166980000000006
1.3166980000000006
1.3166980000000006
1.3166980000000006
1.3166980000000006
1.3166980000000006
1.3166980000000006
1.3166980000000006
1.3166980000000006
1.3166980000000006
1.3166980000000006
1.3166980000000006
1.3166980000000006
1.3166980000000006
1.3166980000000006
1.3166980000000006
1.3166980000000006
1.3166980000000006
1.3166980000000006
1.3166980000000006
1.3166980000000006
1.3166980000000006
1.3166980000000006
1.3166980000000006
-1.3166950000000002
-1.3167030000000004
-1.3166950000000002
-1.3167030000000004
-1.3166950000000002
-1.3167030000000004
-1.3166950000000002
-1.3167030000000004
-1.3166950000000002
-1.3167030000000004
-1.3166950000000002
-1.3167030000000004
-1.3166950000000002
-1.3167030000000004
-1.3166950000000002
-1.3167030000000004
-1.3166950000000002
-1.3167030000000004
-1.3166950000000002
-1.3167030000000004
-1.3166950000000002
-1.3167030000000004
-1.3166950000000002
-1.3167030000000004
-1.3166950000000002
-1.3167030000000004
-1.3166950000000002
-1.3167030000000004
-1.3166950000000002
-1.3167030000000004
-1.3166950000000002
-1.3167030000000004
-1.3166950000000002
-1.3167030000000004
-1.3166950000000002
-1.3167030000000004
-1.3166950000000002
-1.3167030000000004
-1.3166950000000002
-1.3167030000000004
-1.3166950000000002
-1.3167030000000004
-1.3166950000000002
-1.3167030000000004
-1.3166950000000002
-1.3167030000000004
-1.3166950000000002
-1.3167030000000004
-1.3166950000000002
-1.3167030000000004
-1.3166950000000002
-1.3167030000000004
-1.3166950000000002
-1.3167030000000004
-1.3166950000000002
-1.3167030000000004
-1.3166950000000002
-1.3167030000000004
-1.3166950000000002
-1.3167030000000004
-1.3166950000000002
-1.3167030000000004
-1.3166950000000002
-1.3167030000000004
-1.3166950000000002
-1.3167030000000004
-1.3166950000000002
-1.3167030000000004
-1.3166950000000002
-1.3167030000000004
-1.3166950000000002
-1.3167030000000004
-1.3166950000000002
-1.3167030000000004
-1.3166950000000002
-1.3167030000000004
-1.3166950000000002
-1.3167030000000004
-1.3166950000000002
-1.3167030000000004
-1.3166950000000002
-1.3167030000000004
-1.3166950000000002
-1.3167030000000004
-1.3166950000000002
-1.3167030000000004
-1.3166950000000002
-1.3167030000000004
-1.3166950000000002
-1.3167030000000004
-1.3166950000000002
-1.3167030000000004
-1.3166950000000002
-1.3167030000000004
-1.3166950000000002
-1.3167030000000004
