1.4366149999999998
1.4314809999999998
1.4358579999999996
1.430923
1.4366149999999998
1.4314809999999998
1.4358579999999996
1.430923
1.4366149999999998
1.4314809999999998
1.4358579999999996
1.430923
1.4366149999999998
1.4314809999999998
1.4358579999999996
1.430923
1.4366149999999998
1.4314809999999998
1.4358579999999996
1.430923
1.4366149999999998
1.4314809999999998
1.4358579999999996
1.430923
1.4366149999999998
1.4314809999999998
1.4358579999999996
1.430923
1.4366149999999998
1.4314809999999998
1.4358579999999996
1.430923
1.4366149999999998
1.4314809999999998
1.4358579999999996
1.430923
1.4366149999999998
1.4314809999999998
1.4358579999999996
1.430923
1.4366149999999998
1.4314809999999998
1.4358579999999996
1.430923
1.4366149999999998
1.4314809999999998
1.4358579999999996
1.430923
1.4366149999999998
1.4314809999999998
1.4358579999999996
1.430923
1.4366149999999998
1.4314809999999998
1.4358579999999996
1.430923
1.4366149999999998
1.4314809999999998
1.4358579999999996
1.430923
1.4366149999999998
1.4314809999999998
1.4358579999999996
1.430923
1.4366149999999998
1.4314809999999998
1.4358579999999996
1.430923
1.4366149999999998
1.4314809999999998
1.4358579999999996
1.430923
1.4366149999999998
1.4314809999999998
1.4358579999999996
1.430923
1.4366149999999998
1.4314809999999998
1.4358579999999996
1.430923
1.4366149999999998
1.4314809999999998
1.4358579999999996
1.430923
1.4366149999999998
1.4314809999999998
1.4358579999999996
1.430923
1.4366149999999998
1.4314809999999998
1.4358579999999996
1.430923
1.4366149999999998
1.4314809999999998
1.4358579999999996
1.430923
1.4366149999999998
1.4314809999999998
1.4358579999999996
1.430923
1.4366149999999998
1.4314809999999998
1.4358579999999996
1.430923
1.4366149999999998
1.4314809999999998
1.4358579999999996
1.430923
1.4366149999999998
1.4314809999999998
1.4358579999999996
1.430923
1.4366149999999998
1.4314809999999998
1.4358579999999996
1.430923
1.4366149999999998
1.4314809999999998
1.4358579999999996
1.430923
1.4366149999999998
1.4314809999999998
1.4358579999999996
1.430923
1.4366149999999998
1.4314809999999998
1.4358579999999996
1.430923
1.4366149999999998
1.4314809999999998
1.4358579999999996
1.430923
1.4366149999999998
1.4314809999999998
1.4358579999999996
1.430923
1.4366149999999998
1.4314809999999998
1.4358579999999996
1.430923
1.4366149999999998
1.4314809999999998
1.4358579999999996
1.430923
-1.4328510000000003
-1.4342670000000002
-1.4334110000000004
-1.434348
-1.4328510000000003
-1.4342670000000002
-1.4334110000000004
-1.434348
-1.4328510000000003
-1.4342670000000002
-1.4334110000000004
-1.434348
-1.4328510000000003
-1.4342670000000002
-1.4334110000000004
-1.434348
-1.4328510000000003
-1.4342670000000002
-1.4334110000000004
-1.434348
-1.4328510000000003
-1.4342670000000002
-1.4334110000000004
-1.434348
-1.4328510000000003
-1.4342670000000002
-1.4334110000000004
-1.434348
-1.4328510000000003
-1.4342670000000002
-1.4334110000000004
-1.434348
-1.4328510000000003
-1.4342670000000002
-1.4334110000000004
-1.434348
-1.4328510000000003
-1.4342670000000002
-1.4334110000000004
-1.434348
-1.4328510000000003
-1.4342670000000002
-1.4334110000000004
-1.434348
-1.4328510000000003
-1.4342670000000002
-1.4334110000000004
-1.434348
-1.4328510000000003
-1.4342670000000002
-1.4334110000000004
-1.434348
-1.4328510000000003
-1.4342670000000002
-1.4334110000000004
-1.434348
-1.4328510000000003
-1.4342670000000002
-1.4334110000000004
-1.434348
-1.4328510000000003
-1.4342670000000002
-1.4334110000000004
-1.434348
-1.4328510000000003
-1.4342670000000002
-1.4334110000000004
-1.434348
-1.4328510000000003
-1.4342670000000002
-1.4334110000000004
-1.434348
-1.4328510000000003
-1.4342670000000002
-1.4334110000000004
-1.434348
-1.4328510000000003
-1.4342670000000002
-1.4334110000000004
-1.434348
-1.4328510000000003
-1.4342670000000002
-1.4334110000000004
-1.434348
-1.4328510000000003
-1.4342670000000002
-1.4334110000000004
-1.434348
-1.4328510000000003
-1.4342670000000002
-1.4334110000000004
-1.434348
-1.4328510000000003
-1.4342670000000002
-1.4334110000000004
-1.434348
-1.4328510000000003
-1.4342670000000002
-1.4334110000000004
-1.434348
-1.4328510000000003
-1.4342670000000002
-1.4334110000000004
-1.434348
-1.4328510000000003
-1.4342670000000002
-1.4334110000000004
-1.434348
-1.4328510000000003
-1.4342670000000002
-1.4334110000000004
-1.434348
-1.4328510000000003
-1.4342670000000002
-1.4334110000000004
-1.434348
-1.4328510000000003
-1.4342670000000002
-1.4334110000000004
-1.434348
-1.4328510000000003
-1.4342670000000002
-1.4334110000000004
-1.434348
-1.4328510000000003
-1.4342670000000002
-1.4334110000000004
-1.434348
-1.4328510000000003
-1.4342670000000002
-1.4334110000000004
-1.434348
-1.4328510000000003
-1.4342670000000002
-1.4334110000000004
-1.434348
-1.4328510000000003
-1.4342670000000002
-1.4334110000000004
-1.434348
-1.4328510000000003
-1.4342670000000002
-1.4334110000000004
-1.434348
