1.4308770000000006
1.436337
1.4366380000000003
1.4249849999999995
1.4308770000000006
1.436337
1.4366380000000003
1.4249849999999995
1.4308770000000006
1.436337
1.4366380000000003
1.4249849999999995
1.4308770000000006
1.436337
1.4366380000000003
1.4249849999999995
1.4308770000000006
1.436337
1.4366380000000003
1.4249849999999995
1.4308770000000006
1.436337
1.4366380000000003
1.4249849999999995
1.4308770000000006
1.436337
1.4366380000000003
1.4249849999999995
1.4308770000000006
1.436337
1.4366380000000003
1.4249849999999995
1.4308770000000006
1.436337
1.4366380000000003
1.4249849999999995
1.4308770000000006
1.436337
1.4366380000000003
1.4249849999999995
1.4308770000000006
1.436337
1.4366380000000003
1.4249849999999995
1.4308770000000006
1.436337
1.4366380000000003
1.4249849999999995
1.4308770000000006
1.436337
1.4366380000000003
1.4249849999999995
1.4308770000000006
1.436337
1.4366380000000003
1.4249849999999995
1.4308770000000006
1.436337
1.4366380000000003
1.4249849999999995
1.4308770000000006
1.436337
1.4366380000000003
1.4249849999999995
1.4308770000000006
1.436337
1.4366380000000003
1.4249849999999995
1.4308770000000006
1.436337
1.4366380000000003
1.4249849999999995
1.4308770000000006
1.436337
1.4366380000000003
1.4249849999999995
1.4308770000000006
1.436337
1.4366380000000003
1.4249849999999995
1.4308770000000006
1.436337
1.4366380000000003
1.4249849999999995
1.4308770000000006
1.436337
1.4366380000000003
1.4249849999999995
1.4308770000000006
1.436337
1.4366380000000003
1.4249849999999995
1.4308770000000006
1.436337
1.4366380000000003
1.4249849999999995
1.4308770000000006
1.436337
1.4366380000000003
1.4249849999999995
1.4308770000000006
1.436337
1.4366380000000003
1.4249849999999995
1.4308770000000006
1.436337
1.4366380000000003
1.4249849999999995
1.4308770000000006
1.436337
1.4366380000000003
1.4249849999999995
1.4308770000000006
1.436337
1.4366380000000003
1.4249849999999995
1.4308770000000006
1.436337
1.4366380000000003
1.4249849999999995
1.4308770000000006
1.436337
1.4366380000000003
1.4249849999999995
1.4308770000000006
1.436337
1.4366380000000003
1.4249849999999995
1.4308770000000006
1.436337
1.4366380000000003
1.4249849999999995
1.4308770000000006
1.436337
1.4366380000000003
1.4249849999999995
1.4308770000000006
1.436337
1.4366380000000003
1.4249849999999995
1.4308770000000006
1.436337
1.4366380000000003
1.4249849999999995
1.4308770000000006
1.436337
1.4366380000000003
1.4249849999999995
1.4308770000000006
1.436337
1.4366380000000003
1.4249849999999995
1.4308770000000006
1.436337
1.4366380000000003
1.4249849999999995
1.4308770000000006
1.436337
1.4366380000000003
1.4249849999999995
1.4308770000000006
1.436337
1.4366380000000003
1.4249849999999995
1.4308770000000006
1.436337
1.4366380000000003
1.4249849999999995
1.4308770000000006
1.436337
1.4366380000000003
1.4249849999999995
1.4308770000000006
1.436337
1.4366380000000003
1.4249849999999995
1.4308770000000006
1.436337
1.4366380000000003
1.4249849999999995
1.4308770000000006
1.436337
1.4366380000000003
1.4249849999999995
1.4308770000000006
1.436337
1.4366380000000003
1.4249849999999995
1.4308770000000006
1.436337
1.4366380000000003
1.4249849999999995
-1.4338379999999997
-1.433706
-1.4327899999999998
-1.4285050000000004
-1.4338379999999997
-1.433706
-1.4327899999999998
-1.4285050000000004
-1.4338379999999997
-1.433706
-1.4327899999999998
-1.4285050000000004
-1.4338379999999997
-1.433706
-1.4327899999999998
-1.4285050000000004
-1.4338379999999997
-1.433706
-1.4327899999999998
-1.4285050000000004
-1.4338379999999997
-1.433706
-1.4327899999999998
-1.4285050000000004
-1.4338379999999997
-1.433706
-1.4327899999999998
-1.4285050000000004
-1.4338379999999997
-1.433706
-1.4327899999999998
-1.4285050000000004
-1.4338379999999997
-1.433706
-1.4327899999999998
-1.4285050000000004
-1.4338379999999997
-1.433706
-1.4327899999999998
-1.4285050000000004
-1.4338379999999997
-1.433706
-1.4327899999999998
-1.4285050000000004
-1.4338379999999997
-1.433706
-1.4327899999999998
-1.4285050000000004
-1.4338379999999997
-1.433706
-1.4327899999999998
-1.4285050000000004
-1.4338379999999997
-1.433706
-1.4327899999999998
-1.4285050000000004
-1.4338379999999997
-1.433706
-1.4327899999999998
-1.4285050000000004
-1.4338379999999997
-1.433706
-1.4327899999999998
-1.4285050000000004
-1.4338379999999997
-1.433706
-1.4327899999999998
-1.4285050000000004
-1.4338379999999997
-1.433706
-1.4327899999999998
-1.4285050000000004
-1.4338379999999997
-1.433706
-1.4327899999999998
-1.4285050000000004
-1.4338379999999997
-1.433706
-1.4327899999999998
-1.4285050000000004
-1.4338379999999997
-1.433706
-1.4327899999999998
-1.4285050000000004
-1.4338379999999997
-1.433706
-1.4327899999999998
-1.4285050000000004
-1.4338379999999997
-1.433706
-1.4327899999999998
-1.4285050000000004
-1.4338379999999997
-1.433706
-1.4327899999999998
-1.4285050000000004
-1.4338379999999997
-1.433706
-1.4327899999999998
-1.4285050000000004
-1.4338379999999997
-1.433706
-1.4327899999999998
-1.4285050000000004
-1.4338379999999997
-1.433706
-1.4327899999999998
-1.4285050000000004
-1.4338379999999997
-1.433706
-1.4327899999999998
-1.4285050000000004
-1.4338379999999997
-1.433706
-1.4327899999999998
-1.4285050000000004
-1.4338379999999997
-1.433706
-1.4327899999999998
-1.4285050000000004
-1.4338379999999997
-1.433706
-1.4327899999999998
-1.4285050000000004
-1.4338379999999997
-1.433706
-1.4327899999999998
-1.4285050000000004
-1.4338379999999997
-1.433706
-1.4327899999999998
-1.4285050000000004
-1.4338379999999997
-1.433706
-1.4327899999999998
-1.4285050000000004
-1.4338379999999997
-1.433706
-1.4327899999999998
-1.4285050000000004
-1.4338379999999997
-1.433706
-1.4327899999999998
-1.4285050000000004
-1.4338379999999997
-1.433706
-1.4327899999999998
-1.4285050000000004
-1.4338379999999997
-1.433706
-1.4327899999999998
-1.4285050000000004
-1.4338379999999997
-1.433706
-1.4327899999999998
-1.4285050000000004
-1.4338379999999997
-1.433706
-1.4327899999999998
-1.4285050000000004
-1.4338379999999997
-1.433706
-1.4327899999999998
-1.4285050000000004
-1.4338379999999997
-1.433706
-1.4327899999999998
-1.4285050000000004
-1.4338379999999997
-1.433706
-1.4327899999999998
-1.4285050000000004
-1.4338379999999997
-1.433706
-1.4327899999999998
-1.4285050000000004
-1.4338379999999997
-1.433706
-1.4327899999999998
-1.4285050000000004
-1.4338379999999997
-1.433706
-1.4327899999999998
-1.4285050000000004
-1.4338379999999997
-1.433706
-1.4327899999999998
-1.4285050000000004
-1.4338379999999997
-1.433706
-1.4327899999999998
-1.4285050000000004
