1.4414040000000004
1.4398900000000001
1.438122
1.4392139999999998
1.4414040000000004
1.4398900000000001
1.438122
1.4392139999999998
1.4414040000000004
1.4398900000000001
1.438122
1.4392139999999998
1.4414040000000004
1.4398900000000001
1.438122
1.4392139999999998
1.4414040000000004
1.4398900000000001
1.438122
1.4392139999999998
1.4414040000000004
1.4398900000000001
1.438122
1.4392139999999998
1.4414040000000004
1.4398900000000001
1.438122
1.4392139999999998
1.4414040000000004
1.4398900000000001
1.438122
1.4392139999999998
1.4414040000000004
1.4398900000000001
1.438122
1.4392139999999998
1.4414040000000004
1.4398900000000001
1.438122
1.4392139999999998
1.4414040000000004
1.4398900000000001
1.438122
1.4392139999999998
1.4414040000000004
1.4398900000000001
1.438122
1.4392139999999998
1.4414040000000004
1.4398900000000001
1.438122
1.4392139999999998
1.4414040000000004
1.4398900000000001
1.438122
1.4392139999999998
1.4414040000000004
1.4398900000000001
1.438122
1.4392139999999998
1.4414040000000004
1.4398900000000001
1.438122
1.4392139999999998
1.4414040000000004
1.4398900000000001
1.438122
1.4392139999999998
1.4414040000000004
1.4398900000000001
1.438122
1.4392139999999998
1.4414040000000004
1.4398900000000001
1.438122
1.4392139999999998
1.4414040000000004
1.4398900000000001
1.438122
1.4392139999999998
1.4414040000000004
1.4398900000000001
1.438122
1.4392139999999998
1.4414040000000004
1.4398900000000001
1.438122
1.4392139999999998
1.4414040000000004
1.4398900000000001
1.438122
1.4392139999999998
1.4414040000000004
1.4398900000000001
1.438122
1.4392139999999998
1.4414040000000004
1.4398900000000001
1.438122
1.4392139999999998
1.4414040000000004
1.4398900000000001
1.438122
1.4392139999999998
1.4414040000000004
1.4398900000000001
1.438122
1.4392139999999998
-1.4398799999999996
-1.4399940000000004
-1.4392579999999997
-1.4394989999999996
-1.4398799999999996
-1.4399940000000004
-1.4392579999999997
-1.4394989999999996
-1.4398799999999996
-1.4399940000000004
-1.4392579999999997
-1.4394989999999996
-1.4398799999999996
-1.4399940000000004
-1.4392579999999997
-1.4394989999999996
-1.4398799999999996
-1.4399940000000004
-1.4392579999999997
-1.4394989999999996
-1.4398799999999996
-1.4399940000000004
-1.4392579999999997
-1.4394989999999996
-1.4398799999999996
-1.4399940000000004
-1.4392579999999997
-1.4394989999999996
-1.4398799999999996
-1.4399940000000004
-1.4392579999999997
-1.4394989999999996
-1.4398799999999996
-1.4399940000000004
-1.4392579999999997
-1.4394989999999996
-1.4398799999999996
-1.4399940000000004
-1.4392579999999997
-1.4394989999999996
-1.4398799999999996
-1.4399940000000004
-1.4392579999999997
-1.4394989999999996
-1.4398799999999996
-1.4399940000000004
-1.4392579999999997
-1.4394989999999996
-1.4398799999999996
-1.4399940000000004
-1.4392579999999997
-1.4394989999999996
-1.4398799999999996
-1.4399940000000004
-1.4392579999999997
-1.4394989999999996
-1.4398799999999996
-1.4399940000000004
-1.4392579999999997
-1.4394989999999996
-1.4398799999999996
-1.4399940000000004
-1.4392579999999997
-1.4394989999999996
-1.4398799999999996
-1.4399940000000004
-1.4392579999999997
-1.4394989999999996
-1.4398799999999996
-1.4399940000000004
-1.4392579999999997
-1.4394989999999996
-1.4398799999999996
-1.4399940000000004
-1.4392579999999997
-1.4394989999999996
-1.4398799999999996
-1.4399940000000004
-1.4392579999999997
-1.4394989999999996
-1.4398799999999996
-1.4399940000000004
-1.4392579999999997
-1.4394989999999996
-1.4398799999999996
-1.4399940000000004
-1.4392579999999997
-1.4394989999999996
-1.4398799999999996
-1.4399940000000004
-1.4392579999999997
-1.4394989999999996
-1.4398799999999996
-1.4399940000000004
-1.4392579999999997
-1.4394989999999996
-1.4398799999999996
-1.4399940000000004
-1.4392579999999997
-1.4394989999999996
-1.4398799999999996
-1.4399940000000004
-1.4392579999999997
-1.4394989999999996
-1.4398799999999996
-1.4399940000000004
-1.4392579999999997
-1.4394989999999996
