1.4435540000000007
1.444058
1.444203
1.4444780000000002
1.4435540000000007
1.444058
1.444203
1.4444780000000002
1.4435540000000007
1.444058
1.444203
1.4444780000000002
1.4435540000000007
1.444058
1.444203
1.4444780000000002
1.4435540000000007
1.444058
1.444203
1.4444780000000002
1.4435540000000007
1.444058
1.444203
1.4444780000000002
1.4435540000000007
1.444058
1.444203
1.4444780000000002
1.4435540000000007
1.444058
1.444203
1.4444780000000002
1.4435540000000007
1.444058
1.444203
1.4444780000000002
1.4435540000000007
1.444058
1.444203
1.4444780000000002
1.4435540000000007
1.444058
1.444203
1.4444780000000002
1.4435540000000007
1.444058
1.444203
1.4444780000000002
1.4435540000000007
1.444058
1.444203
1.4444780000000002
1.4435540000000007
1.444058
1.444203
1.4444780000000002
1.4435540000000007
1.444058
1.444203
1.4444780000000002
1.4435540000000007
1.444058
1.444203
1.4444780000000002
1.4435540000000007
1.444058
1.444203
1.4444780000000002
1.4435540000000007
1.444058
1.444203
1.4444780000000002
1.4435540000000007
1.444058
1.444203
1.4444780000000002
1.4435540000000007
1.444058
1.444203
1.4444780000000002
1.4435540000000007
1.444058
1.444203
1.4444780000000002
1.4435540000000007
1.444058
1.444203
1.4444780000000002
1.4435540000000007
1.444058
1.444203
1.4444780000000002
1.4435540000000007
1.444058
1.444203
1.4444780000000002
1.4435540000000007
1.444058
1.444203
1.4444780000000002
1.4435540000000007
1.444058
1.444203
1.4444780000000002
1.4435540000000007
1.444058
1.444203
1.4444780000000002
-1.4441750000000004
-1.4438019999999998
-1.443988
-1.4443270000000004
-1.4441750000000004
-1.4438019999999998
-1.443988
-1.4443270000000004
-1.4441750000000004
-1.4438019999999998
-1.443988
-1.4443270000000004
-1.4441750000000004
-1.4438019999999998
-1.443988
-1.4443270000000004
-1.4441750000000004
-1.4438019999999998
-1.443988
-1.4443270000000004
-1.4441750000000004
-1.4438019999999998
-1.443988
-1.4443270000000004
-1.4441750000000004
-1.4438019999999998
-1.443988
-1.4443270000000004
-1.4441750000000004
-1.4438019999999998
-1.443988
-1.4443270000000004
-1.4441750000000004
-1.4438019999999998
-1.443988
-1.4443270000000004
-1.4441750000000004
-1.4438019999999998
-1.443988
-1.4443270000000004
-1.4441750000000004
-1.4438019999999998
-1.443988
-1.4443270000000004
-1.4441750000000004
-1.4438019999999998
-1.443988
-1.4443270000000004
-1.4441750000000004
-1.4438019999999998
-1.443988
-1.4443270000000004
-1.4441750000000004
-1.4438019999999998
-1.443988
-1.4443270000000004
-1.4441750000000004
-1.4438019999999998
-1.443988
-1.4443270000000004
-1.4441750000000004
-1.4438019999999998
-1.443988
-1.4443270000000004
-1.4441750000000004
-1.4438019999999998
-1.443988
-1.4443270000000004
-1.4441750000000004
-1.4438019999999998
-1.443988
-1.4443270000000004
-1.4441750000000004
-1.4438019999999998
-1.443988
-1.4443270000000004
-1.4441750000000004
-1.4438019999999998
-1.443988
-1.4443270000000004
-1.4441750000000004
-1.4438019999999998
-1.443988
-1.4443270000000004
-1.4441750000000004
-1.4438019999999998
-1.443988
-1.4443270000000004
-1.4441750000000004
-1.4438019999999998
-1.443988
-1.4443270000000004
-1.4441750000000004
-1.4438019999999998
-1.443988
-1.4443270000000004
-1.4441750000000004
-1.4438019999999998
-1.443988
-1.4443270000000004
-1.4441750000000004
-1.4438019999999998
-1.443988
-1.4443270000000004
-1.4441750000000004
-1.4438019999999998
-1.443988
-1.4443270000000004
