1.4431139999999996
1.4444
1.4414420000000003
1.4456790000000002
1.4431139999999996
1.4444
1.4414420000000003
1.4456790000000002
1.4431139999999996
1.4444
1.4414420000000003
1.4456790000000002
1.4431139999999996
1.4444
1.4414420000000003
1.4456790000000002
1.4431139999999996
1.4444
1.4414420000000003
1.4456790000000002
1.4431139999999996
1.4444
1.4414420000000003
1.4456790000000002
1.4431139999999996
1.4444
1.4414420000000003
1.4456790000000002
1.4431139999999996
1.4444
1.4414420000000003
1.4456790000000002
1.4431139999999996
1.4444
1.4414420000000003
1.4456790000000002
1.4431139999999996
1.4444
1.4414420000000003
1.4456790000000002
1.4431139999999996
1.4444
1.4414420000000003
1.4456790000000002
1.4431139999999996
1.4444
1.4414420000000003
1.4456790000000002
1.4431139999999996
1.4444
1.4414420000000003
1.4456790000000002
1.4431139999999996
1.4444
1.4414420000000003
1.4456790000000002
1.4431139999999996
1.4444
1.4414420000000003
1.4456790000000002
1.4431139999999996
1.4444
1.4414420000000003
1.4456790000000002
1.4431139999999996
1.4444
1.4414420000000003
1.4456790000000002
1.4431139999999996
1.4444
1.4414420000000003
1.4456790000000002
1.4431139999999996
1.4444
1.4414420000000003
1.4456790000000002
1.4431139999999996
1.4444
1.4414420000000003
1.4456790000000002
1.4431139999999996
1.4444
1.4414420000000003
1.4456790000000002
1.4431139999999996
1.4444
1.4414420000000003
1.4456790000000002
1.4431139999999996
1.4444
1.4414420000000003
1.4456790000000002
1.4431139999999996
1.4444
1.4414420000000003
1.4456790000000002
1.4431139999999996
1.4444
1.4414420000000003
1.4456790000000002
1.4431139999999996
1.4444
1.4414420000000003
1.4456790000000002
1.4431139999999996
1.4444
1.4414420000000003
1.4456790000000002
-1.4448679999999996
-1.4448499999999997
-1.4425100000000004
-1.4424080000000004
-1.4448679999999996
-1.4448499999999997
-1.4425100000000004
-1.4424080000000004
-1.4448679999999996
-1.4448499999999997
-1.4425100000000004
-1.4424080000000004
-1.4448679999999996
-1.4448499999999997
-1.4425100000000004
-1.4424080000000004
-1.4448679999999996
-1.4448499999999997
-1.4425100000000004
-1.4424080000000004
-1.4448679999999996
-1.4448499999999997
-1.4425100000000004
-1.4424080000000004
-1.4448679999999996
-1.4448499999999997
-1.4425100000000004
-1.4424080000000004
-1.4448679999999996
-1.4448499999999997
-1.4425100000000004
-1.4424080000000004
-1.4448679999999996
-1.4448499999999997
-1.4425100000000004
-1.4424080000000004
-1.4448679999999996
-1.4448499999999997
-1.4425100000000004
-1.4424080000000004
-1.4448679999999996
-1.4448499999999997
-1.4425100000000004
-1.4424080000000004
-1.4448679999999996
-1.4448499999999997
-1.4425100000000004
-1.4424080000000004
-1.4448679999999996
-1.4448499999999997
-1.4425100000000004
-1.4424080000000004
-1.4448679999999996
-1.4448499999999997
-1.4425100000000004
-1.4424080000000004
-1.4448679999999996
-1.4448499999999997
-1.4425100000000004
-1.4424080000000004
-1.4448679999999996
-1.4448499999999997
-1.4425100000000004
-1.4424080000000004
-1.4448679999999996
-1.4448499999999997
-1.4425100000000004
-1.4424080000000004
-1.4448679999999996
-1.4448499999999997
-1.4425100000000004
-1.4424080000000004
-1.4448679999999996
-1.4448499999999997
-1.4425100000000004
-1.4424080000000004
-1.4448679999999996
-1.4448499999999997
-1.4425100000000004
-1.4424080000000004
-1.4448679999999996
-1.4448499999999997
-1.4425100000000004
-1.4424080000000004
-1.4448679999999996
-1.4448499999999997
-1.4425100000000004
-1.4424080000000004
-1.4448679999999996
-1.4448499999999997
-1.4425100000000004
-1.4424080000000004
-1.4448679999999996
-1.4448499999999997
-1.4425100000000004
-1.4424080000000004
-1.4448679999999996
-1.4448499999999997
-1.4425100000000004
-1.4424080000000004
-1.4448679999999996
-1.4448499999999997
-1.4425100000000004
-1.4424080000000004
-1.4448679999999996
-1.4448499999999997
-1.4425100000000004
-1.4424080000000004
