0.9682030000000008
0.9682030000000008
0.9682030000000008
0.9682030000000008
0.9682030000000008
0.9682030000000008
0.9682030000000008
0.9682030000000008
0.9682030000000008
0.9682030000000008
0.9682030000000008
0.9682030000000008
0.9682030000000008
0.9682030000000008
0.9682030000000008
0.9682030000000008
0.9682030000000008
0.9682030000000008
0.9682030000000008
0.9682030000000008
0.9682030000000008
0.9682030000000008
0.9682030000000008
0.9682030000000008
0.9682030000000008
0.9682030000000008
0.9682030000000008
0.9682030000000008
0.9682030000000008
0.9682030000000008
0.9682030000000008
0.9682030000000008
0.9682030000000008
0.9682030000000008
0.9682030000000008
0.9682030000000008
0.9682030000000008
0.9682030000000008
0.9682030000000008
0.9682030000000008
0.9682030000000008
0.9682030000000008
0.9682030000000008
0.9682030000000008
0.9682030000000008
0.9682030000000008
0.9682030000000008
0.9682030000000008
0.9682030000000008
0.9682030000000008
0.9682030000000008
0.9682030000000008
0.9682030000000008
0.9682030000000008
0.9682030000000008
0.9682030000000008
0.9682030000000008
0.9682030000000008
0.9682030000000008
0.9682030000000008
0.9682030000000008
0.9682030000000008
0.9682030000000008
0.9682030000000008
-0.9682029999999999
-0.9682029999999999
-0.9682029999999999
-0.9682029999999999
-0.9682029999999999
-0.9682029999999999
-0.9682029999999999
-0.9682029999999999
-0.9682029999999999
-0.9682029999999999
-0.9682029999999999
-0.9682029999999999
-0.9682029999999999
-0.9682029999999999
-0.9682029999999999
-0.9682029999999999
-0.9682029999999999
-0.9682029999999999
-0.9682029999999999
-0.9682029999999999
-0.9682029999999999
-0.9682029999999999
-0.9682029999999999
-0.9682029999999999
-0.9682029999999999
-0.9682029999999999
-0.9682029999999999
-0.9682029999999999
-0.9682029999999999
-0.9682029999999999
-0.9682029999999999
-0.9682029999999999
-0.9682029999999999
-0.9682029999999999
-0.9682029999999999
-0.9682029999999999
-0.9682029999999999
-0.9682029999999999
-0.9682029999999999
-0.9682029999999999
-0.9682029999999999
-0.9682029999999999
-0.9682029999999999
-0.9682029999999999
-0.9682029999999999
-0.9682029999999999
-0.9682029999999999
-0.9682029999999999
-0.9682029999999999
-0.9682029999999999
-0.9682029999999999
-0.9682029999999999
-0.9682029999999999
-0.9682029999999999
-0.9682029999999999
-0.9682029999999999
-0.9682029999999999
-0.9682029999999999
-0.9682029999999999
-0.9682029999999999
-0.9682029999999999
-0.9682029999999999
-0.9682029999999999
-0.9682029999999999
