1.4447010000000002
1.4447519999999994
1.444827
1.4446949999999994
1.4447010000000002
1.4447519999999994
1.444827
1.4446949999999994
1.4447010000000002
1.4447519999999994
1.444827
1.4446949999999994
1.4447010000000002
1.4447519999999994
1.444827
1.4446949999999994
1.4447010000000002
1.4447519999999994
1.444827
1.4446949999999994
1.4447010000000002
1.4447519999999994
1.444827
1.4446949999999994
1.4447010000000002
1.4447519999999994
1.444827
1.4446949999999994
1.4447010000000002
1.4447519999999994
1.444827
1.4446949999999994
1.4447010000000002
1.4447519999999994
1.444827
1.4446949999999994
1.4447010000000002
1.4447519999999994
1.444827
1.4446949999999994
1.4447010000000002
1.4447519999999994
1.444827
1.4446949999999994
1.4447010000000002
1.4447519999999994
1.444827
1.4446949999999994
1.4447010000000002
1.4447519999999994
1.444827
1.4446949999999994
1.4447010000000002
1.4447519999999994
1.444827
1.4446949999999994
1.4447010000000002
1.4447519999999994
1.444827
1.4446949999999994
1.4447010000000002
1.4447519999999994
1.444827
1.4446949999999994
1.4447010000000002
1.4447519999999994
1.444827
1.4446949999999994
1.4447010000000002
1.4447519999999994
1.444827
1.4446949999999994
1.4447010000000002
1.4447519999999994
1.444827
1.4446949999999994
1.4447010000000002
1.4447519999999994
1.444827
1.4446949999999994
1.4447010000000002
1.4447519999999994
1.444827
1.4446949999999994
1.4447010000000002
1.4447519999999994
1.444827
1.4446949999999994
1.4447010000000002
1.4447519999999994
1.444827
1.4446949999999994
1.4447010000000002
1.4447519999999994
1.444827
1.4446949999999994
1.4447010000000002
1.4447519999999994
1.444827
1.4446949999999994
1.4447010000000002
1.4447519999999994
1.444827
1.4446949999999994
1.4447010000000002
1.4447519999999994
1.444827
1.4446949999999994
-1.4447169999999998
-1.4447070000000002
-1.4447029999999996
-1.4448509999999999
-1.4447169999999998
-1.4447070000000002
-1.4447029999999996
-1.4448509999999999
-1.4447169999999998
-1.4447070000000002
-1.4447029999999996
-1.4448509999999999
-1.4447169999999998
-1.4447070000000002
-1.4447029999999996
-1.4448509999999999
-1.4447169999999998
-1.4447070000000002
-1.4447029999999996
-1.4448509999999999
-1.4447169999999998
-1.4447070000000002
-1.4447029999999996
-1.4448509999999999
-1.4447169999999998
-1.4447070000000002
-1.4447029999999996
-1.4448509999999999
-1.4447169999999998
-1.4447070000000002
-1.4447029999999996
-1.4448509999999999
-1.4447169999999998
-1.4447070000000002
-1.4447029999999996
-1.4448509999999999
-1.4447169999999998
-1.4447070000000002
-1.4447029999999996
-1.4448509999999999
-1.4447169999999998
-1.4447070000000002
-1.4447029999999996
-1.4448509999999999
-1.4447169999999998
-1.4447070000000002
-1.4447029999999996
-1.4448509999999999
-1.4447169999999998
-1.4447070000000002
-1.4447029999999996
-1.4448509999999999
-1.4447169999999998
-1.4447070000000002
-1.4447029999999996
-1.4448509999999999
-1.4447169999999998
-1.4447070000000002
-1.4447029999999996
-1.4448509999999999
-1.4447169999999998
-1.4447070000000002
-1.4447029999999996
-1.4448509999999999
-1.4447169999999998
-1.4447070000000002
-1.4447029999999996
-1.4448509999999999
-1.4447169999999998
-1.4447070000000002
-1.4447029999999996
-1.4448509999999999
-1.4447169999999998
-1.4447070000000002
-1.4447029999999996
-1.4448509999999999
-1.4447169999999998
-1.4447070000000002
-1.4447029999999996
-1.4448509999999999
-1.4447169999999998
-1.4447070000000002
-1.4447029999999996
-1.4448509999999999
-1.4447169999999998
-1.4447070000000002
-1.4447029999999996
-1.4448509999999999
-1.4447169999999998
-1.4447070000000002
-1.4447029999999996
-1.4448509999999999
-1.4447169999999998
-1.4447070000000002
-1.4447029999999996
-1.4448509999999999
-1.4447169999999998
-1.4447070000000002
-1.4447029999999996
-1.4448509999999999
-1.4447169999999998
-1.4447070000000002
-1.4447029999999996
-1.4448509999999999
-1.4447169999999998
-1.4447070000000002
-1.4447029999999996
-1.4448509999999999
