1.4345999999999997
1.4341159999999995
1.4347010000000004
1.4337009999999992
1.4345999999999997
1.4341159999999995
1.4347010000000004
1.4337009999999992
1.4345999999999997
1.4341159999999995
1.4347010000000004
1.4337009999999992
1.4345999999999997
1.4341159999999995
1.4347010000000004
1.4337009999999992
1.4345999999999997
1.4341159999999995
1.4347010000000004
1.4337009999999992
1.4345999999999997
1.4341159999999995
1.4347010000000004
1.4337009999999992
1.4345999999999997
1.4341159999999995
1.4347010000000004
1.4337009999999992
1.4345999999999997
1.4341159999999995
1.4347010000000004
1.4337009999999992
1.4345999999999997
1.4341159999999995
1.4347010000000004
1.4337009999999992
1.4345999999999997
1.4341159999999995
1.4347010000000004
1.4337009999999992
1.4345999999999997
1.4341159999999995
1.4347010000000004
1.4337009999999992
1.4345999999999997
1.4341159999999995
1.4347010000000004
1.4337009999999992
1.4345999999999997
1.4341159999999995
1.4347010000000004
1.4337009999999992
1.4345999999999997
1.4341159999999995
1.4347010000000004
1.4337009999999992
1.4345999999999997
1.4341159999999995
1.4347010000000004
1.4337009999999992
1.4345999999999997
1.4341159999999995
1.4347010000000004
1.4337009999999992
1.4345999999999997
1.4341159999999995
1.4347010000000004
1.4337009999999992
1.4345999999999997
1.4341159999999995
1.4347010000000004
1.4337009999999992
1.4345999999999997
1.4341159999999995
1.4347010000000004
1.4337009999999992
1.4345999999999997
1.4341159999999995
1.4347010000000004
1.4337009999999992
1.4345999999999997
1.4341159999999995
1.4347010000000004
1.4337009999999992
1.4345999999999997
1.4341159999999995
1.4347010000000004
1.4337009999999992
1.4345999999999997
1.4341159999999995
1.4347010000000004
1.4337009999999992
1.4345999999999997
1.4341159999999995
1.4347010000000004
1.4337009999999992
1.4345999999999997
1.4341159999999995
1.4347010000000004
1.4337009999999992
1.4345999999999997
1.4341159999999995
1.4347010000000004
1.4337009999999992
1.4345999999999997
1.4341159999999995
1.4347010000000004
1.4337009999999992
1.4345999999999997
1.4341159999999995
1.4347010000000004
1.4337009999999992
1.4345999999999997
1.4341159999999995
1.4347010000000004
1.4337009999999992
1.4345999999999997
1.4341159999999995
1.4347010000000004
1.4337009999999992
1.4345999999999997
1.4341159999999995
1.4347010000000004
1.4337009999999992
1.4345999999999997
1.4341159999999995
1.4347010000000004
1.4337009999999992
1.4345999999999997
1.4341159999999995
1.4347010000000004
1.4337009999999992
1.4345999999999997
1.4341159999999995
1.4347010000000004
1.4337009999999992
1.4345999999999997
1.4341159999999995
1.4347010000000004
1.4337009999999992
1.4345999999999997
1.4341159999999995
1.4347010000000004
1.4337009999999992
-1.4337970000000002
-1.4345939999999997
-1.4342860000000002
-1.4344419999999998
-1.4337970000000002
-1.4345939999999997
-1.4342860000000002
-1.4344419999999998
-1.4337970000000002
-1.4345939999999997
-1.4342860000000002
-1.4344419999999998
-1.4337970000000002
-1.4345939999999997
-1.4342860000000002
-1.4344419999999998
-1.4337970000000002
-1.4345939999999997
-1.4342860000000002
-1.4344419999999998
-1.4337970000000002
-1.4345939999999997
-1.4342860000000002
-1.4344419999999998
-1.4337970000000002
-1.4345939999999997
-1.4342860000000002
-1.4344419999999998
-1.4337970000000002
-1.4345939999999997
-1.4342860000000002
-1.4344419999999998
-1.4337970000000002
-1.4345939999999997
-1.4342860000000002
-1.4344419999999998
-1.4337970000000002
-1.4345939999999997
-1.4342860000000002
-1.4344419999999998
-1.4337970000000002
-1.4345939999999997
-1.4342860000000002
-1.4344419999999998
-1.4337970000000002
-1.4345939999999997
-1.4342860000000002
-1.4344419999999998
-1.4337970000000002
-1.4345939999999997
-1.4342860000000002
-1.4344419999999998
-1.4337970000000002
-1.4345939999999997
-1.4342860000000002
-1.4344419999999998
-1.4337970000000002
-1.4345939999999997
-1.4342860000000002
-1.4344419999999998
-1.4337970000000002
-1.4345939999999997
-1.4342860000000002
-1.4344419999999998
-1.4337970000000002
-1.4345939999999997
-1.4342860000000002
-1.4344419999999998
-1.4337970000000002
-1.4345939999999997
-1.4342860000000002
-1.4344419999999998
-1.4337970000000002
-1.4345939999999997
-1.4342860000000002
-1.4344419999999998
-1.4337970000000002
-1.4345939999999997
-1.4342860000000002
-1.4344419999999998
-1.4337970000000002
-1.4345939999999997
-1.4342860000000002
-1.4344419999999998
-1.4337970000000002
-1.4345939999999997
-1.4342860000000002
-1.4344419999999998
-1.4337970000000002
-1.4345939999999997
-1.4342860000000002
-1.4344419999999998
-1.4337970000000002
-1.4345939999999997
-1.4342860000000002
-1.4344419999999998
-1.4337970000000002
-1.4345939999999997
-1.4342860000000002
-1.4344419999999998
-1.4337970000000002
-1.4345939999999997
-1.4342860000000002
-1.4344419999999998
-1.4337970000000002
-1.4345939999999997
-1.4342860000000002
-1.4344419999999998
-1.4337970000000002
-1.4345939999999997
-1.4342860000000002
-1.4344419999999998
-1.4337970000000002
-1.4345939999999997
-1.4342860000000002
-1.4344419999999998
-1.4337970000000002
-1.4345939999999997
-1.4342860000000002
-1.4344419999999998
-1.4337970000000002
-1.4345939999999997
-1.4342860000000002
-1.4344419999999998
-1.4337970000000002
-1.4345939999999997
-1.4342860000000002
-1.4344419999999998
-1.4337970000000002
-1.4345939999999997
-1.4342860000000002
-1.4344419999999998
-1.4337970000000002
-1.4345939999999997
-1.4342860000000002
-1.4344419999999998
-1.4337970000000002
-1.4345939999999997
-1.4342860000000002
-1.4344419999999998
-1.4337970000000002
-1.4345939999999997
-1.4342860000000002
-1.4344419999999998
