1.4320059999999994
1.4323390000000007
1.4327100000000002
1.4326880000000006
1.4320059999999994
1.4323390000000007
1.4327100000000002
1.4326880000000006
1.4320059999999994
1.4323390000000007
1.4327100000000002
1.4326880000000006
1.4320059999999994
1.4323390000000007
1.4327100000000002
1.4326880000000006
1.4320059999999994
1.4323390000000007
1.4327100000000002
1.4326880000000006
1.4320059999999994
1.4323390000000007
1.4327100000000002
1.4326880000000006
1.4320059999999994
1.4323390000000007
1.4327100000000002
1.4326880000000006
1.4320059999999994
1.4323390000000007
1.4327100000000002
1.4326880000000006
1.4320059999999994
1.4323390000000007
1.4327100000000002
1.4326880000000006
1.4320059999999994
1.4323390000000007
1.4327100000000002
1.4326880000000006
1.4320059999999994
1.4323390000000007
1.4327100000000002
1.4326880000000006
1.4320059999999994
1.4323390000000007
1.4327100000000002
1.4326880000000006
1.4320059999999994
1.4323390000000007
1.4327100000000002
1.4326880000000006
1.4320059999999994
1.4323390000000007
1.4327100000000002
1.4326880000000006
1.4320059999999994
1.4323390000000007
1.4327100000000002
1.4326880000000006
1.4320059999999994
1.4323390000000007
1.4327100000000002
1.4326880000000006
1.4320059999999994
1.4323390000000007
1.4327100000000002
1.4326880000000006
1.4320059999999994
1.4323390000000007
1.4327100000000002
1.4326880000000006
1.4320059999999994
1.4323390000000007
1.4327100000000002
1.4326880000000006
1.4320059999999994
1.4323390000000007
1.4327100000000002
1.4326880000000006
1.4320059999999994
1.4323390000000007
1.4327100000000002
1.4326880000000006
1.4320059999999994
1.4323390000000007
1.4327100000000002
1.4326880000000006
1.4320059999999994
1.4323390000000007
1.4327100000000002
1.4326880000000006
1.4320059999999994
1.4323390000000007
1.4327100000000002
1.4326880000000006
1.4320059999999994
1.4323390000000007
1.4327100000000002
1.4326880000000006
1.4320059999999994
1.4323390000000007
1.4327100000000002
1.4326880000000006
1.4320059999999994
1.4323390000000007
1.4327100000000002
1.4326880000000006
1.4320059999999994
1.4323390000000007
1.4327100000000002
1.4326880000000006
1.4320059999999994
1.4323390000000007
1.4327100000000002
1.4326880000000006
1.4320059999999994
1.4323390000000007
1.4327100000000002
1.4326880000000006
1.4320059999999994
1.4323390000000007
1.4327100000000002
1.4326880000000006
1.4320059999999994
1.4323390000000007
1.4327100000000002
1.4326880000000006
1.4320059999999994
1.4323390000000007
1.4327100000000002
1.4326880000000006
1.4320059999999994
1.4323390000000007
1.4327100000000002
1.4326880000000006
1.4320059999999994
1.4323390000000007
1.4327100000000002
1.4326880000000006
1.4320059999999994
1.4323390000000007
1.4327100000000002
1.4326880000000006
1.4320059999999994
1.4323390000000007
1.4327100000000002
1.4326880000000006
1.4320059999999994
1.4323390000000007
1.4327100000000002
1.4326880000000006
1.4320059999999994
1.4323390000000007
1.4327100000000002
1.4326880000000006
1.4320059999999994
1.4323390000000007
1.4327100000000002
1.4326880000000006
1.4320059999999994
1.4323390000000007
1.4327100000000002
1.4326880000000006
1.4320059999999994
1.4323390000000007
1.4327100000000002
1.4326880000000006
1.4320059999999994
1.4323390000000007
1.4327100000000002
1.4326880000000006
1.4320059999999994
1.4323390000000007
1.4327100000000002
1.4326880000000006
1.4320059999999994
1.4323390000000007
1.4327100000000002
1.4326880000000006
1.4320059999999994
1.4323390000000007
1.4327100000000002
1.4326880000000006
1.4320059999999994
1.4323390000000007
1.4327100000000002
1.4326880000000006
1.4320059999999994
1.4323390000000007
1.4327100000000002
1.4326880000000006
-1.4323569999999997
-1.431413
-1.4330939999999996
-1.4328770000000004
-1.4323569999999997
-1.431413
-1.4330939999999996
-1.4328770000000004
-1.4323569999999997
-1.431413
-1.4330939999999996
-1.4328770000000004
-1.4323569999999997
-1.431413
-1.4330939999999996
-1.4328770000000004
-1.4323569999999997
-1.431413
-1.4330939999999996
-1.4328770000000004
-1.4323569999999997
-1.431413
-1.4330939999999996
-1.4328770000000004
-1.4323569999999997
-1.431413
-1.4330939999999996
-1.4328770000000004
-1.4323569999999997
-1.431413
-1.4330939999999996
-1.4328770000000004
-1.4323569999999997
-1.431413
-1.4330939999999996
-1.4328770000000004
-1.4323569999999997
-1.431413
-1.4330939999999996
-1.4328770000000004
-1.4323569999999997
-1.431413
-1.4330939999999996
-1.4328770000000004
-1.4323569999999997
-1.431413
-1.4330939999999996
-1.4328770000000004
-1.4323569999999997
-1.431413
-1.4330939999999996
-1.4328770000000004
-1.4323569999999997
-1.431413
-1.4330939999999996
-1.4328770000000004
-1.4323569999999997
-1.431413
-1.4330939999999996
-1.4328770000000004
-1.4323569999999997
-1.431413
-1.4330939999999996
-1.4328770000000004
-1.4323569999999997
-1.431413
-1.4330939999999996
-1.4328770000000004
-1.4323569999999997
-1.431413
-1.4330939999999996
-1.4328770000000004
-1.4323569999999997
-1.431413
-1.4330939999999996
-1.4328770000000004
-1.4323569999999997
-1.431413
-1.4330939999999996
-1.4328770000000004
-1.4323569999999997
-1.431413
-1.4330939999999996
-1.4328770000000004
-1.4323569999999997
-1.431413
-1.4330939999999996
-1.4328770000000004
-1.4323569999999997
-1.431413
-1.4330939999999996
-1.4328770000000004
-1.4323569999999997
-1.431413
-1.4330939999999996
-1.4328770000000004
-1.4323569999999997
-1.431413
-1.4330939999999996
-1.4328770000000004
-1.4323569999999997
-1.431413
-1.4330939999999996
-1.4328770000000004
-1.4323569999999997
-1.431413
-1.4330939999999996
-1.4328770000000004
-1.4323569999999997
-1.431413
-1.4330939999999996
-1.4328770000000004
-1.4323569999999997
-1.431413
-1.4330939999999996
-1.4328770000000004
-1.4323569999999997
-1.431413
-1.4330939999999996
-1.4328770000000004
-1.4323569999999997
-1.431413
-1.4330939999999996
-1.4328770000000004
-1.4323569999999997
-1.431413
-1.4330939999999996
-1.4328770000000004
-1.4323569999999997
-1.431413
-1.4330939999999996
-1.4328770000000004
-1.4323569999999997
-1.431413
-1.4330939999999996
-1.4328770000000004
-1.4323569999999997
-1.431413
-1.4330939999999996
-1.4328770000000004
-1.4323569999999997
-1.431413
-1.4330939999999996
-1.4328770000000004
-1.4323569999999997
-1.431413
-1.4330939999999996
-1.4328770000000004
-1.4323569999999997
-1.431413
-1.4330939999999996
-1.4328770000000004
-1.4323569999999997
-1.431413
-1.4330939999999996
-1.4328770000000004
-1.4323569999999997
-1.431413
-1.4330939999999996
-1.4328770000000004
-1.4323569999999997
-1.431413
-1.4330939999999996
-1.4328770000000004
-1.4323569999999997
-1.431413
-1.4330939999999996
-1.4328770000000004
-1.4323569999999997
-1.431413
-1.4330939999999996
-1.4328770000000004
-1.4323569999999997
-1.431413
-1.4330939999999996
-1.4328770000000004
-1.4323569999999997
-1.431413
-1.4330939999999996
-1.4328770000000004
-1.4323569999999997
-1.431413
-1.4330939999999996
-1.4328770000000004
-1.4323569999999997
-1.431413
-1.4330939999999996
-1.4328770000000004
-1.4323569999999997
-1.431413
-1.4330939999999996
-1.4328770000000004
