1.3757190000000001
1.3728110000000004
1.3757190000000001
1.3728110000000004
1.3757190000000001
1.3728110000000004
1.3757190000000001
1.3728110000000004
1.3757190000000001
1.3728110000000004
1.3757190000000001
1.3728110000000004
1.3757190000000001
1.3728110000000004
1.3757190000000001
1.3728110000000004
1.3757190000000001
1.3728110000000004
1.3757190000000001
1.3728110000000004
1.3757190000000001
1.3728110000000004
1.3757190000000001
1.3728110000000004
1.3757190000000001
1.3728110000000004
1.3757190000000001
1.3728110000000004
1.3757190000000001
1.3728110000000004
1.3757190000000001
1.3728110000000004
1.3757190000000001
1.3728110000000004
1.3757190000000001
1.3728110000000004
1.3757190000000001
1.3728110000000004
1.3757190000000001
1.3728110000000004
1.3757190000000001
1.3728110000000004
1.3757190000000001
1.3728110000000004
1.3757190000000001
1.3728110000000004
1.3757190000000001
1.3728110000000004
1.3757190000000001
1.3728110000000004
1.3757190000000001
1.3728110000000004
1.3757190000000001
1.3728110000000004
1.3757190000000001
1.3728110000000004
1.3757190000000001
1.3728110000000004
1.3757190000000001
1.3728110000000004
1.3757190000000001
1.3728110000000004
1.3757190000000001
1.3728110000000004
1.3757190000000001
1.3728110000000004
1.3757190000000001
1.3728110000000004
1.3757190000000001
1.3728110000000004
1.3757190000000001
1.3728110000000004
1.3757190000000001
1.3728110000000004
1.3757190000000001
1.3728110000000004
1.3757190000000001
1.3728110000000004
1.3757190000000001
1.3728110000000004
1.3757190000000001
1.3728110000000004
1.3757190000000001
1.3728110000000004
1.3757190000000001
1.3728110000000004
1.3757190000000001
1.3728110000000004
1.3757190000000001
1.3728110000000004
1.3757190000000001
1.3728110000000004
1.3757190000000001
1.3728110000000004
1.3757190000000001
1.3728110000000004
1.3757190000000001
1.3728110000000004
1.3757190000000001
1.3728110000000004
1.3757190000000001
1.3728110000000004
1.3757190000000001
1.3728110000000004
1.3757190000000001
1.3728110000000004
1.3757190000000001
1.3728110000000004
1.3757190000000001
1.3728110000000004
1.3757190000000001
1.3728110000000004
1.3757190000000001
1.3728110000000004
1.3757190000000001
1.3728110000000004
1.3757190000000001
1.3728110000000004
1.3757190000000001
1.3728110000000004
-1.3947969999999996
-1.3537340000000002
-1.3947969999999996
-1.3537340000000002
-1.3947969999999996
-1.3537340000000002
-1.3947969999999996
-1.3537340000000002
-1.3947969999999996
-1.3537340000000002
-1.3947969999999996
-1.3537340000000002
-1.3947969999999996
-1.3537340000000002
-1.3947969999999996
-1.3537340000000002
-1.3947969999999996
-1.3537340000000002
-1.3947969999999996
-1.3537340000000002
-1.3947969999999996
-1.3537340000000002
-1.3947969999999996
-1.3537340000000002
-1.3947969999999996
-1.3537340000000002
-1.3947969999999996
-1.3537340000000002
-1.3947969999999996
-1.3537340000000002
-1.3947969999999996
-1.3537340000000002
-1.3947969999999996
-1.3537340000000002
-1.3947969999999996
-1.3537340000000002
-1.3947969999999996
-1.3537340000000002
-1.3947969999999996
-1.3537340000000002
-1.3947969999999996
-1.3537340000000002
-1.3947969999999996
-1.3537340000000002
-1.3947969999999996
-1.3537340000000002
-1.3947969999999996
-1.3537340000000002
-1.3947969999999996
-1.3537340000000002
-1.3947969999999996
-1.3537340000000002
-1.3947969999999996
-1.3537340000000002
-1.3947969999999996
-1.3537340000000002
-1.3947969999999996
-1.3537340000000002
-1.3947969999999996
-1.3537340000000002
-1.3947969999999996
-1.3537340000000002
-1.3947969999999996
-1.3537340000000002
-1.3947969999999996
-1.3537340000000002
-1.3947969999999996
-1.3537340000000002
-1.3947969999999996
-1.3537340000000002
-1.3947969999999996
-1.3537340000000002
-1.3947969999999996
-1.3537340000000002
-1.3947969999999996
-1.3537340000000002
-1.3947969999999996
-1.3537340000000002
-1.3947969999999996
-1.3537340000000002
-1.3947969999999996
-1.3537340000000002
-1.3947969999999996
-1.3537340000000002
-1.3947969999999996
-1.3537340000000002
-1.3947969999999996
-1.3537340000000002
-1.3947969999999996
-1.3537340000000002
-1.3947969999999996
-1.3537340000000002
-1.3947969999999996
-1.3537340000000002
-1.3947969999999996
-1.3537340000000002
-1.3947969999999996
-1.3537340000000002
-1.3947969999999996
-1.3537340000000002
-1.3947969999999996
-1.3537340000000002
-1.3947969999999996
-1.3537340000000002
-1.3947969999999996
-1.3537340000000002
-1.3947969999999996
-1.3537340000000002
-1.3947969999999996
-1.3537340000000002
-1.3947969999999996
-1.3537340000000002
-1.3947969999999996
-1.3537340000000002
-1.3947969999999996
-1.3537340000000002
-1.3947969999999996
-1.3537340000000002
-1.3947969999999996
-1.3537340000000002
