1.3825509999999994
1.3859530000000007
1.3825509999999994
1.3859530000000007
1.3825509999999994
1.3859530000000007
1.3825509999999994
1.3859530000000007
1.3825509999999994
1.3859530000000007
1.3825509999999994
1.3859530000000007
1.3825509999999994
1.3859530000000007
1.3825509999999994
1.3859530000000007
1.3825509999999994
1.3859530000000007
1.3825509999999994
1.3859530000000007
1.3825509999999994
1.3859530000000007
1.3825509999999994
1.3859530000000007
1.3825509999999994
1.3859530000000007
1.3825509999999994
1.3859530000000007
1.3825509999999994
1.3859530000000007
1.3825509999999994
1.3859530000000007
1.3825509999999994
1.3859530000000007
1.3825509999999994
1.3859530000000007
1.3825509999999994
1.3859530000000007
1.3825509999999994
1.3859530000000007
1.3825509999999994
1.3859530000000007
1.3825509999999994
1.3859530000000007
1.3825509999999994
1.3859530000000007
1.3825509999999994
1.3859530000000007
1.3825509999999994
1.3859530000000007
1.3825509999999994
1.3859530000000007
1.3825509999999994
1.3859530000000007
1.3825509999999994
1.3859530000000007
1.3825509999999994
1.3859530000000007
1.3825509999999994
1.3859530000000007
1.3825509999999994
1.3859530000000007
1.3825509999999994
1.3859530000000007
1.3825509999999994
1.3859530000000007
1.3825509999999994
1.3859530000000007
1.3825509999999994
1.3859530000000007
1.3825509999999994
1.3859530000000007
1.3825509999999994
1.3859530000000007
1.3825509999999994
1.3859530000000007
1.3825509999999994
1.3859530000000007
1.3825509999999994
1.3859530000000007
1.3825509999999994
1.3859530000000007
1.3825509999999994
1.3859530000000007
1.3825509999999994
1.3859530000000007
1.3825509999999994
1.3859530000000007
1.3825509999999994
1.3859530000000007
1.3825509999999994
1.3859530000000007
1.3825509999999994
1.3859530000000007
1.3825509999999994
1.3859530000000007
1.3825509999999994
1.3859530000000007
1.3825509999999994
1.3859530000000007
1.3825509999999994
1.3859530000000007
1.3825509999999994
1.3859530000000007
1.3825509999999994
1.3859530000000007
1.3825509999999994
1.3859530000000007
1.3825509999999994
1.3859530000000007
1.3825509999999994
1.3859530000000007
1.3825509999999994
1.3859530000000007
1.3825509999999994
1.3859530000000007
1.3825509999999994
1.3859530000000007
1.3825509999999994
1.3859530000000007
-1.3840950000000003
-1.38441
-1.3840950000000003
-1.38441
-1.3840950000000003
-1.38441
-1.3840950000000003
-1.38441
-1.3840950000000003
-1.38441
-1.3840950000000003
-1.38441
-1.3840950000000003
-1.38441
-1.3840950000000003
-1.38441
-1.3840950000000003
-1.38441
-1.3840950000000003
-1.38441
-1.3840950000000003
-1.38441
-1.3840950000000003
-1.38441
-1.3840950000000003
-1.38441
-1.3840950000000003
-1.38441
-1.3840950000000003
-1.38441
-1.3840950000000003
-1.38441
-1.3840950000000003
-1.38441
-1.3840950000000003
-1.38441
-1.3840950000000003
-1.38441
-1.3840950000000003
-1.38441
-1.3840950000000003
-1.38441
-1.3840950000000003
-1.38441
-1.3840950000000003
-1.38441
-1.3840950000000003
-1.38441
-1.3840950000000003
-1.38441
-1.3840950000000003
-1.38441
-1.3840950000000003
-1.38441
-1.3840950000000003
-1.38441
-1.3840950000000003
-1.38441
-1.3840950000000003
-1.38441
-1.3840950000000003
-1.38441
-1.3840950000000003
-1.38441
-1.3840950000000003
-1.38441
-1.3840950000000003
-1.38441
-1.3840950000000003
-1.38441
-1.3840950000000003
-1.38441
-1.3840950000000003
-1.38441
-1.3840950000000003
-1.38441
-1.3840950000000003
-1.38441
-1.3840950000000003
-1.38441
-1.3840950000000003
-1.38441
-1.3840950000000003
-1.38441
-1.3840950000000003
-1.38441
-1.3840950000000003
-1.38441
-1.3840950000000003
-1.38441
-1.3840950000000003
-1.38441
-1.3840950000000003
-1.38441
-1.3840950000000003
-1.38441
-1.3840950000000003
-1.38441
-1.3840950000000003
-1.38441
-1.3840950000000003
-1.38441
-1.3840950000000003
-1.38441
-1.3840950000000003
-1.38441
-1.3840950000000003
-1.38441
-1.3840950000000003
-1.38441
-1.3840950000000003
-1.38441
-1.3840950000000003
-1.38441
-1.3840950000000003
-1.38441
-1.3840950000000003
-1.38441
-1.3840950000000003
-1.38441
