1.2888739999999999
1.2935359999999996
1.3205069999999992
1.3614739999999994
1.2888739999999999
1.2935359999999996
1.3205069999999992
1.3614739999999994
1.2888739999999999
1.2935359999999996
1.3205069999999992
1.3614739999999994
1.2888739999999999
1.2935359999999996
1.3205069999999992
1.3614739999999994
1.2888739999999999
1.2935359999999996
1.3205069999999992
1.3614739999999994
1.2888739999999999
1.2935359999999996
1.3205069999999992
1.3614739999999994
1.2888739999999999
1.2935359999999996
1.3205069999999992
1.3614739999999994
1.2888739999999999
1.2935359999999996
1.3205069999999992
1.3614739999999994
1.2888739999999999
1.2935359999999996
1.3205069999999992
1.3614739999999994
1.2888739999999999
1.2935359999999996
1.3205069999999992
1.3614739999999994
1.2888739999999999
1.2935359999999996
1.3205069999999992
1.3614739999999994
1.2888739999999999
1.2935359999999996
1.3205069999999992
1.3614739999999994
1.2888739999999999
1.2935359999999996
1.3205069999999992
1.3614739999999994
1.2888739999999999
1.2935359999999996
1.3205069999999992
1.3614739999999994
1.2888739999999999
1.2935359999999996
1.3205069999999992
1.3614739999999994
1.2888739999999999
1.2935359999999996
1.3205069999999992
1.3614739999999994
1.2888739999999999
1.2935359999999996
1.3205069999999992
1.3614739999999994
1.2888739999999999
1.2935359999999996
1.3205069999999992
1.3614739999999994
1.2888739999999999
1.2935359999999996
1.3205069999999992
1.3614739999999994
1.2888739999999999
1.2935359999999996
1.3205069999999992
1.3614739999999994
1.2888739999999999
1.2935359999999996
1.3205069999999992
1.3614739999999994
1.2888739999999999
1.2935359999999996
1.3205069999999992
1.3614739999999994
1.2888739999999999
1.2935359999999996
1.3205069999999992
1.3614739999999994
1.2888739999999999
1.2935359999999996
1.3205069999999992
1.3614739999999994
1.2888739999999999
1.2935359999999996
1.3205069999999992
1.3614739999999994
1.2888739999999999
1.2935359999999996
1.3205069999999992
1.3614739999999994
1.2888739999999999
1.2935359999999996
1.3205069999999992
1.3614739999999994
1.2888739999999999
1.2935359999999996
1.3205069999999992
1.3614739999999994
1.2888739999999999
1.2935359999999996
1.3205069999999992
1.3614739999999994
1.2888739999999999
1.2935359999999996
1.3205069999999992
1.3614739999999994
1.2888739999999999
1.2935359999999996
1.3205069999999992
1.3614739999999994
1.2888739999999999
1.2935359999999996
1.3205069999999992
1.3614739999999994
1.2888739999999999
1.2935359999999996
1.3205069999999992
1.3614739999999994
1.2888739999999999
1.2935359999999996
1.3205069999999992
1.3614739999999994
1.2888739999999999
1.2935359999999996
1.3205069999999992
1.3614739999999994
1.2888739999999999
1.2935359999999996
1.3205069999999992
1.3614739999999994
-1.32923
-1.285336
-1.2974249999999996
-1.3524010000000004
-1.32923
-1.285336
-1.2974249999999996
-1.3524010000000004
-1.32923
-1.285336
-1.2974249999999996
-1.3524010000000004
-1.32923
-1.285336
-1.2974249999999996
-1.3524010000000004
-1.32923
-1.285336
-1.2974249999999996
-1.3524010000000004
-1.32923
-1.285336
-1.2974249999999996
-1.3524010000000004
-1.32923
-1.285336
-1.2974249999999996
-1.3524010000000004
-1.32923
-1.285336
-1.2974249999999996
-1.3524010000000004
-1.32923
-1.285336
-1.2974249999999996
-1.3524010000000004
-1.32923
-1.285336
-1.2974249999999996
-1.3524010000000004
-1.32923
-1.285336
-1.2974249999999996
-1.3524010000000004
-1.32923
-1.285336
-1.2974249999999996
-1.3524010000000004
-1.32923
-1.285336
-1.2974249999999996
-1.3524010000000004
-1.32923
-1.285336
-1.2974249999999996
-1.3524010000000004
-1.32923
-1.285336
-1.2974249999999996
-1.3524010000000004
-1.32923
-1.285336
-1.2974249999999996
-1.3524010000000004
-1.32923
-1.285336
-1.2974249999999996
-1.3524010000000004
-1.32923
-1.285336
-1.2974249999999996
-1.3524010000000004
-1.32923
-1.285336
-1.2974249999999996
-1.3524010000000004
-1.32923
-1.285336
-1.2974249999999996
-1.3524010000000004
-1.32923
-1.285336
-1.2974249999999996
-1.3524010000000004
-1.32923
-1.285336
-1.2974249999999996
-1.3524010000000004
-1.32923
-1.285336
-1.2974249999999996
-1.3524010000000004
-1.32923
-1.285336
-1.2974249999999996
-1.3524010000000004
-1.32923
-1.285336
-1.2974249999999996
-1.3524010000000004
-1.32923
-1.285336
-1.2974249999999996
-1.3524010000000004
-1.32923
-1.285336
-1.2974249999999996
-1.3524010000000004
-1.32923
-1.285336
-1.2974249999999996
-1.3524010000000004
-1.32923
-1.285336
-1.2974249999999996
-1.3524010000000004
-1.32923
-1.285336
-1.2974249999999996
-1.3524010000000004
-1.32923
-1.285336
-1.2974249999999996
-1.3524010000000004
-1.32923
-1.285336
-1.2974249999999996
-1.3524010000000004
-1.32923
-1.285336
-1.2974249999999996
-1.3524010000000004
-1.32923
-1.285336
-1.2974249999999996
-1.3524010000000004
-1.32923
-1.285336
-1.2974249999999996
-1.3524010000000004
-1.32923
-1.285336
-1.2974249999999996
-1.3524010000000004
