1.1962419999999998
1.1962419999999998
1.1962419999999998
1.1962419999999998
1.1962419999999998
1.1962419999999998
1.1962419999999998
1.1962419999999998
1.1962419999999998
1.1962419999999998
1.1962419999999998
1.1962419999999998
1.1962419999999998
1.1962419999999998
1.1962419999999998
1.1962419999999998
1.1962419999999998
1.1962419999999998
1.1962419999999998
1.1962419999999998
1.1962419999999998
1.1962419999999998
1.1962419999999998
1.1962419999999998
1.1962419999999998
1.1962419999999998
1.1962419999999998
1.1962419999999998
1.1962419999999998
1.1962419999999998
1.1962419999999998
1.1962419999999998
1.1962419999999998
1.1962419999999998
1.1962419999999998
1.1962419999999998
1.1962419999999998
1.1962419999999998
1.1962419999999998
1.1962419999999998
1.1962419999999998
1.1962419999999998
1.1962419999999998
1.1962419999999998
1.1962419999999998
1.1962419999999998
1.1962419999999998
1.1962419999999998
1.1962419999999998
1.1962419999999998
1.1962419999999998
1.1962419999999998
1.1962419999999998
1.1962419999999998
1.1962419999999998
1.1962419999999998
1.1962419999999998
1.1962419999999998
1.1962419999999998
1.1962419999999998
1.1962419999999998
1.1962419999999998
1.1962419999999998
1.1962419999999998
1.1962419999999998
1.1962419999999998
1.1962419999999998
1.1962419999999998
1.1962419999999998
1.1962419999999998
1.1962419999999998
1.1962419999999998
1.1962419999999998
1.1962419999999998
1.1962419999999998
1.1962419999999998
1.1962419999999998
1.1962419999999998
1.1962419999999998
1.1962419999999998
1.1962419999999998
1.1962419999999998
1.1962419999999998
1.1962419999999998
1.1962419999999998
1.1962419999999998
1.1962419999999998
1.1962419999999998
1.1962419999999998
1.1962419999999998
-1.1962409999999997
-1.196243
-1.1962409999999997
-1.196243
-1.1962409999999997
-1.196243
-1.1962409999999997
-1.196243
-1.1962409999999997
-1.196243
-1.1962409999999997
-1.196243
-1.1962409999999997
-1.196243
-1.1962409999999997
-1.196243
-1.1962409999999997
-1.196243
-1.1962409999999997
-1.196243
-1.1962409999999997
-1.196243
-1.1962409999999997
-1.196243
-1.1962409999999997
-1.196243
-1.1962409999999997
-1.196243
-1.1962409999999997
-1.196243
-1.1962409999999997
-1.196243
-1.1962409999999997
-1.196243
-1.1962409999999997
-1.196243
-1.1962409999999997
-1.196243
-1.1962409999999997
-1.196243
-1.1962409999999997
-1.196243
-1.1962409999999997
-1.196243
-1.1962409999999997
-1.196243
-1.1962409999999997
-1.196243
-1.1962409999999997
-1.196243
-1.1962409999999997
-1.196243
-1.1962409999999997
-1.196243
-1.1962409999999997
-1.196243
-1.1962409999999997
-1.196243
-1.1962409999999997
-1.196243
-1.1962409999999997
-1.196243
-1.1962409999999997
-1.196243
-1.1962409999999997
-1.196243
-1.1962409999999997
-1.196243
-1.1962409999999997
-1.196243
-1.1962409999999997
-1.196243
-1.1962409999999997
-1.196243
-1.1962409999999997
-1.196243
-1.1962409999999997
-1.196243
-1.1962409999999997
-1.196243
-1.1962409999999997
-1.196243
-1.1962409999999997
-1.196243
-1.1962409999999997
-1.196243
-1.1962409999999997
-1.196243
-1.1962409999999997
-1.196243
