1.3838989999999995
1.3968830000000008
1.3860580000000002
1.3483549999999997
1.3838989999999995
1.3968830000000008
1.3860580000000002
1.3483549999999997
1.3838989999999995
1.3968830000000008
1.3860580000000002
1.3483549999999997
1.3838989999999995
1.3968830000000008
1.3860580000000002
1.3483549999999997
1.3838989999999995
1.3968830000000008
1.3860580000000002
1.3483549999999997
1.3838989999999995
1.3968830000000008
1.3860580000000002
1.3483549999999997
1.3838989999999995
1.3968830000000008
1.3860580000000002
1.3483549999999997
1.3838989999999995
1.3968830000000008
1.3860580000000002
1.3483549999999997
1.3838989999999995
1.3968830000000008
1.3860580000000002
1.3483549999999997
1.3838989999999995
1.3968830000000008
1.3860580000000002
1.3483549999999997
1.3838989999999995
1.3968830000000008
1.3860580000000002
1.3483549999999997
1.3838989999999995
1.3968830000000008
1.3860580000000002
1.3483549999999997
1.3838989999999995
1.3968830000000008
1.3860580000000002
1.3483549999999997
1.3838989999999995
1.3968830000000008
1.3860580000000002
1.3483549999999997
1.3838989999999995
1.3968830000000008
1.3860580000000002
1.3483549999999997
1.3838989999999995
1.3968830000000008
1.3860580000000002
1.3483549999999997
1.3838989999999995
1.3968830000000008
1.3860580000000002
1.3483549999999997
1.3838989999999995
1.3968830000000008
1.3860580000000002
1.3483549999999997
1.3838989999999995
1.3968830000000008
1.3860580000000002
1.3483549999999997
1.3838989999999995
1.3968830000000008
1.3860580000000002
1.3483549999999997
1.3838989999999995
1.3968830000000008
1.3860580000000002
1.3483549999999997
1.3838989999999995
1.3968830000000008
1.3860580000000002
1.3483549999999997
1.3838989999999995
1.3968830000000008
1.3860580000000002
1.3483549999999997
1.3838989999999995
1.3968830000000008
1.3860580000000002
1.3483549999999997
1.3838989999999995
1.3968830000000008
1.3860580000000002
1.3483549999999997
1.3838989999999995
1.3968830000000008
1.3860580000000002
1.3483549999999997
1.3838989999999995
1.3968830000000008
1.3860580000000002
1.3483549999999997
1.3838989999999995
1.3968830000000008
1.3860580000000002
1.3483549999999997
1.3838989999999995
1.3968830000000008
1.3860580000000002
1.3483549999999997
1.3838989999999995
1.3968830000000008
1.3860580000000002
1.3483549999999997
1.3838989999999995
1.3968830000000008
1.3860580000000002
1.3483549999999997
1.3838989999999995
1.3968830000000008
1.3860580000000002
1.3483549999999997
1.3838989999999995
1.3968830000000008
1.3860580000000002
1.3483549999999997
1.3838989999999995
1.3968830000000008
1.3860580000000002
1.3483549999999997
1.3838989999999995
1.3968830000000008
1.3860580000000002
1.3483549999999997
1.3838989999999995
1.3968830000000008
1.3860580000000002
1.3483549999999997
1.3838989999999995
1.3968830000000008
1.3860580000000002
1.3483549999999997
1.3838989999999995
1.3968830000000008
1.3860580000000002
1.3483549999999997
1.3838989999999995
1.3968830000000008
1.3860580000000002
1.3483549999999997
1.3838989999999995
1.3968830000000008
1.3860580000000002
1.3483549999999997
1.3838989999999995
1.3968830000000008
1.3860580000000002
1.3483549999999997
1.3838989999999995
1.3968830000000008
1.3860580000000002
1.3483549999999997
1.3838989999999995
1.3968830000000008
1.3860580000000002
1.3483549999999997
1.3838989999999995
1.3968830000000008
1.3860580000000002
1.3483549999999997
1.3838989999999995
1.3968830000000008
1.3860580000000002
1.3483549999999997
1.3838989999999995
1.3968830000000008
1.3860580000000002
1.3483549999999997
1.3838989999999995
1.3968830000000008
1.3860580000000002
1.3483549999999997
1.3838989999999995
1.3968830000000008
1.3860580000000002
1.3483549999999997
-1.3917520000000003
-1.385923
-1.3805199999999997
-1.3569959999999996
-1.3917520000000003
-1.385923
-1.3805199999999997
-1.3569959999999996
-1.3917520000000003
-1.385923
-1.3805199999999997
-1.3569959999999996
-1.3917520000000003
-1.385923
-1.3805199999999997
-1.3569959999999996
-1.3917520000000003
-1.385923
-1.3805199999999997
-1.3569959999999996
-1.3917520000000003
-1.385923
-1.3805199999999997
-1.3569959999999996
-1.3917520000000003
-1.385923
-1.3805199999999997
-1.3569959999999996
-1.3917520000000003
-1.385923
-1.3805199999999997
-1.3569959999999996
-1.3917520000000003
-1.385923
-1.3805199999999997
-1.3569959999999996
-1.3917520000000003
-1.385923
-1.3805199999999997
-1.3569959999999996
-1.3917520000000003
-1.385923
-1.3805199999999997
-1.3569959999999996
-1.3917520000000003
-1.385923
-1.3805199999999997
-1.3569959999999996
-1.3917520000000003
-1.385923
-1.3805199999999997
-1.3569959999999996
-1.3917520000000003
-1.385923
-1.3805199999999997
-1.3569959999999996
-1.3917520000000003
-1.385923
-1.3805199999999997
-1.3569959999999996
-1.3917520000000003
-1.385923
-1.3805199999999997
-1.3569959999999996
-1.3917520000000003
-1.385923
-1.3805199999999997
-1.3569959999999996
-1.3917520000000003
-1.385923
-1.3805199999999997
-1.3569959999999996
-1.3917520000000003
-1.385923
-1.3805199999999997
-1.3569959999999996
-1.3917520000000003
-1.385923
-1.3805199999999997
-1.3569959999999996
-1.3917520000000003
-1.385923
-1.3805199999999997
-1.3569959999999996
-1.3917520000000003
-1.385923
-1.3805199999999997
-1.3569959999999996
-1.3917520000000003
-1.385923
-1.3805199999999997
-1.3569959999999996
-1.3917520000000003
-1.385923
-1.3805199999999997
-1.3569959999999996
-1.3917520000000003
-1.385923
-1.3805199999999997
-1.3569959999999996
-1.3917520000000003
-1.385923
-1.3805199999999997
-1.3569959999999996
-1.3917520000000003
-1.385923
-1.3805199999999997
-1.3569959999999996
-1.3917520000000003
-1.385923
-1.3805199999999997
-1.3569959999999996
-1.3917520000000003
-1.385923
-1.3805199999999997
-1.3569959999999996
-1.3917520000000003
-1.385923
-1.3805199999999997
-1.3569959999999996
-1.3917520000000003
-1.385923
-1.3805199999999997
-1.3569959999999996
-1.3917520000000003
-1.385923
-1.3805199999999997
-1.3569959999999996
-1.3917520000000003
-1.385923
-1.3805199999999997
-1.3569959999999996
-1.3917520000000003
-1.385923
-1.3805199999999997
-1.3569959999999996
-1.3917520000000003
-1.385923
-1.3805199999999997
-1.3569959999999996
-1.3917520000000003
-1.385923
-1.3805199999999997
-1.3569959999999996
-1.3917520000000003
-1.385923
-1.3805199999999997
-1.3569959999999996
-1.3917520000000003
-1.385923
-1.3805199999999997
-1.3569959999999996
-1.3917520000000003
-1.385923
-1.3805199999999997
-1.3569959999999996
-1.3917520000000003
-1.385923
-1.3805199999999997
-1.3569959999999996
-1.3917520000000003
-1.385923
-1.3805199999999997
-1.3569959999999996
-1.3917520000000003
-1.385923
-1.3805199999999997
-1.3569959999999996
-1.3917520000000003
-1.385923
-1.3805199999999997
-1.3569959999999996
-1.3917520000000003
-1.385923
-1.3805199999999997
-1.3569959999999996
-1.3917520000000003
-1.385923
-1.3805199999999997
-1.3569959999999996
-1.3917520000000003
-1.385923
-1.3805199999999997
-1.3569959999999996
-1.3917520000000003
-1.385923
-1.3805199999999997
-1.3569959999999996
-1.3917520000000003
-1.385923
-1.3805199999999997
-1.3569959999999996
