0.9078560000000007
0.9078560000000007
0.9078560000000007
0.9078560000000007
0.9078560000000007
0.9078560000000007
0.9078560000000007
0.9078560000000007
0.9078560000000007
0.9078560000000007
0.9078560000000007
0.9078560000000007
0.9078560000000007
0.9078560000000007
0.9078560000000007
0.9078560000000007
0.9078560000000007
0.9078560000000007
0.9078560000000007
0.9078560000000007
0.9078560000000007
0.9078560000000007
0.9078560000000007
0.9078560000000007
0.9078560000000007
0.9078560000000007
0.9078560000000007
0.9078560000000007
0.9078560000000007
0.9078560000000007
0.9078560000000007
0.9078560000000007
0.9078560000000007
0.9078560000000007
0.9078560000000007
0.9078560000000007
0.9078560000000007
0.9078560000000007
0.9078560000000007
0.9078560000000007
0.9078560000000007
0.9078560000000007
0.9078560000000007
0.9078560000000007
0.9078560000000007
0.9078560000000007
0.9078560000000007
0.9078560000000007
0.9078560000000007
0.9078560000000007
0.9078560000000007
0.9078560000000007
0.9078560000000007
0.9078560000000007
0.9078560000000007
0.9078560000000007
0.9078560000000007
0.9078560000000007
0.9078560000000007
0.9078560000000007
0.9078560000000007
0.9078560000000007
0.9078560000000007
0.9078560000000007
-0.9078559999999998
-0.9078559999999998
-0.9078559999999998
-0.9078559999999998
-0.9078559999999998
-0.9078559999999998
-0.9078559999999998
-0.9078559999999998
-0.9078559999999998
-0.9078559999999998
-0.9078559999999998
-0.9078559999999998
-0.9078559999999998
-0.9078559999999998
-0.9078559999999998
-0.9078559999999998
-0.9078559999999998
-0.9078559999999998
-0.9078559999999998
-0.9078559999999998
-0.9078559999999998
-0.9078559999999998
-0.9078559999999998
-0.9078559999999998
-0.9078559999999998
-0.9078559999999998
-0.9078559999999998
-0.9078559999999998
-0.9078559999999998
-0.9078559999999998
-0.9078559999999998
-0.9078559999999998
-0.9078559999999998
-0.9078559999999998
-0.9078559999999998
-0.9078559999999998
-0.9078559999999998
-0.9078559999999998
-0.9078559999999998
-0.9078559999999998
-0.9078559999999998
-0.9078559999999998
-0.9078559999999998
-0.9078559999999998
-0.9078559999999998
-0.9078559999999998
-0.9078559999999998
-0.9078559999999998
-0.9078559999999998
-0.9078559999999998
-0.9078559999999998
-0.9078559999999998
-0.9078559999999998
-0.9078559999999998
-0.9078559999999998
-0.9078559999999998
-0.9078559999999998
-0.9078559999999998
-0.9078559999999998
-0.9078559999999998
-0.9078559999999998
-0.9078559999999998
-0.9078559999999998
-0.9078559999999998
