1.441224
1.441713
1.4414429999999996
1.4414650000000009
1.441224
1.441713
1.4414429999999996
1.4414650000000009
1.441224
1.441713
1.4414429999999996
1.4414650000000009
1.441224
1.441713
1.4414429999999996
1.4414650000000009
1.441224
1.441713
1.4414429999999996
1.4414650000000009
1.441224
1.441713
1.4414429999999996
1.4414650000000009
1.441224
1.441713
1.4414429999999996
1.4414650000000009
1.441224
1.441713
1.4414429999999996
1.4414650000000009
1.441224
1.441713
1.4414429999999996
1.4414650000000009
1.441224
1.441713
1.4414429999999996
1.4414650000000009
1.441224
1.441713
1.4414429999999996
1.4414650000000009
1.441224
1.441713
1.4414429999999996
1.4414650000000009
1.441224
1.441713
1.4414429999999996
1.4414650000000009
1.441224
1.441713
1.4414429999999996
1.4414650000000009
1.441224
1.441713
1.4414429999999996
1.4414650000000009
1.441224
1.441713
1.4414429999999996
1.4414650000000009
1.441224
1.441713
1.4414429999999996
1.4414650000000009
1.441224
1.441713
1.4414429999999996
1.4414650000000009
1.441224
1.441713
1.4414429999999996
1.4414650000000009
1.441224
1.441713
1.4414429999999996
1.4414650000000009
1.441224
1.441713
1.4414429999999996
1.4414650000000009
1.441224
1.441713
1.4414429999999996
1.4414650000000009
1.441224
1.441713
1.4414429999999996
1.4414650000000009
1.441224
1.441713
1.4414429999999996
1.4414650000000009
1.441224
1.441713
1.4414429999999996
1.4414650000000009
1.441224
1.441713
1.4414429999999996
1.4414650000000009
1.441224
1.441713
1.4414429999999996
1.4414650000000009
-1.4415319999999996
-1.4415680000000002
-1.4413679999999998
-1.4413770000000001
-1.4415319999999996
-1.4415680000000002
-1.4413679999999998
-1.4413770000000001
-1.4415319999999996
-1.4415680000000002
-1.4413679999999998
-1.4413770000000001
-1.4415319999999996
-1.4415680000000002
-1.4413679999999998
-1.4413770000000001
-1.4415319999999996
-1.4415680000000002
-1.4413679999999998
-1.4413770000000001
-1.4415319999999996
-1.4415680000000002
-1.4413679999999998
-1.4413770000000001
-1.4415319999999996
-1.4415680000000002
-1.4413679999999998
-1.4413770000000001
-1.4415319999999996
-1.4415680000000002
-1.4413679999999998
-1.4413770000000001
-1.4415319999999996
-1.4415680000000002
-1.4413679999999998
-1.4413770000000001
-1.4415319999999996
-1.4415680000000002
-1.4413679999999998
-1.4413770000000001
-1.4415319999999996
-1.4415680000000002
-1.4413679999999998
-1.4413770000000001
-1.4415319999999996
-1.4415680000000002
-1.4413679999999998
-1.4413770000000001
-1.4415319999999996
-1.4415680000000002
-1.4413679999999998
-1.4413770000000001
-1.4415319999999996
-1.4415680000000002
-1.4413679999999998
-1.4413770000000001
-1.4415319999999996
-1.4415680000000002
-1.4413679999999998
-1.4413770000000001
-1.4415319999999996
-1.4415680000000002
-1.4413679999999998
-1.4413770000000001
-1.4415319999999996
-1.4415680000000002
-1.4413679999999998
-1.4413770000000001
-1.4415319999999996
-1.4415680000000002
-1.4413679999999998
-1.4413770000000001
-1.4415319999999996
-1.4415680000000002
-1.4413679999999998
-1.4413770000000001
-1.4415319999999996
-1.4415680000000002
-1.4413679999999998
-1.4413770000000001
-1.4415319999999996
-1.4415680000000002
-1.4413679999999998
-1.4413770000000001
-1.4415319999999996
-1.4415680000000002
-1.4413679999999998
-1.4413770000000001
-1.4415319999999996
-1.4415680000000002
-1.4413679999999998
-1.4413770000000001
-1.4415319999999996
-1.4415680000000002
-1.4413679999999998
-1.4413770000000001
-1.4415319999999996
-1.4415680000000002
-1.4413679999999998
-1.4413770000000001
-1.4415319999999996
-1.4415680000000002
-1.4413679999999998
-1.4413770000000001
-1.4415319999999996
-1.4415680000000002
-1.4413679999999998
-1.4413770000000001
