1.4100560000000009
1.4197520000000008
1.4100560000000009
1.4197520000000008
1.4100560000000009
1.4197520000000008
1.4100560000000009
1.4197520000000008
1.4100560000000009
1.4197520000000008
1.4100560000000009
1.4197520000000008
1.4100560000000009
1.4197520000000008
1.4100560000000009
1.4197520000000008
1.4100560000000009
1.4197520000000008
1.4100560000000009
1.4197520000000008
1.4100560000000009
1.4197520000000008
1.4100560000000009
1.4197520000000008
1.4100560000000009
1.4197520000000008
1.4100560000000009
1.4197520000000008
1.4100560000000009
1.4197520000000008
1.4100560000000009
1.4197520000000008
1.4100560000000009
1.4197520000000008
1.4100560000000009
1.4197520000000008
1.4100560000000009
1.4197520000000008
1.4100560000000009
1.4197520000000008
1.4100560000000009
1.4197520000000008
1.4100560000000009
1.4197520000000008
1.4100560000000009
1.4197520000000008
1.4100560000000009
1.4197520000000008
1.4100560000000009
1.4197520000000008
1.4100560000000009
1.4197520000000008
1.4100560000000009
1.4197520000000008
1.4100560000000009
1.4197520000000008
1.4100560000000009
1.4197520000000008
1.4100560000000009
1.4197520000000008
1.4100560000000009
1.4197520000000008
1.4100560000000009
1.4197520000000008
1.4100560000000009
1.4197520000000008
1.4100560000000009
1.4197520000000008
1.4100560000000009
1.4197520000000008
1.4100560000000009
1.4197520000000008
1.4100560000000009
1.4197520000000008
1.4100560000000009
1.4197520000000008
1.4100560000000009
1.4197520000000008
1.4100560000000009
1.4197520000000008
1.4100560000000009
1.4197520000000008
1.4100560000000009
1.4197520000000008
1.4100560000000009
1.4197520000000008
1.4100560000000009
1.4197520000000008
1.4100560000000009
1.4197520000000008
1.4100560000000009
1.4197520000000008
1.4100560000000009
1.4197520000000008
1.4100560000000009
1.4197520000000008
1.4100560000000009
1.4197520000000008
1.4100560000000009
1.4197520000000008
1.4100560000000009
1.4197520000000008
1.4100560000000009
1.4197520000000008
1.4100560000000009
1.4197520000000008
1.4100560000000009
1.4197520000000008
1.4100560000000009
1.4197520000000008
1.4100560000000009
1.4197520000000008
1.4100560000000009
1.4197520000000008
1.4100560000000009
1.4197520000000008
1.4100560000000009
1.4197520000000008
1.4100560000000009
1.4197520000000008
-1.415839
-1.4139670000000004
-1.415839
-1.4139670000000004
-1.415839
-1.4139670000000004
-1.415839
-1.4139670000000004
-1.415839
-1.4139670000000004
-1.415839
-1.4139670000000004
-1.415839
-1.4139670000000004
-1.415839
-1.4139670000000004
-1.415839
-1.4139670000000004
-1.415839
-1.4139670000000004
-1.415839
-1.4139670000000004
-1.415839
-1.4139670000000004
-1.415839
-1.4139670000000004
-1.415839
-1.4139670000000004
-1.415839
-1.4139670000000004
-1.415839
-1.4139670000000004
-1.415839
-1.4139670000000004
-1.415839
-1.4139670000000004
-1.415839
-1.4139670000000004
-1.415839
-1.4139670000000004
-1.415839
-1.4139670000000004
-1.415839
-1.4139670000000004
-1.415839
-1.4139670000000004
-1.415839
-1.4139670000000004
-1.415839
-1.4139670000000004
-1.415839
-1.4139670000000004
-1.415839
-1.4139670000000004
-1.415839
-1.4139670000000004
-1.415839
-1.4139670000000004
-1.415839
-1.4139670000000004
-1.415839
-1.4139670000000004
-1.415839
-1.4139670000000004
-1.415839
-1.4139670000000004
-1.415839
-1.4139670000000004
-1.415839
-1.4139670000000004
-1.415839
-1.4139670000000004
-1.415839
-1.4139670000000004
-1.415839
-1.4139670000000004
-1.415839
-1.4139670000000004
-1.415839
-1.4139670000000004
-1.415839
-1.4139670000000004
-1.415839
-1.4139670000000004
-1.415839
-1.4139670000000004
-1.415839
-1.4139670000000004
-1.415839
-1.4139670000000004
-1.415839
-1.4139670000000004
-1.415839
-1.4139670000000004
-1.415839
-1.4139670000000004
-1.415839
-1.4139670000000004
-1.415839
-1.4139670000000004
-1.415839
-1.4139670000000004
-1.415839
-1.4139670000000004
-1.415839
-1.4139670000000004
-1.415839
-1.4139670000000004
-1.415839
-1.4139670000000004
-1.415839
-1.4139670000000004
-1.415839
-1.4139670000000004
-1.415839
-1.4139670000000004
-1.415839
-1.4139670000000004
-1.415839
-1.4139670000000004
