1.3958670000000009
1.40395
1.3958670000000009
1.40395
1.3958670000000009
1.40395
1.3958670000000009
1.40395
1.3958670000000009
1.40395
1.3958670000000009
1.40395
1.3958670000000009
1.40395
1.3958670000000009
1.40395
1.3958670000000009
1.40395
1.3958670000000009
1.40395
1.3958670000000009
1.40395
1.3958670000000009
1.40395
1.3958670000000009
1.40395
1.3958670000000009
1.40395
1.3958670000000009
1.40395
1.3958670000000009
1.40395
1.3958670000000009
1.40395
1.3958670000000009
1.40395
1.3958670000000009
1.40395
1.3958670000000009
1.40395
1.3958670000000009
1.40395
1.3958670000000009
1.40395
1.3958670000000009
1.40395
1.3958670000000009
1.40395
1.3958670000000009
1.40395
1.3958670000000009
1.40395
1.3958670000000009
1.40395
1.3958670000000009
1.40395
1.3958670000000009
1.40395
1.3958670000000009
1.40395
1.3958670000000009
1.40395
1.3958670000000009
1.40395
1.3958670000000009
1.40395
1.3958670000000009
1.40395
1.3958670000000009
1.40395
1.3958670000000009
1.40395
1.3958670000000009
1.40395
1.3958670000000009
1.40395
1.3958670000000009
1.40395
1.3958670000000009
1.40395
1.3958670000000009
1.40395
1.3958670000000009
1.40395
1.3958670000000009
1.40395
1.3958670000000009
1.40395
1.3958670000000009
1.40395
1.3958670000000009
1.40395
1.3958670000000009
1.40395
1.3958670000000009
1.40395
1.3958670000000009
1.40395
1.3958670000000009
1.40395
1.3958670000000009
1.40395
1.3958670000000009
1.40395
1.3958670000000009
1.40395
1.3958670000000009
1.40395
1.3958670000000009
1.40395
1.3958670000000009
1.40395
1.3958670000000009
1.40395
1.3958670000000009
1.40395
1.3958670000000009
1.40395
1.3958670000000009
1.40395
-1.39919
-1.4006299999999996
-1.39919
-1.4006299999999996
-1.39919
-1.4006299999999996
-1.39919
-1.4006299999999996
-1.39919
-1.4006299999999996
-1.39919
-1.4006299999999996
-1.39919
-1.4006299999999996
-1.39919
-1.4006299999999996
-1.39919
-1.4006299999999996
-1.39919
-1.4006299999999996
-1.39919
-1.4006299999999996
-1.39919
-1.4006299999999996
-1.39919
-1.4006299999999996
-1.39919
-1.4006299999999996
-1.39919
-1.4006299999999996
-1.39919
-1.4006299999999996
-1.39919
-1.4006299999999996
-1.39919
-1.4006299999999996
-1.39919
-1.4006299999999996
-1.39919
-1.4006299999999996
-1.39919
-1.4006299999999996
-1.39919
-1.4006299999999996
-1.39919
-1.4006299999999996
-1.39919
-1.4006299999999996
-1.39919
-1.4006299999999996
-1.39919
-1.4006299999999996
-1.39919
-1.4006299999999996
-1.39919
-1.4006299999999996
-1.39919
-1.4006299999999996
-1.39919
-1.4006299999999996
-1.39919
-1.4006299999999996
-1.39919
-1.4006299999999996
-1.39919
-1.4006299999999996
-1.39919
-1.4006299999999996
-1.39919
-1.4006299999999996
-1.39919
-1.4006299999999996
-1.39919
-1.4006299999999996
-1.39919
-1.4006299999999996
-1.39919
-1.4006299999999996
-1.39919
-1.4006299999999996
-1.39919
-1.4006299999999996
-1.39919
-1.4006299999999996
-1.39919
-1.4006299999999996
-1.39919
-1.4006299999999996
-1.39919
-1.4006299999999996
-1.39919
-1.4006299999999996
-1.39919
-1.4006299999999996
-1.39919
-1.4006299999999996
-1.39919
-1.4006299999999996
-1.39919
-1.4006299999999996
-1.39919
-1.4006299999999996
-1.39919
-1.4006299999999996
-1.39919
-1.4006299999999996
-1.39919
-1.4006299999999996
-1.39919
-1.4006299999999996
-1.39919
-1.4006299999999996
-1.39919
-1.4006299999999996
-1.39919
-1.4006299999999996
-1.39919
-1.4006299999999996
-1.39919
-1.4006299999999996
