0.9541269999999997
0.9541269999999997
0.9541269999999997
0.9541269999999997
0.9541269999999997
0.9541269999999997
0.9541269999999997
0.9541269999999997
0.9541269999999997
0.9541269999999997
0.9541269999999997
0.9541269999999997
0.9541269999999997
0.9541269999999997
0.9541269999999997
0.9541269999999997
0.9541269999999997
0.9541269999999997
0.9541269999999997
0.9541269999999997
0.9541269999999997
0.9541269999999997
0.9541269999999997
0.9541269999999997
0.9541269999999997
0.9541269999999997
0.9541269999999997
-0.9541250000000003
-0.9541250000000003
-0.9541250000000003
-0.9541250000000003
-0.9541250000000003
-0.9541250000000003
-0.9541250000000003
-0.9541250000000003
-0.9541250000000003
-0.9541250000000003
-0.9541250000000003
-0.9541250000000003
-0.9541250000000003
-0.9541250000000003
-0.9541250000000003
-0.9541250000000003
-0.9541250000000003
-0.9541250000000003
-0.9541250000000003
-0.9541250000000003
-0.9541250000000003
-0.9541250000000003
-0.9541250000000003
-0.9541250000000003
-0.9541250000000003
-0.9541250000000003
-0.9541250000000003
