1.3764579999999995
1.3524309999999993
1.3764579999999995
1.3524309999999993
1.3764579999999995
1.3524309999999993
1.3764579999999995
1.3524309999999993
1.3764579999999995
1.3524309999999993
1.3764579999999995
1.3524309999999993
1.3764579999999995
1.3524309999999993
1.3764579999999995
1.3524309999999993
1.3764579999999995
1.3524309999999993
1.3764579999999995
1.3524309999999993
1.3764579999999995
1.3524309999999993
1.3764579999999995
1.3524309999999993
1.3764579999999995
1.3524309999999993
1.3764579999999995
1.3524309999999993
1.3764579999999995
1.3524309999999993
1.3764579999999995
1.3524309999999993
1.3764579999999995
1.3524309999999993
1.3764579999999995
1.3524309999999993
1.3764579999999995
1.3524309999999993
1.3764579999999995
1.3524309999999993
1.3764579999999995
1.3524309999999993
1.3764579999999995
1.3524309999999993
1.3764579999999995
1.3524309999999993
1.3764579999999995
1.3524309999999993
1.3764579999999995
1.3524309999999993
1.3764579999999995
1.3524309999999993
1.3764579999999995
1.3524309999999993
1.3764579999999995
1.3524309999999993
1.3764579999999995
1.3524309999999993
1.3764579999999995
1.3524309999999993
1.3764579999999995
1.3524309999999993
1.3764579999999995
1.3524309999999993
1.3764579999999995
1.3524309999999993
1.3764579999999995
1.3524309999999993
1.3764579999999995
1.3524309999999993
1.3764579999999995
1.3524309999999993
1.3764579999999995
1.3524309999999993
1.3764579999999995
1.3524309999999993
1.3764579999999995
1.3524309999999993
1.3764579999999995
1.3524309999999993
1.3764579999999995
1.3524309999999993
1.3764579999999995
1.3524309999999993
1.3764579999999995
1.3524309999999993
1.3764579999999995
1.3524309999999993
1.3764579999999995
1.3524309999999993
-1.3667179999999997
-1.362171
-1.3667179999999997
-1.362171
-1.3667179999999997
-1.362171
-1.3667179999999997
-1.362171
-1.3667179999999997
-1.362171
-1.3667179999999997
-1.362171
-1.3667179999999997
-1.362171
-1.3667179999999997
-1.362171
-1.3667179999999997
-1.362171
-1.3667179999999997
-1.362171
-1.3667179999999997
-1.362171
-1.3667179999999997
-1.362171
-1.3667179999999997
-1.362171
-1.3667179999999997
-1.362171
-1.3667179999999997
-1.362171
-1.3667179999999997
-1.362171
-1.3667179999999997
-1.362171
-1.3667179999999997
-1.362171
-1.3667179999999997
-1.362171
-1.3667179999999997
-1.362171
-1.3667179999999997
-1.362171
-1.3667179999999997
-1.362171
-1.3667179999999997
-1.362171
-1.3667179999999997
-1.362171
-1.3667179999999997
-1.362171
-1.3667179999999997
-1.362171
-1.3667179999999997
-1.362171
-1.3667179999999997
-1.362171
-1.3667179999999997
-1.362171
-1.3667179999999997
-1.362171
-1.3667179999999997
-1.362171
-1.3667179999999997
-1.362171
-1.3667179999999997
-1.362171
-1.3667179999999997
-1.362171
-1.3667179999999997
-1.362171
-1.3667179999999997
-1.362171
-1.3667179999999997
-1.362171
-1.3667179999999997
-1.362171
-1.3667179999999997
-1.362171
-1.3667179999999997
-1.362171
-1.3667179999999997
-1.362171
-1.3667179999999997
-1.362171
-1.3667179999999997
-1.362171
-1.3667179999999997
-1.362171
-1.3667179999999997
-1.362171
