1.4425170000000005
1.4429529999999993
1.4426970000000008
1.4424480000000006
1.4425170000000005
1.4429529999999993
1.4426970000000008
1.4424480000000006
1.4425170000000005
1.4429529999999993
1.4426970000000008
1.4424480000000006
1.4425170000000005
1.4429529999999993
1.4426970000000008
1.4424480000000006
1.4425170000000005
1.4429529999999993
1.4426970000000008
1.4424480000000006
1.4425170000000005
1.4429529999999993
1.4426970000000008
1.4424480000000006
1.4425170000000005
1.4429529999999993
1.4426970000000008
1.4424480000000006
1.4425170000000005
1.4429529999999993
1.4426970000000008
1.4424480000000006
1.4425170000000005
1.4429529999999993
1.4426970000000008
1.4424480000000006
1.4425170000000005
1.4429529999999993
1.4426970000000008
1.4424480000000006
1.4425170000000005
1.4429529999999993
1.4426970000000008
1.4424480000000006
1.4425170000000005
1.4429529999999993
1.4426970000000008
1.4424480000000006
1.4425170000000005
1.4429529999999993
1.4426970000000008
1.4424480000000006
1.4425170000000005
1.4429529999999993
1.4426970000000008
1.4424480000000006
1.4425170000000005
1.4429529999999993
1.4426970000000008
1.4424480000000006
1.4425170000000005
1.4429529999999993
1.4426970000000008
1.4424480000000006
1.4425170000000005
1.4429529999999993
1.4426970000000008
1.4424480000000006
1.4425170000000005
1.4429529999999993
1.4426970000000008
1.4424480000000006
1.4425170000000005
1.4429529999999993
1.4426970000000008
1.4424480000000006
1.4425170000000005
1.4429529999999993
1.4426970000000008
1.4424480000000006
1.4425170000000005
1.4429529999999993
1.4426970000000008
1.4424480000000006
1.4425170000000005
1.4429529999999993
1.4426970000000008
1.4424480000000006
1.4425170000000005
1.4429529999999993
1.4426970000000008
1.4424480000000006
1.4425170000000005
1.4429529999999993
1.4426970000000008
1.4424480000000006
1.4425170000000005
1.4429529999999993
1.4426970000000008
1.4424480000000006
1.4425170000000005
1.4429529999999993
1.4426970000000008
1.4424480000000006
1.4425170000000005
1.4429529999999993
1.4426970000000008
1.4424480000000006
1.4425170000000005
1.4429529999999993
1.4426970000000008
1.4424480000000006
1.4425170000000005
1.4429529999999993
1.4426970000000008
1.4424480000000006
1.4425170000000005
1.4429529999999993
1.4426970000000008
1.4424480000000006
1.4425170000000005
1.4429529999999993
1.4426970000000008
1.4424480000000006
1.4425170000000005
1.4429529999999993
1.4426970000000008
1.4424480000000006
1.4425170000000005
1.4429529999999993
1.4426970000000008
1.4424480000000006
1.4425170000000005
1.4429529999999993
1.4426970000000008
1.4424480000000006
1.4425170000000005
1.4429529999999993
1.4426970000000008
1.4424480000000006
1.4425170000000005
1.4429529999999993
1.4426970000000008
1.4424480000000006
-1.4426160000000001
-1.442711
-1.442806
-1.4424830000000002
-1.4426160000000001
-1.442711
-1.442806
-1.4424830000000002
-1.4426160000000001
-1.442711
-1.442806
-1.4424830000000002
-1.4426160000000001
-1.442711
-1.442806
-1.4424830000000002
-1.4426160000000001
-1.442711
-1.442806
-1.4424830000000002
-1.4426160000000001
-1.442711
-1.442806
-1.4424830000000002
-1.4426160000000001
-1.442711
-1.442806
-1.4424830000000002
-1.4426160000000001
-1.442711
-1.442806
-1.4424830000000002
-1.4426160000000001
-1.442711
-1.442806
-1.4424830000000002
-1.4426160000000001
-1.442711
-1.442806
-1.4424830000000002
-1.4426160000000001
-1.442711
-1.442806
-1.4424830000000002
-1.4426160000000001
-1.442711
-1.442806
-1.4424830000000002
-1.4426160000000001
-1.442711
-1.442806
-1.4424830000000002
-1.4426160000000001
-1.442711
-1.442806
-1.4424830000000002
-1.4426160000000001
-1.442711
-1.442806
-1.4424830000000002
-1.4426160000000001
-1.442711
-1.442806
-1.4424830000000002
-1.4426160000000001
-1.442711
-1.442806
-1.4424830000000002
-1.4426160000000001
-1.442711
-1.442806
-1.4424830000000002
-1.4426160000000001
-1.442711
-1.442806
-1.4424830000000002
-1.4426160000000001
-1.442711
-1.442806
-1.4424830000000002
-1.4426160000000001
-1.442711
-1.442806
-1.4424830000000002
-1.4426160000000001
-1.442711
-1.442806
-1.4424830000000002
-1.4426160000000001
-1.442711
-1.442806
-1.4424830000000002
-1.4426160000000001
-1.442711
-1.442806
-1.4424830000000002
-1.4426160000000001
-1.442711
-1.442806
-1.4424830000000002
-1.4426160000000001
-1.442711
-1.442806
-1.4424830000000002
-1.4426160000000001
-1.442711
-1.442806
-1.4424830000000002
-1.4426160000000001
-1.442711
-1.442806
-1.4424830000000002
-1.4426160000000001
-1.442711
-1.442806
-1.4424830000000002
-1.4426160000000001
-1.442711
-1.442806
-1.4424830000000002
-1.4426160000000001
-1.442711
-1.442806
-1.4424830000000002
-1.4426160000000001
-1.442711
-1.442806
-1.4424830000000002
-1.4426160000000001
-1.442711
-1.442806
-1.4424830000000002
-1.4426160000000001
-1.442711
-1.442806
-1.4424830000000002
-1.4426160000000001
-1.442711
-1.442806
-1.4424830000000002
-1.4426160000000001
-1.442711
-1.442806
-1.4424830000000002
