1.4706019999999995
1.4706019999999995
1.4706019999999995
1.4706019999999995
1.4706019999999995
1.4706019999999995
1.4706019999999995
1.4706019999999995
1.4706019999999995
1.4706019999999995
1.4706019999999995
1.4706019999999995
1.4706019999999995
1.4706019999999995
1.4706019999999995
1.4706019999999995
1.4706019999999995
1.4706019999999995
1.4706019999999995
1.4706019999999995
1.4706019999999995
1.4706019999999995
1.4706019999999995
1.4706019999999995
1.4706019999999995
1.4706019999999995
1.4706019999999995
1.4706019999999995
1.4706019999999995
1.4706019999999995
1.4706019999999995
1.4706019999999995
1.4706019999999995
1.4706019999999995
1.4706019999999995
1.4706019999999995
1.4706019999999995
1.4706019999999995
1.4706019999999995
1.4706019999999995
1.4706019999999995
1.4706019999999995
1.4706019999999995
1.4706019999999995
1.4706019999999995
1.4706019999999995
1.4706019999999995
1.4706019999999995
1.4706019999999995
1.4706019999999995
1.4706019999999995
1.4706019999999995
1.4706019999999995
1.4706019999999995
1.4706019999999995
1.4706019999999995
1.4706019999999995
1.4706019999999995
1.4706019999999995
1.4706019999999995
1.4706019999999995
1.4706019999999995
1.4706019999999995
1.4706019999999995
1.4706019999999995
1.4706019999999995
1.4706019999999995
1.4706019999999995
1.4706019999999995
1.4706019999999995
1.4706019999999995
1.4706019999999995
-1.4706010000000003
-1.4706010000000003
-1.4706010000000003
-1.4706010000000003
-1.4706010000000003
-1.4706010000000003
-1.4706010000000003
-1.4706010000000003
-1.4706010000000003
-1.4706010000000003
-1.4706010000000003
-1.4706010000000003
-1.4706010000000003
-1.4706010000000003
-1.4706010000000003
-1.4706010000000003
-1.4706010000000003
-1.4706010000000003
-1.4706010000000003
-1.4706010000000003
-1.4706010000000003
-1.4706010000000003
-1.4706010000000003
-1.4706010000000003
-1.4706010000000003
-1.4706010000000003
-1.4706010000000003
-1.4706010000000003
-1.4706010000000003
-1.4706010000000003
-1.4706010000000003
-1.4706010000000003
-1.4706010000000003
-1.4706010000000003
-1.4706010000000003
-1.4706010000000003
-1.4706010000000003
-1.4706010000000003
-1.4706010000000003
-1.4706010000000003
-1.4706010000000003
-1.4706010000000003
-1.4706010000000003
-1.4706010000000003
-1.4706010000000003
-1.4706010000000003
-1.4706010000000003
-1.4706010000000003
-1.4706010000000003
-1.4706010000000003
-1.4706010000000003
-1.4706010000000003
-1.4706010000000003
-1.4706010000000003
-1.4706010000000003
-1.4706010000000003
-1.4706010000000003
-1.4706010000000003
-1.4706010000000003
-1.4706010000000003
-1.4706010000000003
-1.4706010000000003
-1.4706010000000003
-1.4706010000000003
-1.4706010000000003
-1.4706010000000003
-1.4706010000000003
-1.4706010000000003
-1.4706010000000003
-1.4706010000000003
-1.4706010000000003
-1.4706010000000003
