0.7897040000000004
0.7897040000000004
0.7897040000000004
0.7897040000000004
0.7897040000000004
0.7897040000000004
0.7897040000000004
0.7897040000000004
0.7897040000000004
0.7897040000000004
0.7897040000000004
0.7897040000000004
0.7897040000000004
0.7897040000000004
0.7897040000000004
0.7897040000000004
0.7897040000000004
0.7897040000000004
0.7897040000000004
0.7897040000000004
0.7897040000000004
0.7897040000000004
0.7897040000000004
0.7897040000000004
0.7897040000000004
0.7897040000000004
0.7897040000000004
0.7897040000000004
0.7897040000000004
0.7897040000000004
0.7897040000000004
0.7897040000000004
0.7897040000000004
0.7897040000000004
0.7897040000000004
0.7897040000000004
0.7897040000000004
0.7897040000000004
0.7897040000000004
0.7897040000000004
0.7897040000000004
0.7897040000000004
0.7897040000000004
0.7897040000000004
0.7897040000000004
0.7897040000000004
0.7897040000000004
0.7897040000000004
0.7897040000000004
0.7897040000000004
0.7897040000000004
0.7897040000000004
0.7897040000000004
0.7897040000000004
0.7897040000000004
0.7897040000000004
0.7897040000000004
0.7897040000000004
0.7897040000000004
0.7897040000000004
0.7897040000000004
0.7897040000000004
0.7897040000000004
0.7897040000000004
-0.7897040000000004
-0.7897040000000004
-0.7897040000000004
-0.7897040000000004
-0.7897040000000004
-0.7897040000000004
-0.7897040000000004
-0.7897040000000004
-0.7897040000000004
-0.7897040000000004
-0.7897040000000004
-0.7897040000000004
-0.7897040000000004
-0.7897040000000004
-0.7897040000000004
-0.7897040000000004
-0.7897040000000004
-0.7897040000000004
-0.7897040000000004
-0.7897040000000004
-0.7897040000000004
-0.7897040000000004
-0.7897040000000004
-0.7897040000000004
-0.7897040000000004
-0.7897040000000004
-0.7897040000000004
-0.7897040000000004
-0.7897040000000004
-0.7897040000000004
-0.7897040000000004
-0.7897040000000004
-0.7897040000000004
-0.7897040000000004
-0.7897040000000004
-0.7897040000000004
-0.7897040000000004
-0.7897040000000004
-0.7897040000000004
-0.7897040000000004
-0.7897040000000004
-0.7897040000000004
-0.7897040000000004
-0.7897040000000004
-0.7897040000000004
-0.7897040000000004
-0.7897040000000004
-0.7897040000000004
-0.7897040000000004
-0.7897040000000004
-0.7897040000000004
-0.7897040000000004
-0.7897040000000004
-0.7897040000000004
-0.7897040000000004
-0.7897040000000004
-0.7897040000000004
-0.7897040000000004
-0.7897040000000004
-0.7897040000000004
-0.7897040000000004
-0.7897040000000004
-0.7897040000000004
-0.7897040000000004
