1.4396690000000003
1.4418140000000008
1.4415460000000007
1.4385589999999997
1.4396690000000003
1.4418140000000008
1.4415460000000007
1.4385589999999997
1.4396690000000003
1.4418140000000008
1.4415460000000007
1.4385589999999997
1.4396690000000003
1.4418140000000008
1.4415460000000007
1.4385589999999997
1.4396690000000003
1.4418140000000008
1.4415460000000007
1.4385589999999997
1.4396690000000003
1.4418140000000008
1.4415460000000007
1.4385589999999997
1.4396690000000003
1.4418140000000008
1.4415460000000007
1.4385589999999997
1.4396690000000003
1.4418140000000008
1.4415460000000007
1.4385589999999997
1.4396690000000003
1.4418140000000008
1.4415460000000007
1.4385589999999997
1.4396690000000003
1.4418140000000008
1.4415460000000007
1.4385589999999997
1.4396690000000003
1.4418140000000008
1.4415460000000007
1.4385589999999997
1.4396690000000003
1.4418140000000008
1.4415460000000007
1.4385589999999997
1.4396690000000003
1.4418140000000008
1.4415460000000007
1.4385589999999997
1.4396690000000003
1.4418140000000008
1.4415460000000007
1.4385589999999997
1.4396690000000003
1.4418140000000008
1.4415460000000007
1.4385589999999997
1.4396690000000003
1.4418140000000008
1.4415460000000007
1.4385589999999997
1.4396690000000003
1.4418140000000008
1.4415460000000007
1.4385589999999997
1.4396690000000003
1.4418140000000008
1.4415460000000007
1.4385589999999997
1.4396690000000003
1.4418140000000008
1.4415460000000007
1.4385589999999997
1.4396690000000003
1.4418140000000008
1.4415460000000007
1.4385589999999997
1.4396690000000003
1.4418140000000008
1.4415460000000007
1.4385589999999997
1.4396690000000003
1.4418140000000008
1.4415460000000007
1.4385589999999997
1.4396690000000003
1.4418140000000008
1.4415460000000007
1.4385589999999997
1.4396690000000003
1.4418140000000008
1.4415460000000007
1.4385589999999997
1.4396690000000003
1.4418140000000008
1.4415460000000007
1.4385589999999997
1.4396690000000003
1.4418140000000008
1.4415460000000007
1.4385589999999997
1.4396690000000003
1.4418140000000008
1.4415460000000007
1.4385589999999997
-1.4404440000000003
-1.4404630000000003
-1.4412079999999996
-1.4394710000000002
-1.4404440000000003
-1.4404630000000003
-1.4412079999999996
-1.4394710000000002
-1.4404440000000003
-1.4404630000000003
-1.4412079999999996
-1.4394710000000002
-1.4404440000000003
-1.4404630000000003
-1.4412079999999996
-1.4394710000000002
-1.4404440000000003
-1.4404630000000003
-1.4412079999999996
-1.4394710000000002
-1.4404440000000003
-1.4404630000000003
-1.4412079999999996
-1.4394710000000002
-1.4404440000000003
-1.4404630000000003
-1.4412079999999996
-1.4394710000000002
-1.4404440000000003
-1.4404630000000003
-1.4412079999999996
-1.4394710000000002
-1.4404440000000003
-1.4404630000000003
-1.4412079999999996
-1.4394710000000002
-1.4404440000000003
-1.4404630000000003
-1.4412079999999996
-1.4394710000000002
-1.4404440000000003
-1.4404630000000003
-1.4412079999999996
-1.4394710000000002
-1.4404440000000003
-1.4404630000000003
-1.4412079999999996
-1.4394710000000002
-1.4404440000000003
-1.4404630000000003
-1.4412079999999996
-1.4394710000000002
-1.4404440000000003
-1.4404630000000003
-1.4412079999999996
-1.4394710000000002
-1.4404440000000003
-1.4404630000000003
-1.4412079999999996
-1.4394710000000002
-1.4404440000000003
-1.4404630000000003
-1.4412079999999996
-1.4394710000000002
-1.4404440000000003
-1.4404630000000003
-1.4412079999999996
-1.4394710000000002
-1.4404440000000003
-1.4404630000000003
-1.4412079999999996
-1.4394710000000002
-1.4404440000000003
-1.4404630000000003
-1.4412079999999996
-1.4394710000000002
-1.4404440000000003
-1.4404630000000003
-1.4412079999999996
-1.4394710000000002
-1.4404440000000003
-1.4404630000000003
-1.4412079999999996
-1.4394710000000002
-1.4404440000000003
-1.4404630000000003
-1.4412079999999996
-1.4394710000000002
-1.4404440000000003
-1.4404630000000003
-1.4412079999999996
-1.4394710000000002
-1.4404440000000003
-1.4404630000000003
-1.4412079999999996
-1.4394710000000002
-1.4404440000000003
-1.4404630000000003
-1.4412079999999996
-1.4394710000000002
-1.4404440000000003
-1.4404630000000003
-1.4412079999999996
-1.4394710000000002
-1.4404440000000003
-1.4404630000000003
-1.4412079999999996
-1.4394710000000002
