1.4394829999999992
1.4400560000000002
1.4391339999999992
1.4372450000000008
1.4394829999999992
1.4400560000000002
1.4391339999999992
1.4372450000000008
1.4394829999999992
1.4400560000000002
1.4391339999999992
1.4372450000000008
1.4394829999999992
1.4400560000000002
1.4391339999999992
1.4372450000000008
1.4394829999999992
1.4400560000000002
1.4391339999999992
1.4372450000000008
1.4394829999999992
1.4400560000000002
1.4391339999999992
1.4372450000000008
1.4394829999999992
1.4400560000000002
1.4391339999999992
1.4372450000000008
1.4394829999999992
1.4400560000000002
1.4391339999999992
1.4372450000000008
1.4394829999999992
1.4400560000000002
1.4391339999999992
1.4372450000000008
1.4394829999999992
1.4400560000000002
1.4391339999999992
1.4372450000000008
1.4394829999999992
1.4400560000000002
1.4391339999999992
1.4372450000000008
1.4394829999999992
1.4400560000000002
1.4391339999999992
1.4372450000000008
1.4394829999999992
1.4400560000000002
1.4391339999999992
1.4372450000000008
1.4394829999999992
1.4400560000000002
1.4391339999999992
1.4372450000000008
1.4394829999999992
1.4400560000000002
1.4391339999999992
1.4372450000000008
1.4394829999999992
1.4400560000000002
1.4391339999999992
1.4372450000000008
1.4394829999999992
1.4400560000000002
1.4391339999999992
1.4372450000000008
1.4394829999999992
1.4400560000000002
1.4391339999999992
1.4372450000000008
1.4394829999999992
1.4400560000000002
1.4391339999999992
1.4372450000000008
1.4394829999999992
1.4400560000000002
1.4391339999999992
1.4372450000000008
1.4394829999999992
1.4400560000000002
1.4391339999999992
1.4372450000000008
1.4394829999999992
1.4400560000000002
1.4391339999999992
1.4372450000000008
1.4394829999999992
1.4400560000000002
1.4391339999999992
1.4372450000000008
1.4394829999999992
1.4400560000000002
1.4391339999999992
1.4372450000000008
1.4394829999999992
1.4400560000000002
1.4391339999999992
1.4372450000000008
1.4394829999999992
1.4400560000000002
1.4391339999999992
1.4372450000000008
1.4394829999999992
1.4400560000000002
1.4391339999999992
1.4372450000000008
1.4394829999999992
1.4400560000000002
1.4391339999999992
1.4372450000000008
1.4394829999999992
1.4400560000000002
1.4391339999999992
1.4372450000000008
1.4394829999999992
1.4400560000000002
1.4391339999999992
1.4372450000000008
1.4394829999999992
1.4400560000000002
1.4391339999999992
1.4372450000000008
1.4394829999999992
1.4400560000000002
1.4391339999999992
1.4372450000000008
1.4394829999999992
1.4400560000000002
1.4391339999999992
1.4372450000000008
1.4394829999999992
1.4400560000000002
1.4391339999999992
1.4372450000000008
1.4394829999999992
1.4400560000000002
1.4391339999999992
1.4372450000000008
1.4394829999999992
1.4400560000000002
1.4391339999999992
1.4372450000000008
-1.4392379999999996
-1.4394799999999996
-1.439571
-1.4376259999999998
-1.4392379999999996
-1.4394799999999996
-1.439571
-1.4376259999999998
-1.4392379999999996
-1.4394799999999996
-1.439571
-1.4376259999999998
-1.4392379999999996
-1.4394799999999996
-1.439571
-1.4376259999999998
-1.4392379999999996
-1.4394799999999996
-1.439571
-1.4376259999999998
-1.4392379999999996
-1.4394799999999996
-1.439571
-1.4376259999999998
-1.4392379999999996
-1.4394799999999996
-1.439571
-1.4376259999999998
-1.4392379999999996
-1.4394799999999996
-1.439571
-1.4376259999999998
-1.4392379999999996
-1.4394799999999996
-1.439571
-1.4376259999999998
-1.4392379999999996
-1.4394799999999996
-1.439571
-1.4376259999999998
-1.4392379999999996
-1.4394799999999996
-1.439571
-1.4376259999999998
-1.4392379999999996
-1.4394799999999996
-1.439571
-1.4376259999999998
-1.4392379999999996
-1.4394799999999996
-1.439571
-1.4376259999999998
-1.4392379999999996
-1.4394799999999996
-1.439571
-1.4376259999999998
-1.4392379999999996
-1.4394799999999996
-1.439571
-1.4376259999999998
-1.4392379999999996
-1.4394799999999996
-1.439571
-1.4376259999999998
-1.4392379999999996
-1.4394799999999996
-1.439571
-1.4376259999999998
-1.4392379999999996
-1.4394799999999996
-1.439571
-1.4376259999999998
-1.4392379999999996
-1.4394799999999996
-1.439571
-1.4376259999999998
-1.4392379999999996
-1.4394799999999996
-1.439571
-1.4376259999999998
-1.4392379999999996
-1.4394799999999996
-1.439571
-1.4376259999999998
-1.4392379999999996
-1.4394799999999996
-1.439571
-1.4376259999999998
-1.4392379999999996
-1.4394799999999996
-1.439571
-1.4376259999999998
-1.4392379999999996
-1.4394799999999996
-1.439571
-1.4376259999999998
-1.4392379999999996
-1.4394799999999996
-1.439571
-1.4376259999999998
-1.4392379999999996
-1.4394799999999996
-1.439571
-1.4376259999999998
-1.4392379999999996
-1.4394799999999996
-1.439571
-1.4376259999999998
-1.4392379999999996
-1.4394799999999996
-1.439571
-1.4376259999999998
-1.4392379999999996
-1.4394799999999996
-1.439571
-1.4376259999999998
-1.4392379999999996
-1.4394799999999996
-1.439571
-1.4376259999999998
-1.4392379999999996
-1.4394799999999996
-1.439571
-1.4376259999999998
-1.4392379999999996
-1.4394799999999996
-1.439571
-1.4376259999999998
-1.4392379999999996
-1.4394799999999996
-1.439571
-1.4376259999999998
-1.4392379999999996
-1.4394799999999996
-1.439571
-1.4376259999999998
-1.4392379999999996
-1.4394799999999996
-1.439571
-1.4376259999999998
-1.4392379999999996
-1.4394799999999996
-1.439571
-1.4376259999999998
