1.28369
1.28369
1.28369
1.28369
1.28369
1.28369
1.28369
1.28369
1.28369
1.28369
1.28369
1.28369
1.28369
1.28369
1.28369
1.28369
1.28369
1.28369
1.28369
1.28369
1.28369
1.28369
1.28369
1.28369
1.28369
1.28369
1.28369
-1.2836889999999999
-1.2836889999999999
-1.2836889999999999
-1.2836889999999999
-1.2836889999999999
-1.2836889999999999
-1.2836889999999999
-1.2836889999999999
-1.2836889999999999
-1.2836889999999999
-1.2836889999999999
-1.2836889999999999
-1.2836889999999999
-1.2836889999999999
-1.2836889999999999
-1.2836889999999999
-1.2836889999999999
-1.2836889999999999
-1.2836889999999999
-1.2836889999999999
-1.2836889999999999
-1.2836889999999999
-1.2836889999999999
-1.2836889999999999
-1.2836889999999999
-1.2836889999999999
-1.2836889999999999
