1.3481140000000007
1.3577180000000002
1.3481140000000007
1.3577180000000002
1.3481140000000007
1.3577180000000002
1.3481140000000007
1.3577180000000002
1.3481140000000007
1.3577180000000002
1.3481140000000007
1.3577180000000002
1.3481140000000007
1.3577180000000002
1.3481140000000007
1.3577180000000002
1.3481140000000007
1.3577180000000002
1.3481140000000007
1.3577180000000002
1.3481140000000007
1.3577180000000002
1.3481140000000007
1.3577180000000002
1.3481140000000007
1.3577180000000002
1.3481140000000007
1.3577180000000002
1.3481140000000007
1.3577180000000002
1.3481140000000007
1.3577180000000002
1.3481140000000007
1.3577180000000002
1.3481140000000007
1.3577180000000002
1.3481140000000007
1.3577180000000002
1.3481140000000007
1.3577180000000002
1.3481140000000007
1.3577180000000002
1.3481140000000007
1.3577180000000002
1.3481140000000007
1.3577180000000002
1.3481140000000007
1.3577180000000002
1.3481140000000007
1.3577180000000002
1.3481140000000007
1.3577180000000002
1.3481140000000007
1.3577180000000002
1.3481140000000007
1.3577180000000002
1.3481140000000007
1.3577180000000002
1.3481140000000007
1.3577180000000002
1.3481140000000007
1.3577180000000002
1.3481140000000007
1.3577180000000002
1.3481140000000007
1.3577180000000002
1.3481140000000007
1.3577180000000002
1.3481140000000007
1.3577180000000002
1.3481140000000007
1.3577180000000002
1.3481140000000007
1.3577180000000002
1.3481140000000007
1.3577180000000002
1.3481140000000007
1.3577180000000002
1.3481140000000007
1.3577180000000002
1.3481140000000007
1.3577180000000002
1.3481140000000007
1.3577180000000002
1.3481140000000007
1.3577180000000002
1.3481140000000007
1.3577180000000002
1.3481140000000007
1.3577180000000002
1.3481140000000007
1.3577180000000002
1.3481140000000007
1.3577180000000002
1.3481140000000007
1.3577180000000002
1.3481140000000007
1.3577180000000002
1.3481140000000007
1.3577180000000002
1.3481140000000007
1.3577180000000002
1.3481140000000007
1.3577180000000002
1.3481140000000007
1.3577180000000002
1.3481140000000007
1.3577180000000002
1.3481140000000007
1.3577180000000002
1.3481140000000007
1.3577180000000002
1.3481140000000007
1.3577180000000002
1.3481140000000007
1.3577180000000002
1.3481140000000007
1.3577180000000002
1.3481140000000007
1.3577180000000002
-1.3644109999999996
-1.3414219999999997
-1.3644109999999996
-1.3414219999999997
-1.3644109999999996
-1.3414219999999997
-1.3644109999999996
-1.3414219999999997
-1.3644109999999996
-1.3414219999999997
-1.3644109999999996
-1.3414219999999997
-1.3644109999999996
-1.3414219999999997
-1.3644109999999996
-1.3414219999999997
-1.3644109999999996
-1.3414219999999997
-1.3644109999999996
-1.3414219999999997
-1.3644109999999996
-1.3414219999999997
-1.3644109999999996
-1.3414219999999997
-1.3644109999999996
-1.3414219999999997
-1.3644109999999996
-1.3414219999999997
-1.3644109999999996
-1.3414219999999997
-1.3644109999999996
-1.3414219999999997
-1.3644109999999996
-1.3414219999999997
-1.3644109999999996
-1.3414219999999997
-1.3644109999999996
-1.3414219999999997
-1.3644109999999996
-1.3414219999999997
-1.3644109999999996
-1.3414219999999997
-1.3644109999999996
-1.3414219999999997
-1.3644109999999996
-1.3414219999999997
-1.3644109999999996
-1.3414219999999997
-1.3644109999999996
-1.3414219999999997
-1.3644109999999996
-1.3414219999999997
-1.3644109999999996
-1.3414219999999997
-1.3644109999999996
-1.3414219999999997
-1.3644109999999996
-1.3414219999999997
-1.3644109999999996
-1.3414219999999997
-1.3644109999999996
-1.3414219999999997
-1.3644109999999996
-1.3414219999999997
-1.3644109999999996
-1.3414219999999997
-1.3644109999999996
-1.3414219999999997
-1.3644109999999996
-1.3414219999999997
-1.3644109999999996
-1.3414219999999997
-1.3644109999999996
-1.3414219999999997
-1.3644109999999996
-1.3414219999999997
-1.3644109999999996
-1.3414219999999997
-1.3644109999999996
-1.3414219999999997
-1.3644109999999996
-1.3414219999999997
-1.3644109999999996
-1.3414219999999997
-1.3644109999999996
-1.3414219999999997
-1.3644109999999996
-1.3414219999999997
-1.3644109999999996
-1.3414219999999997
-1.3644109999999996
-1.3414219999999997
-1.3644109999999996
-1.3414219999999997
-1.3644109999999996
-1.3414219999999997
-1.3644109999999996
-1.3414219999999997
-1.3644109999999996
-1.3414219999999997
-1.3644109999999996
-1.3414219999999997
-1.3644109999999996
-1.3414219999999997
-1.3644109999999996
-1.3414219999999997
-1.3644109999999996
-1.3414219999999997
-1.3644109999999996
-1.3414219999999997
-1.3644109999999996
-1.3414219999999997
-1.3644109999999996
-1.3414219999999997
-1.3644109999999996
-1.3414219999999997
-1.3644109999999996
-1.3414219999999997
-1.3644109999999996
-1.3414219999999997
