1.3787450000000003
1.3787450000000003
1.3787450000000003
1.3787450000000003
1.3787450000000003
1.3787450000000003
1.3787450000000003
1.3787450000000003
1.3787450000000003
1.3787450000000003
1.3787450000000003
1.3787450000000003
1.3787450000000003
1.3787450000000003
1.3787450000000003
1.3787450000000003
1.3787450000000003
1.3787450000000003
1.3787450000000003
1.3787450000000003
1.3787450000000003
1.3787450000000003
1.3787450000000003
1.3787450000000003
1.3787450000000003
1.3787450000000003
1.3787450000000003
1.3787450000000003
1.3787450000000003
1.3787450000000003
1.3787450000000003
1.3787450000000003
1.3787450000000003
1.3787450000000003
1.3787450000000003
1.3787450000000003
1.3787450000000003
1.3787450000000003
1.3787450000000003
1.3787450000000003
1.3787450000000003
1.3787450000000003
1.3787450000000003
1.3787450000000003
1.3787450000000003
1.3787450000000003
1.3787450000000003
1.3787450000000003
1.3787450000000003
1.3787450000000003
1.3787450000000003
1.3787450000000003
1.3787450000000003
1.3787450000000003
1.3787450000000003
1.3787450000000003
1.3787450000000003
1.3787450000000003
1.3787450000000003
1.3787450000000003
1.3787450000000003
1.3787450000000003
1.3787450000000003
1.3787450000000003
-1.3787440000000002
-1.3787440000000002
-1.3787440000000002
-1.3787440000000002
-1.3787440000000002
-1.3787440000000002
-1.3787440000000002
-1.3787440000000002
-1.3787440000000002
-1.3787440000000002
-1.3787440000000002
-1.3787440000000002
-1.3787440000000002
-1.3787440000000002
-1.3787440000000002
-1.3787440000000002
-1.3787440000000002
-1.3787440000000002
-1.3787440000000002
-1.3787440000000002
-1.3787440000000002
-1.3787440000000002
-1.3787440000000002
-1.3787440000000002
-1.3787440000000002
-1.3787440000000002
-1.3787440000000002
-1.3787440000000002
-1.3787440000000002
-1.3787440000000002
-1.3787440000000002
-1.3787440000000002
-1.3787440000000002
-1.3787440000000002
-1.3787440000000002
-1.3787440000000002
-1.3787440000000002
-1.3787440000000002
-1.3787440000000002
-1.3787440000000002
-1.3787440000000002
-1.3787440000000002
-1.3787440000000002
-1.3787440000000002
-1.3787440000000002
-1.3787440000000002
-1.3787440000000002
-1.3787440000000002
-1.3787440000000002
-1.3787440000000002
-1.3787440000000002
-1.3787440000000002
-1.3787440000000002
-1.3787440000000002
-1.3787440000000002
-1.3787440000000002
-1.3787440000000002
-1.3787440000000002
-1.3787440000000002
-1.3787440000000002
-1.3787440000000002
-1.3787440000000002
-1.3787440000000002
-1.3787440000000002
