1.4210329999999995
1.4264759999999992
1.4247110000000003
1.4274159999999991
1.4210329999999995
1.4264759999999992
1.4247110000000003
1.4274159999999991
1.4210329999999995
1.4264759999999992
1.4247110000000003
1.4274159999999991
1.4210329999999995
1.4264759999999992
1.4247110000000003
1.4274159999999991
1.4210329999999995
1.4264759999999992
1.4247110000000003
1.4274159999999991
1.4210329999999995
1.4264759999999992
1.4247110000000003
1.4274159999999991
1.4210329999999995
1.4264759999999992
1.4247110000000003
1.4274159999999991
1.4210329999999995
1.4264759999999992
1.4247110000000003
1.4274159999999991
1.4210329999999995
1.4264759999999992
1.4247110000000003
1.4274159999999991
1.4210329999999995
1.4264759999999992
1.4247110000000003
1.4274159999999991
1.4210329999999995
1.4264759999999992
1.4247110000000003
1.4274159999999991
1.4210329999999995
1.4264759999999992
1.4247110000000003
1.4274159999999991
1.4210329999999995
1.4264759999999992
1.4247110000000003
1.4274159999999991
1.4210329999999995
1.4264759999999992
1.4247110000000003
1.4274159999999991
1.4210329999999995
1.4264759999999992
1.4247110000000003
1.4274159999999991
1.4210329999999995
1.4264759999999992
1.4247110000000003
1.4274159999999991
1.4210329999999995
1.4264759999999992
1.4247110000000003
1.4274159999999991
1.4210329999999995
1.4264759999999992
1.4247110000000003
1.4274159999999991
1.4210329999999995
1.4264759999999992
1.4247110000000003
1.4274159999999991
1.4210329999999995
1.4264759999999992
1.4247110000000003
1.4274159999999991
1.4210329999999995
1.4264759999999992
1.4247110000000003
1.4274159999999991
1.4210329999999995
1.4264759999999992
1.4247110000000003
1.4274159999999991
1.4210329999999995
1.4264759999999992
1.4247110000000003
1.4274159999999991
1.4210329999999995
1.4264759999999992
1.4247110000000003
1.4274159999999991
1.4210329999999995
1.4264759999999992
1.4247110000000003
1.4274159999999991
1.4210329999999995
1.4264759999999992
1.4247110000000003
1.4274159999999991
1.4210329999999995
1.4264759999999992
1.4247110000000003
1.4274159999999991
1.4210329999999995
1.4264759999999992
1.4247110000000003
1.4274159999999991
1.4210329999999995
1.4264759999999992
1.4247110000000003
1.4274159999999991
1.4210329999999995
1.4264759999999992
1.4247110000000003
1.4274159999999991
1.4210329999999995
1.4264759999999992
1.4247110000000003
1.4274159999999991
1.4210329999999995
1.4264759999999992
1.4247110000000003
1.4274159999999991
1.4210329999999995
1.4264759999999992
1.4247110000000003
1.4274159999999991
1.4210329999999995
1.4264759999999992
1.4247110000000003
1.4274159999999991
1.4210329999999995
1.4264759999999992
1.4247110000000003
1.4274159999999991
1.4210329999999995
1.4264759999999992
1.4247110000000003
1.4274159999999991
1.4210329999999995
1.4264759999999992
1.4247110000000003
1.4274159999999991
1.4210329999999995
1.4264759999999992
1.4247110000000003
1.4274159999999991
1.4210329999999995
1.4264759999999992
1.4247110000000003
1.4274159999999991
1.4210329999999995
1.4264759999999992
1.4247110000000003
1.4274159999999991
1.4210329999999995
1.4264759999999992
1.4247110000000003
1.4274159999999991
1.4210329999999995
1.4264759999999992
1.4247110000000003
1.4274159999999991
1.4210329999999995
1.4264759999999992
1.4247110000000003
1.4274159999999991
1.4210329999999995
1.4264759999999992
1.4247110000000003
1.4274159999999991
1.4210329999999995
1.4264759999999992
1.4247110000000003
1.4274159999999991
1.4210329999999995
1.4264759999999992
1.4247110000000003
1.4274159999999991
1.4210329999999995
1.4264759999999992
1.4247110000000003
1.4274159999999991
1.4210329999999995
1.4264759999999992
1.4247110000000003
1.4274159999999991
-1.424302
-1.4260979999999996
-1.4242920000000003
-1.4249470000000004
-1.424302
-1.4260979999999996
-1.4242920000000003
-1.4249470000000004
-1.424302
-1.4260979999999996
-1.4242920000000003
-1.4249470000000004
-1.424302
-1.4260979999999996
-1.4242920000000003
-1.4249470000000004
-1.424302
-1.4260979999999996
-1.4242920000000003
-1.4249470000000004
-1.424302
-1.4260979999999996
-1.4242920000000003
-1.4249470000000004
-1.424302
-1.4260979999999996
-1.4242920000000003
-1.4249470000000004
-1.424302
-1.4260979999999996
-1.4242920000000003
-1.4249470000000004
-1.424302
-1.4260979999999996
-1.4242920000000003
-1.4249470000000004
-1.424302
-1.4260979999999996
-1.4242920000000003
-1.4249470000000004
-1.424302
-1.4260979999999996
-1.4242920000000003
-1.4249470000000004
-1.424302
-1.4260979999999996
-1.4242920000000003
-1.4249470000000004
-1.424302
-1.4260979999999996
-1.4242920000000003
-1.4249470000000004
-1.424302
-1.4260979999999996
-1.4242920000000003
-1.4249470000000004
-1.424302
-1.4260979999999996
-1.4242920000000003
-1.4249470000000004
-1.424302
-1.4260979999999996
-1.4242920000000003
-1.4249470000000004
-1.424302
-1.4260979999999996
-1.4242920000000003
-1.4249470000000004
-1.424302
-1.4260979999999996
-1.4242920000000003
-1.4249470000000004
-1.424302
-1.4260979999999996
-1.4242920000000003
-1.4249470000000004
-1.424302
-1.4260979999999996
-1.4242920000000003
-1.4249470000000004
-1.424302
-1.4260979999999996
-1.4242920000000003
-1.4249470000000004
-1.424302
-1.4260979999999996
-1.4242920000000003
-1.4249470000000004
-1.424302
-1.4260979999999996
-1.4242920000000003
-1.4249470000000004
-1.424302
-1.4260979999999996
-1.4242920000000003
-1.4249470000000004
-1.424302
-1.4260979999999996
-1.4242920000000003
-1.4249470000000004
-1.424302
-1.4260979999999996
-1.4242920000000003
-1.4249470000000004
-1.424302
-1.4260979999999996
-1.4242920000000003
-1.4249470000000004
-1.424302
-1.4260979999999996
-1.4242920000000003
-1.4249470000000004
-1.424302
-1.4260979999999996
-1.4242920000000003
-1.4249470000000004
-1.424302
-1.4260979999999996
-1.4242920000000003
-1.4249470000000004
-1.424302
-1.4260979999999996
-1.4242920000000003
-1.4249470000000004
-1.424302
-1.4260979999999996
-1.4242920000000003
-1.4249470000000004
-1.424302
-1.4260979999999996
-1.4242920000000003
-1.4249470000000004
-1.424302
-1.4260979999999996
-1.4242920000000003
-1.4249470000000004
-1.424302
-1.4260979999999996
-1.4242920000000003
-1.4249470000000004
-1.424302
-1.4260979999999996
-1.4242920000000003
-1.4249470000000004
-1.424302
-1.4260979999999996
-1.4242920000000003
-1.4249470000000004
-1.424302
-1.4260979999999996
-1.4242920000000003
-1.4249470000000004
-1.424302
-1.4260979999999996
-1.4242920000000003
-1.4249470000000004
-1.424302
-1.4260979999999996
-1.4242920000000003
-1.4249470000000004
-1.424302
-1.4260979999999996
-1.4242920000000003
-1.4249470000000004
-1.424302
-1.4260979999999996
-1.4242920000000003
-1.4249470000000004
-1.424302
-1.4260979999999996
-1.4242920000000003
-1.4249470000000004
-1.424302
-1.4260979999999996
-1.4242920000000003
-1.4249470000000004
-1.424302
-1.4260979999999996
-1.4242920000000003
-1.4249470000000004
-1.424302
-1.4260979999999996
-1.4242920000000003
-1.4249470000000004
-1.424302
-1.4260979999999996
-1.4242920000000003
-1.4249470000000004
-1.424302
-1.4260979999999996
-1.4242920000000003
-1.4249470000000004
