1.4349910000000001
1.4292850000000001
1.4327089999999991
1.4359330000000003
1.4349910000000001
1.4292850000000001
1.4327089999999991
1.4359330000000003
1.4349910000000001
1.4292850000000001
1.4327089999999991
1.4359330000000003
1.4349910000000001
1.4292850000000001
1.4327089999999991
1.4359330000000003
1.4349910000000001
1.4292850000000001
1.4327089999999991
1.4359330000000003
1.4349910000000001
1.4292850000000001
1.4327089999999991
1.4359330000000003
1.4349910000000001
1.4292850000000001
1.4327089999999991
1.4359330000000003
1.4349910000000001
1.4292850000000001
1.4327089999999991
1.4359330000000003
1.4349910000000001
1.4292850000000001
1.4327089999999991
1.4359330000000003
1.4349910000000001
1.4292850000000001
1.4327089999999991
1.4359330000000003
1.4349910000000001
1.4292850000000001
1.4327089999999991
1.4359330000000003
1.4349910000000001
1.4292850000000001
1.4327089999999991
1.4359330000000003
1.4349910000000001
1.4292850000000001
1.4327089999999991
1.4359330000000003
1.4349910000000001
1.4292850000000001
1.4327089999999991
1.4359330000000003
1.4349910000000001
1.4292850000000001
1.4327089999999991
1.4359330000000003
1.4349910000000001
1.4292850000000001
1.4327089999999991
1.4359330000000003
1.4349910000000001
1.4292850000000001
1.4327089999999991
1.4359330000000003
1.4349910000000001
1.4292850000000001
1.4327089999999991
1.4359330000000003
1.4349910000000001
1.4292850000000001
1.4327089999999991
1.4359330000000003
1.4349910000000001
1.4292850000000001
1.4327089999999991
1.4359330000000003
1.4349910000000001
1.4292850000000001
1.4327089999999991
1.4359330000000003
1.4349910000000001
1.4292850000000001
1.4327089999999991
1.4359330000000003
1.4349910000000001
1.4292850000000001
1.4327089999999991
1.4359330000000003
1.4349910000000001
1.4292850000000001
1.4327089999999991
1.4359330000000003
1.4349910000000001
1.4292850000000001
1.4327089999999991
1.4359330000000003
1.4349910000000001
1.4292850000000001
1.4327089999999991
1.4359330000000003
1.4349910000000001
1.4292850000000001
1.4327089999999991
1.4359330000000003
1.4349910000000001
1.4292850000000001
1.4327089999999991
1.4359330000000003
1.4349910000000001
1.4292850000000001
1.4327089999999991
1.4359330000000003
1.4349910000000001
1.4292850000000001
1.4327089999999991
1.4359330000000003
1.4349910000000001
1.4292850000000001
1.4327089999999991
1.4359330000000003
1.4349910000000001
1.4292850000000001
1.4327089999999991
1.4359330000000003
1.4349910000000001
1.4292850000000001
1.4327089999999991
1.4359330000000003
1.4349910000000001
1.4292850000000001
1.4327089999999991
1.4359330000000003
1.4349910000000001
1.4292850000000001
1.4327089999999991
1.4359330000000003
1.4349910000000001
1.4292850000000001
1.4327089999999991
1.4359330000000003
-1.4362240000000002
-1.4354829999999996
-1.4306830000000001
-1.4305279999999998
-1.4362240000000002
-1.4354829999999996
-1.4306830000000001
-1.4305279999999998
-1.4362240000000002
-1.4354829999999996
-1.4306830000000001
-1.4305279999999998
-1.4362240000000002
-1.4354829999999996
-1.4306830000000001
-1.4305279999999998
-1.4362240000000002
-1.4354829999999996
-1.4306830000000001
-1.4305279999999998
-1.4362240000000002
-1.4354829999999996
-1.4306830000000001
-1.4305279999999998
-1.4362240000000002
-1.4354829999999996
-1.4306830000000001
-1.4305279999999998
-1.4362240000000002
-1.4354829999999996
-1.4306830000000001
-1.4305279999999998
-1.4362240000000002
-1.4354829999999996
-1.4306830000000001
-1.4305279999999998
-1.4362240000000002
-1.4354829999999996
-1.4306830000000001
-1.4305279999999998
-1.4362240000000002
-1.4354829999999996
-1.4306830000000001
-1.4305279999999998
-1.4362240000000002
-1.4354829999999996
-1.4306830000000001
-1.4305279999999998
-1.4362240000000002
-1.4354829999999996
-1.4306830000000001
-1.4305279999999998
-1.4362240000000002
-1.4354829999999996
-1.4306830000000001
-1.4305279999999998
-1.4362240000000002
-1.4354829999999996
-1.4306830000000001
-1.4305279999999998
-1.4362240000000002
-1.4354829999999996
-1.4306830000000001
-1.4305279999999998
-1.4362240000000002
-1.4354829999999996
-1.4306830000000001
-1.4305279999999998
-1.4362240000000002
-1.4354829999999996
-1.4306830000000001
-1.4305279999999998
-1.4362240000000002
-1.4354829999999996
-1.4306830000000001
-1.4305279999999998
-1.4362240000000002
-1.4354829999999996
-1.4306830000000001
-1.4305279999999998
-1.4362240000000002
-1.4354829999999996
-1.4306830000000001
-1.4305279999999998
-1.4362240000000002
-1.4354829999999996
-1.4306830000000001
-1.4305279999999998
-1.4362240000000002
-1.4354829999999996
-1.4306830000000001
-1.4305279999999998
-1.4362240000000002
-1.4354829999999996
-1.4306830000000001
-1.4305279999999998
-1.4362240000000002
-1.4354829999999996
-1.4306830000000001
-1.4305279999999998
-1.4362240000000002
-1.4354829999999996
-1.4306830000000001
-1.4305279999999998
-1.4362240000000002
-1.4354829999999996
-1.4306830000000001
-1.4305279999999998
-1.4362240000000002
-1.4354829999999996
-1.4306830000000001
-1.4305279999999998
-1.4362240000000002
-1.4354829999999996
-1.4306830000000001
-1.4305279999999998
-1.4362240000000002
-1.4354829999999996
-1.4306830000000001
-1.4305279999999998
-1.4362240000000002
-1.4354829999999996
-1.4306830000000001
-1.4305279999999998
-1.4362240000000002
-1.4354829999999996
-1.4306830000000001
-1.4305279999999998
-1.4362240000000002
-1.4354829999999996
-1.4306830000000001
-1.4305279999999998
-1.4362240000000002
-1.4354829999999996
-1.4306830000000001
-1.4305279999999998
-1.4362240000000002
-1.4354829999999996
-1.4306830000000001
-1.4305279999999998
-1.4362240000000002
-1.4354829999999996
-1.4306830000000001
-1.4305279999999998
