1.4620639999999998
1.4620639999999998
1.4620639999999998
1.4620639999999998
1.4620639999999998
1.4620639999999998
1.4620639999999998
1.4620639999999998
1.4620639999999998
1.4620639999999998
1.4620639999999998
1.4620639999999998
1.4620639999999998
1.4620639999999998
1.4620639999999998
1.4620639999999998
1.4620639999999998
1.4620639999999998
1.4620639999999998
1.4620639999999998
1.4620639999999998
1.4620639999999998
1.4620639999999998
1.4620639999999998
1.4620639999999998
1.4620639999999998
1.4620639999999998
1.4620639999999998
1.4620639999999998
1.4620639999999998
1.4620639999999998
1.4620639999999998
1.4620639999999998
1.4620639999999998
1.4620639999999998
1.4620639999999998
1.4620639999999998
1.4620639999999998
1.4620639999999998
1.4620639999999998
1.4620639999999998
1.4620639999999998
1.4620639999999998
1.4620639999999998
1.4620639999999998
1.4620639999999998
1.4620639999999998
1.4620639999999998
1.4620639999999998
1.4620639999999998
1.4620639999999998
1.4620639999999998
1.4620639999999998
1.4620639999999998
1.4620639999999998
1.4620639999999998
1.4620639999999998
1.4620639999999998
1.4620639999999998
1.4620639999999998
1.4620639999999998
1.4620639999999998
1.4620639999999998
1.4620639999999998
-1.4620670000000002
-1.4620670000000002
-1.4620670000000002
-1.4620670000000002
-1.4620670000000002
-1.4620670000000002
-1.4620670000000002
-1.4620670000000002
-1.4620670000000002
-1.4620670000000002
-1.4620670000000002
-1.4620670000000002
-1.4620670000000002
-1.4620670000000002
-1.4620670000000002
-1.4620670000000002
-1.4620670000000002
-1.4620670000000002
-1.4620670000000002
-1.4620670000000002
-1.4620670000000002
-1.4620670000000002
-1.4620670000000002
-1.4620670000000002
-1.4620670000000002
-1.4620670000000002
-1.4620670000000002
-1.4620670000000002
-1.4620670000000002
-1.4620670000000002
-1.4620670000000002
-1.4620670000000002
-1.4620670000000002
-1.4620670000000002
-1.4620670000000002
-1.4620670000000002
-1.4620670000000002
-1.4620670000000002
-1.4620670000000002
-1.4620670000000002
-1.4620670000000002
-1.4620670000000002
-1.4620670000000002
-1.4620670000000002
-1.4620670000000002
-1.4620670000000002
-1.4620670000000002
-1.4620670000000002
-1.4620670000000002
-1.4620670000000002
-1.4620670000000002
-1.4620670000000002
-1.4620670000000002
-1.4620670000000002
-1.4620670000000002
-1.4620670000000002
-1.4620670000000002
-1.4620670000000002
-1.4620670000000002
-1.4620670000000002
-1.4620670000000002
-1.4620670000000002
-1.4620670000000002
-1.4620670000000002
