1.4446469999999998
1.4420380000000002
1.4395550000000004
1.4440620000000006
1.4446469999999998
1.4420380000000002
1.4395550000000004
1.4440620000000006
1.4446469999999998
1.4420380000000002
1.4395550000000004
1.4440620000000006
1.4446469999999998
1.4420380000000002
1.4395550000000004
1.4440620000000006
1.4446469999999998
1.4420380000000002
1.4395550000000004
1.4440620000000006
1.4446469999999998
1.4420380000000002
1.4395550000000004
1.4440620000000006
1.4446469999999998
1.4420380000000002
1.4395550000000004
1.4440620000000006
1.4446469999999998
1.4420380000000002
1.4395550000000004
1.4440620000000006
1.4446469999999998
1.4420380000000002
1.4395550000000004
1.4440620000000006
1.4446469999999998
1.4420380000000002
1.4395550000000004
1.4440620000000006
1.4446469999999998
1.4420380000000002
1.4395550000000004
1.4440620000000006
1.4446469999999998
1.4420380000000002
1.4395550000000004
1.4440620000000006
1.4446469999999998
1.4420380000000002
1.4395550000000004
1.4440620000000006
1.4446469999999998
1.4420380000000002
1.4395550000000004
1.4440620000000006
1.4446469999999998
1.4420380000000002
1.4395550000000004
1.4440620000000006
1.4446469999999998
1.4420380000000002
1.4395550000000004
1.4440620000000006
1.4446469999999998
1.4420380000000002
1.4395550000000004
1.4440620000000006
1.4446469999999998
1.4420380000000002
1.4395550000000004
1.4440620000000006
1.4446469999999998
1.4420380000000002
1.4395550000000004
1.4440620000000006
1.4446469999999998
1.4420380000000002
1.4395550000000004
1.4440620000000006
1.4446469999999998
1.4420380000000002
1.4395550000000004
1.4440620000000006
1.4446469999999998
1.4420380000000002
1.4395550000000004
1.4440620000000006
1.4446469999999998
1.4420380000000002
1.4395550000000004
1.4440620000000006
1.4446469999999998
1.4420380000000002
1.4395550000000004
1.4440620000000006
1.4446469999999998
1.4420380000000002
1.4395550000000004
1.4440620000000006
1.4446469999999998
1.4420380000000002
1.4395550000000004
1.4440620000000006
1.4446469999999998
1.4420380000000002
1.4395550000000004
1.4440620000000006
-1.4408279999999998
-1.4427890000000003
-1.4434690000000003
-1.443218
-1.4408279999999998
-1.4427890000000003
-1.4434690000000003
-1.443218
-1.4408279999999998
-1.4427890000000003
-1.4434690000000003
-1.443218
-1.4408279999999998
-1.4427890000000003
-1.4434690000000003
-1.443218
-1.4408279999999998
-1.4427890000000003
-1.4434690000000003
-1.443218
-1.4408279999999998
-1.4427890000000003
-1.4434690000000003
-1.443218
-1.4408279999999998
-1.4427890000000003
-1.4434690000000003
-1.443218
-1.4408279999999998
-1.4427890000000003
-1.4434690000000003
-1.443218
-1.4408279999999998
-1.4427890000000003
-1.4434690000000003
-1.443218
-1.4408279999999998
-1.4427890000000003
-1.4434690000000003
-1.443218
-1.4408279999999998
-1.4427890000000003
-1.4434690000000003
-1.443218
-1.4408279999999998
-1.4427890000000003
-1.4434690000000003
-1.443218
-1.4408279999999998
-1.4427890000000003
-1.4434690000000003
-1.443218
-1.4408279999999998
-1.4427890000000003
-1.4434690000000003
-1.443218
-1.4408279999999998
-1.4427890000000003
-1.4434690000000003
-1.443218
-1.4408279999999998
-1.4427890000000003
-1.4434690000000003
-1.443218
-1.4408279999999998
-1.4427890000000003
-1.4434690000000003
-1.443218
-1.4408279999999998
-1.4427890000000003
-1.4434690000000003
-1.443218
-1.4408279999999998
-1.4427890000000003
-1.4434690000000003
-1.443218
-1.4408279999999998
-1.4427890000000003
-1.4434690000000003
-1.443218
-1.4408279999999998
-1.4427890000000003
-1.4434690000000003
-1.443218
-1.4408279999999998
-1.4427890000000003
-1.4434690000000003
-1.443218
-1.4408279999999998
-1.4427890000000003
-1.4434690000000003
-1.443218
-1.4408279999999998
-1.4427890000000003
-1.4434690000000003
-1.443218
-1.4408279999999998
-1.4427890000000003
-1.4434690000000003
-1.443218
-1.4408279999999998
-1.4427890000000003
-1.4434690000000003
-1.443218
-1.4408279999999998
-1.4427890000000003
-1.4434690000000003
-1.443218
