0.9695370000000008
0.9695370000000008
0.9695370000000008
0.9695370000000008
0.9695370000000008
0.9695370000000008
0.9695370000000008
0.9695370000000008
0.9695370000000008
0.9695370000000008
0.9695370000000008
0.9695370000000008
0.9695370000000008
0.9695370000000008
0.9695370000000008
0.9695370000000008
0.9695370000000008
0.9695370000000008
0.9695370000000008
0.9695370000000008
0.9695370000000008
0.9695370000000008
0.9695370000000008
0.9695370000000008
0.9695370000000008
0.9695370000000008
0.9695370000000008
-0.969538
-0.969538
-0.969538
-0.969538
-0.969538
-0.969538
-0.969538
-0.969538
-0.969538
-0.969538
-0.969538
-0.969538
-0.969538
-0.969538
-0.969538
-0.969538
-0.969538
-0.969538
-0.969538
-0.969538
-0.969538
-0.969538
-0.969538
-0.969538
-0.969538
-0.969538
-0.969538
