1.4080940000000002
1.4099400000000006
1.4080940000000002
1.4099400000000006
1.4080940000000002
1.4099400000000006
1.4080940000000002
1.4099400000000006
1.4080940000000002
1.4099400000000006
1.4080940000000002
1.4099400000000006
1.4080940000000002
1.4099400000000006
1.4080940000000002
1.4099400000000006
1.4080940000000002
1.4099400000000006
1.4080940000000002
1.4099400000000006
1.4080940000000002
1.4099400000000006
1.4080940000000002
1.4099400000000006
1.4080940000000002
1.4099400000000006
1.4080940000000002
1.4099400000000006
1.4080940000000002
1.4099400000000006
1.4080940000000002
1.4099400000000006
1.4080940000000002
1.4099400000000006
1.4080940000000002
1.4099400000000006
1.4080940000000002
1.4099400000000006
1.4080940000000002
1.4099400000000006
1.4080940000000002
1.4099400000000006
1.4080940000000002
1.4099400000000006
1.4080940000000002
1.4099400000000006
1.4080940000000002
1.4099400000000006
1.4080940000000002
1.4099400000000006
1.4080940000000002
1.4099400000000006
1.4080940000000002
1.4099400000000006
1.4080940000000002
1.4099400000000006
1.4080940000000002
1.4099400000000006
1.4080940000000002
1.4099400000000006
1.4080940000000002
1.4099400000000006
1.4080940000000002
1.4099400000000006
1.4080940000000002
1.4099400000000006
1.4080940000000002
1.4099400000000006
1.4080940000000002
1.4099400000000006
1.4080940000000002
1.4099400000000006
1.4080940000000002
1.4099400000000006
1.4080940000000002
1.4099400000000006
1.4080940000000002
1.4099400000000006
1.4080940000000002
1.4099400000000006
1.4080940000000002
1.4099400000000006
1.4080940000000002
1.4099400000000006
1.4080940000000002
1.4099400000000006
1.4080940000000002
1.4099400000000006
1.4080940000000002
1.4099400000000006
1.4080940000000002
1.4099400000000006
1.4080940000000002
1.4099400000000006
1.4080940000000002
1.4099400000000006
1.4080940000000002
1.4099400000000006
1.4080940000000002
1.4099400000000006
1.4080940000000002
1.4099400000000006
1.4080940000000002
1.4099400000000006
1.4080940000000002
1.4099400000000006
1.4080940000000002
1.4099400000000006
1.4080940000000002
1.4099400000000006
1.4080940000000002
1.4099400000000006
1.4080940000000002
1.4099400000000006
1.4080940000000002
1.4099400000000006
1.4080940000000002
1.4099400000000006
1.4080940000000002
1.4099400000000006
-1.4095510000000004
-1.4084830000000004
-1.4095510000000004
-1.4084830000000004
-1.4095510000000004
-1.4084830000000004
-1.4095510000000004
-1.4084830000000004
-1.4095510000000004
-1.4084830000000004
-1.4095510000000004
-1.4084830000000004
-1.4095510000000004
-1.4084830000000004
-1.4095510000000004
-1.4084830000000004
-1.4095510000000004
-1.4084830000000004
-1.4095510000000004
-1.4084830000000004
-1.4095510000000004
-1.4084830000000004
-1.4095510000000004
-1.4084830000000004
-1.4095510000000004
-1.4084830000000004
-1.4095510000000004
-1.4084830000000004
-1.4095510000000004
-1.4084830000000004
-1.4095510000000004
-1.4084830000000004
-1.4095510000000004
-1.4084830000000004
-1.4095510000000004
-1.4084830000000004
-1.4095510000000004
-1.4084830000000004
-1.4095510000000004
-1.4084830000000004
-1.4095510000000004
-1.4084830000000004
-1.4095510000000004
-1.4084830000000004
-1.4095510000000004
-1.4084830000000004
-1.4095510000000004
-1.4084830000000004
-1.4095510000000004
-1.4084830000000004
-1.4095510000000004
-1.4084830000000004
-1.4095510000000004
-1.4084830000000004
-1.4095510000000004
-1.4084830000000004
-1.4095510000000004
-1.4084830000000004
-1.4095510000000004
-1.4084830000000004
-1.4095510000000004
-1.4084830000000004
-1.4095510000000004
-1.4084830000000004
-1.4095510000000004
-1.4084830000000004
-1.4095510000000004
-1.4084830000000004
-1.4095510000000004
-1.4084830000000004
-1.4095510000000004
-1.4084830000000004
-1.4095510000000004
-1.4084830000000004
-1.4095510000000004
-1.4084830000000004
-1.4095510000000004
-1.4084830000000004
-1.4095510000000004
-1.4084830000000004
-1.4095510000000004
-1.4084830000000004
-1.4095510000000004
-1.4084830000000004
-1.4095510000000004
-1.4084830000000004
-1.4095510000000004
-1.4084830000000004
-1.4095510000000004
-1.4084830000000004
-1.4095510000000004
-1.4084830000000004
-1.4095510000000004
-1.4084830000000004
-1.4095510000000004
-1.4084830000000004
-1.4095510000000004
-1.4084830000000004
-1.4095510000000004
-1.4084830000000004
-1.4095510000000004
-1.4084830000000004
-1.4095510000000004
-1.4084830000000004
-1.4095510000000004
-1.4084830000000004
-1.4095510000000004
-1.4084830000000004
-1.4095510000000004
-1.4084830000000004
-1.4095510000000004
-1.4084830000000004
-1.4095510000000004
-1.4084830000000004
-1.4095510000000004
-1.4084830000000004
-1.4095510000000004
-1.4084830000000004
-1.4095510000000004
-1.4084830000000004
