1.0689259999999994
1.0689259999999994
1.0689259999999994
1.0689259999999994
1.0689259999999994
1.0689259999999994
1.0689259999999994
1.0689259999999994
1.0689259999999994
1.0689259999999994
1.0689259999999994
1.0689259999999994
1.0689259999999994
1.0689259999999994
1.0689259999999994
1.0689259999999994
1.0689259999999994
1.0689259999999994
1.0689259999999994
1.0689259999999994
1.0689259999999994
1.0689259999999994
1.0689259999999994
1.0689259999999994
1.0689259999999994
1.0689259999999994
1.0689259999999994
-1.0689260000000003
-1.0689260000000003
-1.0689260000000003
-1.0689260000000003
-1.0689260000000003
-1.0689260000000003
-1.0689260000000003
-1.0689260000000003
-1.0689260000000003
-1.0689260000000003
-1.0689260000000003
-1.0689260000000003
-1.0689260000000003
-1.0689260000000003
-1.0689260000000003
-1.0689260000000003
-1.0689260000000003
-1.0689260000000003
-1.0689260000000003
-1.0689260000000003
-1.0689260000000003
-1.0689260000000003
-1.0689260000000003
-1.0689260000000003
-1.0689260000000003
-1.0689260000000003
-1.0689260000000003
