1.439769
1.439769
1.439769
1.439769
1.439769
1.439769
1.439769
1.439769
1.439769
1.439769
1.439769
1.439769
1.439769
1.439769
1.439769
1.439769
1.439769
1.439769
1.439769
1.439769
1.439769
1.439769
1.439769
1.439769
1.439769
1.439769
1.439769
1.439769
1.439769
1.439769
1.439769
1.439769
1.439769
1.439769
1.439769
1.439769
1.439769
1.439769
1.439769
1.439769
1.439769
1.439769
1.439769
1.439769
1.439769
1.439769
1.439769
1.439769
1.439769
1.439769
1.439769
1.439769
1.439769
1.439769
1.439769
1.439769
1.439769
1.439769
1.439769
1.439769
1.439769
1.439769
1.439769
1.439769
-1.4397659999999997
-1.4397659999999997
-1.4397659999999997
-1.4397659999999997
-1.4397659999999997
-1.4397659999999997
-1.4397659999999997
-1.4397659999999997
-1.4397659999999997
-1.4397659999999997
-1.4397659999999997
-1.4397659999999997
-1.4397659999999997
-1.4397659999999997
-1.4397659999999997
-1.4397659999999997
-1.4397659999999997
-1.4397659999999997
-1.4397659999999997
-1.4397659999999997
-1.4397659999999997
-1.4397659999999997
-1.4397659999999997
-1.4397659999999997
-1.4397659999999997
-1.4397659999999997
-1.4397659999999997
-1.4397659999999997
-1.4397659999999997
-1.4397659999999997
-1.4397659999999997
-1.4397659999999997
-1.4397659999999997
-1.4397659999999997
-1.4397659999999997
-1.4397659999999997
-1.4397659999999997
-1.4397659999999997
-1.4397659999999997
-1.4397659999999997
-1.4397659999999997
-1.4397659999999997
-1.4397659999999997
-1.4397659999999997
-1.4397659999999997
-1.4397659999999997
-1.4397659999999997
-1.4397659999999997
-1.4397659999999997
-1.4397659999999997
-1.4397659999999997
-1.4397659999999997
-1.4397659999999997
-1.4397659999999997
-1.4397659999999997
-1.4397659999999997
-1.4397659999999997
-1.4397659999999997
-1.4397659999999997
-1.4397659999999997
-1.4397659999999997
-1.4397659999999997
-1.4397659999999997
-1.4397659999999997
