1.4173329999999993
1.4226960000000002
1.4125929999999993
1.4156379999999995
1.4173329999999993
1.4226960000000002
1.4125929999999993
1.4156379999999995
1.4173329999999993
1.4226960000000002
1.4125929999999993
1.4156379999999995
1.4173329999999993
1.4226960000000002
1.4125929999999993
1.4156379999999995
1.4173329999999993
1.4226960000000002
1.4125929999999993
1.4156379999999995
1.4173329999999993
1.4226960000000002
1.4125929999999993
1.4156379999999995
1.4173329999999993
1.4226960000000002
1.4125929999999993
1.4156379999999995
1.4173329999999993
1.4226960000000002
1.4125929999999993
1.4156379999999995
1.4173329999999993
1.4226960000000002
1.4125929999999993
1.4156379999999995
1.4173329999999993
1.4226960000000002
1.4125929999999993
1.4156379999999995
1.4173329999999993
1.4226960000000002
1.4125929999999993
1.4156379999999995
1.4173329999999993
1.4226960000000002
1.4125929999999993
1.4156379999999995
1.4173329999999993
1.4226960000000002
1.4125929999999993
1.4156379999999995
1.4173329999999993
1.4226960000000002
1.4125929999999993
1.4156379999999995
1.4173329999999993
1.4226960000000002
1.4125929999999993
1.4156379999999995
1.4173329999999993
1.4226960000000002
1.4125929999999993
1.4156379999999995
1.4173329999999993
1.4226960000000002
1.4125929999999993
1.4156379999999995
1.4173329999999993
1.4226960000000002
1.4125929999999993
1.4156379999999995
1.4173329999999993
1.4226960000000002
1.4125929999999993
1.4156379999999995
1.4173329999999993
1.4226960000000002
1.4125929999999993
1.4156379999999995
1.4173329999999993
1.4226960000000002
1.4125929999999993
1.4156379999999995
1.4173329999999993
1.4226960000000002
1.4125929999999993
1.4156379999999995
1.4173329999999993
1.4226960000000002
1.4125929999999993
1.4156379999999995
1.4173329999999993
1.4226960000000002
1.4125929999999993
1.4156379999999995
1.4173329999999993
1.4226960000000002
1.4125929999999993
1.4156379999999995
1.4173329999999993
1.4226960000000002
1.4125929999999993
1.4156379999999995
1.4173329999999993
1.4226960000000002
1.4125929999999993
1.4156379999999995
1.4173329999999993
1.4226960000000002
1.4125929999999993
1.4156379999999995
1.4173329999999993
1.4226960000000002
1.4125929999999993
1.4156379999999995
1.4173329999999993
1.4226960000000002
1.4125929999999993
1.4156379999999995
1.4173329999999993
1.4226960000000002
1.4125929999999993
1.4156379999999995
1.4173329999999993
1.4226960000000002
1.4125929999999993
1.4156379999999995
1.4173329999999993
1.4226960000000002
1.4125929999999993
1.4156379999999995
1.4173329999999993
1.4226960000000002
1.4125929999999993
1.4156379999999995
1.4173329999999993
1.4226960000000002
1.4125929999999993
1.4156379999999995
1.4173329999999993
1.4226960000000002
1.4125929999999993
1.4156379999999995
-1.4203150000000004
-1.411836
-1.4160500000000003
-1.4200600000000003
-1.4203150000000004
-1.411836
-1.4160500000000003
-1.4200600000000003
-1.4203150000000004
-1.411836
-1.4160500000000003
-1.4200600000000003
-1.4203150000000004
-1.411836
-1.4160500000000003
-1.4200600000000003
-1.4203150000000004
-1.411836
-1.4160500000000003
-1.4200600000000003
-1.4203150000000004
-1.411836
-1.4160500000000003
-1.4200600000000003
-1.4203150000000004
-1.411836
-1.4160500000000003
-1.4200600000000003
-1.4203150000000004
-1.411836
-1.4160500000000003
-1.4200600000000003
-1.4203150000000004
-1.411836
-1.4160500000000003
-1.4200600000000003
-1.4203150000000004
-1.411836
-1.4160500000000003
-1.4200600000000003
-1.4203150000000004
-1.411836
-1.4160500000000003
-1.4200600000000003
-1.4203150000000004
-1.411836
-1.4160500000000003
-1.4200600000000003
-1.4203150000000004
-1.411836
-1.4160500000000003
-1.4200600000000003
-1.4203150000000004
-1.411836
-1.4160500000000003
-1.4200600000000003
-1.4203150000000004
-1.411836
-1.4160500000000003
-1.4200600000000003
-1.4203150000000004
-1.411836
-1.4160500000000003
-1.4200600000000003
-1.4203150000000004
-1.411836
-1.4160500000000003
-1.4200600000000003
-1.4203150000000004
-1.411836
-1.4160500000000003
-1.4200600000000003
-1.4203150000000004
-1.411836
-1.4160500000000003
-1.4200600000000003
-1.4203150000000004
-1.411836
-1.4160500000000003
-1.4200600000000003
-1.4203150000000004
-1.411836
-1.4160500000000003
-1.4200600000000003
-1.4203150000000004
-1.411836
-1.4160500000000003
-1.4200600000000003
-1.4203150000000004
-1.411836
-1.4160500000000003
-1.4200600000000003
-1.4203150000000004
-1.411836
-1.4160500000000003
-1.4200600000000003
-1.4203150000000004
-1.411836
-1.4160500000000003
-1.4200600000000003
-1.4203150000000004
-1.411836
-1.4160500000000003
-1.4200600000000003
-1.4203150000000004
-1.411836
-1.4160500000000003
-1.4200600000000003
-1.4203150000000004
-1.411836
-1.4160500000000003
-1.4200600000000003
-1.4203150000000004
-1.411836
-1.4160500000000003
-1.4200600000000003
-1.4203150000000004
-1.411836
-1.4160500000000003
-1.4200600000000003
-1.4203150000000004
-1.411836
-1.4160500000000003
-1.4200600000000003
-1.4203150000000004
-1.411836
-1.4160500000000003
-1.4200600000000003
-1.4203150000000004
-1.411836
-1.4160500000000003
-1.4200600000000003
-1.4203150000000004
-1.411836
-1.4160500000000003
-1.4200600000000003
-1.4203150000000004
-1.411836
-1.4160500000000003
-1.4200600000000003
-1.4203150000000004
-1.411836
-1.4160500000000003
-1.4200600000000003
