1.4011220000000009
1.3990069999999992
1.3947040000000008
1.4000850000000007
1.4011220000000009
1.3990069999999992
1.3947040000000008
1.4000850000000007
1.4011220000000009
1.3990069999999992
1.3947040000000008
1.4000850000000007
1.4011220000000009
1.3990069999999992
1.3947040000000008
1.4000850000000007
1.4011220000000009
1.3990069999999992
1.3947040000000008
1.4000850000000007
1.4011220000000009
1.3990069999999992
1.3947040000000008
1.4000850000000007
1.4011220000000009
1.3990069999999992
1.3947040000000008
1.4000850000000007
1.4011220000000009
1.3990069999999992
1.3947040000000008
1.4000850000000007
1.4011220000000009
1.3990069999999992
1.3947040000000008
1.4000850000000007
1.4011220000000009
1.3990069999999992
1.3947040000000008
1.4000850000000007
1.4011220000000009
1.3990069999999992
1.3947040000000008
1.4000850000000007
1.4011220000000009
1.3990069999999992
1.3947040000000008
1.4000850000000007
1.4011220000000009
1.3990069999999992
1.3947040000000008
1.4000850000000007
1.4011220000000009
1.3990069999999992
1.3947040000000008
1.4000850000000007
1.4011220000000009
1.3990069999999992
1.3947040000000008
1.4000850000000007
1.4011220000000009
1.3990069999999992
1.3947040000000008
1.4000850000000007
1.4011220000000009
1.3990069999999992
1.3947040000000008
1.4000850000000007
1.4011220000000009
1.3990069999999992
1.3947040000000008
1.4000850000000007
1.4011220000000009
1.3990069999999992
1.3947040000000008
1.4000850000000007
1.4011220000000009
1.3990069999999992
1.3947040000000008
1.4000850000000007
1.4011220000000009
1.3990069999999992
1.3947040000000008
1.4000850000000007
1.4011220000000009
1.3990069999999992
1.3947040000000008
1.4000850000000007
1.4011220000000009
1.3990069999999992
1.3947040000000008
1.4000850000000007
1.4011220000000009
1.3990069999999992
1.3947040000000008
1.4000850000000007
1.4011220000000009
1.3990069999999992
1.3947040000000008
1.4000850000000007
1.4011220000000009
1.3990069999999992
1.3947040000000008
1.4000850000000007
1.4011220000000009
1.3990069999999992
1.3947040000000008
1.4000850000000007
1.4011220000000009
1.3990069999999992
1.3947040000000008
1.4000850000000007
1.4011220000000009
1.3990069999999992
1.3947040000000008
1.4000850000000007
1.4011220000000009
1.3990069999999992
1.3947040000000008
1.4000850000000007
1.4011220000000009
1.3990069999999992
1.3947040000000008
1.4000850000000007
1.4011220000000009
1.3990069999999992
1.3947040000000008
1.4000850000000007
1.4011220000000009
1.3990069999999992
1.3947040000000008
1.4000850000000007
1.4011220000000009
1.3990069999999992
1.3947040000000008
1.4000850000000007
1.4011220000000009
1.3990069999999992
1.3947040000000008
1.4000850000000007
1.4011220000000009
1.3990069999999992
1.3947040000000008
1.4000850000000007
-1.3987720000000001
-1.3975119999999999
-1.3995179999999996
-1.3991129999999998
-1.3987720000000001
-1.3975119999999999
-1.3995179999999996
-1.3991129999999998
-1.3987720000000001
-1.3975119999999999
-1.3995179999999996
-1.3991129999999998
-1.3987720000000001
-1.3975119999999999
-1.3995179999999996
-1.3991129999999998
-1.3987720000000001
-1.3975119999999999
-1.3995179999999996
-1.3991129999999998
-1.3987720000000001
-1.3975119999999999
-1.3995179999999996
-1.3991129999999998
-1.3987720000000001
-1.3975119999999999
-1.3995179999999996
-1.3991129999999998
-1.3987720000000001
-1.3975119999999999
-1.3995179999999996
-1.3991129999999998
-1.3987720000000001
-1.3975119999999999
-1.3995179999999996
-1.3991129999999998
-1.3987720000000001
-1.3975119999999999
-1.3995179999999996
-1.3991129999999998
-1.3987720000000001
-1.3975119999999999
-1.3995179999999996
-1.3991129999999998
-1.3987720000000001
-1.3975119999999999
-1.3995179999999996
-1.3991129999999998
-1.3987720000000001
-1.3975119999999999
-1.3995179999999996
-1.3991129999999998
-1.3987720000000001
-1.3975119999999999
-1.3995179999999996
-1.3991129999999998
-1.3987720000000001
-1.3975119999999999
-1.3995179999999996
-1.3991129999999998
-1.3987720000000001
-1.3975119999999999
-1.3995179999999996
-1.3991129999999998
-1.3987720000000001
-1.3975119999999999
-1.3995179999999996
-1.3991129999999998
-1.3987720000000001
-1.3975119999999999
-1.3995179999999996
-1.3991129999999998
-1.3987720000000001
-1.3975119999999999
-1.3995179999999996
-1.3991129999999998
-1.3987720000000001
-1.3975119999999999
-1.3995179999999996
-1.3991129999999998
-1.3987720000000001
-1.3975119999999999
-1.3995179999999996
-1.3991129999999998
-1.3987720000000001
-1.3975119999999999
-1.3995179999999996
-1.3991129999999998
-1.3987720000000001
-1.3975119999999999
-1.3995179999999996
-1.3991129999999998
-1.3987720000000001
-1.3975119999999999
-1.3995179999999996
-1.3991129999999998
-1.3987720000000001
-1.3975119999999999
-1.3995179999999996
-1.3991129999999998
-1.3987720000000001
-1.3975119999999999
-1.3995179999999996
-1.3991129999999998
-1.3987720000000001
-1.3975119999999999
-1.3995179999999996
-1.3991129999999998
-1.3987720000000001
-1.3975119999999999
-1.3995179999999996
-1.3991129999999998
-1.3987720000000001
-1.3975119999999999
-1.3995179999999996
-1.3991129999999998
-1.3987720000000001
-1.3975119999999999
-1.3995179999999996
-1.3991129999999998
-1.3987720000000001
-1.3975119999999999
-1.3995179999999996
-1.3991129999999998
-1.3987720000000001
-1.3975119999999999
-1.3995179999999996
-1.3991129999999998
-1.3987720000000001
-1.3975119999999999
-1.3995179999999996
-1.3991129999999998
-1.3987720000000001
-1.3975119999999999
-1.3995179999999996
-1.3991129999999998
-1.3987720000000001
-1.3975119999999999
-1.3995179999999996
-1.3991129999999998
-1.3987720000000001
-1.3975119999999999
-1.3995179999999996
-1.3991129999999998
