0.7831510000000002
0.7831510000000002
0.7831510000000002
0.7831510000000002
0.7831510000000002
0.7831510000000002
0.7831510000000002
0.7831510000000002
0.7831510000000002
0.7831510000000002
0.7831510000000002
0.7831510000000002
0.7831510000000002
0.7831510000000002
0.7831510000000002
0.7831510000000002
0.7831510000000002
0.7831510000000002
0.7831510000000002
0.7831510000000002
0.7831510000000002
0.7831510000000002
0.7831510000000002
0.7831510000000002
0.7831510000000002
0.7831510000000002
0.7831510000000002
0.7831510000000002
0.7831510000000002
0.7831510000000002
0.7831510000000002
0.7831510000000002
0.7831510000000002
0.7831510000000002
0.7831510000000002
0.7831510000000002
0.7831510000000002
0.7831510000000002
0.7831510000000002
0.7831510000000002
0.7831510000000002
0.7831510000000002
0.7831510000000002
0.7831510000000002
0.7831510000000002
0.7831510000000002
0.7831510000000002
0.7831510000000002
0.7831510000000002
0.7831510000000002
0.7831510000000002
0.7831510000000002
0.7831510000000002
0.7831510000000002
0.7831510000000002
0.7831510000000002
0.7831510000000002
0.7831510000000002
0.7831510000000002
0.7831510000000002
0.7831510000000002
0.7831510000000002
0.7831510000000002
0.7831510000000002
-0.7831510000000002
-0.7831510000000002
-0.7831510000000002
-0.7831510000000002
-0.7831510000000002
-0.7831510000000002
-0.7831510000000002
-0.7831510000000002
-0.7831510000000002
-0.7831510000000002
-0.7831510000000002
-0.7831510000000002
-0.7831510000000002
-0.7831510000000002
-0.7831510000000002
-0.7831510000000002
-0.7831510000000002
-0.7831510000000002
-0.7831510000000002
-0.7831510000000002
-0.7831510000000002
-0.7831510000000002
-0.7831510000000002
-0.7831510000000002
-0.7831510000000002
-0.7831510000000002
-0.7831510000000002
-0.7831510000000002
-0.7831510000000002
-0.7831510000000002
-0.7831510000000002
-0.7831510000000002
-0.7831510000000002
-0.7831510000000002
-0.7831510000000002
-0.7831510000000002
-0.7831510000000002
-0.7831510000000002
-0.7831510000000002
-0.7831510000000002
-0.7831510000000002
-0.7831510000000002
-0.7831510000000002
-0.7831510000000002
-0.7831510000000002
-0.7831510000000002
-0.7831510000000002
-0.7831510000000002
-0.7831510000000002
-0.7831510000000002
-0.7831510000000002
-0.7831510000000002
-0.7831510000000002
-0.7831510000000002
-0.7831510000000002
-0.7831510000000002
-0.7831510000000002
-0.7831510000000002
-0.7831510000000002
-0.7831510000000002
-0.7831510000000002
-0.7831510000000002
-0.7831510000000002
-0.7831510000000002
