1.4306900000000002
1.4354689999999994
1.4345049999999997
1.4298789999999997
1.4306900000000002
1.4354689999999994
1.4345049999999997
1.4298789999999997
1.4306900000000002
1.4354689999999994
1.4345049999999997
1.4298789999999997
1.4306900000000002
1.4354689999999994
1.4345049999999997
1.4298789999999997
1.4306900000000002
1.4354689999999994
1.4345049999999997
1.4298789999999997
1.4306900000000002
1.4354689999999994
1.4345049999999997
1.4298789999999997
1.4306900000000002
1.4354689999999994
1.4345049999999997
1.4298789999999997
1.4306900000000002
1.4354689999999994
1.4345049999999997
1.4298789999999997
1.4306900000000002
1.4354689999999994
1.4345049999999997
1.4298789999999997
1.4306900000000002
1.4354689999999994
1.4345049999999997
1.4298789999999997
1.4306900000000002
1.4354689999999994
1.4345049999999997
1.4298789999999997
1.4306900000000002
1.4354689999999994
1.4345049999999997
1.4298789999999997
1.4306900000000002
1.4354689999999994
1.4345049999999997
1.4298789999999997
1.4306900000000002
1.4354689999999994
1.4345049999999997
1.4298789999999997
1.4306900000000002
1.4354689999999994
1.4345049999999997
1.4298789999999997
1.4306900000000002
1.4354689999999994
1.4345049999999997
1.4298789999999997
1.4306900000000002
1.4354689999999994
1.4345049999999997
1.4298789999999997
1.4306900000000002
1.4354689999999994
1.4345049999999997
1.4298789999999997
1.4306900000000002
1.4354689999999994
1.4345049999999997
1.4298789999999997
1.4306900000000002
1.4354689999999994
1.4345049999999997
1.4298789999999997
1.4306900000000002
1.4354689999999994
1.4345049999999997
1.4298789999999997
1.4306900000000002
1.4354689999999994
1.4345049999999997
1.4298789999999997
1.4306900000000002
1.4354689999999994
1.4345049999999997
1.4298789999999997
1.4306900000000002
1.4354689999999994
1.4345049999999997
1.4298789999999997
1.4306900000000002
1.4354689999999994
1.4345049999999997
1.4298789999999997
1.4306900000000002
1.4354689999999994
1.4345049999999997
1.4298789999999997
1.4306900000000002
1.4354689999999994
1.4345049999999997
1.4298789999999997
-1.435504
-1.435626
-1.428808
-1.4306020000000004
-1.435504
-1.435626
-1.428808
-1.4306020000000004
-1.435504
-1.435626
-1.428808
-1.4306020000000004
-1.435504
-1.435626
-1.428808
-1.4306020000000004
-1.435504
-1.435626
-1.428808
-1.4306020000000004
-1.435504
-1.435626
-1.428808
-1.4306020000000004
-1.435504
-1.435626
-1.428808
-1.4306020000000004
-1.435504
-1.435626
-1.428808
-1.4306020000000004
-1.435504
-1.435626
-1.428808
-1.4306020000000004
-1.435504
-1.435626
-1.428808
-1.4306020000000004
-1.435504
-1.435626
-1.428808
-1.4306020000000004
-1.435504
-1.435626
-1.428808
-1.4306020000000004
-1.435504
-1.435626
-1.428808
-1.4306020000000004
-1.435504
-1.435626
-1.428808
-1.4306020000000004
-1.435504
-1.435626
-1.428808
-1.4306020000000004
-1.435504
-1.435626
-1.428808
-1.4306020000000004
-1.435504
-1.435626
-1.428808
-1.4306020000000004
-1.435504
-1.435626
-1.428808
-1.4306020000000004
-1.435504
-1.435626
-1.428808
-1.4306020000000004
-1.435504
-1.435626
-1.428808
-1.4306020000000004
-1.435504
-1.435626
-1.428808
-1.4306020000000004
-1.435504
-1.435626
-1.428808
-1.4306020000000004
-1.435504
-1.435626
-1.428808
-1.4306020000000004
-1.435504
-1.435626
-1.428808
-1.4306020000000004
-1.435504
-1.435626
-1.428808
-1.4306020000000004
-1.435504
-1.435626
-1.428808
-1.4306020000000004
-1.435504
-1.435626
-1.428808
-1.4306020000000004
