1.4226930000000007
1.4204109999999996
1.4185110000000005
1.4274900000000006
1.4226930000000007
1.4204109999999996
1.4185110000000005
1.4274900000000006
1.4226930000000007
1.4204109999999996
1.4185110000000005
1.4274900000000006
1.4226930000000007
1.4204109999999996
1.4185110000000005
1.4274900000000006
1.4226930000000007
1.4204109999999996
1.4185110000000005
1.4274900000000006
1.4226930000000007
1.4204109999999996
1.4185110000000005
1.4274900000000006
1.4226930000000007
1.4204109999999996
1.4185110000000005
1.4274900000000006
1.4226930000000007
1.4204109999999996
1.4185110000000005
1.4274900000000006
1.4226930000000007
1.4204109999999996
1.4185110000000005
1.4274900000000006
1.4226930000000007
1.4204109999999996
1.4185110000000005
1.4274900000000006
1.4226930000000007
1.4204109999999996
1.4185110000000005
1.4274900000000006
1.4226930000000007
1.4204109999999996
1.4185110000000005
1.4274900000000006
1.4226930000000007
1.4204109999999996
1.4185110000000005
1.4274900000000006
1.4226930000000007
1.4204109999999996
1.4185110000000005
1.4274900000000006
1.4226930000000007
1.4204109999999996
1.4185110000000005
1.4274900000000006
1.4226930000000007
1.4204109999999996
1.4185110000000005
1.4274900000000006
1.4226930000000007
1.4204109999999996
1.4185110000000005
1.4274900000000006
1.4226930000000007
1.4204109999999996
1.4185110000000005
1.4274900000000006
1.4226930000000007
1.4204109999999996
1.4185110000000005
1.4274900000000006
1.4226930000000007
1.4204109999999996
1.4185110000000005
1.4274900000000006
1.4226930000000007
1.4204109999999996
1.4185110000000005
1.4274900000000006
1.4226930000000007
1.4204109999999996
1.4185110000000005
1.4274900000000006
1.4226930000000007
1.4204109999999996
1.4185110000000005
1.4274900000000006
1.4226930000000007
1.4204109999999996
1.4185110000000005
1.4274900000000006
1.4226930000000007
1.4204109999999996
1.4185110000000005
1.4274900000000006
1.4226930000000007
1.4204109999999996
1.4185110000000005
1.4274900000000006
1.4226930000000007
1.4204109999999996
1.4185110000000005
1.4274900000000006
1.4226930000000007
1.4204109999999996
1.4185110000000005
1.4274900000000006
1.4226930000000007
1.4204109999999996
1.4185110000000005
1.4274900000000006
1.4226930000000007
1.4204109999999996
1.4185110000000005
1.4274900000000006
1.4226930000000007
1.4204109999999996
1.4185110000000005
1.4274900000000006
1.4226930000000007
1.4204109999999996
1.4185110000000005
1.4274900000000006
1.4226930000000007
1.4204109999999996
1.4185110000000005
1.4274900000000006
1.4226930000000007
1.4204109999999996
1.4185110000000005
1.4274900000000006
1.4226930000000007
1.4204109999999996
1.4185110000000005
1.4274900000000006
1.4226930000000007
1.4204109999999996
1.4185110000000005
1.4274900000000006
-1.4181229999999996
-1.4197230000000003
-1.4248269999999996
-1.426431
-1.4181229999999996
-1.4197230000000003
-1.4248269999999996
-1.426431
-1.4181229999999996
-1.4197230000000003
-1.4248269999999996
-1.426431
-1.4181229999999996
-1.4197230000000003
-1.4248269999999996
-1.426431
-1.4181229999999996
-1.4197230000000003
-1.4248269999999996
-1.426431
-1.4181229999999996
-1.4197230000000003
-1.4248269999999996
-1.426431
-1.4181229999999996
-1.4197230000000003
-1.4248269999999996
-1.426431
-1.4181229999999996
-1.4197230000000003
-1.4248269999999996
-1.426431
-1.4181229999999996
-1.4197230000000003
-1.4248269999999996
-1.426431
-1.4181229999999996
-1.4197230000000003
-1.4248269999999996
-1.426431
-1.4181229999999996
-1.4197230000000003
-1.4248269999999996
-1.426431
-1.4181229999999996
-1.4197230000000003
-1.4248269999999996
-1.426431
-1.4181229999999996
-1.4197230000000003
-1.4248269999999996
-1.426431
-1.4181229999999996
-1.4197230000000003
-1.4248269999999996
-1.426431
-1.4181229999999996
-1.4197230000000003
-1.4248269999999996
-1.426431
-1.4181229999999996
-1.4197230000000003
-1.4248269999999996
-1.426431
-1.4181229999999996
-1.4197230000000003
-1.4248269999999996
-1.426431
-1.4181229999999996
-1.4197230000000003
-1.4248269999999996
-1.426431
-1.4181229999999996
-1.4197230000000003
-1.4248269999999996
-1.426431
-1.4181229999999996
-1.4197230000000003
-1.4248269999999996
-1.426431
-1.4181229999999996
-1.4197230000000003
-1.4248269999999996
-1.426431
-1.4181229999999996
-1.4197230000000003
-1.4248269999999996
-1.426431
-1.4181229999999996
-1.4197230000000003
-1.4248269999999996
-1.426431
-1.4181229999999996
-1.4197230000000003
-1.4248269999999996
-1.426431
-1.4181229999999996
-1.4197230000000003
-1.4248269999999996
-1.426431
-1.4181229999999996
-1.4197230000000003
-1.4248269999999996
-1.426431
-1.4181229999999996
-1.4197230000000003
-1.4248269999999996
-1.426431
-1.4181229999999996
-1.4197230000000003
-1.4248269999999996
-1.426431
-1.4181229999999996
-1.4197230000000003
-1.4248269999999996
-1.426431
-1.4181229999999996
-1.4197230000000003
-1.4248269999999996
-1.426431
-1.4181229999999996
-1.4197230000000003
-1.4248269999999996
-1.426431
-1.4181229999999996
-1.4197230000000003
-1.4248269999999996
-1.426431
-1.4181229999999996
-1.4197230000000003
-1.4248269999999996
-1.426431
-1.4181229999999996
-1.4197230000000003
-1.4248269999999996
-1.426431
-1.4181229999999996
-1.4197230000000003
-1.4248269999999996
-1.426431
-1.4181229999999996
-1.4197230000000003
-1.4248269999999996
-1.426431
