1.3861740000000005
1.3861740000000005
1.3861740000000005
1.3861740000000005
1.3861740000000005
1.3861740000000005
1.3861740000000005
1.3861740000000005
1.3861740000000005
1.3861740000000005
1.3861740000000005
1.3861740000000005
1.3861740000000005
1.3861740000000005
1.3861740000000005
1.3861740000000005
1.3861740000000005
1.3861740000000005
1.3861740000000005
1.3861740000000005
1.3861740000000005
1.3861740000000005
1.3861740000000005
1.3861740000000005
1.3861740000000005
1.3861740000000005
1.3861740000000005
1.3861740000000005
1.3861740000000005
1.3861740000000005
1.3861740000000005
1.3861740000000005
1.3861740000000005
1.3861740000000005
1.3861740000000005
1.3861740000000005
1.3861740000000005
1.3861740000000005
1.3861740000000005
1.3861740000000005
1.3861740000000005
1.3861740000000005
1.3861740000000005
1.3861740000000005
1.3861740000000005
1.3861740000000005
1.3861740000000005
1.3861740000000005
1.3861740000000005
1.3861740000000005
1.3861740000000005
1.3861740000000005
1.3861740000000005
1.3861740000000005
1.3861740000000005
1.3861740000000005
1.3861740000000005
1.3861740000000005
1.3861740000000005
1.3861740000000005
1.3861740000000005
1.3861740000000005
1.3861740000000005
1.3861740000000005
-1.3861730000000003
-1.3861730000000003
-1.3861730000000003
-1.3861730000000003
-1.3861730000000003
-1.3861730000000003
-1.3861730000000003
-1.3861730000000003
-1.3861730000000003
-1.3861730000000003
-1.3861730000000003
-1.3861730000000003
-1.3861730000000003
-1.3861730000000003
-1.3861730000000003
-1.3861730000000003
-1.3861730000000003
-1.3861730000000003
-1.3861730000000003
-1.3861730000000003
-1.3861730000000003
-1.3861730000000003
-1.3861730000000003
-1.3861730000000003
-1.3861730000000003
-1.3861730000000003
-1.3861730000000003
-1.3861730000000003
-1.3861730000000003
-1.3861730000000003
-1.3861730000000003
-1.3861730000000003
-1.3861730000000003
-1.3861730000000003
-1.3861730000000003
-1.3861730000000003
-1.3861730000000003
-1.3861730000000003
-1.3861730000000003
-1.3861730000000003
-1.3861730000000003
-1.3861730000000003
-1.3861730000000003
-1.3861730000000003
-1.3861730000000003
-1.3861730000000003
-1.3861730000000003
-1.3861730000000003
-1.3861730000000003
-1.3861730000000003
-1.3861730000000003
-1.3861730000000003
-1.3861730000000003
-1.3861730000000003
-1.3861730000000003
-1.3861730000000003
-1.3861730000000003
-1.3861730000000003
-1.3861730000000003
-1.3861730000000003
-1.3861730000000003
-1.3861730000000003
-1.3861730000000003
-1.3861730000000003
