1.0982529999999997
1.0982529999999997
1.0982529999999997
1.0982529999999997
1.0982529999999997
1.0982529999999997
1.0982529999999997
1.0982529999999997
1.0982529999999997
1.0982529999999997
1.0982529999999997
1.0982529999999997
1.0982529999999997
1.0982529999999997
1.0982529999999997
1.0982529999999997
1.0982529999999997
1.0982529999999997
1.0982529999999997
1.0982529999999997
1.0982529999999997
1.0982529999999997
1.0982529999999997
1.0982529999999997
1.0982529999999997
1.0982529999999997
1.0982529999999997
-1.0982510000000003
-1.0982510000000003
-1.0982510000000003
-1.0982510000000003
-1.0982510000000003
-1.0982510000000003
-1.0982510000000003
-1.0982510000000003
-1.0982510000000003
-1.0982510000000003
-1.0982510000000003
-1.0982510000000003
-1.0982510000000003
-1.0982510000000003
-1.0982510000000003
-1.0982510000000003
-1.0982510000000003
-1.0982510000000003
-1.0982510000000003
-1.0982510000000003
-1.0982510000000003
-1.0982510000000003
-1.0982510000000003
-1.0982510000000003
-1.0982510000000003
-1.0982510000000003
-1.0982510000000003
