1.2242639999999998
1.2242639999999998
1.2242639999999998
1.2242639999999998
1.2242639999999998
1.2242639999999998
1.2242639999999998
1.2242639999999998
1.2242639999999998
1.2242639999999998
1.2242639999999998
1.2242639999999998
1.2242639999999998
1.2242639999999998
1.2242639999999998
1.2242639999999998
1.2242639999999998
1.2242639999999998
1.2242639999999998
1.2242639999999998
1.2242639999999998
1.2242639999999998
1.2242639999999998
1.2242639999999998
1.2242639999999998
1.2242639999999998
1.2242639999999998
1.2242639999999998
1.2242639999999998
1.2242639999999998
1.2242639999999998
1.2242639999999998
1.2242639999999998
1.2242639999999998
1.2242639999999998
1.2242639999999998
1.2242639999999998
1.2242639999999998
1.2242639999999998
1.2242639999999998
1.2242639999999998
1.2242639999999998
1.2242639999999998
1.2242639999999998
1.2242639999999998
1.2242639999999998
1.2242639999999998
1.2242639999999998
1.2242639999999998
1.2242639999999998
1.2242639999999998
1.2242639999999998
1.2242639999999998
1.2242639999999998
1.2242639999999998
1.2242639999999998
1.2242639999999998
1.2242639999999998
1.2242639999999998
1.2242639999999998
1.2242639999999998
1.2242639999999998
1.2242639999999998
1.2242639999999998
1.2242639999999998
1.2242639999999998
1.2242639999999998
1.2242639999999998
1.2242639999999998
1.2242639999999998
1.2242639999999998
1.2242639999999998
1.2242639999999998
1.2242639999999998
1.2242639999999998
1.2242639999999998
1.2242639999999998
1.2242639999999998
1.2242639999999998
1.2242639999999998
1.2242639999999998
1.2242639999999998
1.2242639999999998
1.2242639999999998
1.2242639999999998
1.2242639999999998
1.2242639999999998
1.2242639999999998
1.2242639999999998
1.2242639999999998
-1.224266
-1.2242629999999997
-1.224266
-1.2242629999999997
-1.224266
-1.2242629999999997
-1.224266
-1.2242629999999997
-1.224266
-1.2242629999999997
-1.224266
-1.2242629999999997
-1.224266
-1.2242629999999997
-1.224266
-1.2242629999999997
-1.224266
-1.2242629999999997
-1.224266
-1.2242629999999997
-1.224266
-1.2242629999999997
-1.224266
-1.2242629999999997
-1.224266
-1.2242629999999997
-1.224266
-1.2242629999999997
-1.224266
-1.2242629999999997
-1.224266
-1.2242629999999997
-1.224266
-1.2242629999999997
-1.224266
-1.2242629999999997
-1.224266
-1.2242629999999997
-1.224266
-1.2242629999999997
-1.224266
-1.2242629999999997
-1.224266
-1.2242629999999997
-1.224266
-1.2242629999999997
-1.224266
-1.2242629999999997
-1.224266
-1.2242629999999997
-1.224266
-1.2242629999999997
-1.224266
-1.2242629999999997
-1.224266
-1.2242629999999997
-1.224266
-1.2242629999999997
-1.224266
-1.2242629999999997
-1.224266
-1.2242629999999997
-1.224266
-1.2242629999999997
-1.224266
-1.2242629999999997
-1.224266
-1.2242629999999997
-1.224266
-1.2242629999999997
-1.224266
-1.2242629999999997
-1.224266
-1.2242629999999997
-1.224266
-1.2242629999999997
-1.224266
-1.2242629999999997
-1.224266
-1.2242629999999997
-1.224266
-1.2242629999999997
-1.224266
-1.2242629999999997
-1.224266
-1.2242629999999997
-1.224266
-1.2242629999999997
-1.224266
-1.2242629999999997
