0.6994489999999995
0.6994489999999995
0.6994489999999995
0.6994489999999995
0.6994489999999995
0.6994489999999995
0.6994489999999995
0.6994489999999995
0.6994489999999995
0.6994489999999995
0.6994489999999995
0.6994489999999995
0.6994489999999995
0.6994489999999995
0.6994489999999995
0.6994489999999995
0.6994489999999995
0.6994489999999995
0.6994489999999995
0.6994489999999995
0.6994489999999995
0.6994489999999995
0.6994489999999995
0.6994489999999995
0.6994489999999995
0.6994489999999995
0.6994489999999995
0.6994489999999995
0.6994489999999995
0.6994489999999995
0.6994489999999995
0.6994489999999995
0.6994489999999995
0.6994489999999995
0.6994489999999995
0.6994489999999995
0.6994489999999995
0.6994489999999995
0.6994489999999995
0.6994489999999995
0.6994489999999995
0.6994489999999995
0.6994489999999995
0.6994489999999995
0.6994489999999995
0.6994489999999995
0.6994489999999995
0.6994489999999995
0.6994489999999995
0.6994489999999995
0.6994489999999995
0.6994489999999995
0.6994489999999995
0.6994489999999995
0.6994489999999995
0.6994489999999995
0.6994489999999995
0.6994489999999995
0.6994489999999995
0.6994489999999995
0.6994489999999995
0.6994489999999995
0.6994489999999995
0.6994489999999995
-0.6994480000000003
-0.6994480000000003
-0.6994480000000003
-0.6994480000000003
-0.6994480000000003
-0.6994480000000003
-0.6994480000000003
-0.6994480000000003
-0.6994480000000003
-0.6994480000000003
-0.6994480000000003
-0.6994480000000003
-0.6994480000000003
-0.6994480000000003
-0.6994480000000003
-0.6994480000000003
-0.6994480000000003
-0.6994480000000003
-0.6994480000000003
-0.6994480000000003
-0.6994480000000003
-0.6994480000000003
-0.6994480000000003
-0.6994480000000003
-0.6994480000000003
-0.6994480000000003
-0.6994480000000003
-0.6994480000000003
-0.6994480000000003
-0.6994480000000003
-0.6994480000000003
-0.6994480000000003
-0.6994480000000003
-0.6994480000000003
-0.6994480000000003
-0.6994480000000003
-0.6994480000000003
-0.6994480000000003
-0.6994480000000003
-0.6994480000000003
-0.6994480000000003
-0.6994480000000003
-0.6994480000000003
-0.6994480000000003
-0.6994480000000003
-0.6994480000000003
-0.6994480000000003
-0.6994480000000003
-0.6994480000000003
-0.6994480000000003
-0.6994480000000003
-0.6994480000000003
-0.6994480000000003
-0.6994480000000003
-0.6994480000000003
-0.6994480000000003
-0.6994480000000003
-0.6994480000000003
-0.6994480000000003
-0.6994480000000003
-0.6994480000000003
-0.6994480000000003
-0.6994480000000003
-0.6994480000000003
