1.4336400000000005
1.4338200000000008
1.4333539999999996
1.4294890000000002
1.4336400000000005
1.4338200000000008
1.4333539999999996
1.4294890000000002
1.4336400000000005
1.4338200000000008
1.4333539999999996
1.4294890000000002
1.4336400000000005
1.4338200000000008
1.4333539999999996
1.4294890000000002
1.4336400000000005
1.4338200000000008
1.4333539999999996
1.4294890000000002
1.4336400000000005
1.4338200000000008
1.4333539999999996
1.4294890000000002
1.4336400000000005
1.4338200000000008
1.4333539999999996
1.4294890000000002
1.4336400000000005
1.4338200000000008
1.4333539999999996
1.4294890000000002
1.4336400000000005
1.4338200000000008
1.4333539999999996
1.4294890000000002
1.4336400000000005
1.4338200000000008
1.4333539999999996
1.4294890000000002
1.4336400000000005
1.4338200000000008
1.4333539999999996
1.4294890000000002
1.4336400000000005
1.4338200000000008
1.4333539999999996
1.4294890000000002
1.4336400000000005
1.4338200000000008
1.4333539999999996
1.4294890000000002
1.4336400000000005
1.4338200000000008
1.4333539999999996
1.4294890000000002
1.4336400000000005
1.4338200000000008
1.4333539999999996
1.4294890000000002
1.4336400000000005
1.4338200000000008
1.4333539999999996
1.4294890000000002
1.4336400000000005
1.4338200000000008
1.4333539999999996
1.4294890000000002
1.4336400000000005
1.4338200000000008
1.4333539999999996
1.4294890000000002
1.4336400000000005
1.4338200000000008
1.4333539999999996
1.4294890000000002
1.4336400000000005
1.4338200000000008
1.4333539999999996
1.4294890000000002
1.4336400000000005
1.4338200000000008
1.4333539999999996
1.4294890000000002
1.4336400000000005
1.4338200000000008
1.4333539999999996
1.4294890000000002
1.4336400000000005
1.4338200000000008
1.4333539999999996
1.4294890000000002
1.4336400000000005
1.4338200000000008
1.4333539999999996
1.4294890000000002
1.4336400000000005
1.4338200000000008
1.4333539999999996
1.4294890000000002
1.4336400000000005
1.4338200000000008
1.4333539999999996
1.4294890000000002
1.4336400000000005
1.4338200000000008
1.4333539999999996
1.4294890000000002
1.4336400000000005
1.4338200000000008
1.4333539999999996
1.4294890000000002
1.4336400000000005
1.4338200000000008
1.4333539999999996
1.4294890000000002
1.4336400000000005
1.4338200000000008
1.4333539999999996
1.4294890000000002
1.4336400000000005
1.4338200000000008
1.4333539999999996
1.4294890000000002
1.4336400000000005
1.4338200000000008
1.4333539999999996
1.4294890000000002
1.4336400000000005
1.4338200000000008
1.4333539999999996
1.4294890000000002
1.4336400000000005
1.4338200000000008
1.4333539999999996
1.4294890000000002
1.4336400000000005
1.4338200000000008
1.4333539999999996
1.4294890000000002
1.4336400000000005
1.4338200000000008
1.4333539999999996
1.4294890000000002
-1.4327810000000003
-1.4321760000000001
-1.4332890000000003
-1.4320529999999998
-1.4327810000000003
-1.4321760000000001
-1.4332890000000003
-1.4320529999999998
-1.4327810000000003
-1.4321760000000001
-1.4332890000000003
-1.4320529999999998
-1.4327810000000003
-1.4321760000000001
-1.4332890000000003
-1.4320529999999998
-1.4327810000000003
-1.4321760000000001
-1.4332890000000003
-1.4320529999999998
-1.4327810000000003
-1.4321760000000001
-1.4332890000000003
-1.4320529999999998
-1.4327810000000003
-1.4321760000000001
-1.4332890000000003
-1.4320529999999998
-1.4327810000000003
-1.4321760000000001
-1.4332890000000003
-1.4320529999999998
-1.4327810000000003
-1.4321760000000001
-1.4332890000000003
-1.4320529999999998
-1.4327810000000003
-1.4321760000000001
-1.4332890000000003
-1.4320529999999998
-1.4327810000000003
-1.4321760000000001
-1.4332890000000003
-1.4320529999999998
-1.4327810000000003
-1.4321760000000001
-1.4332890000000003
-1.4320529999999998
-1.4327810000000003
-1.4321760000000001
-1.4332890000000003
-1.4320529999999998
-1.4327810000000003
-1.4321760000000001
-1.4332890000000003
-1.4320529999999998
-1.4327810000000003
-1.4321760000000001
-1.4332890000000003
-1.4320529999999998
-1.4327810000000003
-1.4321760000000001
-1.4332890000000003
-1.4320529999999998
-1.4327810000000003
-1.4321760000000001
-1.4332890000000003
-1.4320529999999998
-1.4327810000000003
-1.4321760000000001
-1.4332890000000003
-1.4320529999999998
-1.4327810000000003
-1.4321760000000001
-1.4332890000000003
-1.4320529999999998
-1.4327810000000003
-1.4321760000000001
-1.4332890000000003
-1.4320529999999998
-1.4327810000000003
-1.4321760000000001
-1.4332890000000003
-1.4320529999999998
-1.4327810000000003
-1.4321760000000001
-1.4332890000000003
-1.4320529999999998
-1.4327810000000003
-1.4321760000000001
-1.4332890000000003
-1.4320529999999998
-1.4327810000000003
-1.4321760000000001
-1.4332890000000003
-1.4320529999999998
-1.4327810000000003
-1.4321760000000001
-1.4332890000000003
-1.4320529999999998
-1.4327810000000003
-1.4321760000000001
-1.4332890000000003
-1.4320529999999998
-1.4327810000000003
-1.4321760000000001
-1.4332890000000003
-1.4320529999999998
-1.4327810000000003
-1.4321760000000001
-1.4332890000000003
-1.4320529999999998
-1.4327810000000003
-1.4321760000000001
-1.4332890000000003
-1.4320529999999998
-1.4327810000000003
-1.4321760000000001
-1.4332890000000003
-1.4320529999999998
-1.4327810000000003
-1.4321760000000001
-1.4332890000000003
-1.4320529999999998
-1.4327810000000003
-1.4321760000000001
-1.4332890000000003
-1.4320529999999998
-1.4327810000000003
-1.4321760000000001
-1.4332890000000003
-1.4320529999999998
-1.4327810000000003
-1.4321760000000001
-1.4332890000000003
-1.4320529999999998
-1.4327810000000003
-1.4321760000000001
-1.4332890000000003
-1.4320529999999998
-1.4327810000000003
-1.4321760000000001
-1.4332890000000003
-1.4320529999999998
