1.2448359999999994
1.2448359999999994
1.2448359999999994
1.2448359999999994
1.2448359999999994
1.2448359999999994
1.2448359999999994
1.2448359999999994
1.2448359999999994
1.2448359999999994
1.2448359999999994
1.2448359999999994
1.2448359999999994
1.2448359999999994
1.2448359999999994
1.2448359999999994
1.2448359999999994
1.2448359999999994
1.2448359999999994
1.2448359999999994
1.2448359999999994
1.2448359999999994
1.2448359999999994
1.2448359999999994
1.2448359999999994
1.2448359999999994
1.2448359999999994
1.2448359999999994
1.2448359999999994
1.2448359999999994
1.2448359999999994
1.2448359999999994
1.2448359999999994
1.2448359999999994
1.2448359999999994
1.2448359999999994
1.2448359999999994
1.2448359999999994
1.2448359999999994
1.2448359999999994
1.2448359999999994
1.2448359999999994
1.2448359999999994
1.2448359999999994
1.2448359999999994
1.2448359999999994
1.2448359999999994
1.2448359999999994
1.2448359999999994
1.2448359999999994
1.2448359999999994
1.2448359999999994
1.2448359999999994
1.2448359999999994
-1.244834
-1.244834
-1.244834
-1.244834
-1.244834
-1.244834
-1.244834
-1.244834
-1.244834
-1.244834
-1.244834
-1.244834
-1.244834
-1.244834
-1.244834
-1.244834
-1.244834
-1.244834
-1.244834
-1.244834
-1.244834
-1.244834
-1.244834
-1.244834
-1.244834
-1.244834
-1.244834
-1.244834
-1.244834
-1.244834
-1.244834
-1.244834
-1.244834
-1.244834
-1.244834
-1.244834
-1.244834
-1.244834
-1.244834
-1.244834
-1.244834
-1.244834
-1.244834
-1.244834
-1.244834
-1.244834
-1.244834
-1.244834
-1.244834
-1.244834
-1.244834
-1.244834
-1.244834
-1.244834
