1.4700690000000005
1.4700690000000005
1.4700690000000005
1.4700690000000005
1.4700690000000005
1.4700690000000005
1.4700690000000005
1.4700690000000005
1.4700690000000005
1.4700690000000005
1.4700690000000005
1.4700690000000005
1.4700690000000005
1.4700690000000005
1.4700690000000005
1.4700690000000005
1.4700690000000005
1.4700690000000005
1.4700690000000005
1.4700690000000005
1.4700690000000005
1.4700690000000005
1.4700690000000005
1.4700690000000005
1.4700690000000005
1.4700690000000005
1.4700690000000005
1.4700690000000005
1.4700690000000005
1.4700690000000005
1.4700690000000005
1.4700690000000005
1.4700690000000005
1.4700690000000005
1.4700690000000005
1.4700690000000005
1.4700690000000005
1.4700690000000005
1.4700690000000005
1.4700690000000005
1.4700690000000005
1.4700690000000005
1.4700690000000005
1.4700690000000005
1.4700690000000005
1.4700690000000005
1.4700690000000005
1.4700690000000005
1.4700690000000005
1.4700690000000005
1.4700690000000005
1.4700690000000005
1.4700690000000005
1.4700690000000005
1.4700690000000005
1.4700690000000005
1.4700690000000005
1.4700690000000005
1.4700690000000005
1.4700690000000005
1.4700690000000005
1.4700690000000005
1.4700690000000005
1.4700690000000005
1.4700690000000005
1.4700690000000005
1.4700690000000005
1.4700690000000005
1.4700690000000005
1.4700690000000005
1.4700690000000005
1.4700690000000005
-1.4700689999999996
-1.4700689999999996
-1.4700689999999996
-1.4700689999999996
-1.4700689999999996
-1.4700689999999996
-1.4700689999999996
-1.4700689999999996
-1.4700689999999996
-1.4700689999999996
-1.4700689999999996
-1.4700689999999996
-1.4700689999999996
-1.4700689999999996
-1.4700689999999996
-1.4700689999999996
-1.4700689999999996
-1.4700689999999996
-1.4700689999999996
-1.4700689999999996
-1.4700689999999996
-1.4700689999999996
-1.4700689999999996
-1.4700689999999996
-1.4700689999999996
-1.4700689999999996
-1.4700689999999996
-1.4700689999999996
-1.4700689999999996
-1.4700689999999996
-1.4700689999999996
-1.4700689999999996
-1.4700689999999996
-1.4700689999999996
-1.4700689999999996
-1.4700689999999996
-1.4700689999999996
-1.4700689999999996
-1.4700689999999996
-1.4700689999999996
-1.4700689999999996
-1.4700689999999996
-1.4700689999999996
-1.4700689999999996
-1.4700689999999996
-1.4700689999999996
-1.4700689999999996
-1.4700689999999996
-1.4700689999999996
-1.4700689999999996
-1.4700689999999996
-1.4700689999999996
-1.4700689999999996
-1.4700689999999996
-1.4700689999999996
-1.4700689999999996
-1.4700689999999996
-1.4700689999999996
-1.4700689999999996
-1.4700689999999996
-1.4700689999999996
-1.4700689999999996
-1.4700689999999996
-1.4700689999999996
-1.4700689999999996
-1.4700689999999996
-1.4700689999999996
-1.4700689999999996
-1.4700689999999996
-1.4700689999999996
-1.4700689999999996
-1.4700689999999996
