1.4350699999999996
1.4353510000000007
1.4355460000000004
1.4362080000000006
1.4350699999999996
1.4353510000000007
1.4355460000000004
1.4362080000000006
1.4350699999999996
1.4353510000000007
1.4355460000000004
1.4362080000000006
1.4350699999999996
1.4353510000000007
1.4355460000000004
1.4362080000000006
1.4350699999999996
1.4353510000000007
1.4355460000000004
1.4362080000000006
1.4350699999999996
1.4353510000000007
1.4355460000000004
1.4362080000000006
1.4350699999999996
1.4353510000000007
1.4355460000000004
1.4362080000000006
1.4350699999999996
1.4353510000000007
1.4355460000000004
1.4362080000000006
1.4350699999999996
1.4353510000000007
1.4355460000000004
1.4362080000000006
1.4350699999999996
1.4353510000000007
1.4355460000000004
1.4362080000000006
1.4350699999999996
1.4353510000000007
1.4355460000000004
1.4362080000000006
1.4350699999999996
1.4353510000000007
1.4355460000000004
1.4362080000000006
1.4350699999999996
1.4353510000000007
1.4355460000000004
1.4362080000000006
1.4350699999999996
1.4353510000000007
1.4355460000000004
1.4362080000000006
1.4350699999999996
1.4353510000000007
1.4355460000000004
1.4362080000000006
1.4350699999999996
1.4353510000000007
1.4355460000000004
1.4362080000000006
1.4350699999999996
1.4353510000000007
1.4355460000000004
1.4362080000000006
1.4350699999999996
1.4353510000000007
1.4355460000000004
1.4362080000000006
1.4350699999999996
1.4353510000000007
1.4355460000000004
1.4362080000000006
1.4350699999999996
1.4353510000000007
1.4355460000000004
1.4362080000000006
1.4350699999999996
1.4353510000000007
1.4355460000000004
1.4362080000000006
1.4350699999999996
1.4353510000000007
1.4355460000000004
1.4362080000000006
1.4350699999999996
1.4353510000000007
1.4355460000000004
1.4362080000000006
1.4350699999999996
1.4353510000000007
1.4355460000000004
1.4362080000000006
1.4350699999999996
1.4353510000000007
1.4355460000000004
1.4362080000000006
1.4350699999999996
1.4353510000000007
1.4355460000000004
1.4362080000000006
1.4350699999999996
1.4353510000000007
1.4355460000000004
1.4362080000000006
1.4350699999999996
1.4353510000000007
1.4355460000000004
1.4362080000000006
1.4350699999999996
1.4353510000000007
1.4355460000000004
1.4362080000000006
1.4350699999999996
1.4353510000000007
1.4355460000000004
1.4362080000000006
1.4350699999999996
1.4353510000000007
1.4355460000000004
1.4362080000000006
1.4350699999999996
1.4353510000000007
1.4355460000000004
1.4362080000000006
1.4350699999999996
1.4353510000000007
1.4355460000000004
1.4362080000000006
1.4350699999999996
1.4353510000000007
1.4355460000000004
1.4362080000000006
1.4350699999999996
1.4353510000000007
1.4355460000000004
1.4362080000000006
1.4350699999999996
1.4353510000000007
1.4355460000000004
1.4362080000000006
-1.4359029999999997
-1.4360609999999996
-1.4340650000000004
-1.4361439999999996
-1.4359029999999997
-1.4360609999999996
-1.4340650000000004
-1.4361439999999996
-1.4359029999999997
-1.4360609999999996
-1.4340650000000004
-1.4361439999999996
-1.4359029999999997
-1.4360609999999996
-1.4340650000000004
-1.4361439999999996
-1.4359029999999997
-1.4360609999999996
-1.4340650000000004
-1.4361439999999996
-1.4359029999999997
-1.4360609999999996
-1.4340650000000004
-1.4361439999999996
-1.4359029999999997
-1.4360609999999996
-1.4340650000000004
-1.4361439999999996
-1.4359029999999997
-1.4360609999999996
-1.4340650000000004
-1.4361439999999996
-1.4359029999999997
-1.4360609999999996
-1.4340650000000004
-1.4361439999999996
-1.4359029999999997
-1.4360609999999996
-1.4340650000000004
-1.4361439999999996
-1.4359029999999997
-1.4360609999999996
-1.4340650000000004
-1.4361439999999996
-1.4359029999999997
-1.4360609999999996
-1.4340650000000004
-1.4361439999999996
-1.4359029999999997
-1.4360609999999996
-1.4340650000000004
-1.4361439999999996
-1.4359029999999997
-1.4360609999999996
-1.4340650000000004
-1.4361439999999996
-1.4359029999999997
-1.4360609999999996
-1.4340650000000004
-1.4361439999999996
-1.4359029999999997
-1.4360609999999996
-1.4340650000000004
-1.4361439999999996
-1.4359029999999997
-1.4360609999999996
-1.4340650000000004
-1.4361439999999996
-1.4359029999999997
-1.4360609999999996
-1.4340650000000004
-1.4361439999999996
-1.4359029999999997
-1.4360609999999996
-1.4340650000000004
-1.4361439999999996
-1.4359029999999997
-1.4360609999999996
-1.4340650000000004
-1.4361439999999996
-1.4359029999999997
-1.4360609999999996
-1.4340650000000004
-1.4361439999999996
-1.4359029999999997
-1.4360609999999996
-1.4340650000000004
-1.4361439999999996
-1.4359029999999997
-1.4360609999999996
-1.4340650000000004
-1.4361439999999996
-1.4359029999999997
-1.4360609999999996
-1.4340650000000004
-1.4361439999999996
-1.4359029999999997
-1.4360609999999996
-1.4340650000000004
-1.4361439999999996
-1.4359029999999997
-1.4360609999999996
-1.4340650000000004
-1.4361439999999996
-1.4359029999999997
-1.4360609999999996
-1.4340650000000004
-1.4361439999999996
-1.4359029999999997
-1.4360609999999996
-1.4340650000000004
-1.4361439999999996
-1.4359029999999997
-1.4360609999999996
-1.4340650000000004
-1.4361439999999996
-1.4359029999999997
-1.4360609999999996
-1.4340650000000004
-1.4361439999999996
-1.4359029999999997
-1.4360609999999996
-1.4340650000000004
-1.4361439999999996
-1.4359029999999997
-1.4360609999999996
-1.4340650000000004
-1.4361439999999996
-1.4359029999999997
-1.4360609999999996
-1.4340650000000004
-1.4361439999999996
-1.4359029999999997
-1.4360609999999996
-1.4340650000000004
-1.4361439999999996
-1.4359029999999997
-1.4360609999999996
-1.4340650000000004
-1.4361439999999996
-1.4359029999999997
-1.4360609999999996
-1.4340650000000004
-1.4361439999999996
