1.4305509999999995
1.4357419999999994
1.4345289999999995
1.4348960000000002
1.4305509999999995
1.4357419999999994
1.4345289999999995
1.4348960000000002
1.4305509999999995
1.4357419999999994
1.4345289999999995
1.4348960000000002
1.4305509999999995
1.4357419999999994
1.4345289999999995
1.4348960000000002
1.4305509999999995
1.4357419999999994
1.4345289999999995
1.4348960000000002
1.4305509999999995
1.4357419999999994
1.4345289999999995
1.4348960000000002
1.4305509999999995
1.4357419999999994
1.4345289999999995
1.4348960000000002
1.4305509999999995
1.4357419999999994
1.4345289999999995
1.4348960000000002
1.4305509999999995
1.4357419999999994
1.4345289999999995
1.4348960000000002
1.4305509999999995
1.4357419999999994
1.4345289999999995
1.4348960000000002
1.4305509999999995
1.4357419999999994
1.4345289999999995
1.4348960000000002
1.4305509999999995
1.4357419999999994
1.4345289999999995
1.4348960000000002
1.4305509999999995
1.4357419999999994
1.4345289999999995
1.4348960000000002
1.4305509999999995
1.4357419999999994
1.4345289999999995
1.4348960000000002
1.4305509999999995
1.4357419999999994
1.4345289999999995
1.4348960000000002
1.4305509999999995
1.4357419999999994
1.4345289999999995
1.4348960000000002
1.4305509999999995
1.4357419999999994
1.4345289999999995
1.4348960000000002
1.4305509999999995
1.4357419999999994
1.4345289999999995
1.4348960000000002
1.4305509999999995
1.4357419999999994
1.4345289999999995
1.4348960000000002
1.4305509999999995
1.4357419999999994
1.4345289999999995
1.4348960000000002
1.4305509999999995
1.4357419999999994
1.4345289999999995
1.4348960000000002
1.4305509999999995
1.4357419999999994
1.4345289999999995
1.4348960000000002
1.4305509999999995
1.4357419999999994
1.4345289999999995
1.4348960000000002
1.4305509999999995
1.4357419999999994
1.4345289999999995
1.4348960000000002
1.4305509999999995
1.4357419999999994
1.4345289999999995
1.4348960000000002
1.4305509999999995
1.4357419999999994
1.4345289999999995
1.4348960000000002
1.4305509999999995
1.4357419999999994
1.4345289999999995
1.4348960000000002
1.4305509999999995
1.4357419999999994
1.4345289999999995
1.4348960000000002
1.4305509999999995
1.4357419999999994
1.4345289999999995
1.4348960000000002
1.4305509999999995
1.4357419999999994
1.4345289999999995
1.4348960000000002
1.4305509999999995
1.4357419999999994
1.4345289999999995
1.4348960000000002
1.4305509999999995
1.4357419999999994
1.4345289999999995
1.4348960000000002
1.4305509999999995
1.4357419999999994
1.4345289999999995
1.4348960000000002
1.4305509999999995
1.4357419999999994
1.4345289999999995
1.4348960000000002
1.4305509999999995
1.4357419999999994
1.4345289999999995
1.4348960000000002
1.4305509999999995
1.4357419999999994
1.4345289999999995
1.4348960000000002
-1.4317890000000002
-1.4345239999999997
-1.432404
-1.4370000000000003
-1.4317890000000002
-1.4345239999999997
-1.432404
-1.4370000000000003
-1.4317890000000002
-1.4345239999999997
-1.432404
-1.4370000000000003
-1.4317890000000002
-1.4345239999999997
-1.432404
-1.4370000000000003
-1.4317890000000002
-1.4345239999999997
-1.432404
-1.4370000000000003
-1.4317890000000002
-1.4345239999999997
-1.432404
-1.4370000000000003
-1.4317890000000002
-1.4345239999999997
-1.432404
-1.4370000000000003
-1.4317890000000002
-1.4345239999999997
-1.432404
-1.4370000000000003
-1.4317890000000002
-1.4345239999999997
-1.432404
-1.4370000000000003
-1.4317890000000002
-1.4345239999999997
-1.432404
-1.4370000000000003
-1.4317890000000002
-1.4345239999999997
-1.432404
-1.4370000000000003
-1.4317890000000002
-1.4345239999999997
-1.432404
-1.4370000000000003
-1.4317890000000002
-1.4345239999999997
-1.432404
-1.4370000000000003
-1.4317890000000002
-1.4345239999999997
-1.432404
-1.4370000000000003
-1.4317890000000002
-1.4345239999999997
-1.432404
-1.4370000000000003
-1.4317890000000002
-1.4345239999999997
-1.432404
-1.4370000000000003
-1.4317890000000002
-1.4345239999999997
-1.432404
-1.4370000000000003
-1.4317890000000002
-1.4345239999999997
-1.432404
-1.4370000000000003
-1.4317890000000002
-1.4345239999999997
-1.432404
-1.4370000000000003
-1.4317890000000002
-1.4345239999999997
-1.432404
-1.4370000000000003
-1.4317890000000002
-1.4345239999999997
-1.432404
-1.4370000000000003
-1.4317890000000002
-1.4345239999999997
-1.432404
-1.4370000000000003
-1.4317890000000002
-1.4345239999999997
-1.432404
-1.4370000000000003
-1.4317890000000002
-1.4345239999999997
-1.432404
-1.4370000000000003
-1.4317890000000002
-1.4345239999999997
-1.432404
-1.4370000000000003
-1.4317890000000002
-1.4345239999999997
-1.432404
-1.4370000000000003
-1.4317890000000002
-1.4345239999999997
-1.432404
-1.4370000000000003
-1.4317890000000002
-1.4345239999999997
-1.432404
-1.4370000000000003
-1.4317890000000002
-1.4345239999999997
-1.432404
-1.4370000000000003
-1.4317890000000002
-1.4345239999999997
-1.432404
-1.4370000000000003
-1.4317890000000002
-1.4345239999999997
-1.432404
-1.4370000000000003
-1.4317890000000002
-1.4345239999999997
-1.432404
-1.4370000000000003
-1.4317890000000002
-1.4345239999999997
-1.432404
-1.4370000000000003
-1.4317890000000002
-1.4345239999999997
-1.432404
-1.4370000000000003
-1.4317890000000002
-1.4345239999999997
-1.432404
-1.4370000000000003
-1.4317890000000002
-1.4345239999999997
-1.432404
-1.4370000000000003
