1.4287550000000007
1.4293700000000005
1.4293150000000008
1.4324510000000004
1.4287550000000007
1.4293700000000005
1.4293150000000008
1.4324510000000004
1.4287550000000007
1.4293700000000005
1.4293150000000008
1.4324510000000004
1.4287550000000007
1.4293700000000005
1.4293150000000008
1.4324510000000004
1.4287550000000007
1.4293700000000005
1.4293150000000008
1.4324510000000004
1.4287550000000007
1.4293700000000005
1.4293150000000008
1.4324510000000004
1.4287550000000007
1.4293700000000005
1.4293150000000008
1.4324510000000004
1.4287550000000007
1.4293700000000005
1.4293150000000008
1.4324510000000004
1.4287550000000007
1.4293700000000005
1.4293150000000008
1.4324510000000004
1.4287550000000007
1.4293700000000005
1.4293150000000008
1.4324510000000004
1.4287550000000007
1.4293700000000005
1.4293150000000008
1.4324510000000004
1.4287550000000007
1.4293700000000005
1.4293150000000008
1.4324510000000004
1.4287550000000007
1.4293700000000005
1.4293150000000008
1.4324510000000004
1.4287550000000007
1.4293700000000005
1.4293150000000008
1.4324510000000004
1.4287550000000007
1.4293700000000005
1.4293150000000008
1.4324510000000004
1.4287550000000007
1.4293700000000005
1.4293150000000008
1.4324510000000004
1.4287550000000007
1.4293700000000005
1.4293150000000008
1.4324510000000004
1.4287550000000007
1.4293700000000005
1.4293150000000008
1.4324510000000004
1.4287550000000007
1.4293700000000005
1.4293150000000008
1.4324510000000004
1.4287550000000007
1.4293700000000005
1.4293150000000008
1.4324510000000004
1.4287550000000007
1.4293700000000005
1.4293150000000008
1.4324510000000004
1.4287550000000007
1.4293700000000005
1.4293150000000008
1.4324510000000004
1.4287550000000007
1.4293700000000005
1.4293150000000008
1.4324510000000004
1.4287550000000007
1.4293700000000005
1.4293150000000008
1.4324510000000004
1.4287550000000007
1.4293700000000005
1.4293150000000008
1.4324510000000004
1.4287550000000007
1.4293700000000005
1.4293150000000008
1.4324510000000004
1.4287550000000007
1.4293700000000005
1.4293150000000008
1.4324510000000004
-1.4293430000000003
-1.429354
-1.4300940000000004
-1.4310999999999998
-1.4293430000000003
-1.429354
-1.4300940000000004
-1.4310999999999998
-1.4293430000000003
-1.429354
-1.4300940000000004
-1.4310999999999998
-1.4293430000000003
-1.429354
-1.4300940000000004
-1.4310999999999998
-1.4293430000000003
-1.429354
-1.4300940000000004
-1.4310999999999998
-1.4293430000000003
-1.429354
-1.4300940000000004
-1.4310999999999998
-1.4293430000000003
-1.429354
-1.4300940000000004
-1.4310999999999998
-1.4293430000000003
-1.429354
-1.4300940000000004
-1.4310999999999998
-1.4293430000000003
-1.429354
-1.4300940000000004
-1.4310999999999998
-1.4293430000000003
-1.429354
-1.4300940000000004
-1.4310999999999998
-1.4293430000000003
-1.429354
-1.4300940000000004
-1.4310999999999998
-1.4293430000000003
-1.429354
-1.4300940000000004
-1.4310999999999998
-1.4293430000000003
-1.429354
-1.4300940000000004
-1.4310999999999998
-1.4293430000000003
-1.429354
-1.4300940000000004
-1.4310999999999998
-1.4293430000000003
-1.429354
-1.4300940000000004
-1.4310999999999998
-1.4293430000000003
-1.429354
-1.4300940000000004
-1.4310999999999998
-1.4293430000000003
-1.429354
-1.4300940000000004
-1.4310999999999998
-1.4293430000000003
-1.429354
-1.4300940000000004
-1.4310999999999998
-1.4293430000000003
-1.429354
-1.4300940000000004
-1.4310999999999998
-1.4293430000000003
-1.429354
-1.4300940000000004
-1.4310999999999998
-1.4293430000000003
-1.429354
-1.4300940000000004
-1.4310999999999998
-1.4293430000000003
-1.429354
-1.4300940000000004
-1.4310999999999998
-1.4293430000000003
-1.429354
-1.4300940000000004
-1.4310999999999998
-1.4293430000000003
-1.429354
-1.4300940000000004
-1.4310999999999998
-1.4293430000000003
-1.429354
-1.4300940000000004
-1.4310999999999998
-1.4293430000000003
-1.429354
-1.4300940000000004
-1.4310999999999998
-1.4293430000000003
-1.429354
-1.4300940000000004
-1.4310999999999998
