1.3052679999999999
1.282864
1.3052679999999999
1.282864
1.3052679999999999
1.282864
1.3052679999999999
1.282864
1.3052679999999999
1.282864
1.3052679999999999
1.282864
1.3052679999999999
1.282864
1.3052679999999999
1.282864
1.3052679999999999
1.282864
1.3052679999999999
1.282864
1.3052679999999999
1.282864
1.3052679999999999
1.282864
1.3052679999999999
1.282864
1.3052679999999999
1.282864
1.3052679999999999
1.282864
1.3052679999999999
1.282864
1.3052679999999999
1.282864
1.3052679999999999
1.282864
1.3052679999999999
1.282864
1.3052679999999999
1.282864
1.3052679999999999
1.282864
1.3052679999999999
1.282864
1.3052679999999999
1.282864
1.3052679999999999
1.282864
1.3052679999999999
1.282864
1.3052679999999999
1.282864
1.3052679999999999
1.282864
1.3052679999999999
1.282864
1.3052679999999999
1.282864
1.3052679999999999
1.282864
1.3052679999999999
1.282864
1.3052679999999999
1.282864
1.3052679999999999
1.282864
1.3052679999999999
1.282864
1.3052679999999999
1.282864
1.3052679999999999
1.282864
1.3052679999999999
1.282864
1.3052679999999999
1.282864
1.3052679999999999
1.282864
1.3052679999999999
1.282864
1.3052679999999999
1.282864
1.3052679999999999
1.282864
1.3052679999999999
1.282864
1.3052679999999999
1.282864
1.3052679999999999
1.282864
1.3052679999999999
1.282864
1.3052679999999999
1.282864
1.3052679999999999
1.282864
-1.312341
-1.275791
-1.312341
-1.275791
-1.312341
-1.275791
-1.312341
-1.275791
-1.312341
-1.275791
-1.312341
-1.275791
-1.312341
-1.275791
-1.312341
-1.275791
-1.312341
-1.275791
-1.312341
-1.275791
-1.312341
-1.275791
-1.312341
-1.275791
-1.312341
-1.275791
-1.312341
-1.275791
-1.312341
-1.275791
-1.312341
-1.275791
-1.312341
-1.275791
-1.312341
-1.275791
-1.312341
-1.275791
-1.312341
-1.275791
-1.312341
-1.275791
-1.312341
-1.275791
-1.312341
-1.275791
-1.312341
-1.275791
-1.312341
-1.275791
-1.312341
-1.275791
-1.312341
-1.275791
-1.312341
-1.275791
-1.312341
-1.275791
-1.312341
-1.275791
-1.312341
-1.275791
-1.312341
-1.275791
-1.312341
-1.275791
-1.312341
-1.275791
-1.312341
-1.275791
-1.312341
-1.275791
-1.312341
-1.275791
-1.312341
-1.275791
-1.312341
-1.275791
-1.312341
-1.275791
-1.312341
-1.275791
-1.312341
-1.275791
-1.312341
-1.275791
-1.312341
-1.275791
-1.312341
-1.275791
-1.312341
-1.275791
-1.312341
-1.275791
-1.312341
-1.275791
