1.4396839999999997
1.4394449999999992
1.4395989999999994
1.4395869999999995
1.4396839999999997
1.4394449999999992
1.4395989999999994
1.4395869999999995
1.4396839999999997
1.4394449999999992
1.4395989999999994
1.4395869999999995
1.4396839999999997
1.4394449999999992
1.4395989999999994
1.4395869999999995
1.4396839999999997
1.4394449999999992
1.4395989999999994
1.4395869999999995
1.4396839999999997
1.4394449999999992
1.4395989999999994
1.4395869999999995
1.4396839999999997
1.4394449999999992
1.4395989999999994
1.4395869999999995
1.4396839999999997
1.4394449999999992
1.4395989999999994
1.4395869999999995
1.4396839999999997
1.4394449999999992
1.4395989999999994
1.4395869999999995
1.4396839999999997
1.4394449999999992
1.4395989999999994
1.4395869999999995
1.4396839999999997
1.4394449999999992
1.4395989999999994
1.4395869999999995
1.4396839999999997
1.4394449999999992
1.4395989999999994
1.4395869999999995
1.4396839999999997
1.4394449999999992
1.4395989999999994
1.4395869999999995
1.4396839999999997
1.4394449999999992
1.4395989999999994
1.4395869999999995
1.4396839999999997
1.4394449999999992
1.4395989999999994
1.4395869999999995
1.4396839999999997
1.4394449999999992
1.4395989999999994
1.4395869999999995
1.4396839999999997
1.4394449999999992
1.4395989999999994
1.4395869999999995
1.4396839999999997
1.4394449999999992
1.4395989999999994
1.4395869999999995
1.4396839999999997
1.4394449999999992
1.4395989999999994
1.4395869999999995
1.4396839999999997
1.4394449999999992
1.4395989999999994
1.4395869999999995
1.4396839999999997
1.4394449999999992
1.4395989999999994
1.4395869999999995
1.4396839999999997
1.4394449999999992
1.4395989999999994
1.4395869999999995
1.4396839999999997
1.4394449999999992
1.4395989999999994
1.4395869999999995
1.4396839999999997
1.4394449999999992
1.4395989999999994
1.4395869999999995
1.4396839999999997
1.4394449999999992
1.4395989999999994
1.4395869999999995
1.4396839999999997
1.4394449999999992
1.4395989999999994
1.4395869999999995
1.4396839999999997
1.4394449999999992
1.4395989999999994
1.4395869999999995
-1.4396959999999996
-1.4395980000000002
-1.4395410000000002
-1.4394790000000004
-1.4396959999999996
-1.4395980000000002
-1.4395410000000002
-1.4394790000000004
-1.4396959999999996
-1.4395980000000002
-1.4395410000000002
-1.4394790000000004
-1.4396959999999996
-1.4395980000000002
-1.4395410000000002
-1.4394790000000004
-1.4396959999999996
-1.4395980000000002
-1.4395410000000002
-1.4394790000000004
-1.4396959999999996
-1.4395980000000002
-1.4395410000000002
-1.4394790000000004
-1.4396959999999996
-1.4395980000000002
-1.4395410000000002
-1.4394790000000004
-1.4396959999999996
-1.4395980000000002
-1.4395410000000002
-1.4394790000000004
-1.4396959999999996
-1.4395980000000002
-1.4395410000000002
-1.4394790000000004
-1.4396959999999996
-1.4395980000000002
-1.4395410000000002
-1.4394790000000004
-1.4396959999999996
-1.4395980000000002
-1.4395410000000002
-1.4394790000000004
-1.4396959999999996
-1.4395980000000002
-1.4395410000000002
-1.4394790000000004
-1.4396959999999996
-1.4395980000000002
-1.4395410000000002
-1.4394790000000004
-1.4396959999999996
-1.4395980000000002
-1.4395410000000002
-1.4394790000000004
-1.4396959999999996
-1.4395980000000002
-1.4395410000000002
-1.4394790000000004
-1.4396959999999996
-1.4395980000000002
-1.4395410000000002
-1.4394790000000004
-1.4396959999999996
-1.4395980000000002
-1.4395410000000002
-1.4394790000000004
-1.4396959999999996
-1.4395980000000002
-1.4395410000000002
-1.4394790000000004
-1.4396959999999996
-1.4395980000000002
-1.4395410000000002
-1.4394790000000004
-1.4396959999999996
-1.4395980000000002
-1.4395410000000002
-1.4394790000000004
-1.4396959999999996
-1.4395980000000002
-1.4395410000000002
-1.4394790000000004
-1.4396959999999996
-1.4395980000000002
-1.4395410000000002
-1.4394790000000004
-1.4396959999999996
-1.4395980000000002
-1.4395410000000002
-1.4394790000000004
-1.4396959999999996
-1.4395980000000002
-1.4395410000000002
-1.4394790000000004
-1.4396959999999996
-1.4395980000000002
-1.4395410000000002
-1.4394790000000004
-1.4396959999999996
-1.4395980000000002
-1.4395410000000002
-1.4394790000000004
-1.4396959999999996
-1.4395980000000002
-1.4395410000000002
-1.4394790000000004
