0.7346240000000002
0.7346240000000002
0.7346240000000002
0.7346240000000002
0.7346240000000002
0.7346240000000002
0.7346240000000002
0.7346240000000002
0.7346240000000002
0.7346240000000002
0.7346240000000002
0.7346240000000002
0.7346240000000002
0.7346240000000002
0.7346240000000002
0.7346240000000002
0.7346240000000002
0.7346240000000002
0.7346240000000002
0.7346240000000002
0.7346240000000002
0.7346240000000002
0.7346240000000002
0.7346240000000002
0.7346240000000002
0.7346240000000002
0.7346240000000002
0.7346240000000002
0.7346240000000002
0.7346240000000002
0.7346240000000002
0.7346240000000002
0.7346240000000002
0.7346240000000002
0.7346240000000002
0.7346240000000002
0.7346240000000002
0.7346240000000002
0.7346240000000002
0.7346240000000002
0.7346240000000002
0.7346240000000002
0.7346240000000002
0.7346240000000002
0.7346240000000002
0.7346240000000002
0.7346240000000002
0.7346240000000002
0.7346240000000002
0.7346240000000002
0.7346240000000002
0.7346240000000002
0.7346240000000002
0.7346240000000002
0.7346240000000002
0.7346240000000002
0.7346240000000002
0.7346240000000002
0.7346240000000002
0.7346240000000002
0.7346240000000002
0.7346240000000002
0.7346240000000002
0.7346240000000002
-0.7346240000000002
-0.7346240000000002
-0.7346240000000002
-0.7346240000000002
-0.7346240000000002
-0.7346240000000002
-0.7346240000000002
-0.7346240000000002
-0.7346240000000002
-0.7346240000000002
-0.7346240000000002
-0.7346240000000002
-0.7346240000000002
-0.7346240000000002
-0.7346240000000002
-0.7346240000000002
-0.7346240000000002
-0.7346240000000002
-0.7346240000000002
-0.7346240000000002
-0.7346240000000002
-0.7346240000000002
-0.7346240000000002
-0.7346240000000002
-0.7346240000000002
-0.7346240000000002
-0.7346240000000002
-0.7346240000000002
-0.7346240000000002
-0.7346240000000002
-0.7346240000000002
-0.7346240000000002
-0.7346240000000002
-0.7346240000000002
-0.7346240000000002
-0.7346240000000002
-0.7346240000000002
-0.7346240000000002
-0.7346240000000002
-0.7346240000000002
-0.7346240000000002
-0.7346240000000002
-0.7346240000000002
-0.7346240000000002
-0.7346240000000002
-0.7346240000000002
-0.7346240000000002
-0.7346240000000002
-0.7346240000000002
-0.7346240000000002
-0.7346240000000002
-0.7346240000000002
-0.7346240000000002
-0.7346240000000002
-0.7346240000000002
-0.7346240000000002
-0.7346240000000002
-0.7346240000000002
-0.7346240000000002
-0.7346240000000002
-0.7346240000000002
-0.7346240000000002
-0.7346240000000002
-0.7346240000000002
