1.1638940000000009
1.5251789999999996
1.5657940000000004
1.3636959999999991
1.1638940000000009
1.5251789999999996
1.5657940000000004
1.3636959999999991
1.1638940000000009
1.5251789999999996
1.5657940000000004
1.3636959999999991
1.1638940000000009
1.5251789999999996
1.5657940000000004
1.3636959999999991
1.1638940000000009
1.5251789999999996
1.5657940000000004
1.3636959999999991
1.1638940000000009
1.5251789999999996
1.5657940000000004
1.3636959999999991
1.1638940000000009
1.5251789999999996
1.5657940000000004
1.3636959999999991
1.1638940000000009
1.5251789999999996
1.5657940000000004
1.3636959999999991
1.1638940000000009
1.5251789999999996
1.5657940000000004
1.3636959999999991
1.1638940000000009
1.5251789999999996
1.5657940000000004
1.3636959999999991
1.1638940000000009
1.5251789999999996
1.5657940000000004
1.3636959999999991
1.1638940000000009
1.5251789999999996
1.5657940000000004
1.3636959999999991
1.1638940000000009
1.5251789999999996
1.5657940000000004
1.3636959999999991
1.1638940000000009
1.5251789999999996
1.5657940000000004
1.3636959999999991
1.1638940000000009
1.5251789999999996
1.5657940000000004
1.3636959999999991
1.1638940000000009
1.5251789999999996
1.5657940000000004
1.3636959999999991
1.1638940000000009
1.5251789999999996
1.5657940000000004
1.3636959999999991
1.1638940000000009
1.5251789999999996
1.5657940000000004
1.3636959999999991
1.1638940000000009
1.5251789999999996
1.5657940000000004
1.3636959999999991
1.1638940000000009
1.5251789999999996
1.5657940000000004
1.3636959999999991
1.1638940000000009
1.5251789999999996
1.5657940000000004
1.3636959999999991
1.1638940000000009
1.5251789999999996
1.5657940000000004
1.3636959999999991
1.1638940000000009
1.5251789999999996
1.5657940000000004
1.3636959999999991
1.1638940000000009
1.5251789999999996
1.5657940000000004
1.3636959999999991
1.1638940000000009
1.5251789999999996
1.5657940000000004
1.3636959999999991
1.1638940000000009
1.5251789999999996
1.5657940000000004
1.3636959999999991
1.1638940000000009
1.5251789999999996
1.5657940000000004
1.3636959999999991
1.1638940000000009
1.5251789999999996
1.5657940000000004
1.3636959999999991
1.1638940000000009
1.5251789999999996
1.5657940000000004
1.3636959999999991
1.1638940000000009
1.5251789999999996
1.5657940000000004
1.3636959999999991
1.1638940000000009
1.5251789999999996
1.5657940000000004
1.3636959999999991
1.1638940000000009
1.5251789999999996
1.5657940000000004
1.3636959999999991
1.1638940000000009
1.5251789999999996
1.5657940000000004
1.3636959999999991
1.1638940000000009
1.5251789999999996
1.5657940000000004
1.3636959999999991
1.1638940000000009
1.5251789999999996
1.5657940000000004
1.3636959999999991
1.1638940000000009
1.5251789999999996
1.5657940000000004
1.3636959999999991
-1.381958
-1.4845610000000002
-1.3310199999999996
-1.4210279999999997
-1.381958
-1.4845610000000002
-1.3310199999999996
-1.4210279999999997
-1.381958
-1.4845610000000002
-1.3310199999999996
-1.4210279999999997
-1.381958
-1.4845610000000002
-1.3310199999999996
-1.4210279999999997
-1.381958
-1.4845610000000002
-1.3310199999999996
-1.4210279999999997
-1.381958
-1.4845610000000002
-1.3310199999999996
-1.4210279999999997
-1.381958
-1.4845610000000002
-1.3310199999999996
-1.4210279999999997
-1.381958
-1.4845610000000002
-1.3310199999999996
-1.4210279999999997
-1.381958
-1.4845610000000002
-1.3310199999999996
-1.4210279999999997
-1.381958
-1.4845610000000002
-1.3310199999999996
-1.4210279999999997
-1.381958
-1.4845610000000002
-1.3310199999999996
-1.4210279999999997
-1.381958
-1.4845610000000002
-1.3310199999999996
-1.4210279999999997
-1.381958
-1.4845610000000002
-1.3310199999999996
-1.4210279999999997
-1.381958
-1.4845610000000002
-1.3310199999999996
-1.4210279999999997
-1.381958
-1.4845610000000002
-1.3310199999999996
-1.4210279999999997
-1.381958
-1.4845610000000002
-1.3310199999999996
-1.4210279999999997
-1.381958
-1.4845610000000002
-1.3310199999999996
-1.4210279999999997
-1.381958
-1.4845610000000002
-1.3310199999999996
-1.4210279999999997
-1.381958
-1.4845610000000002
-1.3310199999999996
-1.4210279999999997
-1.381958
-1.4845610000000002
-1.3310199999999996
-1.4210279999999997
-1.381958
-1.4845610000000002
-1.3310199999999996
-1.4210279999999997
-1.381958
-1.4845610000000002
-1.3310199999999996
-1.4210279999999997
-1.381958
-1.4845610000000002
-1.3310199999999996
-1.4210279999999997
-1.381958
-1.4845610000000002
-1.3310199999999996
-1.4210279999999997
-1.381958
-1.4845610000000002
-1.3310199999999996
-1.4210279999999997
-1.381958
-1.4845610000000002
-1.3310199999999996
-1.4210279999999997
-1.381958
-1.4845610000000002
-1.3310199999999996
-1.4210279999999997
-1.381958
-1.4845610000000002
-1.3310199999999996
-1.4210279999999997
-1.381958
-1.4845610000000002
-1.3310199999999996
-1.4210279999999997
-1.381958
-1.4845610000000002
-1.3310199999999996
-1.4210279999999997
-1.381958
-1.4845610000000002
-1.3310199999999996
-1.4210279999999997
-1.381958
-1.4845610000000002
-1.3310199999999996
-1.4210279999999997
-1.381958
-1.4845610000000002
-1.3310199999999996
-1.4210279999999997
-1.381958
-1.4845610000000002
-1.3310199999999996
-1.4210279999999997
-1.381958
-1.4845610000000002
-1.3310199999999996
-1.4210279999999997
-1.381958
-1.4845610000000002
-1.3310199999999996
-1.4210279999999997
