1.4310170000000006
1.4306549999999998
1.4313789999999997
1.4310290000000006
1.4310170000000006
1.4306549999999998
1.4313789999999997
1.4310290000000006
1.4310170000000006
1.4306549999999998
1.4313789999999997
1.4310290000000006
1.4310170000000006
1.4306549999999998
1.4313789999999997
1.4310290000000006
1.4310170000000006
1.4306549999999998
1.4313789999999997
1.4310290000000006
1.4310170000000006
1.4306549999999998
1.4313789999999997
1.4310290000000006
1.4310170000000006
1.4306549999999998
1.4313789999999997
1.4310290000000006
1.4310170000000006
1.4306549999999998
1.4313789999999997
1.4310290000000006
1.4310170000000006
1.4306549999999998
1.4313789999999997
1.4310290000000006
1.4310170000000006
1.4306549999999998
1.4313789999999997
1.4310290000000006
1.4310170000000006
1.4306549999999998
1.4313789999999997
1.4310290000000006
1.4310170000000006
1.4306549999999998
1.4313789999999997
1.4310290000000006
1.4310170000000006
1.4306549999999998
1.4313789999999997
1.4310290000000006
1.4310170000000006
1.4306549999999998
1.4313789999999997
1.4310290000000006
1.4310170000000006
1.4306549999999998
1.4313789999999997
1.4310290000000006
1.4310170000000006
1.4306549999999998
1.4313789999999997
1.4310290000000006
1.4310170000000006
1.4306549999999998
1.4313789999999997
1.4310290000000006
1.4310170000000006
1.4306549999999998
1.4313789999999997
1.4310290000000006
1.4310170000000006
1.4306549999999998
1.4313789999999997
1.4310290000000006
1.4310170000000006
1.4306549999999998
1.4313789999999997
1.4310290000000006
1.4310170000000006
1.4306549999999998
1.4313789999999997
1.4310290000000006
1.4310170000000006
1.4306549999999998
1.4313789999999997
1.4310290000000006
1.4310170000000006
1.4306549999999998
1.4313789999999997
1.4310290000000006
1.4310170000000006
1.4306549999999998
1.4313789999999997
1.4310290000000006
1.4310170000000006
1.4306549999999998
1.4313789999999997
1.4310290000000006
1.4310170000000006
1.4306549999999998
1.4313789999999997
1.4310290000000006
1.4310170000000006
1.4306549999999998
1.4313789999999997
1.4310290000000006
1.4310170000000006
1.4306549999999998
1.4313789999999997
1.4310290000000006
1.4310170000000006
1.4306549999999998
1.4313789999999997
1.4310290000000006
1.4310170000000006
1.4306549999999998
1.4313789999999997
1.4310290000000006
1.4310170000000006
1.4306549999999998
1.4313789999999997
1.4310290000000006
1.4310170000000006
1.4306549999999998
1.4313789999999997
1.4310290000000006
1.4310170000000006
1.4306549999999998
1.4313789999999997
1.4310290000000006
1.4310170000000006
1.4306549999999998
1.4313789999999997
1.4310290000000006
1.4310170000000006
1.4306549999999998
1.4313789999999997
1.4310290000000006
1.4310170000000006
1.4306549999999998
1.4313789999999997
1.4310290000000006
-1.4286880000000002
-1.4324029999999999
-1.4313659999999997
-1.4316199999999997
-1.4286880000000002
-1.4324029999999999
-1.4313659999999997
-1.4316199999999997
-1.4286880000000002
-1.4324029999999999
-1.4313659999999997
-1.4316199999999997
-1.4286880000000002
-1.4324029999999999
-1.4313659999999997
-1.4316199999999997
-1.4286880000000002
-1.4324029999999999
-1.4313659999999997
-1.4316199999999997
-1.4286880000000002
-1.4324029999999999
-1.4313659999999997
-1.4316199999999997
-1.4286880000000002
-1.4324029999999999
-1.4313659999999997
-1.4316199999999997
-1.4286880000000002
-1.4324029999999999
-1.4313659999999997
-1.4316199999999997
-1.4286880000000002
-1.4324029999999999
-1.4313659999999997
-1.4316199999999997
-1.4286880000000002
-1.4324029999999999
-1.4313659999999997
-1.4316199999999997
-1.4286880000000002
-1.4324029999999999
-1.4313659999999997
-1.4316199999999997
-1.4286880000000002
-1.4324029999999999
-1.4313659999999997
-1.4316199999999997
-1.4286880000000002
-1.4324029999999999
-1.4313659999999997
-1.4316199999999997
-1.4286880000000002
-1.4324029999999999
-1.4313659999999997
-1.4316199999999997
-1.4286880000000002
-1.4324029999999999
-1.4313659999999997
-1.4316199999999997
-1.4286880000000002
-1.4324029999999999
-1.4313659999999997
-1.4316199999999997
-1.4286880000000002
-1.4324029999999999
-1.4313659999999997
-1.4316199999999997
-1.4286880000000002
-1.4324029999999999
-1.4313659999999997
-1.4316199999999997
-1.4286880000000002
-1.4324029999999999
-1.4313659999999997
-1.4316199999999997
-1.4286880000000002
-1.4324029999999999
-1.4313659999999997
-1.4316199999999997
-1.4286880000000002
-1.4324029999999999
-1.4313659999999997
-1.4316199999999997
-1.4286880000000002
-1.4324029999999999
-1.4313659999999997
-1.4316199999999997
-1.4286880000000002
-1.4324029999999999
-1.4313659999999997
-1.4316199999999997
-1.4286880000000002
-1.4324029999999999
-1.4313659999999997
-1.4316199999999997
-1.4286880000000002
-1.4324029999999999
-1.4313659999999997
-1.4316199999999997
-1.4286880000000002
-1.4324029999999999
-1.4313659999999997
-1.4316199999999997
-1.4286880000000002
-1.4324029999999999
-1.4313659999999997
-1.4316199999999997
-1.4286880000000002
-1.4324029999999999
-1.4313659999999997
-1.4316199999999997
-1.4286880000000002
-1.4324029999999999
-1.4313659999999997
-1.4316199999999997
-1.4286880000000002
-1.4324029999999999
-1.4313659999999997
-1.4316199999999997
-1.4286880000000002
-1.4324029999999999
-1.4313659999999997
-1.4316199999999997
-1.4286880000000002
-1.4324029999999999
-1.4313659999999997
-1.4316199999999997
-1.4286880000000002
-1.4324029999999999
-1.4313659999999997
-1.4316199999999997
-1.4286880000000002
-1.4324029999999999
-1.4313659999999997
-1.4316199999999997
-1.4286880000000002
-1.4324029999999999
-1.4313659999999997
-1.4316199999999997
-1.4286880000000002
-1.4324029999999999
-1.4313659999999997
-1.4316199999999997
