0.40601599999999927
0.40601599999999927
0.40601599999999927
0.40601599999999927
0.40601599999999927
0.40601599999999927
0.40601599999999927
0.40601599999999927
0.40601599999999927
0.40601599999999927
0.40601599999999927
0.40601599999999927
0.40601599999999927
0.40601599999999927
0.40601599999999927
0.40601599999999927
0.40601599999999927
0.40601599999999927
0.40601599999999927
0.40601599999999927
0.40601599999999927
0.40601599999999927
0.40601599999999927
0.40601599999999927
0.40601599999999927
0.40601599999999927
0.40601599999999927
0.40601599999999927
0.40601599999999927
0.40601599999999927
0.40601599999999927
0.40601599999999927
0.40601599999999927
0.40601599999999927
0.40601599999999927
0.40601599999999927
0.40601599999999927
0.40601599999999927
0.40601599999999927
0.40601599999999927
0.40601599999999927
0.40601599999999927
0.40601599999999927
0.40601599999999927
0.40601599999999927
0.40601599999999927
0.40601599999999927
0.40601599999999927
0.40601599999999927
0.40601599999999927
-0.40601600000000015
-0.40601600000000015
-0.40601600000000015
-0.40601600000000015
-0.40601600000000015
-0.40601600000000015
-0.40601600000000015
-0.40601600000000015
-0.40601600000000015
-0.40601600000000015
-0.40601600000000015
-0.40601600000000015
-0.40601600000000015
-0.40601600000000015
-0.40601600000000015
-0.40601600000000015
-0.40601600000000015
-0.40601600000000015
-0.40601600000000015
-0.40601600000000015
-0.40601600000000015
-0.40601600000000015
-0.40601600000000015
-0.40601600000000015
-0.40601600000000015
-0.40601600000000015
-0.40601600000000015
-0.40601600000000015
-0.40601600000000015
-0.40601600000000015
-0.40601600000000015
-0.40601600000000015
-0.40601600000000015
-0.40601600000000015
-0.40601600000000015
-0.40601600000000015
-0.40601600000000015
-0.40601600000000015
-0.40601600000000015
-0.40601600000000015
-0.40601600000000015
-0.40601600000000015
-0.40601600000000015
-0.40601600000000015
-0.40601600000000015
-0.40601600000000015
-0.40601600000000015
-0.40601600000000015
-0.40601600000000015
-0.40601600000000015
