1.4238700000000009
1.4277739999999994
1.4300820000000005
1.428782
1.4238700000000009
1.4277739999999994
1.4300820000000005
1.428782
1.4238700000000009
1.4277739999999994
1.4300820000000005
1.428782
1.4238700000000009
1.4277739999999994
1.4300820000000005
1.428782
1.4238700000000009
1.4277739999999994
1.4300820000000005
1.428782
1.4238700000000009
1.4277739999999994
1.4300820000000005
1.428782
1.4238700000000009
1.4277739999999994
1.4300820000000005
1.428782
1.4238700000000009
1.4277739999999994
1.4300820000000005
1.428782
1.4238700000000009
1.4277739999999994
1.4300820000000005
1.428782
1.4238700000000009
1.4277739999999994
1.4300820000000005
1.428782
1.4238700000000009
1.4277739999999994
1.4300820000000005
1.428782
1.4238700000000009
1.4277739999999994
1.4300820000000005
1.428782
1.4238700000000009
1.4277739999999994
1.4300820000000005
1.428782
1.4238700000000009
1.4277739999999994
1.4300820000000005
1.428782
1.4238700000000009
1.4277739999999994
1.4300820000000005
1.428782
1.4238700000000009
1.4277739999999994
1.4300820000000005
1.428782
1.4238700000000009
1.4277739999999994
1.4300820000000005
1.428782
1.4238700000000009
1.4277739999999994
1.4300820000000005
1.428782
1.4238700000000009
1.4277739999999994
1.4300820000000005
1.428782
1.4238700000000009
1.4277739999999994
1.4300820000000005
1.428782
1.4238700000000009
1.4277739999999994
1.4300820000000005
1.428782
1.4238700000000009
1.4277739999999994
1.4300820000000005
1.428782
1.4238700000000009
1.4277739999999994
1.4300820000000005
1.428782
1.4238700000000009
1.4277739999999994
1.4300820000000005
1.428782
1.4238700000000009
1.4277739999999994
1.4300820000000005
1.428782
1.4238700000000009
1.4277739999999994
1.4300820000000005
1.428782
1.4238700000000009
1.4277739999999994
1.4300820000000005
1.428782
1.4238700000000009
1.4277739999999994
1.4300820000000005
1.428782
1.4238700000000009
1.4277739999999994
1.4300820000000005
1.428782
1.4238700000000009
1.4277739999999994
1.4300820000000005
1.428782
1.4238700000000009
1.4277739999999994
1.4300820000000005
1.428782
1.4238700000000009
1.4277739999999994
1.4300820000000005
1.428782
1.4238700000000009
1.4277739999999994
1.4300820000000005
1.428782
1.4238700000000009
1.4277739999999994
1.4300820000000005
1.428782
1.4238700000000009
1.4277739999999994
1.4300820000000005
1.428782
1.4238700000000009
1.4277739999999994
1.4300820000000005
1.428782
1.4238700000000009
1.4277739999999994
1.4300820000000005
1.428782
1.4238700000000009
1.4277739999999994
1.4300820000000005
1.428782
1.4238700000000009
1.4277739999999994
1.4300820000000005
1.428782
1.4238700000000009
1.4277739999999994
1.4300820000000005
1.428782
1.4238700000000009
1.4277739999999994
1.4300820000000005
1.428782
1.4238700000000009
1.4277739999999994
1.4300820000000005
1.428782
1.4238700000000009
1.4277739999999994
1.4300820000000005
1.428782
1.4238700000000009
1.4277739999999994
1.4300820000000005
1.428782
1.4238700000000009
1.4277739999999994
1.4300820000000005
1.428782
1.4238700000000009
1.4277739999999994
1.4300820000000005
1.428782
1.4238700000000009
1.4277739999999994
1.4300820000000005
1.428782
1.4238700000000009
1.4277739999999994
1.4300820000000005
1.428782
-1.4270199999999997
-1.4264890000000001
-1.4270690000000004
-1.4299359999999997
-1.4270199999999997
-1.4264890000000001
-1.4270690000000004
-1.4299359999999997
-1.4270199999999997
-1.4264890000000001
-1.4270690000000004
-1.4299359999999997
-1.4270199999999997
-1.4264890000000001
-1.4270690000000004
-1.4299359999999997
-1.4270199999999997
-1.4264890000000001
-1.4270690000000004
-1.4299359999999997
-1.4270199999999997
-1.4264890000000001
-1.4270690000000004
-1.4299359999999997
-1.4270199999999997
-1.4264890000000001
-1.4270690000000004
-1.4299359999999997
-1.4270199999999997
-1.4264890000000001
-1.4270690000000004
-1.4299359999999997
-1.4270199999999997
-1.4264890000000001
-1.4270690000000004
-1.4299359999999997
-1.4270199999999997
-1.4264890000000001
-1.4270690000000004
-1.4299359999999997
-1.4270199999999997
-1.4264890000000001
-1.4270690000000004
-1.4299359999999997
-1.4270199999999997
-1.4264890000000001
-1.4270690000000004
-1.4299359999999997
-1.4270199999999997
-1.4264890000000001
-1.4270690000000004
-1.4299359999999997
-1.4270199999999997
-1.4264890000000001
-1.4270690000000004
-1.4299359999999997
-1.4270199999999997
-1.4264890000000001
-1.4270690000000004
-1.4299359999999997
-1.4270199999999997
-1.4264890000000001
-1.4270690000000004
-1.4299359999999997
-1.4270199999999997
-1.4264890000000001
-1.4270690000000004
-1.4299359999999997
-1.4270199999999997
-1.4264890000000001
-1.4270690000000004
-1.4299359999999997
-1.4270199999999997
-1.4264890000000001
-1.4270690000000004
-1.4299359999999997
-1.4270199999999997
-1.4264890000000001
-1.4270690000000004
-1.4299359999999997
-1.4270199999999997
-1.4264890000000001
-1.4270690000000004
-1.4299359999999997
-1.4270199999999997
-1.4264890000000001
-1.4270690000000004
-1.4299359999999997
-1.4270199999999997
-1.4264890000000001
-1.4270690000000004
-1.4299359999999997
-1.4270199999999997
-1.4264890000000001
-1.4270690000000004
-1.4299359999999997
-1.4270199999999997
-1.4264890000000001
-1.4270690000000004
-1.4299359999999997
-1.4270199999999997
-1.4264890000000001
-1.4270690000000004
-1.4299359999999997
-1.4270199999999997
-1.4264890000000001
-1.4270690000000004
-1.4299359999999997
-1.4270199999999997
-1.4264890000000001
-1.4270690000000004
-1.4299359999999997
-1.4270199999999997
-1.4264890000000001
-1.4270690000000004
-1.4299359999999997
-1.4270199999999997
-1.4264890000000001
-1.4270690000000004
-1.4299359999999997
-1.4270199999999997
-1.4264890000000001
-1.4270690000000004
-1.4299359999999997
-1.4270199999999997
-1.4264890000000001
-1.4270690000000004
-1.4299359999999997
-1.4270199999999997
-1.4264890000000001
-1.4270690000000004
-1.4299359999999997
-1.4270199999999997
-1.4264890000000001
-1.4270690000000004
-1.4299359999999997
-1.4270199999999997
-1.4264890000000001
-1.4270690000000004
-1.4299359999999997
-1.4270199999999997
-1.4264890000000001
-1.4270690000000004
-1.4299359999999997
-1.4270199999999997
-1.4264890000000001
-1.4270690000000004
-1.4299359999999997
-1.4270199999999997
-1.4264890000000001
-1.4270690000000004
-1.4299359999999997
-1.4270199999999997
-1.4264890000000001
-1.4270690000000004
-1.4299359999999997
-1.4270199999999997
-1.4264890000000001
-1.4270690000000004
-1.4299359999999997
-1.4270199999999997
-1.4264890000000001
-1.4270690000000004
-1.4299359999999997
-1.4270199999999997
-1.4264890000000001
-1.4270690000000004
-1.4299359999999997
-1.4270199999999997
-1.4264890000000001
-1.4270690000000004
-1.4299359999999997
-1.4270199999999997
-1.4264890000000001
-1.4270690000000004
-1.4299359999999997
-1.4270199999999997
-1.4264890000000001
-1.4270690000000004
-1.4299359999999997
-1.4270199999999997
-1.4264890000000001
-1.4270690000000004
-1.4299359999999997
-1.4270199999999997
-1.4264890000000001
-1.4270690000000004
-1.4299359999999997
-1.4270199999999997
-1.4264890000000001
-1.4270690000000004
-1.4299359999999997
