1.3835370000000005
1.3796440000000008
1.3835370000000005
1.3796440000000008
1.3835370000000005
1.3796440000000008
1.3835370000000005
1.3796440000000008
1.3835370000000005
1.3796440000000008
1.3835370000000005
1.3796440000000008
1.3835370000000005
1.3796440000000008
1.3835370000000005
1.3796440000000008
1.3835370000000005
1.3796440000000008
1.3835370000000005
1.3796440000000008
1.3835370000000005
1.3796440000000008
1.3835370000000005
1.3796440000000008
1.3835370000000005
1.3796440000000008
1.3835370000000005
1.3796440000000008
1.3835370000000005
1.3796440000000008
1.3835370000000005
1.3796440000000008
1.3835370000000005
1.3796440000000008
1.3835370000000005
1.3796440000000008
1.3835370000000005
1.3796440000000008
1.3835370000000005
1.3796440000000008
1.3835370000000005
1.3796440000000008
1.3835370000000005
1.3796440000000008
1.3835370000000005
1.3796440000000008
1.3835370000000005
1.3796440000000008
1.3835370000000005
1.3796440000000008
1.3835370000000005
1.3796440000000008
1.3835370000000005
1.3796440000000008
1.3835370000000005
1.3796440000000008
1.3835370000000005
1.3796440000000008
1.3835370000000005
1.3796440000000008
1.3835370000000005
1.3796440000000008
1.3835370000000005
1.3796440000000008
1.3835370000000005
1.3796440000000008
1.3835370000000005
1.3796440000000008
1.3835370000000005
1.3796440000000008
1.3835370000000005
1.3796440000000008
1.3835370000000005
1.3796440000000008
1.3835370000000005
1.3796440000000008
1.3835370000000005
1.3796440000000008
1.3835370000000005
1.3796440000000008
1.3835370000000005
1.3796440000000008
1.3835370000000005
1.3796440000000008
1.3835370000000005
1.3796440000000008
1.3835370000000005
1.3796440000000008
1.3835370000000005
1.3796440000000008
1.3835370000000005
1.3796440000000008
1.3835370000000005
1.3796440000000008
1.3835370000000005
1.3796440000000008
1.3835370000000005
1.3796440000000008
1.3835370000000005
1.3796440000000008
1.3835370000000005
1.3796440000000008
1.3835370000000005
1.3796440000000008
1.3835370000000005
1.3796440000000008
1.3835370000000005
1.3796440000000008
1.3835370000000005
1.3796440000000008
1.3835370000000005
1.3796440000000008
1.3835370000000005
1.3796440000000008
1.3835370000000005
1.3796440000000008
1.3835370000000005
1.3796440000000008
1.3835370000000005
1.3796440000000008
-1.3801170000000003
-1.383064
-1.3801170000000003
-1.383064
-1.3801170000000003
-1.383064
-1.3801170000000003
-1.383064
-1.3801170000000003
-1.383064
-1.3801170000000003
-1.383064
-1.3801170000000003
-1.383064
-1.3801170000000003
-1.383064
-1.3801170000000003
-1.383064
-1.3801170000000003
-1.383064
-1.3801170000000003
-1.383064
-1.3801170000000003
-1.383064
-1.3801170000000003
-1.383064
-1.3801170000000003
-1.383064
-1.3801170000000003
-1.383064
-1.3801170000000003
-1.383064
-1.3801170000000003
-1.383064
-1.3801170000000003
-1.383064
-1.3801170000000003
-1.383064
-1.3801170000000003
-1.383064
-1.3801170000000003
-1.383064
-1.3801170000000003
-1.383064
-1.3801170000000003
-1.383064
-1.3801170000000003
-1.383064
-1.3801170000000003
-1.383064
-1.3801170000000003
-1.383064
-1.3801170000000003
-1.383064
-1.3801170000000003
-1.383064
-1.3801170000000003
-1.383064
-1.3801170000000003
-1.383064
-1.3801170000000003
-1.383064
-1.3801170000000003
-1.383064
-1.3801170000000003
-1.383064
-1.3801170000000003
-1.383064
-1.3801170000000003
-1.383064
-1.3801170000000003
-1.383064
-1.3801170000000003
-1.383064
-1.3801170000000003
-1.383064
-1.3801170000000003
-1.383064
-1.3801170000000003
-1.383064
-1.3801170000000003
-1.383064
-1.3801170000000003
-1.383064
-1.3801170000000003
-1.383064
-1.3801170000000003
-1.383064
-1.3801170000000003
-1.383064
-1.3801170000000003
-1.383064
-1.3801170000000003
-1.383064
-1.3801170000000003
-1.383064
-1.3801170000000003
-1.383064
-1.3801170000000003
-1.383064
-1.3801170000000003
-1.383064
-1.3801170000000003
-1.383064
-1.3801170000000003
-1.383064
-1.3801170000000003
-1.383064
-1.3801170000000003
-1.383064
-1.3801170000000003
-1.383064
-1.3801170000000003
-1.383064
-1.3801170000000003
-1.383064
-1.3801170000000003
-1.383064
-1.3801170000000003
-1.383064
