1.3801349999999992
1.3911219999999993
1.3801349999999992
1.3911219999999993
1.3801349999999992
1.3911219999999993
1.3801349999999992
1.3911219999999993
1.3801349999999992
1.3911219999999993
1.3801349999999992
1.3911219999999993
1.3801349999999992
1.3911219999999993
1.3801349999999992
1.3911219999999993
1.3801349999999992
1.3911219999999993
1.3801349999999992
1.3911219999999993
1.3801349999999992
1.3911219999999993
1.3801349999999992
1.3911219999999993
1.3801349999999992
1.3911219999999993
1.3801349999999992
1.3911219999999993
1.3801349999999992
1.3911219999999993
1.3801349999999992
1.3911219999999993
1.3801349999999992
1.3911219999999993
1.3801349999999992
1.3911219999999993
1.3801349999999992
1.3911219999999993
1.3801349999999992
1.3911219999999993
1.3801349999999992
1.3911219999999993
1.3801349999999992
1.3911219999999993
1.3801349999999992
1.3911219999999993
1.3801349999999992
1.3911219999999993
1.3801349999999992
1.3911219999999993
1.3801349999999992
1.3911219999999993
1.3801349999999992
1.3911219999999993
1.3801349999999992
1.3911219999999993
1.3801349999999992
1.3911219999999993
1.3801349999999992
1.3911219999999993
1.3801349999999992
1.3911219999999993
1.3801349999999992
1.3911219999999993
1.3801349999999992
1.3911219999999993
1.3801349999999992
1.3911219999999993
1.3801349999999992
1.3911219999999993
1.3801349999999992
1.3911219999999993
1.3801349999999992
1.3911219999999993
1.3801349999999992
1.3911219999999993
1.3801349999999992
1.3911219999999993
1.3801349999999992
1.3911219999999993
1.3801349999999992
1.3911219999999993
1.3801349999999992
1.3911219999999993
1.3801349999999992
1.3911219999999993
1.3801349999999992
1.3911219999999993
1.3801349999999992
1.3911219999999993
1.3801349999999992
1.3911219999999993
1.3801349999999992
1.3911219999999993
1.3801349999999992
1.3911219999999993
1.3801349999999992
1.3911219999999993
1.3801349999999992
1.3911219999999993
1.3801349999999992
1.3911219999999993
1.3801349999999992
1.3911219999999993
1.3801349999999992
1.3911219999999993
1.3801349999999992
1.3911219999999993
1.3801349999999992
1.3911219999999993
1.3801349999999992
1.3911219999999993
1.3801349999999992
1.3911219999999993
1.3801349999999992
1.3911219999999993
1.3801349999999992
1.3911219999999993
1.3801349999999992
1.3911219999999993
-1.3881259999999997
-1.3831309999999997
-1.3881259999999997
-1.3831309999999997
-1.3881259999999997
-1.3831309999999997
-1.3881259999999997
-1.3831309999999997
-1.3881259999999997
-1.3831309999999997
-1.3881259999999997
-1.3831309999999997
-1.3881259999999997
-1.3831309999999997
-1.3881259999999997
-1.3831309999999997
-1.3881259999999997
-1.3831309999999997
-1.3881259999999997
-1.3831309999999997
-1.3881259999999997
-1.3831309999999997
-1.3881259999999997
-1.3831309999999997
-1.3881259999999997
-1.3831309999999997
-1.3881259999999997
-1.3831309999999997
-1.3881259999999997
-1.3831309999999997
-1.3881259999999997
-1.3831309999999997
-1.3881259999999997
-1.3831309999999997
-1.3881259999999997
-1.3831309999999997
-1.3881259999999997
-1.3831309999999997
-1.3881259999999997
-1.3831309999999997
-1.3881259999999997
-1.3831309999999997
-1.3881259999999997
-1.3831309999999997
-1.3881259999999997
-1.3831309999999997
-1.3881259999999997
-1.3831309999999997
-1.3881259999999997
-1.3831309999999997
-1.3881259999999997
-1.3831309999999997
-1.3881259999999997
-1.3831309999999997
-1.3881259999999997
-1.3831309999999997
-1.3881259999999997
-1.3831309999999997
-1.3881259999999997
-1.3831309999999997
-1.3881259999999997
-1.3831309999999997
-1.3881259999999997
-1.3831309999999997
-1.3881259999999997
-1.3831309999999997
-1.3881259999999997
-1.3831309999999997
-1.3881259999999997
-1.3831309999999997
-1.3881259999999997
-1.3831309999999997
-1.3881259999999997
-1.3831309999999997
-1.3881259999999997
-1.3831309999999997
-1.3881259999999997
-1.3831309999999997
-1.3881259999999997
-1.3831309999999997
-1.3881259999999997
-1.3831309999999997
-1.3881259999999997
-1.3831309999999997
-1.3881259999999997
-1.3831309999999997
-1.3881259999999997
-1.3831309999999997
-1.3881259999999997
-1.3831309999999997
-1.3881259999999997
-1.3831309999999997
-1.3881259999999997
-1.3831309999999997
-1.3881259999999997
-1.3831309999999997
-1.3881259999999997
-1.3831309999999997
-1.3881259999999997
-1.3831309999999997
-1.3881259999999997
-1.3831309999999997
-1.3881259999999997
-1.3831309999999997
-1.3881259999999997
-1.3831309999999997
-1.3881259999999997
-1.3831309999999997
-1.3881259999999997
-1.3831309999999997
-1.3881259999999997
-1.3831309999999997
-1.3881259999999997
-1.3831309999999997
-1.3881259999999997
-1.3831309999999997
-1.3881259999999997
-1.3831309999999997
-1.3881259999999997
-1.3831309999999997
