1.426024
1.4226910000000004
1.426024
1.4226910000000004
1.426024
1.4226910000000004
1.426024
1.4226910000000004
1.426024
1.4226910000000004
1.426024
1.4226910000000004
1.426024
1.4226910000000004
1.426024
1.4226910000000004
1.426024
1.4226910000000004
1.426024
1.4226910000000004
1.426024
1.4226910000000004
1.426024
1.4226910000000004
1.426024
1.4226910000000004
1.426024
1.4226910000000004
1.426024
1.4226910000000004
1.426024
1.4226910000000004
1.426024
1.4226910000000004
1.426024
1.4226910000000004
1.426024
1.4226910000000004
1.426024
1.4226910000000004
1.426024
1.4226910000000004
1.426024
1.4226910000000004
1.426024
1.4226910000000004
1.426024
1.4226910000000004
1.426024
1.4226910000000004
1.426024
1.4226910000000004
1.426024
1.4226910000000004
1.426024
1.4226910000000004
1.426024
1.4226910000000004
1.426024
1.4226910000000004
1.426024
1.4226910000000004
1.426024
1.4226910000000004
1.426024
1.4226910000000004
1.426024
1.4226910000000004
1.426024
1.4226910000000004
1.426024
1.4226910000000004
1.426024
1.4226910000000004
1.426024
1.4226910000000004
1.426024
1.4226910000000004
1.426024
1.4226910000000004
1.426024
1.4226910000000004
1.426024
1.4226910000000004
1.426024
1.4226910000000004
1.426024
1.4226910000000004
1.426024
1.4226910000000004
-1.4203279999999996
-1.4283859999999997
-1.4203279999999996
-1.4283859999999997
-1.4203279999999996
-1.4283859999999997
-1.4203279999999996
-1.4283859999999997
-1.4203279999999996
-1.4283859999999997
-1.4203279999999996
-1.4283859999999997
-1.4203279999999996
-1.4283859999999997
-1.4203279999999996
-1.4283859999999997
-1.4203279999999996
-1.4283859999999997
-1.4203279999999996
-1.4283859999999997
-1.4203279999999996
-1.4283859999999997
-1.4203279999999996
-1.4283859999999997
-1.4203279999999996
-1.4283859999999997
-1.4203279999999996
-1.4283859999999997
-1.4203279999999996
-1.4283859999999997
-1.4203279999999996
-1.4283859999999997
-1.4203279999999996
-1.4283859999999997
-1.4203279999999996
-1.4283859999999997
-1.4203279999999996
-1.4283859999999997
-1.4203279999999996
-1.4283859999999997
-1.4203279999999996
-1.4283859999999997
-1.4203279999999996
-1.4283859999999997
-1.4203279999999996
-1.4283859999999997
-1.4203279999999996
-1.4283859999999997
-1.4203279999999996
-1.4283859999999997
-1.4203279999999996
-1.4283859999999997
-1.4203279999999996
-1.4283859999999997
-1.4203279999999996
-1.4283859999999997
-1.4203279999999996
-1.4283859999999997
-1.4203279999999996
-1.4283859999999997
-1.4203279999999996
-1.4283859999999997
-1.4203279999999996
-1.4283859999999997
-1.4203279999999996
-1.4283859999999997
-1.4203279999999996
-1.4283859999999997
-1.4203279999999996
-1.4283859999999997
-1.4203279999999996
-1.4283859999999997
-1.4203279999999996
-1.4283859999999997
-1.4203279999999996
-1.4283859999999997
-1.4203279999999996
-1.4283859999999997
-1.4203279999999996
-1.4283859999999997
-1.4203279999999996
-1.4283859999999997
-1.4203279999999996
-1.4283859999999997
-1.4203279999999996
-1.4283859999999997
-1.4203279999999996
-1.4283859999999997
-1.4203279999999996
-1.4283859999999997
