1.3685969999999994
1.3652700000000006
1.3685969999999994
1.3652700000000006
1.3685969999999994
1.3652700000000006
1.3685969999999994
1.3652700000000006
1.3685969999999994
1.3652700000000006
1.3685969999999994
1.3652700000000006
1.3685969999999994
1.3652700000000006
1.3685969999999994
1.3652700000000006
1.3685969999999994
1.3652700000000006
1.3685969999999994
1.3652700000000006
1.3685969999999994
1.3652700000000006
1.3685969999999994
1.3652700000000006
1.3685969999999994
1.3652700000000006
1.3685969999999994
1.3652700000000006
1.3685969999999994
1.3652700000000006
1.3685969999999994
1.3652700000000006
1.3685969999999994
1.3652700000000006
1.3685969999999994
1.3652700000000006
1.3685969999999994
1.3652700000000006
1.3685969999999994
1.3652700000000006
1.3685969999999994
1.3652700000000006
1.3685969999999994
1.3652700000000006
1.3685969999999994
1.3652700000000006
1.3685969999999994
1.3652700000000006
1.3685969999999994
1.3652700000000006
1.3685969999999994
1.3652700000000006
1.3685969999999994
1.3652700000000006
1.3685969999999994
1.3652700000000006
1.3685969999999994
1.3652700000000006
1.3685969999999994
1.3652700000000006
1.3685969999999994
1.3652700000000006
1.3685969999999994
1.3652700000000006
1.3685969999999994
1.3652700000000006
1.3685969999999994
1.3652700000000006
1.3685969999999994
1.3652700000000006
1.3685969999999994
1.3652700000000006
1.3685969999999994
1.3652700000000006
1.3685969999999994
1.3652700000000006
1.3685969999999994
1.3652700000000006
1.3685969999999994
1.3652700000000006
1.3685969999999994
1.3652700000000006
1.3685969999999994
1.3652700000000006
1.3685969999999994
1.3652700000000006
1.3685969999999994
1.3652700000000006
1.3685969999999994
1.3652700000000006
1.3685969999999994
1.3652700000000006
1.3685969999999994
1.3652700000000006
1.3685969999999994
1.3652700000000006
-1.3635169999999999
-1.3703500000000002
-1.3635169999999999
-1.3703500000000002
-1.3635169999999999
-1.3703500000000002
-1.3635169999999999
-1.3703500000000002
-1.3635169999999999
-1.3703500000000002
-1.3635169999999999
-1.3703500000000002
-1.3635169999999999
-1.3703500000000002
-1.3635169999999999
-1.3703500000000002
-1.3635169999999999
-1.3703500000000002
-1.3635169999999999
-1.3703500000000002
-1.3635169999999999
-1.3703500000000002
-1.3635169999999999
-1.3703500000000002
-1.3635169999999999
-1.3703500000000002
-1.3635169999999999
-1.3703500000000002
-1.3635169999999999
-1.3703500000000002
-1.3635169999999999
-1.3703500000000002
-1.3635169999999999
-1.3703500000000002
-1.3635169999999999
-1.3703500000000002
-1.3635169999999999
-1.3703500000000002
-1.3635169999999999
-1.3703500000000002
-1.3635169999999999
-1.3703500000000002
-1.3635169999999999
-1.3703500000000002
-1.3635169999999999
-1.3703500000000002
-1.3635169999999999
-1.3703500000000002
-1.3635169999999999
-1.3703500000000002
-1.3635169999999999
-1.3703500000000002
-1.3635169999999999
-1.3703500000000002
-1.3635169999999999
-1.3703500000000002
-1.3635169999999999
-1.3703500000000002
-1.3635169999999999
-1.3703500000000002
-1.3635169999999999
-1.3703500000000002
-1.3635169999999999
-1.3703500000000002
-1.3635169999999999
-1.3703500000000002
-1.3635169999999999
-1.3703500000000002
-1.3635169999999999
-1.3703500000000002
-1.3635169999999999
-1.3703500000000002
-1.3635169999999999
-1.3703500000000002
-1.3635169999999999
-1.3703500000000002
-1.3635169999999999
-1.3703500000000002
-1.3635169999999999
-1.3703500000000002
-1.3635169999999999
-1.3703500000000002
-1.3635169999999999
-1.3703500000000002
-1.3635169999999999
-1.3703500000000002
-1.3635169999999999
-1.3703500000000002
-1.3635169999999999
-1.3703500000000002
-1.3635169999999999
-1.3703500000000002
-1.3635169999999999
-1.3703500000000002
-1.3635169999999999
-1.3703500000000002
