1.2112730000000003
1.2112730000000003
1.2112730000000003
1.2112730000000003
1.2112730000000003
1.2112730000000003
1.2112730000000003
1.2112730000000003
1.2112730000000003
1.2112730000000003
1.2112730000000003
1.2112730000000003
1.2112730000000003
1.2112730000000003
1.2112730000000003
1.2112730000000003
1.2112730000000003
1.2112730000000003
1.2112730000000003
1.2112730000000003
1.2112730000000003
1.2112730000000003
1.2112730000000003
1.2112730000000003
-1.2112730000000003
-1.2112730000000003
-1.2112730000000003
-1.2112730000000003
-1.2112730000000003
-1.2112730000000003
-1.2112730000000003
-1.2112730000000003
-1.2112730000000003
-1.2112730000000003
-1.2112730000000003
-1.2112730000000003
-1.2112730000000003
-1.2112730000000003
-1.2112730000000003
-1.2112730000000003
-1.2112730000000003
-1.2112730000000003
-1.2112730000000003
-1.2112730000000003
-1.2112730000000003
-1.2112730000000003
-1.2112730000000003
-1.2112730000000003
