1.2547510000000006
1.2547510000000006
1.2547510000000006
1.2547510000000006
1.2547510000000006
1.2547510000000006
1.2547510000000006
1.2547510000000006
1.2547510000000006
1.2547510000000006
1.2547510000000006
1.2547510000000006
1.2547510000000006
1.2547510000000006
1.2547510000000006
1.2547510000000006
1.2547510000000006
1.2547510000000006
1.2547510000000006
1.2547510000000006
1.2547510000000006
1.2547510000000006
1.2547510000000006
1.2547510000000006
1.2547510000000006
1.2547510000000006
1.2547510000000006
1.2547510000000006
1.2547510000000006
1.2547510000000006
1.2547510000000006
1.2547510000000006
1.2547510000000006
1.2547510000000006
1.2547510000000006
1.2547510000000006
1.2547510000000006
1.2547510000000006
1.2547510000000006
1.2547510000000006
1.2547510000000006
1.2547510000000006
1.2547510000000006
1.2547510000000006
1.2547510000000006
1.2547510000000006
1.2547510000000006
1.2547510000000006
1.2547510000000006
1.2547510000000006
1.2547510000000006
1.2547510000000006
1.2547510000000006
1.2547510000000006
-1.2547499999999996
-1.2547499999999996
-1.2547499999999996
-1.2547499999999996
-1.2547499999999996
-1.2547499999999996
-1.2547499999999996
-1.2547499999999996
-1.2547499999999996
-1.2547499999999996
-1.2547499999999996
-1.2547499999999996
-1.2547499999999996
-1.2547499999999996
-1.2547499999999996
-1.2547499999999996
-1.2547499999999996
-1.2547499999999996
-1.2547499999999996
-1.2547499999999996
-1.2547499999999996
-1.2547499999999996
-1.2547499999999996
-1.2547499999999996
-1.2547499999999996
-1.2547499999999996
-1.2547499999999996
-1.2547499999999996
-1.2547499999999996
-1.2547499999999996
-1.2547499999999996
-1.2547499999999996
-1.2547499999999996
-1.2547499999999996
-1.2547499999999996
-1.2547499999999996
-1.2547499999999996
-1.2547499999999996
-1.2547499999999996
-1.2547499999999996
-1.2547499999999996
-1.2547499999999996
-1.2547499999999996
-1.2547499999999996
-1.2547499999999996
-1.2547499999999996
-1.2547499999999996
-1.2547499999999996
-1.2547499999999996
-1.2547499999999996
-1.2547499999999996
-1.2547499999999996
-1.2547499999999996
-1.2547499999999996
