1.4636499999999995
1.4636499999999995
1.4636499999999995
1.4636499999999995
1.4636499999999995
1.4636499999999995
1.4636499999999995
1.4636499999999995
1.4636499999999995
1.4636499999999995
1.4636499999999995
1.4636499999999995
1.4636499999999995
1.4636499999999995
1.4636499999999995
1.4636499999999995
1.4636499999999995
1.4636499999999995
1.4636499999999995
1.4636499999999995
1.4636499999999995
1.4636499999999995
1.4636499999999995
1.4636499999999995
1.4636499999999995
1.4636499999999995
1.4636499999999995
1.4636499999999995
1.4636499999999995
1.4636499999999995
1.4636499999999995
1.4636499999999995
1.4636499999999995
1.4636499999999995
1.4636499999999995
1.4636499999999995
1.4636499999999995
1.4636499999999995
1.4636499999999995
1.4636499999999995
1.4636499999999995
1.4636499999999995
1.4636499999999995
1.4636499999999995
1.4636499999999995
1.4636499999999995
1.4636499999999995
1.4636499999999995
1.4636499999999995
1.4636499999999995
1.4636499999999995
1.4636499999999995
1.4636499999999995
1.4636499999999995
1.4636499999999995
1.4636499999999995
1.4636499999999995
1.4636499999999995
1.4636499999999995
1.4636499999999995
1.4636499999999995
1.4636499999999995
1.4636499999999995
1.4636499999999995
-1.4636490000000002
-1.4636490000000002
-1.4636490000000002
-1.4636490000000002
-1.4636490000000002
-1.4636490000000002
-1.4636490000000002
-1.4636490000000002
-1.4636490000000002
-1.4636490000000002
-1.4636490000000002
-1.4636490000000002
-1.4636490000000002
-1.4636490000000002
-1.4636490000000002
-1.4636490000000002
-1.4636490000000002
-1.4636490000000002
-1.4636490000000002
-1.4636490000000002
-1.4636490000000002
-1.4636490000000002
-1.4636490000000002
-1.4636490000000002
-1.4636490000000002
-1.4636490000000002
-1.4636490000000002
-1.4636490000000002
-1.4636490000000002
-1.4636490000000002
-1.4636490000000002
-1.4636490000000002
-1.4636490000000002
-1.4636490000000002
-1.4636490000000002
-1.4636490000000002
-1.4636490000000002
-1.4636490000000002
-1.4636490000000002
-1.4636490000000002
-1.4636490000000002
-1.4636490000000002
-1.4636490000000002
-1.4636490000000002
-1.4636490000000002
-1.4636490000000002
-1.4636490000000002
-1.4636490000000002
-1.4636490000000002
-1.4636490000000002
-1.4636490000000002
-1.4636490000000002
-1.4636490000000002
-1.4636490000000002
-1.4636490000000002
-1.4636490000000002
-1.4636490000000002
-1.4636490000000002
-1.4636490000000002
-1.4636490000000002
-1.4636490000000002
-1.4636490000000002
-1.4636490000000002
-1.4636490000000002
