1.4069389999999995
1.4081309999999991
1.389875
1.4032029999999995
1.4069389999999995
1.4081309999999991
1.389875
1.4032029999999995
1.4069389999999995
1.4081309999999991
1.389875
1.4032029999999995
1.4069389999999995
1.4081309999999991
1.389875
1.4032029999999995
1.4069389999999995
1.4081309999999991
1.389875
1.4032029999999995
1.4069389999999995
1.4081309999999991
1.389875
1.4032029999999995
1.4069389999999995
1.4081309999999991
1.389875
1.4032029999999995
1.4069389999999995
1.4081309999999991
1.389875
1.4032029999999995
1.4069389999999995
1.4081309999999991
1.389875
1.4032029999999995
1.4069389999999995
1.4081309999999991
1.389875
1.4032029999999995
1.4069389999999995
1.4081309999999991
1.389875
1.4032029999999995
1.4069389999999995
1.4081309999999991
1.389875
1.4032029999999995
1.4069389999999995
1.4081309999999991
1.389875
1.4032029999999995
1.4069389999999995
1.4081309999999991
1.389875
1.4032029999999995
1.4069389999999995
1.4081309999999991
1.389875
1.4032029999999995
1.4069389999999995
1.4081309999999991
1.389875
1.4032029999999995
1.4069389999999995
1.4081309999999991
1.389875
1.4032029999999995
1.4069389999999995
1.4081309999999991
1.389875
1.4032029999999995
1.4069389999999995
1.4081309999999991
1.389875
1.4032029999999995
1.4069389999999995
1.4081309999999991
1.389875
1.4032029999999995
1.4069389999999995
1.4081309999999991
1.389875
1.4032029999999995
1.4069389999999995
1.4081309999999991
1.389875
1.4032029999999995
1.4069389999999995
1.4081309999999991
1.389875
1.4032029999999995
1.4069389999999995
1.4081309999999991
1.389875
1.4032029999999995
1.4069389999999995
1.4081309999999991
1.389875
1.4032029999999995
1.4069389999999995
1.4081309999999991
1.389875
1.4032029999999995
1.4069389999999995
1.4081309999999991
1.389875
1.4032029999999995
1.4069389999999995
1.4081309999999991
1.389875
1.4032029999999995
1.4069389999999995
1.4081309999999991
1.389875
1.4032029999999995
1.4069389999999995
1.4081309999999991
1.389875
1.4032029999999995
1.4069389999999995
1.4081309999999991
1.389875
1.4032029999999995
1.4069389999999995
1.4081309999999991
1.389875
1.4032029999999995
1.4069389999999995
1.4081309999999991
1.389875
1.4032029999999995
1.4069389999999995
1.4081309999999991
1.389875
1.4032029999999995
1.4069389999999995
1.4081309999999991
1.389875
1.4032029999999995
1.4069389999999995
1.4081309999999991
1.389875
1.4032029999999995
1.4069389999999995
1.4081309999999991
1.389875
1.4032029999999995
1.4069389999999995
1.4081309999999991
1.389875
1.4032029999999995
1.4069389999999995
1.4081309999999991
1.389875
1.4032029999999995
1.4069389999999995
1.4081309999999991
1.389875
1.4032029999999995
1.4069389999999995
1.4081309999999991
1.389875
1.4032029999999995
1.4069389999999995
1.4081309999999991
1.389875
1.4032029999999995
1.4069389999999995
1.4081309999999991
1.389875
1.4032029999999995
1.4069389999999995
1.4081309999999991
1.389875
1.4032029999999995
1.4069389999999995
1.4081309999999991
1.389875
1.4032029999999995
1.4069389999999995
1.4081309999999991
1.389875
1.4032029999999995
1.4069389999999995
1.4081309999999991
1.389875
1.4032029999999995
1.4069389999999995
1.4081309999999991
1.389875
1.4032029999999995
-1.4020460000000003
-1.3984699999999997
-1.4079050000000004
-1.3997289999999998
-1.4020460000000003
-1.3984699999999997
-1.4079050000000004
-1.3997289999999998
-1.4020460000000003
-1.3984699999999997
-1.4079050000000004
-1.3997289999999998
-1.4020460000000003
-1.3984699999999997
-1.4079050000000004
-1.3997289999999998
-1.4020460000000003
-1.3984699999999997
-1.4079050000000004
-1.3997289999999998
-1.4020460000000003
-1.3984699999999997
-1.4079050000000004
-1.3997289999999998
-1.4020460000000003
-1.3984699999999997
-1.4079050000000004
-1.3997289999999998
-1.4020460000000003
-1.3984699999999997
-1.4079050000000004
-1.3997289999999998
-1.4020460000000003
-1.3984699999999997
-1.4079050000000004
-1.3997289999999998
-1.4020460000000003
-1.3984699999999997
-1.4079050000000004
-1.3997289999999998
-1.4020460000000003
-1.3984699999999997
-1.4079050000000004
-1.3997289999999998
-1.4020460000000003
-1.3984699999999997
-1.4079050000000004
-1.3997289999999998
-1.4020460000000003
-1.3984699999999997
-1.4079050000000004
-1.3997289999999998
-1.4020460000000003
-1.3984699999999997
-1.4079050000000004
-1.3997289999999998
-1.4020460000000003
-1.3984699999999997
-1.4079050000000004
-1.3997289999999998
-1.4020460000000003
-1.3984699999999997
-1.4079050000000004
-1.3997289999999998
-1.4020460000000003
-1.3984699999999997
-1.4079050000000004
-1.3997289999999998
-1.4020460000000003
-1.3984699999999997
-1.4079050000000004
-1.3997289999999998
-1.4020460000000003
-1.3984699999999997
-1.4079050000000004
-1.3997289999999998
-1.4020460000000003
-1.3984699999999997
-1.4079050000000004
-1.3997289999999998
-1.4020460000000003
-1.3984699999999997
-1.4079050000000004
-1.3997289999999998
-1.4020460000000003
-1.3984699999999997
-1.4079050000000004
-1.3997289999999998
-1.4020460000000003
-1.3984699999999997
-1.4079050000000004
-1.3997289999999998
-1.4020460000000003
-1.3984699999999997
-1.4079050000000004
-1.3997289999999998
-1.4020460000000003
-1.3984699999999997
-1.4079050000000004
-1.3997289999999998
-1.4020460000000003
-1.3984699999999997
-1.4079050000000004
-1.3997289999999998
-1.4020460000000003
-1.3984699999999997
-1.4079050000000004
-1.3997289999999998
-1.4020460000000003
-1.3984699999999997
-1.4079050000000004
-1.3997289999999998
-1.4020460000000003
-1.3984699999999997
-1.4079050000000004
-1.3997289999999998
-1.4020460000000003
-1.3984699999999997
-1.4079050000000004
-1.3997289999999998
-1.4020460000000003
-1.3984699999999997
-1.4079050000000004
-1.3997289999999998
-1.4020460000000003
-1.3984699999999997
-1.4079050000000004
-1.3997289999999998
-1.4020460000000003
-1.3984699999999997
-1.4079050000000004
-1.3997289999999998
-1.4020460000000003
-1.3984699999999997
-1.4079050000000004
-1.3997289999999998
-1.4020460000000003
-1.3984699999999997
-1.4079050000000004
-1.3997289999999998
-1.4020460000000003
-1.3984699999999997
-1.4079050000000004
-1.3997289999999998
-1.4020460000000003
-1.3984699999999997
-1.4079050000000004
-1.3997289999999998
-1.4020460000000003
-1.3984699999999997
-1.4079050000000004
-1.3997289999999998
-1.4020460000000003
-1.3984699999999997
-1.4079050000000004
-1.3997289999999998
-1.4020460000000003
-1.3984699999999997
-1.4079050000000004
-1.3997289999999998
-1.4020460000000003
-1.3984699999999997
-1.4079050000000004
-1.3997289999999998
-1.4020460000000003
-1.3984699999999997
-1.4079050000000004
-1.3997289999999998
-1.4020460000000003
-1.3984699999999997
-1.4079050000000004
-1.3997289999999998
-1.4020460000000003
-1.3984699999999997
-1.4079050000000004
-1.3997289999999998
-1.4020460000000003
-1.3984699999999997
-1.4079050000000004
-1.3997289999999998
-1.4020460000000003
-1.3984699999999997
-1.4079050000000004
-1.3997289999999998
-1.4020460000000003
-1.3984699999999997
-1.4079050000000004
-1.3997289999999998
-1.4020460000000003
-1.3984699999999997
-1.4079050000000004
-1.3997289999999998
