0.7061779999999995
0.7061779999999995
0.7061779999999995
0.7061779999999995
0.7061779999999995
0.7061779999999995
0.7061779999999995
0.7061779999999995
0.7061779999999995
0.7061779999999995
0.7061779999999995
0.7061779999999995
0.7061779999999995
0.7061779999999995
0.7061779999999995
0.7061779999999995
0.7061779999999995
0.7061779999999995
0.7061779999999995
0.7061779999999995
0.7061779999999995
0.7061779999999995
0.7061779999999995
0.7061779999999995
0.7061779999999995
0.7061779999999995
0.7061779999999995
0.7061779999999995
0.7061779999999995
0.7061779999999995
0.7061779999999995
0.7061779999999995
0.7061779999999995
0.7061779999999995
0.7061779999999995
0.7061779999999995
0.7061779999999995
0.7061779999999995
0.7061779999999995
0.7061779999999995
0.7061779999999995
0.7061779999999995
0.7061779999999995
0.7061779999999995
0.7061779999999995
0.7061779999999995
0.7061779999999995
0.7061779999999995
0.7061779999999995
0.7061779999999995
0.7061779999999995
0.7061779999999995
0.7061779999999995
0.7061779999999995
0.7061779999999995
0.7061779999999995
0.7061779999999995
0.7061779999999995
0.7061779999999995
0.7061779999999995
0.7061779999999995
0.7061779999999995
0.7061779999999995
0.7061779999999995
-0.7061770000000003
-0.7061770000000003
-0.7061770000000003
-0.7061770000000003
-0.7061770000000003
-0.7061770000000003
-0.7061770000000003
-0.7061770000000003
-0.7061770000000003
-0.7061770000000003
-0.7061770000000003
-0.7061770000000003
-0.7061770000000003
-0.7061770000000003
-0.7061770000000003
-0.7061770000000003
-0.7061770000000003
-0.7061770000000003
-0.7061770000000003
-0.7061770000000003
-0.7061770000000003
-0.7061770000000003
-0.7061770000000003
-0.7061770000000003
-0.7061770000000003
-0.7061770000000003
-0.7061770000000003
-0.7061770000000003
-0.7061770000000003
-0.7061770000000003
-0.7061770000000003
-0.7061770000000003
-0.7061770000000003
-0.7061770000000003
-0.7061770000000003
-0.7061770000000003
-0.7061770000000003
-0.7061770000000003
-0.7061770000000003
-0.7061770000000003
-0.7061770000000003
-0.7061770000000003
-0.7061770000000003
-0.7061770000000003
-0.7061770000000003
-0.7061770000000003
-0.7061770000000003
-0.7061770000000003
-0.7061770000000003
-0.7061770000000003
-0.7061770000000003
-0.7061770000000003
-0.7061770000000003
-0.7061770000000003
-0.7061770000000003
-0.7061770000000003
-0.7061770000000003
-0.7061770000000003
-0.7061770000000003
-0.7061770000000003
-0.7061770000000003
-0.7061770000000003
-0.7061770000000003
-0.7061770000000003
