1.235932
1.2577300000000005
1.235932
1.2577300000000005
1.235932
1.2577300000000005
1.235932
1.2577300000000005
1.235932
1.2577300000000005
1.235932
1.2577300000000005
1.235932
1.2577300000000005
1.235932
1.2577300000000005
1.235932
1.2577300000000005
1.235932
1.2577300000000005
1.235932
1.2577300000000005
1.235932
1.2577300000000005
1.235932
1.2577300000000005
1.235932
1.2577300000000005
1.235932
1.2577300000000005
1.235932
1.2577300000000005
1.235932
1.2577300000000005
1.235932
1.2577300000000005
1.235932
1.2577300000000005
1.235932
1.2577300000000005
1.235932
1.2577300000000005
1.235932
1.2577300000000005
1.235932
1.2577300000000005
1.235932
1.2577300000000005
1.235932
1.2577300000000005
1.235932
1.2577300000000005
1.235932
1.2577300000000005
1.235932
1.2577300000000005
1.235932
1.2577300000000005
1.235932
1.2577300000000005
1.235932
1.2577300000000005
1.235932
1.2577300000000005
1.235932
1.2577300000000005
1.235932
1.2577300000000005
1.235932
1.2577300000000005
1.235932
1.2577300000000005
1.235932
1.2577300000000005
1.235932
1.2577300000000005
1.235932
1.2577300000000005
1.235932
1.2577300000000005
1.235932
1.2577300000000005
1.235932
1.2577300000000005
1.235932
1.2577300000000005
1.235932
1.2577300000000005
1.235932
1.2577300000000005
1.235932
1.2577300000000005
1.235932
1.2577300000000005
1.235932
1.2577300000000005
1.235932
1.2577300000000005
1.235932
1.2577300000000005
1.235932
1.2577300000000005
1.235932
1.2577300000000005
1.235932
1.2577300000000005
1.235932
1.2577300000000005
1.235932
1.2577300000000005
1.235932
1.2577300000000005
1.235932
1.2577300000000005
1.235932
1.2577300000000005
1.235932
1.2577300000000005
1.235932
1.2577300000000005
-1.2479779999999998
-1.245686
-1.2479779999999998
-1.245686
-1.2479779999999998
-1.245686
-1.2479779999999998
-1.245686
-1.2479779999999998
-1.245686
-1.2479779999999998
-1.245686
-1.2479779999999998
-1.245686
-1.2479779999999998
-1.245686
-1.2479779999999998
-1.245686
-1.2479779999999998
-1.245686
-1.2479779999999998
-1.245686
-1.2479779999999998
-1.245686
-1.2479779999999998
-1.245686
-1.2479779999999998
-1.245686
-1.2479779999999998
-1.245686
-1.2479779999999998
-1.245686
-1.2479779999999998
-1.245686
-1.2479779999999998
-1.245686
-1.2479779999999998
-1.245686
-1.2479779999999998
-1.245686
-1.2479779999999998
-1.245686
-1.2479779999999998
-1.245686
-1.2479779999999998
-1.245686
-1.2479779999999998
-1.245686
-1.2479779999999998
-1.245686
-1.2479779999999998
-1.245686
-1.2479779999999998
-1.245686
-1.2479779999999998
-1.245686
-1.2479779999999998
-1.245686
-1.2479779999999998
-1.245686
-1.2479779999999998
-1.245686
-1.2479779999999998
-1.245686
-1.2479779999999998
-1.245686
-1.2479779999999998
-1.245686
-1.2479779999999998
-1.245686
-1.2479779999999998
-1.245686
-1.2479779999999998
-1.245686
-1.2479779999999998
-1.245686
-1.2479779999999998
-1.245686
-1.2479779999999998
-1.245686
-1.2479779999999998
-1.245686
-1.2479779999999998
-1.245686
-1.2479779999999998
-1.245686
-1.2479779999999998
-1.245686
-1.2479779999999998
-1.245686
-1.2479779999999998
-1.245686
-1.2479779999999998
-1.245686
-1.2479779999999998
-1.245686
-1.2479779999999998
-1.245686
-1.2479779999999998
-1.245686
-1.2479779999999998
-1.245686
-1.2479779999999998
-1.245686
-1.2479779999999998
-1.245686
-1.2479779999999998
-1.245686
-1.2479779999999998
-1.245686
-1.2479779999999998
-1.245686
-1.2479779999999998
-1.245686
-1.2479779999999998
-1.245686
-1.2479779999999998
-1.245686
-1.2479779999999998
-1.245686
