1.4273740000000004
1.4257810000000006
1.4249840000000003
1.4237760000000002
1.4273740000000004
1.4257810000000006
1.4249840000000003
1.4237760000000002
1.4273740000000004
1.4257810000000006
1.4249840000000003
1.4237760000000002
1.4273740000000004
1.4257810000000006
1.4249840000000003
1.4237760000000002
1.4273740000000004
1.4257810000000006
1.4249840000000003
1.4237760000000002
1.4273740000000004
1.4257810000000006
1.4249840000000003
1.4237760000000002
1.4273740000000004
1.4257810000000006
1.4249840000000003
1.4237760000000002
1.4273740000000004
1.4257810000000006
1.4249840000000003
1.4237760000000002
1.4273740000000004
1.4257810000000006
1.4249840000000003
1.4237760000000002
1.4273740000000004
1.4257810000000006
1.4249840000000003
1.4237760000000002
1.4273740000000004
1.4257810000000006
1.4249840000000003
1.4237760000000002
1.4273740000000004
1.4257810000000006
1.4249840000000003
1.4237760000000002
1.4273740000000004
1.4257810000000006
1.4249840000000003
1.4237760000000002
1.4273740000000004
1.4257810000000006
1.4249840000000003
1.4237760000000002
1.4273740000000004
1.4257810000000006
1.4249840000000003
1.4237760000000002
1.4273740000000004
1.4257810000000006
1.4249840000000003
1.4237760000000002
1.4273740000000004
1.4257810000000006
1.4249840000000003
1.4237760000000002
1.4273740000000004
1.4257810000000006
1.4249840000000003
1.4237760000000002
1.4273740000000004
1.4257810000000006
1.4249840000000003
1.4237760000000002
1.4273740000000004
1.4257810000000006
1.4249840000000003
1.4237760000000002
1.4273740000000004
1.4257810000000006
1.4249840000000003
1.4237760000000002
1.4273740000000004
1.4257810000000006
1.4249840000000003
1.4237760000000002
1.4273740000000004
1.4257810000000006
1.4249840000000003
1.4237760000000002
1.4273740000000004
1.4257810000000006
1.4249840000000003
1.4237760000000002
1.4273740000000004
1.4257810000000006
1.4249840000000003
1.4237760000000002
1.4273740000000004
1.4257810000000006
1.4249840000000003
1.4237760000000002
1.4273740000000004
1.4257810000000006
1.4249840000000003
1.4237760000000002
1.4273740000000004
1.4257810000000006
1.4249840000000003
1.4237760000000002
1.4273740000000004
1.4257810000000006
1.4249840000000003
1.4237760000000002
1.4273740000000004
1.4257810000000006
1.4249840000000003
1.4237760000000002
1.4273740000000004
1.4257810000000006
1.4249840000000003
1.4237760000000002
1.4273740000000004
1.4257810000000006
1.4249840000000003
1.4237760000000002
1.4273740000000004
1.4257810000000006
1.4249840000000003
1.4237760000000002
1.4273740000000004
1.4257810000000006
1.4249840000000003
1.4237760000000002
1.4273740000000004
1.4257810000000006
1.4249840000000003
1.4237760000000002
1.4273740000000004
1.4257810000000006
1.4249840000000003
1.4237760000000002
1.4273740000000004
1.4257810000000006
1.4249840000000003
1.4237760000000002
1.4273740000000004
1.4257810000000006
1.4249840000000003
1.4237760000000002
1.4273740000000004
1.4257810000000006
1.4249840000000003
1.4237760000000002
1.4273740000000004
1.4257810000000006
1.4249840000000003
1.4237760000000002
1.4273740000000004
1.4257810000000006
1.4249840000000003
1.4237760000000002
1.4273740000000004
1.4257810000000006
1.4249840000000003
1.4237760000000002
1.4273740000000004
1.4257810000000006
1.4249840000000003
1.4237760000000002
1.4273740000000004
1.4257810000000006
1.4249840000000003
1.4237760000000002
1.4273740000000004
1.4257810000000006
1.4249840000000003
1.4237760000000002
1.4273740000000004
1.4257810000000006
1.4249840000000003
1.4237760000000002
1.4273740000000004
1.4257810000000006
1.4249840000000003
1.4237760000000002
1.4273740000000004
1.4257810000000006
1.4249840000000003
1.4237760000000002
-1.425059
-1.4268939999999999
-1.424321
-1.4256409999999997
-1.425059
-1.4268939999999999
-1.424321
-1.4256409999999997
-1.425059
-1.4268939999999999
-1.424321
-1.4256409999999997
-1.425059
-1.4268939999999999
-1.424321
-1.4256409999999997
-1.425059
-1.4268939999999999
-1.424321
-1.4256409999999997
-1.425059
-1.4268939999999999
-1.424321
-1.4256409999999997
-1.425059
-1.4268939999999999
-1.424321
-1.4256409999999997
-1.425059
-1.4268939999999999
-1.424321
-1.4256409999999997
-1.425059
-1.4268939999999999
-1.424321
-1.4256409999999997
-1.425059
-1.4268939999999999
-1.424321
-1.4256409999999997
-1.425059
-1.4268939999999999
-1.424321
-1.4256409999999997
-1.425059
-1.4268939999999999
-1.424321
-1.4256409999999997
-1.425059
-1.4268939999999999
-1.424321
-1.4256409999999997
-1.425059
-1.4268939999999999
-1.424321
-1.4256409999999997
-1.425059
-1.4268939999999999
-1.424321
-1.4256409999999997
-1.425059
-1.4268939999999999
-1.424321
-1.4256409999999997
-1.425059
-1.4268939999999999
-1.424321
-1.4256409999999997
-1.425059
-1.4268939999999999
-1.424321
-1.4256409999999997
-1.425059
-1.4268939999999999
-1.424321
-1.4256409999999997
-1.425059
-1.4268939999999999
-1.424321
-1.4256409999999997
-1.425059
-1.4268939999999999
-1.424321
-1.4256409999999997
-1.425059
-1.4268939999999999
-1.424321
-1.4256409999999997
-1.425059
-1.4268939999999999
-1.424321
-1.4256409999999997
-1.425059
-1.4268939999999999
-1.424321
-1.4256409999999997
-1.425059
-1.4268939999999999
-1.424321
-1.4256409999999997
-1.425059
-1.4268939999999999
-1.424321
-1.4256409999999997
-1.425059
-1.4268939999999999
-1.424321
-1.4256409999999997
-1.425059
-1.4268939999999999
-1.424321
-1.4256409999999997
-1.425059
-1.4268939999999999
-1.424321
-1.4256409999999997
-1.425059
-1.4268939999999999
-1.424321
-1.4256409999999997
-1.425059
-1.4268939999999999
-1.424321
-1.4256409999999997
-1.425059
-1.4268939999999999
-1.424321
-1.4256409999999997
-1.425059
-1.4268939999999999
-1.424321
-1.4256409999999997
-1.425059
-1.4268939999999999
-1.424321
-1.4256409999999997
-1.425059
-1.4268939999999999
-1.424321
-1.4256409999999997
-1.425059
-1.4268939999999999
-1.424321
-1.4256409999999997
-1.425059
-1.4268939999999999
-1.424321
-1.4256409999999997
-1.425059
-1.4268939999999999
-1.424321
-1.4256409999999997
-1.425059
-1.4268939999999999
-1.424321
-1.4256409999999997
-1.425059
-1.4268939999999999
-1.424321
-1.4256409999999997
-1.425059
-1.4268939999999999
-1.424321
-1.4256409999999997
-1.425059
-1.4268939999999999
-1.424321
-1.4256409999999997
-1.425059
-1.4268939999999999
-1.424321
-1.4256409999999997
-1.425059
-1.4268939999999999
-1.424321
-1.4256409999999997
-1.425059
-1.4268939999999999
-1.424321
-1.4256409999999997
-1.425059
-1.4268939999999999
-1.424321
-1.4256409999999997
-1.425059
-1.4268939999999999
-1.424321
-1.4256409999999997
-1.425059
-1.4268939999999999
-1.424321
-1.4256409999999997
