1.2625100000000007
1.2530839999999994
1.2625100000000007
1.2530839999999994
1.2625100000000007
1.2530839999999994
1.2625100000000007
1.2530839999999994
1.2625100000000007
1.2530839999999994
1.2625100000000007
1.2530839999999994
1.2625100000000007
1.2530839999999994
1.2625100000000007
1.2530839999999994
1.2625100000000007
1.2530839999999994
1.2625100000000007
1.2530839999999994
1.2625100000000007
1.2530839999999994
1.2625100000000007
1.2530839999999994
1.2625100000000007
1.2530839999999994
1.2625100000000007
1.2530839999999994
1.2625100000000007
1.2530839999999994
1.2625100000000007
1.2530839999999994
1.2625100000000007
1.2530839999999994
1.2625100000000007
1.2530839999999994
1.2625100000000007
1.2530839999999994
1.2625100000000007
1.2530839999999994
1.2625100000000007
1.2530839999999994
1.2625100000000007
1.2530839999999994
1.2625100000000007
1.2530839999999994
1.2625100000000007
1.2530839999999994
1.2625100000000007
1.2530839999999994
1.2625100000000007
1.2530839999999994
1.2625100000000007
1.2530839999999994
1.2625100000000007
1.2530839999999994
1.2625100000000007
1.2530839999999994
1.2625100000000007
1.2530839999999994
1.2625100000000007
1.2530839999999994
1.2625100000000007
1.2530839999999994
1.2625100000000007
1.2530839999999994
1.2625100000000007
1.2530839999999994
1.2625100000000007
1.2530839999999994
1.2625100000000007
1.2530839999999994
1.2625100000000007
1.2530839999999994
1.2625100000000007
1.2530839999999994
1.2625100000000007
1.2530839999999994
1.2625100000000007
1.2530839999999994
1.2625100000000007
1.2530839999999994
1.2625100000000007
1.2530839999999994
1.2625100000000007
1.2530839999999994
1.2625100000000007
1.2530839999999994
1.2625100000000007
1.2530839999999994
-1.2578139999999998
-1.2577809999999996
-1.2578139999999998
-1.2577809999999996
-1.2578139999999998
-1.2577809999999996
-1.2578139999999998
-1.2577809999999996
-1.2578139999999998
-1.2577809999999996
-1.2578139999999998
-1.2577809999999996
-1.2578139999999998
-1.2577809999999996
-1.2578139999999998
-1.2577809999999996
-1.2578139999999998
-1.2577809999999996
-1.2578139999999998
-1.2577809999999996
-1.2578139999999998
-1.2577809999999996
-1.2578139999999998
-1.2577809999999996
-1.2578139999999998
-1.2577809999999996
-1.2578139999999998
-1.2577809999999996
-1.2578139999999998
-1.2577809999999996
-1.2578139999999998
-1.2577809999999996
-1.2578139999999998
-1.2577809999999996
-1.2578139999999998
-1.2577809999999996
-1.2578139999999998
-1.2577809999999996
-1.2578139999999998
-1.2577809999999996
-1.2578139999999998
-1.2577809999999996
-1.2578139999999998
-1.2577809999999996
-1.2578139999999998
-1.2577809999999996
-1.2578139999999998
-1.2577809999999996
-1.2578139999999998
-1.2577809999999996
-1.2578139999999998
-1.2577809999999996
-1.2578139999999998
-1.2577809999999996
-1.2578139999999998
-1.2577809999999996
-1.2578139999999998
-1.2577809999999996
-1.2578139999999998
-1.2577809999999996
-1.2578139999999998
-1.2577809999999996
-1.2578139999999998
-1.2577809999999996
-1.2578139999999998
-1.2577809999999996
-1.2578139999999998
-1.2577809999999996
-1.2578139999999998
-1.2577809999999996
-1.2578139999999998
-1.2577809999999996
-1.2578139999999998
-1.2577809999999996
-1.2578139999999998
-1.2577809999999996
-1.2578139999999998
-1.2577809999999996
-1.2578139999999998
-1.2577809999999996
-1.2578139999999998
-1.2577809999999996
-1.2578139999999998
-1.2577809999999996
-1.2578139999999998
-1.2577809999999996
-1.2578139999999998
-1.2577809999999996
-1.2578139999999998
-1.2577809999999996
