0.7028920000000003
0.7028920000000003
0.7028920000000003
0.7028920000000003
0.7028920000000003
0.7028920000000003
0.7028920000000003
0.7028920000000003
0.7028920000000003
0.7028920000000003
0.7028920000000003
0.7028920000000003
0.7028920000000003
0.7028920000000003
0.7028920000000003
0.7028920000000003
0.7028920000000003
0.7028920000000003
0.7028920000000003
0.7028920000000003
0.7028920000000003
0.7028920000000003
0.7028920000000003
0.7028920000000003
0.7028920000000003
0.7028920000000003
0.7028920000000003
0.7028920000000003
0.7028920000000003
0.7028920000000003
0.7028920000000003
0.7028920000000003
0.7028920000000003
0.7028920000000003
0.7028920000000003
0.7028920000000003
0.7028920000000003
0.7028920000000003
0.7028920000000003
0.7028920000000003
0.7028920000000003
0.7028920000000003
0.7028920000000003
0.7028920000000003
0.7028920000000003
0.7028920000000003
0.7028920000000003
0.7028920000000003
0.7028920000000003
0.7028920000000003
0.7028920000000003
0.7028920000000003
0.7028920000000003
0.7028920000000003
0.7028920000000003
0.7028920000000003
0.7028920000000003
0.7028920000000003
0.7028920000000003
0.7028920000000003
0.7028920000000003
0.7028920000000003
0.7028920000000003
0.7028920000000003
-0.7028910000000002
-0.7028910000000002
-0.7028910000000002
-0.7028910000000002
-0.7028910000000002
-0.7028910000000002
-0.7028910000000002
-0.7028910000000002
-0.7028910000000002
-0.7028910000000002
-0.7028910000000002
-0.7028910000000002
-0.7028910000000002
-0.7028910000000002
-0.7028910000000002
-0.7028910000000002
-0.7028910000000002
-0.7028910000000002
-0.7028910000000002
-0.7028910000000002
-0.7028910000000002
-0.7028910000000002
-0.7028910000000002
-0.7028910000000002
-0.7028910000000002
-0.7028910000000002
-0.7028910000000002
-0.7028910000000002
-0.7028910000000002
-0.7028910000000002
-0.7028910000000002
-0.7028910000000002
-0.7028910000000002
-0.7028910000000002
-0.7028910000000002
-0.7028910000000002
-0.7028910000000002
-0.7028910000000002
-0.7028910000000002
-0.7028910000000002
-0.7028910000000002
-0.7028910000000002
-0.7028910000000002
-0.7028910000000002
-0.7028910000000002
-0.7028910000000002
-0.7028910000000002
-0.7028910000000002
-0.7028910000000002
-0.7028910000000002
-0.7028910000000002
-0.7028910000000002
-0.7028910000000002
-0.7028910000000002
-0.7028910000000002
-0.7028910000000002
-0.7028910000000002
-0.7028910000000002
-0.7028910000000002
-0.7028910000000002
-0.7028910000000002
-0.7028910000000002
-0.7028910000000002
-0.7028910000000002
