0.8738729999999997
0.8738729999999997
0.8738729999999997
0.8738729999999997
0.8738729999999997
0.8738729999999997
0.8738729999999997
0.8738729999999997
0.8738729999999997
0.8738729999999997
0.8738729999999997
0.8738729999999997
0.8738729999999997
0.8738729999999997
0.8738729999999997
0.8738729999999997
0.8738729999999997
0.8738729999999997
0.8738729999999997
0.8738729999999997
0.8738729999999997
0.8738729999999997
0.8738729999999997
0.8738729999999997
0.8738729999999997
0.8738729999999997
0.8738729999999997
0.8738729999999997
0.8738729999999997
0.8738729999999997
0.8738729999999997
0.8738729999999997
0.8738729999999997
0.8738729999999997
0.8738729999999997
0.8738729999999997
0.8738729999999997
0.8738729999999997
0.8738729999999997
0.8738729999999997
0.8738729999999997
0.8738729999999997
0.8738729999999997
0.8738729999999997
0.8738729999999997
0.8738729999999997
0.8738729999999997
0.8738729999999997
0.8738729999999997
0.8738729999999997
0.8738729999999997
0.8738729999999997
0.8738729999999997
0.8738729999999997
0.8738729999999997
0.8738729999999997
0.8738729999999997
0.8738729999999997
0.8738729999999997
0.8738729999999997
0.8738729999999997
0.8738729999999997
0.8738729999999997
0.8738729999999997
-0.8738720000000004
-0.8738720000000004
-0.8738720000000004
-0.8738720000000004
-0.8738720000000004
-0.8738720000000004
-0.8738720000000004
-0.8738720000000004
-0.8738720000000004
-0.8738720000000004
-0.8738720000000004
-0.8738720000000004
-0.8738720000000004
-0.8738720000000004
-0.8738720000000004
-0.8738720000000004
-0.8738720000000004
-0.8738720000000004
-0.8738720000000004
-0.8738720000000004
-0.8738720000000004
-0.8738720000000004
-0.8738720000000004
-0.8738720000000004
-0.8738720000000004
-0.8738720000000004
-0.8738720000000004
-0.8738720000000004
-0.8738720000000004
-0.8738720000000004
-0.8738720000000004
-0.8738720000000004
-0.8738720000000004
-0.8738720000000004
-0.8738720000000004
-0.8738720000000004
-0.8738720000000004
-0.8738720000000004
-0.8738720000000004
-0.8738720000000004
-0.8738720000000004
-0.8738720000000004
-0.8738720000000004
-0.8738720000000004
-0.8738720000000004
-0.8738720000000004
-0.8738720000000004
-0.8738720000000004
-0.8738720000000004
-0.8738720000000004
-0.8738720000000004
-0.8738720000000004
-0.8738720000000004
-0.8738720000000004
-0.8738720000000004
-0.8738720000000004
-0.8738720000000004
-0.8738720000000004
-0.8738720000000004
-0.8738720000000004
-0.8738720000000004
-0.8738720000000004
-0.8738720000000004
-0.8738720000000004
