1.3886520000000004
1.3959229999999998
1.3886520000000004
1.3959229999999998
1.3886520000000004
1.3959229999999998
1.3886520000000004
1.3959229999999998
1.3886520000000004
1.3959229999999998
1.3886520000000004
1.3959229999999998
1.3886520000000004
1.3959229999999998
1.3886520000000004
1.3959229999999998
1.3886520000000004
1.3959229999999998
1.3886520000000004
1.3959229999999998
1.3886520000000004
1.3959229999999998
1.3886520000000004
1.3959229999999998
1.3886520000000004
1.3959229999999998
1.3886520000000004
1.3959229999999998
1.3886520000000004
1.3959229999999998
1.3886520000000004
1.3959229999999998
1.3886520000000004
1.3959229999999998
1.3886520000000004
1.3959229999999998
1.3886520000000004
1.3959229999999998
1.3886520000000004
1.3959229999999998
1.3886520000000004
1.3959229999999998
1.3886520000000004
1.3959229999999998
1.3886520000000004
1.3959229999999998
1.3886520000000004
1.3959229999999998
1.3886520000000004
1.3959229999999998
1.3886520000000004
1.3959229999999998
1.3886520000000004
1.3959229999999998
1.3886520000000004
1.3959229999999998
1.3886520000000004
1.3959229999999998
1.3886520000000004
1.3959229999999998
1.3886520000000004
1.3959229999999998
1.3886520000000004
1.3959229999999998
1.3886520000000004
1.3959229999999998
1.3886520000000004
1.3959229999999998
1.3886520000000004
1.3959229999999998
1.3886520000000004
1.3959229999999998
1.3886520000000004
1.3959229999999998
1.3886520000000004
1.3959229999999998
1.3886520000000004
1.3959229999999998
1.3886520000000004
1.3959229999999998
1.3886520000000004
1.3959229999999998
1.3886520000000004
1.3959229999999998
1.3886520000000004
1.3959229999999998
1.3886520000000004
1.3959229999999998
1.3886520000000004
1.3959229999999998
-1.3922299999999996
-1.3923459999999999
-1.3922299999999996
-1.3923459999999999
-1.3922299999999996
-1.3923459999999999
-1.3922299999999996
-1.3923459999999999
-1.3922299999999996
-1.3923459999999999
-1.3922299999999996
-1.3923459999999999
-1.3922299999999996
-1.3923459999999999
-1.3922299999999996
-1.3923459999999999
-1.3922299999999996
-1.3923459999999999
-1.3922299999999996
-1.3923459999999999
-1.3922299999999996
-1.3923459999999999
-1.3922299999999996
-1.3923459999999999
-1.3922299999999996
-1.3923459999999999
-1.3922299999999996
-1.3923459999999999
-1.3922299999999996
-1.3923459999999999
-1.3922299999999996
-1.3923459999999999
-1.3922299999999996
-1.3923459999999999
-1.3922299999999996
-1.3923459999999999
-1.3922299999999996
-1.3923459999999999
-1.3922299999999996
-1.3923459999999999
-1.3922299999999996
-1.3923459999999999
-1.3922299999999996
-1.3923459999999999
-1.3922299999999996
-1.3923459999999999
-1.3922299999999996
-1.3923459999999999
-1.3922299999999996
-1.3923459999999999
-1.3922299999999996
-1.3923459999999999
-1.3922299999999996
-1.3923459999999999
-1.3922299999999996
-1.3923459999999999
-1.3922299999999996
-1.3923459999999999
-1.3922299999999996
-1.3923459999999999
-1.3922299999999996
-1.3923459999999999
-1.3922299999999996
-1.3923459999999999
-1.3922299999999996
-1.3923459999999999
-1.3922299999999996
-1.3923459999999999
-1.3922299999999996
-1.3923459999999999
-1.3922299999999996
-1.3923459999999999
-1.3922299999999996
-1.3923459999999999
-1.3922299999999996
-1.3923459999999999
-1.3922299999999996
-1.3923459999999999
-1.3922299999999996
-1.3923459999999999
-1.3922299999999996
-1.3923459999999999
-1.3922299999999996
-1.3923459999999999
-1.3922299999999996
-1.3923459999999999
-1.3922299999999996
-1.3923459999999999
-1.3922299999999996
-1.3923459999999999
