1.4408370000000001
1.4403659999999991
1.4407130000000006
1.4405040000000007
1.4408370000000001
1.4403659999999991
1.4407130000000006
1.4405040000000007
1.4408370000000001
1.4403659999999991
1.4407130000000006
1.4405040000000007
1.4408370000000001
1.4403659999999991
1.4407130000000006
1.4405040000000007
1.4408370000000001
1.4403659999999991
1.4407130000000006
1.4405040000000007
1.4408370000000001
1.4403659999999991
1.4407130000000006
1.4405040000000007
1.4408370000000001
1.4403659999999991
1.4407130000000006
1.4405040000000007
1.4408370000000001
1.4403659999999991
1.4407130000000006
1.4405040000000007
1.4408370000000001
1.4403659999999991
1.4407130000000006
1.4405040000000007
1.4408370000000001
1.4403659999999991
1.4407130000000006
1.4405040000000007
1.4408370000000001
1.4403659999999991
1.4407130000000006
1.4405040000000007
1.4408370000000001
1.4403659999999991
1.4407130000000006
1.4405040000000007
1.4408370000000001
1.4403659999999991
1.4407130000000006
1.4405040000000007
1.4408370000000001
1.4403659999999991
1.4407130000000006
1.4405040000000007
1.4408370000000001
1.4403659999999991
1.4407130000000006
1.4405040000000007
1.4408370000000001
1.4403659999999991
1.4407130000000006
1.4405040000000007
1.4408370000000001
1.4403659999999991
1.4407130000000006
1.4405040000000007
1.4408370000000001
1.4403659999999991
1.4407130000000006
1.4405040000000007
1.4408370000000001
1.4403659999999991
1.4407130000000006
1.4405040000000007
1.4408370000000001
1.4403659999999991
1.4407130000000006
1.4405040000000007
1.4408370000000001
1.4403659999999991
1.4407130000000006
1.4405040000000007
1.4408370000000001
1.4403659999999991
1.4407130000000006
1.4405040000000007
1.4408370000000001
1.4403659999999991
1.4407130000000006
1.4405040000000007
1.4408370000000001
1.4403659999999991
1.4407130000000006
1.4405040000000007
1.4408370000000001
1.4403659999999991
1.4407130000000006
1.4405040000000007
1.4408370000000001
1.4403659999999991
1.4407130000000006
1.4405040000000007
1.4408370000000001
1.4403659999999991
1.4407130000000006
1.4405040000000007
-1.4406109999999996
-1.4406610000000004
-1.440601
-1.4405469999999996
-1.4406109999999996
-1.4406610000000004
-1.440601
-1.4405469999999996
-1.4406109999999996
-1.4406610000000004
-1.440601
-1.4405469999999996
-1.4406109999999996
-1.4406610000000004
-1.440601
-1.4405469999999996
-1.4406109999999996
-1.4406610000000004
-1.440601
-1.4405469999999996
-1.4406109999999996
-1.4406610000000004
-1.440601
-1.4405469999999996
-1.4406109999999996
-1.4406610000000004
-1.440601
-1.4405469999999996
-1.4406109999999996
-1.4406610000000004
-1.440601
-1.4405469999999996
-1.4406109999999996
-1.4406610000000004
-1.440601
-1.4405469999999996
-1.4406109999999996
-1.4406610000000004
-1.440601
-1.4405469999999996
-1.4406109999999996
-1.4406610000000004
-1.440601
-1.4405469999999996
-1.4406109999999996
-1.4406610000000004
-1.440601
-1.4405469999999996
-1.4406109999999996
-1.4406610000000004
-1.440601
-1.4405469999999996
-1.4406109999999996
-1.4406610000000004
-1.440601
-1.4405469999999996
-1.4406109999999996
-1.4406610000000004
-1.440601
-1.4405469999999996
-1.4406109999999996
-1.4406610000000004
-1.440601
-1.4405469999999996
-1.4406109999999996
-1.4406610000000004
-1.440601
-1.4405469999999996
-1.4406109999999996
-1.4406610000000004
-1.440601
-1.4405469999999996
-1.4406109999999996
-1.4406610000000004
-1.440601
-1.4405469999999996
-1.4406109999999996
-1.4406610000000004
-1.440601
-1.4405469999999996
-1.4406109999999996
-1.4406610000000004
-1.440601
-1.4405469999999996
-1.4406109999999996
-1.4406610000000004
-1.440601
-1.4405469999999996
-1.4406109999999996
-1.4406610000000004
-1.440601
-1.4405469999999996
-1.4406109999999996
-1.4406610000000004
-1.440601
-1.4405469999999996
-1.4406109999999996
-1.4406610000000004
-1.440601
-1.4405469999999996
-1.4406109999999996
-1.4406610000000004
-1.440601
-1.4405469999999996
-1.4406109999999996
-1.4406610000000004
-1.440601
-1.4405469999999996
