1.4354940000000003
1.4316490000000002
1.4355729999999998
1.4370809999999992
1.4354940000000003
1.4316490000000002
1.4355729999999998
1.4370809999999992
1.4354940000000003
1.4316490000000002
1.4355729999999998
1.4370809999999992
1.4354940000000003
1.4316490000000002
1.4355729999999998
1.4370809999999992
1.4354940000000003
1.4316490000000002
1.4355729999999998
1.4370809999999992
1.4354940000000003
1.4316490000000002
1.4355729999999998
1.4370809999999992
1.4354940000000003
1.4316490000000002
1.4355729999999998
1.4370809999999992
1.4354940000000003
1.4316490000000002
1.4355729999999998
1.4370809999999992
1.4354940000000003
1.4316490000000002
1.4355729999999998
1.4370809999999992
1.4354940000000003
1.4316490000000002
1.4355729999999998
1.4370809999999992
1.4354940000000003
1.4316490000000002
1.4355729999999998
1.4370809999999992
1.4354940000000003
1.4316490000000002
1.4355729999999998
1.4370809999999992
1.4354940000000003
1.4316490000000002
1.4355729999999998
1.4370809999999992
1.4354940000000003
1.4316490000000002
1.4355729999999998
1.4370809999999992
1.4354940000000003
1.4316490000000002
1.4355729999999998
1.4370809999999992
1.4354940000000003
1.4316490000000002
1.4355729999999998
1.4370809999999992
1.4354940000000003
1.4316490000000002
1.4355729999999998
1.4370809999999992
1.4354940000000003
1.4316490000000002
1.4355729999999998
1.4370809999999992
1.4354940000000003
1.4316490000000002
1.4355729999999998
1.4370809999999992
1.4354940000000003
1.4316490000000002
1.4355729999999998
1.4370809999999992
1.4354940000000003
1.4316490000000002
1.4355729999999998
1.4370809999999992
1.4354940000000003
1.4316490000000002
1.4355729999999998
1.4370809999999992
1.4354940000000003
1.4316490000000002
1.4355729999999998
1.4370809999999992
1.4354940000000003
1.4316490000000002
1.4355729999999998
1.4370809999999992
1.4354940000000003
1.4316490000000002
1.4355729999999998
1.4370809999999992
1.4354940000000003
1.4316490000000002
1.4355729999999998
1.4370809999999992
1.4354940000000003
1.4316490000000002
1.4355729999999998
1.4370809999999992
-1.4362700000000004
-1.4329080000000003
-1.4360590000000002
-1.4345590000000001
-1.4362700000000004
-1.4329080000000003
-1.4360590000000002
-1.4345590000000001
-1.4362700000000004
-1.4329080000000003
-1.4360590000000002
-1.4345590000000001
-1.4362700000000004
-1.4329080000000003
-1.4360590000000002
-1.4345590000000001
-1.4362700000000004
-1.4329080000000003
-1.4360590000000002
-1.4345590000000001
-1.4362700000000004
-1.4329080000000003
-1.4360590000000002
-1.4345590000000001
-1.4362700000000004
-1.4329080000000003
-1.4360590000000002
-1.4345590000000001
-1.4362700000000004
-1.4329080000000003
-1.4360590000000002
-1.4345590000000001
-1.4362700000000004
-1.4329080000000003
-1.4360590000000002
-1.4345590000000001
-1.4362700000000004
-1.4329080000000003
-1.4360590000000002
-1.4345590000000001
-1.4362700000000004
-1.4329080000000003
-1.4360590000000002
-1.4345590000000001
-1.4362700000000004
-1.4329080000000003
-1.4360590000000002
-1.4345590000000001
-1.4362700000000004
-1.4329080000000003
-1.4360590000000002
-1.4345590000000001
-1.4362700000000004
-1.4329080000000003
-1.4360590000000002
-1.4345590000000001
-1.4362700000000004
-1.4329080000000003
-1.4360590000000002
-1.4345590000000001
-1.4362700000000004
-1.4329080000000003
-1.4360590000000002
-1.4345590000000001
-1.4362700000000004
-1.4329080000000003
-1.4360590000000002
-1.4345590000000001
-1.4362700000000004
-1.4329080000000003
-1.4360590000000002
-1.4345590000000001
-1.4362700000000004
-1.4329080000000003
-1.4360590000000002
-1.4345590000000001
-1.4362700000000004
-1.4329080000000003
-1.4360590000000002
-1.4345590000000001
-1.4362700000000004
-1.4329080000000003
-1.4360590000000002
-1.4345590000000001
-1.4362700000000004
-1.4329080000000003
-1.4360590000000002
-1.4345590000000001
-1.4362700000000004
-1.4329080000000003
-1.4360590000000002
-1.4345590000000001
-1.4362700000000004
-1.4329080000000003
-1.4360590000000002
-1.4345590000000001
-1.4362700000000004
-1.4329080000000003
-1.4360590000000002
-1.4345590000000001
-1.4362700000000004
-1.4329080000000003
-1.4360590000000002
-1.4345590000000001
-1.4362700000000004
-1.4329080000000003
-1.4360590000000002
-1.4345590000000001
