1.347702
1.4394539999999996
1.4316169999999993
1.4314160000000005
1.347702
1.4394539999999996
1.4316169999999993
1.4314160000000005
1.347702
1.4394539999999996
1.4316169999999993
1.4314160000000005
1.347702
1.4394539999999996
1.4316169999999993
1.4314160000000005
1.347702
1.4394539999999996
1.4316169999999993
1.4314160000000005
1.347702
1.4394539999999996
1.4316169999999993
1.4314160000000005
1.347702
1.4394539999999996
1.4316169999999993
1.4314160000000005
1.347702
1.4394539999999996
1.4316169999999993
1.4314160000000005
1.347702
1.4394539999999996
1.4316169999999993
1.4314160000000005
1.347702
1.4394539999999996
1.4316169999999993
1.4314160000000005
1.347702
1.4394539999999996
1.4316169999999993
1.4314160000000005
1.347702
1.4394539999999996
1.4316169999999993
1.4314160000000005
1.347702
1.4394539999999996
1.4316169999999993
1.4314160000000005
1.347702
1.4394539999999996
1.4316169999999993
1.4314160000000005
1.347702
1.4394539999999996
1.4316169999999993
1.4314160000000005
1.347702
1.4394539999999996
1.4316169999999993
1.4314160000000005
1.347702
1.4394539999999996
1.4316169999999993
1.4314160000000005
1.347702
1.4394539999999996
1.4316169999999993
1.4314160000000005
1.347702
1.4394539999999996
1.4316169999999993
1.4314160000000005
1.347702
1.4394539999999996
1.4316169999999993
1.4314160000000005
1.347702
1.4394539999999996
1.4316169999999993
1.4314160000000005
1.347702
1.4394539999999996
1.4316169999999993
1.4314160000000005
1.347702
1.4394539999999996
1.4316169999999993
1.4314160000000005
1.347702
1.4394539999999996
1.4316169999999993
1.4314160000000005
1.347702
1.4394539999999996
1.4316169999999993
1.4314160000000005
1.347702
1.4394539999999996
1.4316169999999993
1.4314160000000005
1.347702
1.4394539999999996
1.4316169999999993
1.4314160000000005
1.347702
1.4394539999999996
1.4316169999999993
1.4314160000000005
1.347702
1.4394539999999996
1.4316169999999993
1.4314160000000005
1.347702
1.4394539999999996
1.4316169999999993
1.4314160000000005
1.347702
1.4394539999999996
1.4316169999999993
1.4314160000000005
1.347702
1.4394539999999996
1.4316169999999993
1.4314160000000005
1.347702
1.4394539999999996
1.4316169999999993
1.4314160000000005
1.347702
1.4394539999999996
1.4316169999999993
1.4314160000000005
1.347702
1.4394539999999996
1.4316169999999993
1.4314160000000005
1.347702
1.4394539999999996
1.4316169999999993
1.4314160000000005
-1.4230539999999996
-1.4203799999999998
-1.389361
-1.4173929999999997
-1.4230539999999996
-1.4203799999999998
-1.389361
-1.4173929999999997
-1.4230539999999996
-1.4203799999999998
-1.389361
-1.4173929999999997
-1.4230539999999996
-1.4203799999999998
-1.389361
-1.4173929999999997
-1.4230539999999996
-1.4203799999999998
-1.389361
-1.4173929999999997
-1.4230539999999996
-1.4203799999999998
-1.389361
-1.4173929999999997
-1.4230539999999996
-1.4203799999999998
-1.389361
-1.4173929999999997
-1.4230539999999996
-1.4203799999999998
-1.389361
-1.4173929999999997
-1.4230539999999996
-1.4203799999999998
-1.389361
-1.4173929999999997
-1.4230539999999996
-1.4203799999999998
-1.389361
-1.4173929999999997
-1.4230539999999996
-1.4203799999999998
-1.389361
-1.4173929999999997
-1.4230539999999996
-1.4203799999999998
-1.389361
-1.4173929999999997
-1.4230539999999996
-1.4203799999999998
-1.389361
-1.4173929999999997
-1.4230539999999996
-1.4203799999999998
-1.389361
-1.4173929999999997
-1.4230539999999996
-1.4203799999999998
-1.389361
-1.4173929999999997
-1.4230539999999996
-1.4203799999999998
-1.389361
-1.4173929999999997
-1.4230539999999996
-1.4203799999999998
-1.389361
-1.4173929999999997
-1.4230539999999996
-1.4203799999999998
-1.389361
-1.4173929999999997
-1.4230539999999996
-1.4203799999999998
-1.389361
-1.4173929999999997
-1.4230539999999996
-1.4203799999999998
-1.389361
-1.4173929999999997
-1.4230539999999996
-1.4203799999999998
-1.389361
-1.4173929999999997
-1.4230539999999996
-1.4203799999999998
-1.389361
-1.4173929999999997
-1.4230539999999996
-1.4203799999999998
-1.389361
-1.4173929999999997
-1.4230539999999996
-1.4203799999999998
-1.389361
-1.4173929999999997
-1.4230539999999996
-1.4203799999999998
-1.389361
-1.4173929999999997
-1.4230539999999996
-1.4203799999999998
-1.389361
-1.4173929999999997
-1.4230539999999996
-1.4203799999999998
-1.389361
-1.4173929999999997
-1.4230539999999996
-1.4203799999999998
-1.389361
-1.4173929999999997
-1.4230539999999996
-1.4203799999999998
-1.389361
-1.4173929999999997
-1.4230539999999996
-1.4203799999999998
-1.389361
-1.4173929999999997
-1.4230539999999996
-1.4203799999999998
-1.389361
-1.4173929999999997
-1.4230539999999996
-1.4203799999999998
-1.389361
-1.4173929999999997
-1.4230539999999996
-1.4203799999999998
-1.389361
-1.4173929999999997
-1.4230539999999996
-1.4203799999999998
-1.389361
-1.4173929999999997
-1.4230539999999996
-1.4203799999999998
-1.389361
-1.4173929999999997
-1.4230539999999996
-1.4203799999999998
-1.389361
-1.4173929999999997
