1.1888799999999993
1.2944410000000008
1.3299199999999995
1.2727430000000002
1.1888799999999993
1.2944410000000008
1.3299199999999995
1.2727430000000002
1.1888799999999993
1.2944410000000008
1.3299199999999995
1.2727430000000002
1.1888799999999993
1.2944410000000008
1.3299199999999995
1.2727430000000002
1.1888799999999993
1.2944410000000008
1.3299199999999995
1.2727430000000002
1.1888799999999993
1.2944410000000008
1.3299199999999995
1.2727430000000002
1.1888799999999993
1.2944410000000008
1.3299199999999995
1.2727430000000002
1.1888799999999993
1.2944410000000008
1.3299199999999995
1.2727430000000002
1.1888799999999993
1.2944410000000008
1.3299199999999995
1.2727430000000002
1.1888799999999993
1.2944410000000008
1.3299199999999995
1.2727430000000002
1.1888799999999993
1.2944410000000008
1.3299199999999995
1.2727430000000002
1.1888799999999993
1.2944410000000008
1.3299199999999995
1.2727430000000002
1.1888799999999993
1.2944410000000008
1.3299199999999995
1.2727430000000002
1.1888799999999993
1.2944410000000008
1.3299199999999995
1.2727430000000002
1.1888799999999993
1.2944410000000008
1.3299199999999995
1.2727430000000002
1.1888799999999993
1.2944410000000008
1.3299199999999995
1.2727430000000002
1.1888799999999993
1.2944410000000008
1.3299199999999995
1.2727430000000002
1.1888799999999993
1.2944410000000008
1.3299199999999995
1.2727430000000002
1.1888799999999993
1.2944410000000008
1.3299199999999995
1.2727430000000002
1.1888799999999993
1.2944410000000008
1.3299199999999995
1.2727430000000002
1.1888799999999993
1.2944410000000008
1.3299199999999995
1.2727430000000002
1.1888799999999993
1.2944410000000008
1.3299199999999995
1.2727430000000002
1.1888799999999993
1.2944410000000008
1.3299199999999995
1.2727430000000002
1.1888799999999993
1.2944410000000008
1.3299199999999995
1.2727430000000002
1.1888799999999993
1.2944410000000008
1.3299199999999995
1.2727430000000002
1.1888799999999993
1.2944410000000008
1.3299199999999995
1.2727430000000002
1.1888799999999993
1.2944410000000008
1.3299199999999995
1.2727430000000002
1.1888799999999993
1.2944410000000008
1.3299199999999995
1.2727430000000002
1.1888799999999993
1.2944410000000008
1.3299199999999995
1.2727430000000002
1.1888799999999993
1.2944410000000008
1.3299199999999995
1.2727430000000002
-1.323944
-1.3016699999999997
-1.25413
-1.2062419999999996
-1.323944
-1.3016699999999997
-1.25413
-1.2062419999999996
-1.323944
-1.3016699999999997
-1.25413
-1.2062419999999996
-1.323944
-1.3016699999999997
-1.25413
-1.2062419999999996
-1.323944
-1.3016699999999997
-1.25413
-1.2062419999999996
-1.323944
-1.3016699999999997
-1.25413
-1.2062419999999996
-1.323944
-1.3016699999999997
-1.25413
-1.2062419999999996
-1.323944
-1.3016699999999997
-1.25413
-1.2062419999999996
-1.323944
-1.3016699999999997
-1.25413
-1.2062419999999996
-1.323944
-1.3016699999999997
-1.25413
-1.2062419999999996
-1.323944
-1.3016699999999997
-1.25413
-1.2062419999999996
-1.323944
-1.3016699999999997
-1.25413
-1.2062419999999996
-1.323944
-1.3016699999999997
-1.25413
-1.2062419999999996
-1.323944
-1.3016699999999997
-1.25413
-1.2062419999999996
-1.323944
-1.3016699999999997
-1.25413
-1.2062419999999996
-1.323944
-1.3016699999999997
-1.25413
-1.2062419999999996
-1.323944
-1.3016699999999997
-1.25413
-1.2062419999999996
-1.323944
-1.3016699999999997
-1.25413
-1.2062419999999996
-1.323944
-1.3016699999999997
-1.25413
-1.2062419999999996
-1.323944
-1.3016699999999997
-1.25413
-1.2062419999999996
-1.323944
-1.3016699999999997
-1.25413
-1.2062419999999996
-1.323944
-1.3016699999999997
-1.25413
-1.2062419999999996
-1.323944
-1.3016699999999997
-1.25413
-1.2062419999999996
-1.323944
-1.3016699999999997
-1.25413
-1.2062419999999996
-1.323944
-1.3016699999999997
-1.25413
-1.2062419999999996
-1.323944
-1.3016699999999997
-1.25413
-1.2062419999999996
-1.323944
-1.3016699999999997
-1.25413
-1.2062419999999996
-1.323944
-1.3016699999999997
-1.25413
-1.2062419999999996
-1.323944
-1.3016699999999997
-1.25413
-1.2062419999999996
-1.323944
-1.3016699999999997
-1.25413
-1.2062419999999996
