1.274699
1.2242440000000006
1.274699
1.2242440000000006
1.274699
1.2242440000000006
1.274699
1.2242440000000006
1.274699
1.2242440000000006
1.274699
1.2242440000000006
1.274699
1.2242440000000006
1.274699
1.2242440000000006
1.274699
1.2242440000000006
1.274699
1.2242440000000006
1.274699
1.2242440000000006
1.274699
1.2242440000000006
1.274699
1.2242440000000006
1.274699
1.2242440000000006
1.274699
1.2242440000000006
1.274699
1.2242440000000006
1.274699
1.2242440000000006
1.274699
1.2242440000000006
1.274699
1.2242440000000006
1.274699
1.2242440000000006
1.274699
1.2242440000000006
1.274699
1.2242440000000006
1.274699
1.2242440000000006
1.274699
1.2242440000000006
1.274699
1.2242440000000006
1.274699
1.2242440000000006
1.274699
1.2242440000000006
1.274699
1.2242440000000006
1.274699
1.2242440000000006
1.274699
1.2242440000000006
1.274699
1.2242440000000006
1.274699
1.2242440000000006
1.274699
1.2242440000000006
1.274699
1.2242440000000006
1.274699
1.2242440000000006
1.274699
1.2242440000000006
1.274699
1.2242440000000006
1.274699
1.2242440000000006
1.274699
1.2242440000000006
1.274699
1.2242440000000006
1.274699
1.2242440000000006
1.274699
1.2242440000000006
1.274699
1.2242440000000006
1.274699
1.2242440000000006
1.274699
1.2242440000000006
1.274699
1.2242440000000006
1.274699
1.2242440000000006
1.274699
1.2242440000000006
1.274699
1.2242440000000006
1.274699
1.2242440000000006
1.274699
1.2242440000000006
1.274699
1.2242440000000006
1.274699
1.2242440000000006
1.274699
1.2242440000000006
1.274699
1.2242440000000006
1.274699
1.2242440000000006
1.274699
1.2242440000000006
1.274699
1.2242440000000006
1.274699
1.2242440000000006
1.274699
1.2242440000000006
-1.2614049999999999
-1.2375379999999998
-1.2614049999999999
-1.2375379999999998
-1.2614049999999999
-1.2375379999999998
-1.2614049999999999
-1.2375379999999998
-1.2614049999999999
-1.2375379999999998
-1.2614049999999999
-1.2375379999999998
-1.2614049999999999
-1.2375379999999998
-1.2614049999999999
-1.2375379999999998
-1.2614049999999999
-1.2375379999999998
-1.2614049999999999
-1.2375379999999998
-1.2614049999999999
-1.2375379999999998
-1.2614049999999999
-1.2375379999999998
-1.2614049999999999
-1.2375379999999998
-1.2614049999999999
-1.2375379999999998
-1.2614049999999999
-1.2375379999999998
-1.2614049999999999
-1.2375379999999998
-1.2614049999999999
-1.2375379999999998
-1.2614049999999999
-1.2375379999999998
-1.2614049999999999
-1.2375379999999998
-1.2614049999999999
-1.2375379999999998
-1.2614049999999999
-1.2375379999999998
-1.2614049999999999
-1.2375379999999998
-1.2614049999999999
-1.2375379999999998
-1.2614049999999999
-1.2375379999999998
-1.2614049999999999
-1.2375379999999998
-1.2614049999999999
-1.2375379999999998
-1.2614049999999999
-1.2375379999999998
-1.2614049999999999
-1.2375379999999998
-1.2614049999999999
-1.2375379999999998
-1.2614049999999999
-1.2375379999999998
-1.2614049999999999
-1.2375379999999998
-1.2614049999999999
-1.2375379999999998
-1.2614049999999999
-1.2375379999999998
-1.2614049999999999
-1.2375379999999998
-1.2614049999999999
-1.2375379999999998
-1.2614049999999999
-1.2375379999999998
-1.2614049999999999
-1.2375379999999998
-1.2614049999999999
-1.2375379999999998
-1.2614049999999999
-1.2375379999999998
-1.2614049999999999
-1.2375379999999998
-1.2614049999999999
-1.2375379999999998
-1.2614049999999999
-1.2375379999999998
-1.2614049999999999
-1.2375379999999998
-1.2614049999999999
-1.2375379999999998
-1.2614049999999999
-1.2375379999999998
-1.2614049999999999
-1.2375379999999998
-1.2614049999999999
-1.2375379999999998
-1.2614049999999999
-1.2375379999999998
-1.2614049999999999
-1.2375379999999998
-1.2614049999999999
-1.2375379999999998
-1.2614049999999999
-1.2375379999999998
-1.2614049999999999
-1.2375379999999998
-1.2614049999999999
-1.2375379999999998
-1.2614049999999999
-1.2375379999999998
-1.2614049999999999
-1.2375379999999998
-1.2614049999999999
-1.2375379999999998
-1.2614049999999999
-1.2375379999999998
-1.2614049999999999
-1.2375379999999998
-1.2614049999999999
-1.2375379999999998
-1.2614049999999999
-1.2375379999999998
