1.381088
1.3815480000000004
1.381088
1.3815480000000004
1.381088
1.3815480000000004
1.381088
1.3815480000000004
1.381088
1.3815480000000004
1.381088
1.3815480000000004
1.381088
1.3815480000000004
1.381088
1.3815480000000004
1.381088
1.3815480000000004
1.381088
1.3815480000000004
1.381088
1.3815480000000004
1.381088
1.3815480000000004
1.381088
1.3815480000000004
1.381088
1.3815480000000004
1.381088
1.3815480000000004
1.381088
1.3815480000000004
1.381088
1.3815480000000004
1.381088
1.3815480000000004
1.381088
1.3815480000000004
1.381088
1.3815480000000004
1.381088
1.3815480000000004
1.381088
1.3815480000000004
1.381088
1.3815480000000004
1.381088
1.3815480000000004
1.381088
1.3815480000000004
1.381088
1.3815480000000004
1.381088
1.3815480000000004
1.381088
1.3815480000000004
1.381088
1.3815480000000004
1.381088
1.3815480000000004
1.381088
1.3815480000000004
1.381088
1.3815480000000004
1.381088
1.3815480000000004
1.381088
1.3815480000000004
1.381088
1.3815480000000004
1.381088
1.3815480000000004
1.381088
1.3815480000000004
1.381088
1.3815480000000004
1.381088
1.3815480000000004
1.381088
1.3815480000000004
1.381088
1.3815480000000004
1.381088
1.3815480000000004
1.381088
1.3815480000000004
1.381088
1.3815480000000004
1.381088
1.3815480000000004
1.381088
1.3815480000000004
1.381088
1.3815480000000004
1.381088
1.3815480000000004
1.381088
1.3815480000000004
1.381088
1.3815480000000004
1.381088
1.3815480000000004
1.381088
1.3815480000000004
1.381088
1.3815480000000004
1.381088
1.3815480000000004
1.381088
1.3815480000000004
1.381088
1.3815480000000004
1.381088
1.3815480000000004
1.381088
1.3815480000000004
1.381088
1.3815480000000004
1.381088
1.3815480000000004
-1.380896
-1.3817389999999996
-1.380896
-1.3817389999999996
-1.380896
-1.3817389999999996
-1.380896
-1.3817389999999996
-1.380896
-1.3817389999999996
-1.380896
-1.3817389999999996
-1.380896
-1.3817389999999996
-1.380896
-1.3817389999999996
-1.380896
-1.3817389999999996
-1.380896
-1.3817389999999996
-1.380896
-1.3817389999999996
-1.380896
-1.3817389999999996
-1.380896
-1.3817389999999996
-1.380896
-1.3817389999999996
-1.380896
-1.3817389999999996
-1.380896
-1.3817389999999996
-1.380896
-1.3817389999999996
-1.380896
-1.3817389999999996
-1.380896
-1.3817389999999996
-1.380896
-1.3817389999999996
-1.380896
-1.3817389999999996
-1.380896
-1.3817389999999996
-1.380896
-1.3817389999999996
-1.380896
-1.3817389999999996
-1.380896
-1.3817389999999996
-1.380896
-1.3817389999999996
-1.380896
-1.3817389999999996
-1.380896
-1.3817389999999996
-1.380896
-1.3817389999999996
-1.380896
-1.3817389999999996
-1.380896
-1.3817389999999996
-1.380896
-1.3817389999999996
-1.380896
-1.3817389999999996
-1.380896
-1.3817389999999996
-1.380896
-1.3817389999999996
-1.380896
-1.3817389999999996
-1.380896
-1.3817389999999996
-1.380896
-1.3817389999999996
-1.380896
-1.3817389999999996
-1.380896
-1.3817389999999996
-1.380896
-1.3817389999999996
-1.380896
-1.3817389999999996
-1.380896
-1.3817389999999996
-1.380896
-1.3817389999999996
-1.380896
-1.3817389999999996
-1.380896
-1.3817389999999996
-1.380896
-1.3817389999999996
-1.380896
-1.3817389999999996
-1.380896
-1.3817389999999996
-1.380896
-1.3817389999999996
-1.380896
-1.3817389999999996
-1.380896
-1.3817389999999996
-1.380896
-1.3817389999999996
-1.380896
-1.3817389999999996
-1.380896
-1.3817389999999996
-1.380896
-1.3817389999999996
-1.380896
-1.3817389999999996
-1.380896
-1.3817389999999996
-1.380896
-1.3817389999999996
-1.380896
-1.3817389999999996
