1.4006570000000007
1.4206719999999997
1.4042329999999996
1.3976550000000003
1.4006570000000007
1.4206719999999997
1.4042329999999996
1.3976550000000003
1.4006570000000007
1.4206719999999997
1.4042329999999996
1.3976550000000003
1.4006570000000007
1.4206719999999997
1.4042329999999996
1.3976550000000003
1.4006570000000007
1.4206719999999997
1.4042329999999996
1.3976550000000003
1.4006570000000007
1.4206719999999997
1.4042329999999996
1.3976550000000003
1.4006570000000007
1.4206719999999997
1.4042329999999996
1.3976550000000003
1.4006570000000007
1.4206719999999997
1.4042329999999996
1.3976550000000003
1.4006570000000007
1.4206719999999997
1.4042329999999996
1.3976550000000003
1.4006570000000007
1.4206719999999997
1.4042329999999996
1.3976550000000003
1.4006570000000007
1.4206719999999997
1.4042329999999996
1.3976550000000003
1.4006570000000007
1.4206719999999997
1.4042329999999996
1.3976550000000003
1.4006570000000007
1.4206719999999997
1.4042329999999996
1.3976550000000003
1.4006570000000007
1.4206719999999997
1.4042329999999996
1.3976550000000003
1.4006570000000007
1.4206719999999997
1.4042329999999996
1.3976550000000003
1.4006570000000007
1.4206719999999997
1.4042329999999996
1.3976550000000003
1.4006570000000007
1.4206719999999997
1.4042329999999996
1.3976550000000003
1.4006570000000007
1.4206719999999997
1.4042329999999996
1.3976550000000003
1.4006570000000007
1.4206719999999997
1.4042329999999996
1.3976550000000003
1.4006570000000007
1.4206719999999997
1.4042329999999996
1.3976550000000003
1.4006570000000007
1.4206719999999997
1.4042329999999996
1.3976550000000003
1.4006570000000007
1.4206719999999997
1.4042329999999996
1.3976550000000003
1.4006570000000007
1.4206719999999997
1.4042329999999996
1.3976550000000003
1.4006570000000007
1.4206719999999997
1.4042329999999996
1.3976550000000003
1.4006570000000007
1.4206719999999997
1.4042329999999996
1.3976550000000003
1.4006570000000007
1.4206719999999997
1.4042329999999996
1.3976550000000003
1.4006570000000007
1.4206719999999997
1.4042329999999996
1.3976550000000003
1.4006570000000007
1.4206719999999997
1.4042329999999996
1.3976550000000003
1.4006570000000007
1.4206719999999997
1.4042329999999996
1.3976550000000003
1.4006570000000007
1.4206719999999997
1.4042329999999996
1.3976550000000003
1.4006570000000007
1.4206719999999997
1.4042329999999996
1.3976550000000003
1.4006570000000007
1.4206719999999997
1.4042329999999996
1.3976550000000003
1.4006570000000007
1.4206719999999997
1.4042329999999996
1.3976550000000003
1.4006570000000007
1.4206719999999997
1.4042329999999996
1.3976550000000003
1.4006570000000007
1.4206719999999997
1.4042329999999996
1.3976550000000003
1.4006570000000007
1.4206719999999997
1.4042329999999996
1.3976550000000003
-1.395823
-1.4096799999999998
-1.406485
-1.4112280000000004
-1.395823
-1.4096799999999998
-1.406485
-1.4112280000000004
-1.395823
-1.4096799999999998
-1.406485
-1.4112280000000004
-1.395823
-1.4096799999999998
-1.406485
-1.4112280000000004
-1.395823
-1.4096799999999998
-1.406485
-1.4112280000000004
-1.395823
-1.4096799999999998
-1.406485
-1.4112280000000004
-1.395823
-1.4096799999999998
-1.406485
-1.4112280000000004
-1.395823
-1.4096799999999998
-1.406485
-1.4112280000000004
-1.395823
-1.4096799999999998
-1.406485
-1.4112280000000004
-1.395823
-1.4096799999999998
-1.406485
-1.4112280000000004
-1.395823
-1.4096799999999998
-1.406485
-1.4112280000000004
-1.395823
-1.4096799999999998
-1.406485
-1.4112280000000004
-1.395823
-1.4096799999999998
-1.406485
-1.4112280000000004
-1.395823
-1.4096799999999998
-1.406485
-1.4112280000000004
-1.395823
-1.4096799999999998
-1.406485
-1.4112280000000004
-1.395823
-1.4096799999999998
-1.406485
-1.4112280000000004
-1.395823
-1.4096799999999998
-1.406485
-1.4112280000000004
-1.395823
-1.4096799999999998
-1.406485
-1.4112280000000004
-1.395823
-1.4096799999999998
-1.406485
-1.4112280000000004
-1.395823
-1.4096799999999998
-1.406485
-1.4112280000000004
-1.395823
-1.4096799999999998
-1.406485
-1.4112280000000004
-1.395823
-1.4096799999999998
-1.406485
-1.4112280000000004
-1.395823
-1.4096799999999998
-1.406485
-1.4112280000000004
-1.395823
-1.4096799999999998
-1.406485
-1.4112280000000004
-1.395823
-1.4096799999999998
-1.406485
-1.4112280000000004
-1.395823
-1.4096799999999998
-1.406485
-1.4112280000000004
-1.395823
-1.4096799999999998
-1.406485
-1.4112280000000004
-1.395823
-1.4096799999999998
-1.406485
-1.4112280000000004
-1.395823
-1.4096799999999998
-1.406485
-1.4112280000000004
-1.395823
-1.4096799999999998
-1.406485
-1.4112280000000004
-1.395823
-1.4096799999999998
-1.406485
-1.4112280000000004
-1.395823
-1.4096799999999998
-1.406485
-1.4112280000000004
-1.395823
-1.4096799999999998
-1.406485
-1.4112280000000004
-1.395823
-1.4096799999999998
-1.406485
-1.4112280000000004
-1.395823
-1.4096799999999998
-1.406485
-1.4112280000000004
-1.395823
-1.4096799999999998
-1.406485
-1.4112280000000004
