1.4014869999999995
1.4014869999999995
1.4014869999999995
1.4014869999999995
1.4014869999999995
1.4014869999999995
1.4014869999999995
1.4014869999999995
1.4014869999999995
1.4014869999999995
1.4014869999999995
1.4014869999999995
1.4014869999999995
1.4014869999999995
1.4014869999999995
1.4014869999999995
1.4014869999999995
1.4014869999999995
1.4014869999999995
1.4014869999999995
1.4014869999999995
1.4014869999999995
1.4014869999999995
1.4014869999999995
1.4014869999999995
1.4014869999999995
1.4014869999999995
1.4014869999999995
1.4014869999999995
1.4014869999999995
1.4014869999999995
1.4014869999999995
1.4014869999999995
1.4014869999999995
1.4014869999999995
1.4014869999999995
1.4014869999999995
1.4014869999999995
1.4014869999999995
1.4014869999999995
1.4014869999999995
1.4014869999999995
1.4014869999999995
1.4014869999999995
1.4014869999999995
1.4014869999999995
1.4014869999999995
1.4014869999999995
1.4014869999999995
1.4014869999999995
1.4014869999999995
1.4014869999999995
1.4014869999999995
1.4014869999999995
1.4014869999999995
1.4014869999999995
1.4014869999999995
1.4014869999999995
1.4014869999999995
1.4014869999999995
1.4014869999999995
1.4014869999999995
1.4014869999999995
1.4014869999999995
-1.40149
-1.40149
-1.40149
-1.40149
-1.40149
-1.40149
-1.40149
-1.40149
-1.40149
-1.40149
-1.40149
-1.40149
-1.40149
-1.40149
-1.40149
-1.40149
-1.40149
-1.40149
-1.40149
-1.40149
-1.40149
-1.40149
-1.40149
-1.40149
-1.40149
-1.40149
-1.40149
-1.40149
-1.40149
-1.40149
-1.40149
-1.40149
-1.40149
-1.40149
-1.40149
-1.40149
-1.40149
-1.40149
-1.40149
-1.40149
-1.40149
-1.40149
-1.40149
-1.40149
-1.40149
-1.40149
-1.40149
-1.40149
-1.40149
-1.40149
-1.40149
-1.40149
-1.40149
-1.40149
-1.40149
-1.40149
-1.40149
-1.40149
-1.40149
-1.40149
-1.40149
-1.40149
-1.40149
-1.40149
