1.3913670000000007
1.3877389999999998
1.3913670000000007
1.3877389999999998
1.3913670000000007
1.3877389999999998
1.3913670000000007
1.3877389999999998
1.3913670000000007
1.3877389999999998
1.3913670000000007
1.3877389999999998
1.3913670000000007
1.3877389999999998
1.3913670000000007
1.3877389999999998
1.3913670000000007
1.3877389999999998
1.3913670000000007
1.3877389999999998
1.3913670000000007
1.3877389999999998
1.3913670000000007
1.3877389999999998
1.3913670000000007
1.3877389999999998
1.3913670000000007
1.3877389999999998
1.3913670000000007
1.3877389999999998
1.3913670000000007
1.3877389999999998
1.3913670000000007
1.3877389999999998
1.3913670000000007
1.3877389999999998
1.3913670000000007
1.3877389999999998
1.3913670000000007
1.3877389999999998
1.3913670000000007
1.3877389999999998
1.3913670000000007
1.3877389999999998
1.3913670000000007
1.3877389999999998
1.3913670000000007
1.3877389999999998
1.3913670000000007
1.3877389999999998
1.3913670000000007
1.3877389999999998
1.3913670000000007
1.3877389999999998
1.3913670000000007
1.3877389999999998
1.3913670000000007
1.3877389999999998
1.3913670000000007
1.3877389999999998
1.3913670000000007
1.3877389999999998
1.3913670000000007
1.3877389999999998
1.3913670000000007
1.3877389999999998
1.3913670000000007
1.3877389999999998
1.3913670000000007
1.3877389999999998
1.3913670000000007
1.3877389999999998
1.3913670000000007
1.3877389999999998
1.3913670000000007
1.3877389999999998
1.3913670000000007
1.3877389999999998
1.3913670000000007
1.3877389999999998
1.3913670000000007
1.3877389999999998
1.3913670000000007
1.3877389999999998
1.3913670000000007
1.3877389999999998
1.3913670000000007
1.3877389999999998
1.3913670000000007
1.3877389999999998
1.3913670000000007
1.3877389999999998
1.3913670000000007
1.3877389999999998
1.3913670000000007
1.3877389999999998
-1.3880559999999997
-1.3910530000000003
-1.3880559999999997
-1.3910530000000003
-1.3880559999999997
-1.3910530000000003
-1.3880559999999997
-1.3910530000000003
-1.3880559999999997
-1.3910530000000003
-1.3880559999999997
-1.3910530000000003
-1.3880559999999997
-1.3910530000000003
-1.3880559999999997
-1.3910530000000003
-1.3880559999999997
-1.3910530000000003
-1.3880559999999997
-1.3910530000000003
-1.3880559999999997
-1.3910530000000003
-1.3880559999999997
-1.3910530000000003
-1.3880559999999997
-1.3910530000000003
-1.3880559999999997
-1.3910530000000003
-1.3880559999999997
-1.3910530000000003
-1.3880559999999997
-1.3910530000000003
-1.3880559999999997
-1.3910530000000003
-1.3880559999999997
-1.3910530000000003
-1.3880559999999997
-1.3910530000000003
-1.3880559999999997
-1.3910530000000003
-1.3880559999999997
-1.3910530000000003
-1.3880559999999997
-1.3910530000000003
-1.3880559999999997
-1.3910530000000003
-1.3880559999999997
-1.3910530000000003
-1.3880559999999997
-1.3910530000000003
-1.3880559999999997
-1.3910530000000003
-1.3880559999999997
-1.3910530000000003
-1.3880559999999997
-1.3910530000000003
-1.3880559999999997
-1.3910530000000003
-1.3880559999999997
-1.3910530000000003
-1.3880559999999997
-1.3910530000000003
-1.3880559999999997
-1.3910530000000003
-1.3880559999999997
-1.3910530000000003
-1.3880559999999997
-1.3910530000000003
-1.3880559999999997
-1.3910530000000003
-1.3880559999999997
-1.3910530000000003
-1.3880559999999997
-1.3910530000000003
-1.3880559999999997
-1.3910530000000003
-1.3880559999999997
-1.3910530000000003
-1.3880559999999997
-1.3910530000000003
-1.3880559999999997
-1.3910530000000003
-1.3880559999999997
-1.3910530000000003
-1.3880559999999997
-1.3910530000000003
-1.3880559999999997
-1.3910530000000003
-1.3880559999999997
-1.3910530000000003
-1.3880559999999997
-1.3910530000000003
-1.3880559999999997
-1.3910530000000003
-1.3880559999999997
-1.3910530000000003
