1.3484850000000002
1.3484850000000002
1.3484850000000002
1.3484850000000002
1.3484850000000002
1.3484850000000002
1.3484850000000002
1.3484850000000002
1.3484850000000002
1.3484850000000002
1.3484850000000002
1.3484850000000002
1.3484850000000002
1.3484850000000002
1.3484850000000002
1.3484850000000002
1.3484850000000002
1.3484850000000002
1.3484850000000002
1.3484850000000002
1.3484850000000002
1.3484850000000002
1.3484850000000002
1.3484850000000002
1.3484850000000002
1.3484850000000002
1.3484850000000002
1.3484850000000002
1.3484850000000002
1.3484850000000002
1.3484850000000002
1.3484850000000002
1.3484850000000002
1.3484850000000002
1.3484850000000002
1.3484850000000002
1.3484850000000002
1.3484850000000002
1.3484850000000002
1.3484850000000002
1.3484850000000002
1.3484850000000002
1.3484850000000002
1.3484850000000002
1.3484850000000002
1.3484850000000002
1.3484850000000002
1.3484850000000002
1.3484850000000002
1.3484850000000002
1.3484850000000002
1.3484850000000002
1.3484850000000002
1.3484850000000002
-1.3484860000000003
-1.3484860000000003
-1.3484860000000003
-1.3484860000000003
-1.3484860000000003
-1.3484860000000003
-1.3484860000000003
-1.3484860000000003
-1.3484860000000003
-1.3484860000000003
-1.3484860000000003
-1.3484860000000003
-1.3484860000000003
-1.3484860000000003
-1.3484860000000003
-1.3484860000000003
-1.3484860000000003
-1.3484860000000003
-1.3484860000000003
-1.3484860000000003
-1.3484860000000003
-1.3484860000000003
-1.3484860000000003
-1.3484860000000003
-1.3484860000000003
-1.3484860000000003
-1.3484860000000003
-1.3484860000000003
-1.3484860000000003
-1.3484860000000003
-1.3484860000000003
-1.3484860000000003
-1.3484860000000003
-1.3484860000000003
-1.3484860000000003
-1.3484860000000003
-1.3484860000000003
-1.3484860000000003
-1.3484860000000003
-1.3484860000000003
-1.3484860000000003
-1.3484860000000003
-1.3484860000000003
-1.3484860000000003
-1.3484860000000003
-1.3484860000000003
-1.3484860000000003
-1.3484860000000003
-1.3484860000000003
-1.3484860000000003
-1.3484860000000003
-1.3484860000000003
-1.3484860000000003
-1.3484860000000003
