1.365093
1.3807840000000002
1.342321
1.3510720000000003
1.365093
1.3807840000000002
1.342321
1.3510720000000003
1.365093
1.3807840000000002
1.342321
1.3510720000000003
1.365093
1.3807840000000002
1.342321
1.3510720000000003
1.365093
1.3807840000000002
1.342321
1.3510720000000003
1.365093
1.3807840000000002
1.342321
1.3510720000000003
1.365093
1.3807840000000002
1.342321
1.3510720000000003
1.365093
1.3807840000000002
1.342321
1.3510720000000003
1.365093
1.3807840000000002
1.342321
1.3510720000000003
1.365093
1.3807840000000002
1.342321
1.3510720000000003
1.365093
1.3807840000000002
1.342321
1.3510720000000003
1.365093
1.3807840000000002
1.342321
1.3510720000000003
1.365093
1.3807840000000002
1.342321
1.3510720000000003
1.365093
1.3807840000000002
1.342321
1.3510720000000003
1.365093
1.3807840000000002
1.342321
1.3510720000000003
1.365093
1.3807840000000002
1.342321
1.3510720000000003
1.365093
1.3807840000000002
1.342321
1.3510720000000003
1.365093
1.3807840000000002
1.342321
1.3510720000000003
1.365093
1.3807840000000002
1.342321
1.3510720000000003
1.365093
1.3807840000000002
1.342321
1.3510720000000003
1.365093
1.3807840000000002
1.342321
1.3510720000000003
1.365093
1.3807840000000002
1.342321
1.3510720000000003
1.365093
1.3807840000000002
1.342321
1.3510720000000003
1.365093
1.3807840000000002
1.342321
1.3510720000000003
1.365093
1.3807840000000002
1.342321
1.3510720000000003
1.365093
1.3807840000000002
1.342321
1.3510720000000003
1.365093
1.3807840000000002
1.342321
1.3510720000000003
1.365093
1.3807840000000002
1.342321
1.3510720000000003
1.365093
1.3807840000000002
1.342321
1.3510720000000003
1.365093
1.3807840000000002
1.342321
1.3510720000000003
1.365093
1.3807840000000002
1.342321
1.3510720000000003
1.365093
1.3807840000000002
1.342321
1.3510720000000003
1.365093
1.3807840000000002
1.342321
1.3510720000000003
1.365093
1.3807840000000002
1.342321
1.3510720000000003
1.365093
1.3807840000000002
1.342321
1.3510720000000003
1.365093
1.3807840000000002
1.342321
1.3510720000000003
-1.3696140000000003
-1.3433390000000003
-1.3434280000000003
-1.3828899999999997
-1.3696140000000003
-1.3433390000000003
-1.3434280000000003
-1.3828899999999997
-1.3696140000000003
-1.3433390000000003
-1.3434280000000003
-1.3828899999999997
-1.3696140000000003
-1.3433390000000003
-1.3434280000000003
-1.3828899999999997
-1.3696140000000003
-1.3433390000000003
-1.3434280000000003
-1.3828899999999997
-1.3696140000000003
-1.3433390000000003
-1.3434280000000003
-1.3828899999999997
-1.3696140000000003
-1.3433390000000003
-1.3434280000000003
-1.3828899999999997
-1.3696140000000003
-1.3433390000000003
-1.3434280000000003
-1.3828899999999997
-1.3696140000000003
-1.3433390000000003
-1.3434280000000003
-1.3828899999999997
-1.3696140000000003
-1.3433390000000003
-1.3434280000000003
-1.3828899999999997
-1.3696140000000003
-1.3433390000000003
-1.3434280000000003
-1.3828899999999997
-1.3696140000000003
-1.3433390000000003
-1.3434280000000003
-1.3828899999999997
-1.3696140000000003
-1.3433390000000003
-1.3434280000000003
-1.3828899999999997
-1.3696140000000003
-1.3433390000000003
-1.3434280000000003
-1.3828899999999997
-1.3696140000000003
-1.3433390000000003
-1.3434280000000003
-1.3828899999999997
-1.3696140000000003
-1.3433390000000003
-1.3434280000000003
-1.3828899999999997
-1.3696140000000003
-1.3433390000000003
-1.3434280000000003
-1.3828899999999997
-1.3696140000000003
-1.3433390000000003
-1.3434280000000003
-1.3828899999999997
-1.3696140000000003
-1.3433390000000003
-1.3434280000000003
-1.3828899999999997
-1.3696140000000003
-1.3433390000000003
-1.3434280000000003
-1.3828899999999997
-1.3696140000000003
-1.3433390000000003
-1.3434280000000003
-1.3828899999999997
-1.3696140000000003
-1.3433390000000003
-1.3434280000000003
-1.3828899999999997
-1.3696140000000003
-1.3433390000000003
-1.3434280000000003
-1.3828899999999997
-1.3696140000000003
-1.3433390000000003
-1.3434280000000003
-1.3828899999999997
-1.3696140000000003
-1.3433390000000003
-1.3434280000000003
-1.3828899999999997
-1.3696140000000003
-1.3433390000000003
-1.3434280000000003
-1.3828899999999997
-1.3696140000000003
-1.3433390000000003
-1.3434280000000003
-1.3828899999999997
-1.3696140000000003
-1.3433390000000003
-1.3434280000000003
-1.3828899999999997
-1.3696140000000003
-1.3433390000000003
-1.3434280000000003
-1.3828899999999997
-1.3696140000000003
-1.3433390000000003
-1.3434280000000003
-1.3828899999999997
-1.3696140000000003
-1.3433390000000003
-1.3434280000000003
-1.3828899999999997
-1.3696140000000003
-1.3433390000000003
-1.3434280000000003
-1.3828899999999997
-1.3696140000000003
-1.3433390000000003
-1.3434280000000003
-1.3828899999999997
-1.3696140000000003
-1.3433390000000003
-1.3434280000000003
-1.3828899999999997
-1.3696140000000003
-1.3433390000000003
-1.3434280000000003
-1.3828899999999997
-1.3696140000000003
-1.3433390000000003
-1.3434280000000003
-1.3828899999999997
