1.4691460000000003
1.4691460000000003
1.4691460000000003
1.4691460000000003
1.4691460000000003
1.4691460000000003
1.4691460000000003
1.4691460000000003
1.4691460000000003
1.4691460000000003
1.4691460000000003
1.4691460000000003
1.4691460000000003
1.4691460000000003
1.4691460000000003
1.4691460000000003
1.4691460000000003
1.4691460000000003
1.4691460000000003
1.4691460000000003
1.4691460000000003
1.4691460000000003
1.4691460000000003
1.4691460000000003
1.4691460000000003
1.4691460000000003
1.4691460000000003
1.4691460000000003
1.4691460000000003
1.4691460000000003
1.4691460000000003
1.4691460000000003
1.4691460000000003
1.4691460000000003
1.4691460000000003
1.4691460000000003
1.4691460000000003
1.4691460000000003
1.4691460000000003
1.4691460000000003
1.4691460000000003
1.4691460000000003
1.4691460000000003
1.4691460000000003
1.4691460000000003
1.4691460000000003
1.4691460000000003
1.4691460000000003
1.4691460000000003
1.4691460000000003
1.4691460000000003
1.4691460000000003
1.4691460000000003
1.4691460000000003
1.4691460000000003
1.4691460000000003
1.4691460000000003
1.4691460000000003
1.4691460000000003
1.4691460000000003
1.4691460000000003
1.4691460000000003
1.4691460000000003
1.4691460000000003
1.4691460000000003
1.4691460000000003
1.4691460000000003
1.4691460000000003
1.4691460000000003
1.4691460000000003
1.4691460000000003
1.4691460000000003
-1.4691479999999997
-1.4691479999999997
-1.4691479999999997
-1.4691479999999997
-1.4691479999999997
-1.4691479999999997
-1.4691479999999997
-1.4691479999999997
-1.4691479999999997
-1.4691479999999997
-1.4691479999999997
-1.4691479999999997
-1.4691479999999997
-1.4691479999999997
-1.4691479999999997
-1.4691479999999997
-1.4691479999999997
-1.4691479999999997
-1.4691479999999997
-1.4691479999999997
-1.4691479999999997
-1.4691479999999997
-1.4691479999999997
-1.4691479999999997
-1.4691479999999997
-1.4691479999999997
-1.4691479999999997
-1.4691479999999997
-1.4691479999999997
-1.4691479999999997
-1.4691479999999997
-1.4691479999999997
-1.4691479999999997
-1.4691479999999997
-1.4691479999999997
-1.4691479999999997
-1.4691479999999997
-1.4691479999999997
-1.4691479999999997
-1.4691479999999997
-1.4691479999999997
-1.4691479999999997
-1.4691479999999997
-1.4691479999999997
-1.4691479999999997
-1.4691479999999997
-1.4691479999999997
-1.4691479999999997
-1.4691479999999997
-1.4691479999999997
-1.4691479999999997
-1.4691479999999997
-1.4691479999999997
-1.4691479999999997
-1.4691479999999997
-1.4691479999999997
-1.4691479999999997
-1.4691479999999997
-1.4691479999999997
-1.4691479999999997
-1.4691479999999997
-1.4691479999999997
-1.4691479999999997
-1.4691479999999997
-1.4691479999999997
-1.4691479999999997
-1.4691479999999997
-1.4691479999999997
-1.4691479999999997
-1.4691479999999997
-1.4691479999999997
-1.4691479999999997
