1.4270230000000002
1.4206590000000006
1.4263460000000006
1.4277090000000001
1.4270230000000002
1.4206590000000006
1.4263460000000006
1.4277090000000001
1.4270230000000002
1.4206590000000006
1.4263460000000006
1.4277090000000001
1.4270230000000002
1.4206590000000006
1.4263460000000006
1.4277090000000001
1.4270230000000002
1.4206590000000006
1.4263460000000006
1.4277090000000001
1.4270230000000002
1.4206590000000006
1.4263460000000006
1.4277090000000001
1.4270230000000002
1.4206590000000006
1.4263460000000006
1.4277090000000001
1.4270230000000002
1.4206590000000006
1.4263460000000006
1.4277090000000001
1.4270230000000002
1.4206590000000006
1.4263460000000006
1.4277090000000001
1.4270230000000002
1.4206590000000006
1.4263460000000006
1.4277090000000001
1.4270230000000002
1.4206590000000006
1.4263460000000006
1.4277090000000001
1.4270230000000002
1.4206590000000006
1.4263460000000006
1.4277090000000001
1.4270230000000002
1.4206590000000006
1.4263460000000006
1.4277090000000001
1.4270230000000002
1.4206590000000006
1.4263460000000006
1.4277090000000001
1.4270230000000002
1.4206590000000006
1.4263460000000006
1.4277090000000001
1.4270230000000002
1.4206590000000006
1.4263460000000006
1.4277090000000001
1.4270230000000002
1.4206590000000006
1.4263460000000006
1.4277090000000001
1.4270230000000002
1.4206590000000006
1.4263460000000006
1.4277090000000001
1.4270230000000002
1.4206590000000006
1.4263460000000006
1.4277090000000001
1.4270230000000002
1.4206590000000006
1.4263460000000006
1.4277090000000001
1.4270230000000002
1.4206590000000006
1.4263460000000006
1.4277090000000001
1.4270230000000002
1.4206590000000006
1.4263460000000006
1.4277090000000001
1.4270230000000002
1.4206590000000006
1.4263460000000006
1.4277090000000001
1.4270230000000002
1.4206590000000006
1.4263460000000006
1.4277090000000001
1.4270230000000002
1.4206590000000006
1.4263460000000006
1.4277090000000001
1.4270230000000002
1.4206590000000006
1.4263460000000006
1.4277090000000001
1.4270230000000002
1.4206590000000006
1.4263460000000006
1.4277090000000001
1.4270230000000002
1.4206590000000006
1.4263460000000006
1.4277090000000001
1.4270230000000002
1.4206590000000006
1.4263460000000006
1.4277090000000001
1.4270230000000002
1.4206590000000006
1.4263460000000006
1.4277090000000001
1.4270230000000002
1.4206590000000006
1.4263460000000006
1.4277090000000001
1.4270230000000002
1.4206590000000006
1.4263460000000006
1.4277090000000001
1.4270230000000002
1.4206590000000006
1.4263460000000006
1.4277090000000001
1.4270230000000002
1.4206590000000006
1.4263460000000006
1.4277090000000001
1.4270230000000002
1.4206590000000006
1.4263460000000006
1.4277090000000001
1.4270230000000002
1.4206590000000006
1.4263460000000006
1.4277090000000001
-1.4271219999999998
-1.4282630000000003
-1.417751
-1.4286019999999997
-1.4271219999999998
-1.4282630000000003
-1.417751
-1.4286019999999997
-1.4271219999999998
-1.4282630000000003
-1.417751
-1.4286019999999997
-1.4271219999999998
-1.4282630000000003
-1.417751
-1.4286019999999997
-1.4271219999999998
-1.4282630000000003
-1.417751
-1.4286019999999997
-1.4271219999999998
-1.4282630000000003
-1.417751
-1.4286019999999997
-1.4271219999999998
-1.4282630000000003
-1.417751
-1.4286019999999997
-1.4271219999999998
-1.4282630000000003
-1.417751
-1.4286019999999997
-1.4271219999999998
-1.4282630000000003
-1.417751
-1.4286019999999997
-1.4271219999999998
-1.4282630000000003
-1.417751
-1.4286019999999997
-1.4271219999999998
-1.4282630000000003
-1.417751
-1.4286019999999997
-1.4271219999999998
-1.4282630000000003
-1.417751
-1.4286019999999997
-1.4271219999999998
-1.4282630000000003
-1.417751
-1.4286019999999997
-1.4271219999999998
-1.4282630000000003
-1.417751
-1.4286019999999997
-1.4271219999999998
-1.4282630000000003
-1.417751
-1.4286019999999997
-1.4271219999999998
-1.4282630000000003
-1.417751
-1.4286019999999997
-1.4271219999999998
-1.4282630000000003
-1.417751
-1.4286019999999997
-1.4271219999999998
-1.4282630000000003
-1.417751
-1.4286019999999997
-1.4271219999999998
-1.4282630000000003
-1.417751
-1.4286019999999997
-1.4271219999999998
-1.4282630000000003
-1.417751
-1.4286019999999997
-1.4271219999999998
-1.4282630000000003
-1.417751
-1.4286019999999997
-1.4271219999999998
-1.4282630000000003
-1.417751
-1.4286019999999997
-1.4271219999999998
-1.4282630000000003
-1.417751
-1.4286019999999997
-1.4271219999999998
-1.4282630000000003
-1.417751
-1.4286019999999997
-1.4271219999999998
-1.4282630000000003
-1.417751
-1.4286019999999997
-1.4271219999999998
-1.4282630000000003
-1.417751
-1.4286019999999997
-1.4271219999999998
-1.4282630000000003
-1.417751
-1.4286019999999997
-1.4271219999999998
-1.4282630000000003
-1.417751
-1.4286019999999997
-1.4271219999999998
-1.4282630000000003
-1.417751
-1.4286019999999997
-1.4271219999999998
-1.4282630000000003
-1.417751
-1.4286019999999997
-1.4271219999999998
-1.4282630000000003
-1.417751
-1.4286019999999997
-1.4271219999999998
-1.4282630000000003
-1.417751
-1.4286019999999997
-1.4271219999999998
-1.4282630000000003
-1.417751
-1.4286019999999997
-1.4271219999999998
-1.4282630000000003
-1.417751
-1.4286019999999997
-1.4271219999999998
-1.4282630000000003
-1.417751
-1.4286019999999997
-1.4271219999999998
-1.4282630000000003
-1.417751
-1.4286019999999997
