1.4375859999999996
1.4351459999999996
1.438141
1.438459
1.4375859999999996
1.4351459999999996
1.438141
1.438459
1.4375859999999996
1.4351459999999996
1.438141
1.438459
1.4375859999999996
1.4351459999999996
1.438141
1.438459
1.4375859999999996
1.4351459999999996
1.438141
1.438459
1.4375859999999996
1.4351459999999996
1.438141
1.438459
1.4375859999999996
1.4351459999999996
1.438141
1.438459
1.4375859999999996
1.4351459999999996
1.438141
1.438459
1.4375859999999996
1.4351459999999996
1.438141
1.438459
1.4375859999999996
1.4351459999999996
1.438141
1.438459
1.4375859999999996
1.4351459999999996
1.438141
1.438459
1.4375859999999996
1.4351459999999996
1.438141
1.438459
1.4375859999999996
1.4351459999999996
1.438141
1.438459
1.4375859999999996
1.4351459999999996
1.438141
1.438459
1.4375859999999996
1.4351459999999996
1.438141
1.438459
1.4375859999999996
1.4351459999999996
1.438141
1.438459
1.4375859999999996
1.4351459999999996
1.438141
1.438459
1.4375859999999996
1.4351459999999996
1.438141
1.438459
1.4375859999999996
1.4351459999999996
1.438141
1.438459
1.4375859999999996
1.4351459999999996
1.438141
1.438459
1.4375859999999996
1.4351459999999996
1.438141
1.438459
1.4375859999999996
1.4351459999999996
1.438141
1.438459
1.4375859999999996
1.4351459999999996
1.438141
1.438459
1.4375859999999996
1.4351459999999996
1.438141
1.438459
1.4375859999999996
1.4351459999999996
1.438141
1.438459
1.4375859999999996
1.4351459999999996
1.438141
1.438459
1.4375859999999996
1.4351459999999996
1.438141
1.438459
1.4375859999999996
1.4351459999999996
1.438141
1.438459
1.4375859999999996
1.4351459999999996
1.438141
1.438459
1.4375859999999996
1.4351459999999996
1.438141
1.438459
1.4375859999999996
1.4351459999999996
1.438141
1.438459
1.4375859999999996
1.4351459999999996
1.438141
1.438459
1.4375859999999996
1.4351459999999996
1.438141
1.438459
1.4375859999999996
1.4351459999999996
1.438141
1.438459
1.4375859999999996
1.4351459999999996
1.438141
1.438459
1.4375859999999996
1.4351459999999996
1.438141
1.438459
-1.4392120000000004
-1.4373360000000002
-1.435466
-1.4373189999999996
-1.4392120000000004
-1.4373360000000002
-1.435466
-1.4373189999999996
-1.4392120000000004
-1.4373360000000002
-1.435466
-1.4373189999999996
-1.4392120000000004
-1.4373360000000002
-1.435466
-1.4373189999999996
-1.4392120000000004
-1.4373360000000002
-1.435466
-1.4373189999999996
-1.4392120000000004
-1.4373360000000002
-1.435466
-1.4373189999999996
-1.4392120000000004
-1.4373360000000002
-1.435466
-1.4373189999999996
-1.4392120000000004
-1.4373360000000002
-1.435466
-1.4373189999999996
-1.4392120000000004
-1.4373360000000002
-1.435466
-1.4373189999999996
-1.4392120000000004
-1.4373360000000002
-1.435466
-1.4373189999999996
-1.4392120000000004
-1.4373360000000002
-1.435466
-1.4373189999999996
-1.4392120000000004
-1.4373360000000002
-1.435466
-1.4373189999999996
-1.4392120000000004
-1.4373360000000002
-1.435466
-1.4373189999999996
-1.4392120000000004
-1.4373360000000002
-1.435466
-1.4373189999999996
-1.4392120000000004
-1.4373360000000002
-1.435466
-1.4373189999999996
-1.4392120000000004
-1.4373360000000002
-1.435466
-1.4373189999999996
-1.4392120000000004
-1.4373360000000002
-1.435466
-1.4373189999999996
-1.4392120000000004
-1.4373360000000002
-1.435466
-1.4373189999999996
-1.4392120000000004
-1.4373360000000002
-1.435466
-1.4373189999999996
-1.4392120000000004
-1.4373360000000002
-1.435466
-1.4373189999999996
-1.4392120000000004
-1.4373360000000002
-1.435466
-1.4373189999999996
-1.4392120000000004
-1.4373360000000002
-1.435466
-1.4373189999999996
-1.4392120000000004
-1.4373360000000002
-1.435466
-1.4373189999999996
-1.4392120000000004
-1.4373360000000002
-1.435466
-1.4373189999999996
-1.4392120000000004
-1.4373360000000002
-1.435466
-1.4373189999999996
-1.4392120000000004
-1.4373360000000002
-1.435466
-1.4373189999999996
-1.4392120000000004
-1.4373360000000002
-1.435466
-1.4373189999999996
-1.4392120000000004
-1.4373360000000002
-1.435466
-1.4373189999999996
-1.4392120000000004
-1.4373360000000002
-1.435466
-1.4373189999999996
-1.4392120000000004
-1.4373360000000002
-1.435466
-1.4373189999999996
-1.4392120000000004
-1.4373360000000002
-1.435466
-1.4373189999999996
-1.4392120000000004
-1.4373360000000002
-1.435466
-1.4373189999999996
-1.4392120000000004
-1.4373360000000002
-1.435466
-1.4373189999999996
-1.4392120000000004
-1.4373360000000002
-1.435466
-1.4373189999999996
-1.4392120000000004
-1.4373360000000002
-1.435466
-1.4373189999999996
-1.4392120000000004
-1.4373360000000002
-1.435466
-1.4373189999999996
