1.4285449999999997
1.4315789999999993
1.4319550000000003
1.427156
1.4285449999999997
1.4315789999999993
1.4319550000000003
1.427156
1.4285449999999997
1.4315789999999993
1.4319550000000003
1.427156
1.4285449999999997
1.4315789999999993
1.4319550000000003
1.427156
1.4285449999999997
1.4315789999999993
1.4319550000000003
1.427156
1.4285449999999997
1.4315789999999993
1.4319550000000003
1.427156
1.4285449999999997
1.4315789999999993
1.4319550000000003
1.427156
1.4285449999999997
1.4315789999999993
1.4319550000000003
1.427156
1.4285449999999997
1.4315789999999993
1.4319550000000003
1.427156
1.4285449999999997
1.4315789999999993
1.4319550000000003
1.427156
1.4285449999999997
1.4315789999999993
1.4319550000000003
1.427156
1.4285449999999997
1.4315789999999993
1.4319550000000003
1.427156
1.4285449999999997
1.4315789999999993
1.4319550000000003
1.427156
1.4285449999999997
1.4315789999999993
1.4319550000000003
1.427156
1.4285449999999997
1.4315789999999993
1.4319550000000003
1.427156
1.4285449999999997
1.4315789999999993
1.4319550000000003
1.427156
1.4285449999999997
1.4315789999999993
1.4319550000000003
1.427156
1.4285449999999997
1.4315789999999993
1.4319550000000003
1.427156
1.4285449999999997
1.4315789999999993
1.4319550000000003
1.427156
1.4285449999999997
1.4315789999999993
1.4319550000000003
1.427156
1.4285449999999997
1.4315789999999993
1.4319550000000003
1.427156
1.4285449999999997
1.4315789999999993
1.4319550000000003
1.427156
1.4285449999999997
1.4315789999999993
1.4319550000000003
1.427156
1.4285449999999997
1.4315789999999993
1.4319550000000003
1.427156
1.4285449999999997
1.4315789999999993
1.4319550000000003
1.427156
1.4285449999999997
1.4315789999999993
1.4319550000000003
1.427156
1.4285449999999997
1.4315789999999993
1.4319550000000003
1.427156
1.4285449999999997
1.4315789999999993
1.4319550000000003
1.427156
1.4285449999999997
1.4315789999999993
1.4319550000000003
1.427156
1.4285449999999997
1.4315789999999993
1.4319550000000003
1.427156
1.4285449999999997
1.4315789999999993
1.4319550000000003
1.427156
1.4285449999999997
1.4315789999999993
1.4319550000000003
1.427156
1.4285449999999997
1.4315789999999993
1.4319550000000003
1.427156
1.4285449999999997
1.4315789999999993
1.4319550000000003
1.427156
1.4285449999999997
1.4315789999999993
1.4319550000000003
1.427156
1.4285449999999997
1.4315789999999993
1.4319550000000003
1.427156
-1.4292569999999998
-1.427778
-1.430276
-1.4319259999999998
-1.4292569999999998
-1.427778
-1.430276
-1.4319259999999998
-1.4292569999999998
-1.427778
-1.430276
-1.4319259999999998
-1.4292569999999998
-1.427778
-1.430276
-1.4319259999999998
-1.4292569999999998
-1.427778
-1.430276
-1.4319259999999998
-1.4292569999999998
-1.427778
-1.430276
-1.4319259999999998
-1.4292569999999998
-1.427778
-1.430276
-1.4319259999999998
-1.4292569999999998
-1.427778
-1.430276
-1.4319259999999998
-1.4292569999999998
-1.427778
-1.430276
-1.4319259999999998
-1.4292569999999998
-1.427778
-1.430276
-1.4319259999999998
-1.4292569999999998
-1.427778
-1.430276
-1.4319259999999998
-1.4292569999999998
-1.427778
-1.430276
-1.4319259999999998
-1.4292569999999998
-1.427778
-1.430276
-1.4319259999999998
-1.4292569999999998
-1.427778
-1.430276
-1.4319259999999998
-1.4292569999999998
-1.427778
-1.430276
-1.4319259999999998
-1.4292569999999998
-1.427778
-1.430276
-1.4319259999999998
-1.4292569999999998
-1.427778
-1.430276
-1.4319259999999998
-1.4292569999999998
-1.427778
-1.430276
-1.4319259999999998
-1.4292569999999998
-1.427778
-1.430276
-1.4319259999999998
-1.4292569999999998
-1.427778
-1.430276
-1.4319259999999998
-1.4292569999999998
-1.427778
-1.430276
-1.4319259999999998
-1.4292569999999998
-1.427778
-1.430276
-1.4319259999999998
-1.4292569999999998
-1.427778
-1.430276
-1.4319259999999998
-1.4292569999999998
-1.427778
-1.430276
-1.4319259999999998
-1.4292569999999998
-1.427778
-1.430276
-1.4319259999999998
-1.4292569999999998
-1.427778
-1.430276
-1.4319259999999998
-1.4292569999999998
-1.427778
-1.430276
-1.4319259999999998
-1.4292569999999998
-1.427778
-1.430276
-1.4319259999999998
-1.4292569999999998
-1.427778
-1.430276
-1.4319259999999998
-1.4292569999999998
-1.427778
-1.430276
-1.4319259999999998
-1.4292569999999998
-1.427778
-1.430276
-1.4319259999999998
-1.4292569999999998
-1.427778
-1.430276
-1.4319259999999998
-1.4292569999999998
-1.427778
-1.430276
-1.4319259999999998
-1.4292569999999998
-1.427778
-1.430276
-1.4319259999999998
-1.4292569999999998
-1.427778
-1.430276
-1.4319259999999998
-1.4292569999999998
-1.427778
-1.430276
-1.4319259999999998
