1.3322299999999991
1.3401329999999998
1.2892290000000006
1.2700580000000006
1.3322299999999991
1.3401329999999998
1.2892290000000006
1.2700580000000006
1.3322299999999991
1.3401329999999998
1.2892290000000006
1.2700580000000006
1.3322299999999991
1.3401329999999998
1.2892290000000006
1.2700580000000006
1.3322299999999991
1.3401329999999998
1.2892290000000006
1.2700580000000006
1.3322299999999991
1.3401329999999998
1.2892290000000006
1.2700580000000006
1.3322299999999991
1.3401329999999998
1.2892290000000006
1.2700580000000006
1.3322299999999991
1.3401329999999998
1.2892290000000006
1.2700580000000006
1.3322299999999991
1.3401329999999998
1.2892290000000006
1.2700580000000006
1.3322299999999991
1.3401329999999998
1.2892290000000006
1.2700580000000006
1.3322299999999991
1.3401329999999998
1.2892290000000006
1.2700580000000006
1.3322299999999991
1.3401329999999998
1.2892290000000006
1.2700580000000006
1.3322299999999991
1.3401329999999998
1.2892290000000006
1.2700580000000006
1.3322299999999991
1.3401329999999998
1.2892290000000006
1.2700580000000006
1.3322299999999991
1.3401329999999998
1.2892290000000006
1.2700580000000006
1.3322299999999991
1.3401329999999998
1.2892290000000006
1.2700580000000006
1.3322299999999991
1.3401329999999998
1.2892290000000006
1.2700580000000006
1.3322299999999991
1.3401329999999998
1.2892290000000006
1.2700580000000006
1.3322299999999991
1.3401329999999998
1.2892290000000006
1.2700580000000006
1.3322299999999991
1.3401329999999998
1.2892290000000006
1.2700580000000006
1.3322299999999991
1.3401329999999998
1.2892290000000006
1.2700580000000006
1.3322299999999991
1.3401329999999998
1.2892290000000006
1.2700580000000006
1.3322299999999991
1.3401329999999998
1.2892290000000006
1.2700580000000006
1.3322299999999991
1.3401329999999998
1.2892290000000006
1.2700580000000006
1.3322299999999991
1.3401329999999998
1.2892290000000006
1.2700580000000006
1.3322299999999991
1.3401329999999998
1.2892290000000006
1.2700580000000006
1.3322299999999991
1.3401329999999998
1.2892290000000006
1.2700580000000006
1.3322299999999991
1.3401329999999998
1.2892290000000006
1.2700580000000006
1.3322299999999991
1.3401329999999998
1.2892290000000006
1.2700580000000006
1.3322299999999991
1.3401329999999998
1.2892290000000006
1.2700580000000006
1.3322299999999991
1.3401329999999998
1.2892290000000006
1.2700580000000006
1.3322299999999991
1.3401329999999998
1.2892290000000006
1.2700580000000006
1.3322299999999991
1.3401329999999998
1.2892290000000006
1.2700580000000006
1.3322299999999991
1.3401329999999998
1.2892290000000006
1.2700580000000006
1.3322299999999991
1.3401329999999998
1.2892290000000006
1.2700580000000006
1.3322299999999991
1.3401329999999998
1.2892290000000006
1.2700580000000006
-1.2868149999999998
-1.3671049999999996
-1.299817
-1.2779129999999999
-1.2868149999999998
-1.3671049999999996
-1.299817
-1.2779129999999999
-1.2868149999999998
-1.3671049999999996
-1.299817
-1.2779129999999999
-1.2868149999999998
-1.3671049999999996
-1.299817
-1.2779129999999999
-1.2868149999999998
-1.3671049999999996
-1.299817
-1.2779129999999999
-1.2868149999999998
-1.3671049999999996
-1.299817
-1.2779129999999999
-1.2868149999999998
-1.3671049999999996
-1.299817
-1.2779129999999999
-1.2868149999999998
-1.3671049999999996
-1.299817
-1.2779129999999999
-1.2868149999999998
-1.3671049999999996
-1.299817
-1.2779129999999999
-1.2868149999999998
-1.3671049999999996
-1.299817
-1.2779129999999999
-1.2868149999999998
-1.3671049999999996
-1.299817
-1.2779129999999999
-1.2868149999999998
-1.3671049999999996
-1.299817
-1.2779129999999999
-1.2868149999999998
-1.3671049999999996
-1.299817
-1.2779129999999999
-1.2868149999999998
-1.3671049999999996
-1.299817
-1.2779129999999999
-1.2868149999999998
-1.3671049999999996
-1.299817
-1.2779129999999999
-1.2868149999999998
-1.3671049999999996
-1.299817
-1.2779129999999999
-1.2868149999999998
-1.3671049999999996
-1.299817
-1.2779129999999999
-1.2868149999999998
-1.3671049999999996
-1.299817
-1.2779129999999999
-1.2868149999999998
-1.3671049999999996
-1.299817
-1.2779129999999999
-1.2868149999999998
-1.3671049999999996
-1.299817
-1.2779129999999999
-1.2868149999999998
-1.3671049999999996
-1.299817
-1.2779129999999999
-1.2868149999999998
-1.3671049999999996
-1.299817
-1.2779129999999999
-1.2868149999999998
-1.3671049999999996
-1.299817
-1.2779129999999999
-1.2868149999999998
-1.3671049999999996
-1.299817
-1.2779129999999999
-1.2868149999999998
-1.3671049999999996
-1.299817
-1.2779129999999999
-1.2868149999999998
-1.3671049999999996
-1.299817
-1.2779129999999999
-1.2868149999999998
-1.3671049999999996
-1.299817
-1.2779129999999999
-1.2868149999999998
-1.3671049999999996
-1.299817
-1.2779129999999999
-1.2868149999999998
-1.3671049999999996
-1.299817
-1.2779129999999999
-1.2868149999999998
-1.3671049999999996
-1.299817
-1.2779129999999999
-1.2868149999999998
-1.3671049999999996
-1.299817
-1.2779129999999999
-1.2868149999999998
-1.3671049999999996
-1.299817
-1.2779129999999999
-1.2868149999999998
-1.3671049999999996
-1.299817
-1.2779129999999999
-1.2868149999999998
-1.3671049999999996
-1.299817
-1.2779129999999999
-1.2868149999999998
-1.3671049999999996
-1.299817
-1.2779129999999999
-1.2868149999999998
-1.3671049999999996
-1.299817
-1.2779129999999999
