1.3118090000000002
1.3118090000000002
1.3118090000000002
1.3118090000000002
1.3118090000000002
1.3118090000000002
1.3118090000000002
1.3118090000000002
1.3118090000000002
1.3118090000000002
1.3118090000000002
1.3118090000000002
1.3118090000000002
1.3118090000000002
1.3118090000000002
1.3118090000000002
1.3118090000000002
1.3118090000000002
1.3118090000000002
1.3118090000000002
1.3118090000000002
1.3118090000000002
1.3118090000000002
1.3118090000000002
1.3118090000000002
1.3118090000000002
1.3118090000000002
1.3118090000000002
1.3118090000000002
1.3118090000000002
1.3118090000000002
1.3118090000000002
1.3118090000000002
1.3118090000000002
1.3118090000000002
1.3118090000000002
1.3118090000000002
1.3118090000000002
1.3118090000000002
1.3118090000000002
1.3118090000000002
1.3118090000000002
1.3118090000000002
1.3118090000000002
1.3118090000000002
1.3118090000000002
1.3118090000000002
1.3118090000000002
1.3118090000000002
1.3118090000000002
1.3118090000000002
1.3118090000000002
1.3118090000000002
1.3118090000000002
1.3118090000000002
1.3118090000000002
1.3118090000000002
1.3118090000000002
1.3118090000000002
1.3118090000000002
1.3118090000000002
1.3118090000000002
1.3118090000000002
1.3118090000000002
1.3118090000000002
1.3118090000000002
1.3118090000000002
1.3118090000000002
1.3118090000000002
1.3118090000000002
1.3118090000000002
1.3118090000000002
1.3118090000000002
1.3118090000000002
1.3118090000000002
1.3118090000000002
1.3118090000000002
1.3118090000000002
1.3118090000000002
1.3118090000000002
1.3118090000000002
1.3118090000000002
1.3118090000000002
1.3118090000000002
1.3118090000000002
1.3118090000000002
1.3118090000000002
1.3118090000000002
1.3118090000000002
1.3118090000000002
1.3118090000000002
1.3118090000000002
1.3118090000000002
1.3118090000000002
1.3118090000000002
1.3118090000000002
-1.3118049999999997
-1.311813
-1.3118049999999997
-1.311813
-1.3118049999999997
-1.311813
-1.3118049999999997
-1.311813
-1.3118049999999997
-1.311813
-1.3118049999999997
-1.311813
-1.3118049999999997
-1.311813
-1.3118049999999997
-1.311813
-1.3118049999999997
-1.311813
-1.3118049999999997
-1.311813
-1.3118049999999997
-1.311813
-1.3118049999999997
-1.311813
-1.3118049999999997
-1.311813
-1.3118049999999997
-1.311813
-1.3118049999999997
-1.311813
-1.3118049999999997
-1.311813
-1.3118049999999997
-1.311813
-1.3118049999999997
-1.311813
-1.3118049999999997
-1.311813
-1.3118049999999997
-1.311813
-1.3118049999999997
-1.311813
-1.3118049999999997
-1.311813
-1.3118049999999997
-1.311813
-1.3118049999999997
-1.311813
-1.3118049999999997
-1.311813
-1.3118049999999997
-1.311813
-1.3118049999999997
-1.311813
-1.3118049999999997
-1.311813
-1.3118049999999997
-1.311813
-1.3118049999999997
-1.311813
-1.3118049999999997
-1.311813
-1.3118049999999997
-1.311813
-1.3118049999999997
-1.311813
-1.3118049999999997
-1.311813
-1.3118049999999997
-1.311813
-1.3118049999999997
-1.311813
-1.3118049999999997
-1.311813
-1.3118049999999997
-1.311813
-1.3118049999999997
-1.311813
-1.3118049999999997
-1.311813
-1.3118049999999997
-1.311813
-1.3118049999999997
-1.311813
-1.3118049999999997
-1.311813
-1.3118049999999997
-1.311813
-1.3118049999999997
-1.311813
-1.3118049999999997
-1.311813
-1.3118049999999997
-1.311813
-1.3118049999999997
-1.311813
