1.4380760000000006
1.4382660000000005
1.4374640000000003
1.4346379999999996
1.4380760000000006
1.4382660000000005
1.4374640000000003
1.4346379999999996
1.4380760000000006
1.4382660000000005
1.4374640000000003
1.4346379999999996
1.4380760000000006
1.4382660000000005
1.4374640000000003
1.4346379999999996
1.4380760000000006
1.4382660000000005
1.4374640000000003
1.4346379999999996
1.4380760000000006
1.4382660000000005
1.4374640000000003
1.4346379999999996
1.4380760000000006
1.4382660000000005
1.4374640000000003
1.4346379999999996
1.4380760000000006
1.4382660000000005
1.4374640000000003
1.4346379999999996
1.4380760000000006
1.4382660000000005
1.4374640000000003
1.4346379999999996
1.4380760000000006
1.4382660000000005
1.4374640000000003
1.4346379999999996
1.4380760000000006
1.4382660000000005
1.4374640000000003
1.4346379999999996
1.4380760000000006
1.4382660000000005
1.4374640000000003
1.4346379999999996
1.4380760000000006
1.4382660000000005
1.4374640000000003
1.4346379999999996
1.4380760000000006
1.4382660000000005
1.4374640000000003
1.4346379999999996
1.4380760000000006
1.4382660000000005
1.4374640000000003
1.4346379999999996
1.4380760000000006
1.4382660000000005
1.4374640000000003
1.4346379999999996
1.4380760000000006
1.4382660000000005
1.4374640000000003
1.4346379999999996
1.4380760000000006
1.4382660000000005
1.4374640000000003
1.4346379999999996
1.4380760000000006
1.4382660000000005
1.4374640000000003
1.4346379999999996
1.4380760000000006
1.4382660000000005
1.4374640000000003
1.4346379999999996
1.4380760000000006
1.4382660000000005
1.4374640000000003
1.4346379999999996
1.4380760000000006
1.4382660000000005
1.4374640000000003
1.4346379999999996
1.4380760000000006
1.4382660000000005
1.4374640000000003
1.4346379999999996
1.4380760000000006
1.4382660000000005
1.4374640000000003
1.4346379999999996
1.4380760000000006
1.4382660000000005
1.4374640000000003
1.4346379999999996
1.4380760000000006
1.4382660000000005
1.4374640000000003
1.4346379999999996
1.4380760000000006
1.4382660000000005
1.4374640000000003
1.4346379999999996
1.4380760000000006
1.4382660000000005
1.4374640000000003
1.4346379999999996
1.4380760000000006
1.4382660000000005
1.4374640000000003
1.4346379999999996
1.4380760000000006
1.4382660000000005
1.4374640000000003
1.4346379999999996
1.4380760000000006
1.4382660000000005
1.4374640000000003
1.4346379999999996
1.4380760000000006
1.4382660000000005
1.4374640000000003
1.4346379999999996
1.4380760000000006
1.4382660000000005
1.4374640000000003
1.4346379999999996
1.4380760000000006
1.4382660000000005
1.4374640000000003
1.4346379999999996
1.4380760000000006
1.4382660000000005
1.4374640000000003
1.4346379999999996
1.4380760000000006
1.4382660000000005
1.4374640000000003
1.4346379999999996
-1.436006
-1.4371450000000001
-1.4374909999999996
-1.437798
-1.436006
-1.4371450000000001
-1.4374909999999996
-1.437798
-1.436006
-1.4371450000000001
-1.4374909999999996
-1.437798
-1.436006
-1.4371450000000001
-1.4374909999999996
-1.437798
-1.436006
-1.4371450000000001
-1.4374909999999996
-1.437798
-1.436006
-1.4371450000000001
-1.4374909999999996
-1.437798
-1.436006
-1.4371450000000001
-1.4374909999999996
-1.437798
-1.436006
-1.4371450000000001
-1.4374909999999996
-1.437798
-1.436006
-1.4371450000000001
-1.4374909999999996
-1.437798
-1.436006
-1.4371450000000001
-1.4374909999999996
-1.437798
-1.436006
-1.4371450000000001
-1.4374909999999996
-1.437798
-1.436006
-1.4371450000000001
-1.4374909999999996
-1.437798
-1.436006
-1.4371450000000001
-1.4374909999999996
-1.437798
-1.436006
-1.4371450000000001
-1.4374909999999996
-1.437798
-1.436006
-1.4371450000000001
-1.4374909999999996
-1.437798
-1.436006
-1.4371450000000001
-1.4374909999999996
-1.437798
-1.436006
-1.4371450000000001
-1.4374909999999996
-1.437798
-1.436006
-1.4371450000000001
-1.4374909999999996
-1.437798
-1.436006
-1.4371450000000001
-1.4374909999999996
-1.437798
-1.436006
-1.4371450000000001
-1.4374909999999996
-1.437798
-1.436006
-1.4371450000000001
-1.4374909999999996
-1.437798
-1.436006
-1.4371450000000001
-1.4374909999999996
-1.437798
-1.436006
-1.4371450000000001
-1.4374909999999996
-1.437798
-1.436006
-1.4371450000000001
-1.4374909999999996
-1.437798
-1.436006
-1.4371450000000001
-1.4374909999999996
-1.437798
-1.436006
-1.4371450000000001
-1.4374909999999996
-1.437798
-1.436006
-1.4371450000000001
-1.4374909999999996
-1.437798
-1.436006
-1.4371450000000001
-1.4374909999999996
-1.437798
-1.436006
-1.4371450000000001
-1.4374909999999996
-1.437798
-1.436006
-1.4371450000000001
-1.4374909999999996
-1.437798
-1.436006
-1.4371450000000001
-1.4374909999999996
-1.437798
-1.436006
-1.4371450000000001
-1.4374909999999996
-1.437798
-1.436006
-1.4371450000000001
-1.4374909999999996
-1.437798
-1.436006
-1.4371450000000001
-1.4374909999999996
-1.437798
-1.436006
-1.4371450000000001
-1.4374909999999996
-1.437798
-1.436006
-1.4371450000000001
-1.4374909999999996
-1.437798
