1.4677410000000002
1.4677410000000002
1.4677410000000002
1.4677410000000002
1.4677410000000002
1.4677410000000002
1.4677410000000002
1.4677410000000002
1.4677410000000002
1.4677410000000002
1.4677410000000002
1.4677410000000002
1.4677410000000002
1.4677410000000002
1.4677410000000002
1.4677410000000002
1.4677410000000002
1.4677410000000002
1.4677410000000002
1.4677410000000002
1.4677410000000002
1.4677410000000002
1.4677410000000002
1.4677410000000002
1.4677410000000002
1.4677410000000002
1.4677410000000002
1.4677410000000002
1.4677410000000002
1.4677410000000002
1.4677410000000002
1.4677410000000002
1.4677410000000002
1.4677410000000002
1.4677410000000002
1.4677410000000002
1.4677410000000002
1.4677410000000002
1.4677410000000002
1.4677410000000002
1.4677410000000002
1.4677410000000002
1.4677410000000002
1.4677410000000002
1.4677410000000002
1.4677410000000002
1.4677410000000002
1.4677410000000002
1.4677410000000002
1.4677410000000002
1.4677410000000002
1.4677410000000002
1.4677410000000002
1.4677410000000002
1.4677410000000002
1.4677410000000002
1.4677410000000002
1.4677410000000002
1.4677410000000002
1.4677410000000002
1.4677410000000002
1.4677410000000002
1.4677410000000002
1.4677410000000002
1.4677410000000002
1.4677410000000002
1.4677410000000002
1.4677410000000002
1.4677410000000002
1.4677410000000002
1.4677410000000002
1.4677410000000002
-1.4677420000000003
-1.4677420000000003
-1.4677420000000003
-1.4677420000000003
-1.4677420000000003
-1.4677420000000003
-1.4677420000000003
-1.4677420000000003
-1.4677420000000003
-1.4677420000000003
-1.4677420000000003
-1.4677420000000003
-1.4677420000000003
-1.4677420000000003
-1.4677420000000003
-1.4677420000000003
-1.4677420000000003
-1.4677420000000003
-1.4677420000000003
-1.4677420000000003
-1.4677420000000003
-1.4677420000000003
-1.4677420000000003
-1.4677420000000003
-1.4677420000000003
-1.4677420000000003
-1.4677420000000003
-1.4677420000000003
-1.4677420000000003
-1.4677420000000003
-1.4677420000000003
-1.4677420000000003
-1.4677420000000003
-1.4677420000000003
-1.4677420000000003
-1.4677420000000003
-1.4677420000000003
-1.4677420000000003
-1.4677420000000003
-1.4677420000000003
-1.4677420000000003
-1.4677420000000003
-1.4677420000000003
-1.4677420000000003
-1.4677420000000003
-1.4677420000000003
-1.4677420000000003
-1.4677420000000003
-1.4677420000000003
-1.4677420000000003
-1.4677420000000003
-1.4677420000000003
-1.4677420000000003
-1.4677420000000003
-1.4677420000000003
-1.4677420000000003
-1.4677420000000003
-1.4677420000000003
-1.4677420000000003
-1.4677420000000003
-1.4677420000000003
-1.4677420000000003
-1.4677420000000003
-1.4677420000000003
-1.4677420000000003
-1.4677420000000003
-1.4677420000000003
-1.4677420000000003
-1.4677420000000003
-1.4677420000000003
-1.4677420000000003
-1.4677420000000003
