1.4320810000000002
1.4282140000000005
1.4244620000000001
1.4311570000000007
1.4320810000000002
1.4282140000000005
1.4244620000000001
1.4311570000000007
1.4320810000000002
1.4282140000000005
1.4244620000000001
1.4311570000000007
1.4320810000000002
1.4282140000000005
1.4244620000000001
1.4311570000000007
1.4320810000000002
1.4282140000000005
1.4244620000000001
1.4311570000000007
1.4320810000000002
1.4282140000000005
1.4244620000000001
1.4311570000000007
1.4320810000000002
1.4282140000000005
1.4244620000000001
1.4311570000000007
1.4320810000000002
1.4282140000000005
1.4244620000000001
1.4311570000000007
1.4320810000000002
1.4282140000000005
1.4244620000000001
1.4311570000000007
1.4320810000000002
1.4282140000000005
1.4244620000000001
1.4311570000000007
1.4320810000000002
1.4282140000000005
1.4244620000000001
1.4311570000000007
1.4320810000000002
1.4282140000000005
1.4244620000000001
1.4311570000000007
1.4320810000000002
1.4282140000000005
1.4244620000000001
1.4311570000000007
1.4320810000000002
1.4282140000000005
1.4244620000000001
1.4311570000000007
1.4320810000000002
1.4282140000000005
1.4244620000000001
1.4311570000000007
1.4320810000000002
1.4282140000000005
1.4244620000000001
1.4311570000000007
1.4320810000000002
1.4282140000000005
1.4244620000000001
1.4311570000000007
1.4320810000000002
1.4282140000000005
1.4244620000000001
1.4311570000000007
1.4320810000000002
1.4282140000000005
1.4244620000000001
1.4311570000000007
1.4320810000000002
1.4282140000000005
1.4244620000000001
1.4311570000000007
1.4320810000000002
1.4282140000000005
1.4244620000000001
1.4311570000000007
1.4320810000000002
1.4282140000000005
1.4244620000000001
1.4311570000000007
1.4320810000000002
1.4282140000000005
1.4244620000000001
1.4311570000000007
1.4320810000000002
1.4282140000000005
1.4244620000000001
1.4311570000000007
1.4320810000000002
1.4282140000000005
1.4244620000000001
1.4311570000000007
1.4320810000000002
1.4282140000000005
1.4244620000000001
1.4311570000000007
1.4320810000000002
1.4282140000000005
1.4244620000000001
1.4311570000000007
1.4320810000000002
1.4282140000000005
1.4244620000000001
1.4311570000000007
1.4320810000000002
1.4282140000000005
1.4244620000000001
1.4311570000000007
1.4320810000000002
1.4282140000000005
1.4244620000000001
1.4311570000000007
1.4320810000000002
1.4282140000000005
1.4244620000000001
1.4311570000000007
1.4320810000000002
1.4282140000000005
1.4244620000000001
1.4311570000000007
1.4320810000000002
1.4282140000000005
1.4244620000000001
1.4311570000000007
1.4320810000000002
1.4282140000000005
1.4244620000000001
1.4311570000000007
1.4320810000000002
1.4282140000000005
1.4244620000000001
1.4311570000000007
1.4320810000000002
1.4282140000000005
1.4244620000000001
1.4311570000000007
1.4320810000000002
1.4282140000000005
1.4244620000000001
1.4311570000000007
1.4320810000000002
1.4282140000000005
1.4244620000000001
1.4311570000000007
1.4320810000000002
1.4282140000000005
1.4244620000000001
1.4311570000000007
1.4320810000000002
1.4282140000000005
1.4244620000000001
1.4311570000000007
1.4320810000000002
1.4282140000000005
1.4244620000000001
1.4311570000000007
1.4320810000000002
1.4282140000000005
1.4244620000000001
1.4311570000000007
1.4320810000000002
1.4282140000000005
1.4244620000000001
1.4311570000000007
1.4320810000000002
1.4282140000000005
1.4244620000000001
1.4311570000000007
1.4320810000000002
1.4282140000000005
1.4244620000000001
1.4311570000000007
1.4320810000000002
1.4282140000000005
1.4244620000000001
1.4311570000000007
1.4320810000000002
1.4282140000000005
1.4244620000000001
1.4311570000000007
1.4320810000000002
1.4282140000000005
1.4244620000000001
1.4311570000000007
-1.4308259999999997
-1.4293139999999998
-1.4267950000000003
-1.428979
-1.4308259999999997
-1.4293139999999998
-1.4267950000000003
-1.428979
-1.4308259999999997
-1.4293139999999998
-1.4267950000000003
-1.428979
-1.4308259999999997
-1.4293139999999998
-1.4267950000000003
-1.428979
-1.4308259999999997
-1.4293139999999998
-1.4267950000000003
-1.428979
-1.4308259999999997
-1.4293139999999998
-1.4267950000000003
-1.428979
-1.4308259999999997
-1.4293139999999998
-1.4267950000000003
-1.428979
-1.4308259999999997
-1.4293139999999998
-1.4267950000000003
-1.428979
-1.4308259999999997
-1.4293139999999998
-1.4267950000000003
-1.428979
-1.4308259999999997
-1.4293139999999998
-1.4267950000000003
-1.428979
-1.4308259999999997
-1.4293139999999998
-1.4267950000000003
-1.428979
-1.4308259999999997
-1.4293139999999998
-1.4267950000000003
-1.428979
-1.4308259999999997
-1.4293139999999998
-1.4267950000000003
-1.428979
-1.4308259999999997
-1.4293139999999998
-1.4267950000000003
-1.428979
-1.4308259999999997
-1.4293139999999998
-1.4267950000000003
-1.428979
-1.4308259999999997
-1.4293139999999998
-1.4267950000000003
-1.428979
-1.4308259999999997
-1.4293139999999998
-1.4267950000000003
-1.428979
-1.4308259999999997
-1.4293139999999998
-1.4267950000000003
-1.428979
-1.4308259999999997
-1.4293139999999998
-1.4267950000000003
-1.428979
-1.4308259999999997
-1.4293139999999998
-1.4267950000000003
-1.428979
-1.4308259999999997
-1.4293139999999998
-1.4267950000000003
-1.428979
-1.4308259999999997
-1.4293139999999998
-1.4267950000000003
-1.428979
-1.4308259999999997
-1.4293139999999998
-1.4267950000000003
-1.428979
-1.4308259999999997
-1.4293139999999998
-1.4267950000000003
-1.428979
-1.4308259999999997
-1.4293139999999998
-1.4267950000000003
-1.428979
-1.4308259999999997
-1.4293139999999998
-1.4267950000000003
-1.428979
-1.4308259999999997
-1.4293139999999998
-1.4267950000000003
-1.428979
-1.4308259999999997
-1.4293139999999998
-1.4267950000000003
-1.428979
-1.4308259999999997
-1.4293139999999998
-1.4267950000000003
-1.428979
-1.4308259999999997
-1.4293139999999998
-1.4267950000000003
-1.428979
-1.4308259999999997
-1.4293139999999998
-1.4267950000000003
-1.428979
-1.4308259999999997
-1.4293139999999998
-1.4267950000000003
-1.428979
-1.4308259999999997
-1.4293139999999998
-1.4267950000000003
-1.428979
-1.4308259999999997
-1.4293139999999998
-1.4267950000000003
-1.428979
-1.4308259999999997
-1.4293139999999998
-1.4267950000000003
-1.428979
-1.4308259999999997
-1.4293139999999998
-1.4267950000000003
-1.428979
-1.4308259999999997
-1.4293139999999998
-1.4267950000000003
-1.428979
-1.4308259999999997
-1.4293139999999998
-1.4267950000000003
-1.428979
-1.4308259999999997
-1.4293139999999998
-1.4267950000000003
-1.428979
-1.4308259999999997
-1.4293139999999998
-1.4267950000000003
-1.428979
-1.4308259999999997
-1.4293139999999998
-1.4267950000000003
-1.428979
-1.4308259999999997
-1.4293139999999998
-1.4267950000000003
-1.428979
-1.4308259999999997
-1.4293139999999998
-1.4267950000000003
-1.428979
-1.4308259999999997
-1.4293139999999998
-1.4267950000000003
-1.428979
-1.4308259999999997
-1.4293139999999998
-1.4267950000000003
-1.428979
-1.4308259999999997
-1.4293139999999998
-1.4267950000000003
-1.428979
-1.4308259999999997
-1.4293139999999998
-1.4267950000000003
-1.428979
-1.4308259999999997
-1.4293139999999998
-1.4267950000000003
-1.428979
