0.8627470000000006
0.8627470000000006
0.8627470000000006
0.8627470000000006
0.8627470000000006
0.8627470000000006
0.8627470000000006
0.8627470000000006
0.8627470000000006
0.8627470000000006
0.8627470000000006
0.8627470000000006
0.8627470000000006
0.8627470000000006
0.8627470000000006
0.8627470000000006
0.8627470000000006
0.8627470000000006
0.8627470000000006
0.8627470000000006
0.8627470000000006
0.8627470000000006
0.8627470000000006
0.8627470000000006
0.8627470000000006
0.8627470000000006
0.8627470000000006
0.8627470000000006
0.8627470000000006
0.8627470000000006
0.8627470000000006
0.8627470000000006
0.8627470000000006
0.8627470000000006
0.8627470000000006
0.8627470000000006
0.8627470000000006
0.8627470000000006
0.8627470000000006
0.8627470000000006
0.8627470000000006
0.8627470000000006
0.8627470000000006
0.8627470000000006
0.8627470000000006
0.8627470000000006
0.8627470000000006
0.8627470000000006
0.8627470000000006
0.8627470000000006
0.8627470000000006
0.8627470000000006
0.8627470000000006
0.8627470000000006
0.8627470000000006
0.8627470000000006
0.8627470000000006
0.8627470000000006
0.8627470000000006
0.8627470000000006
0.8627470000000006
0.8627470000000006
0.8627470000000006
0.8627470000000006
-0.8627459999999996
-0.8627459999999996
-0.8627459999999996
-0.8627459999999996
-0.8627459999999996
-0.8627459999999996
-0.8627459999999996
-0.8627459999999996
-0.8627459999999996
-0.8627459999999996
-0.8627459999999996
-0.8627459999999996
-0.8627459999999996
-0.8627459999999996
-0.8627459999999996
-0.8627459999999996
-0.8627459999999996
-0.8627459999999996
-0.8627459999999996
-0.8627459999999996
-0.8627459999999996
-0.8627459999999996
-0.8627459999999996
-0.8627459999999996
-0.8627459999999996
-0.8627459999999996
-0.8627459999999996
-0.8627459999999996
-0.8627459999999996
-0.8627459999999996
-0.8627459999999996
-0.8627459999999996
-0.8627459999999996
-0.8627459999999996
-0.8627459999999996
-0.8627459999999996
-0.8627459999999996
-0.8627459999999996
-0.8627459999999996
-0.8627459999999996
-0.8627459999999996
-0.8627459999999996
-0.8627459999999996
-0.8627459999999996
-0.8627459999999996
-0.8627459999999996
-0.8627459999999996
-0.8627459999999996
-0.8627459999999996
-0.8627459999999996
-0.8627459999999996
-0.8627459999999996
-0.8627459999999996
-0.8627459999999996
-0.8627459999999996
-0.8627459999999996
-0.8627459999999996
-0.8627459999999996
-0.8627459999999996
-0.8627459999999996
-0.8627459999999996
-0.8627459999999996
-0.8627459999999996
-0.8627459999999996
