1.4245900000000002
1.4097690000000007
1.4245900000000002
1.4097690000000007
1.4245900000000002
1.4097690000000007
1.4245900000000002
1.4097690000000007
1.4245900000000002
1.4097690000000007
1.4245900000000002
1.4097690000000007
1.4245900000000002
1.4097690000000007
1.4245900000000002
1.4097690000000007
1.4245900000000002
1.4097690000000007
1.4245900000000002
1.4097690000000007
1.4245900000000002
1.4097690000000007
1.4245900000000002
1.4097690000000007
1.4245900000000002
1.4097690000000007
1.4245900000000002
1.4097690000000007
1.4245900000000002
1.4097690000000007
1.4245900000000002
1.4097690000000007
1.4245900000000002
1.4097690000000007
1.4245900000000002
1.4097690000000007
1.4245900000000002
1.4097690000000007
1.4245900000000002
1.4097690000000007
1.4245900000000002
1.4097690000000007
1.4245900000000002
1.4097690000000007
1.4245900000000002
1.4097690000000007
1.4245900000000002
1.4097690000000007
1.4245900000000002
1.4097690000000007
1.4245900000000002
1.4097690000000007
1.4245900000000002
1.4097690000000007
1.4245900000000002
1.4097690000000007
1.4245900000000002
1.4097690000000007
1.4245900000000002
1.4097690000000007
1.4245900000000002
1.4097690000000007
1.4245900000000002
1.4097690000000007
1.4245900000000002
1.4097690000000007
1.4245900000000002
1.4097690000000007
1.4245900000000002
1.4097690000000007
1.4245900000000002
1.4097690000000007
1.4245900000000002
1.4097690000000007
1.4245900000000002
1.4097690000000007
1.4245900000000002
1.4097690000000007
1.4245900000000002
1.4097690000000007
1.4245900000000002
1.4097690000000007
1.4245900000000002
1.4097690000000007
1.4245900000000002
1.4097690000000007
1.4245900000000002
1.4097690000000007
1.4245900000000002
1.4097690000000007
1.4245900000000002
1.4097690000000007
1.4245900000000002
1.4097690000000007
1.4245900000000002
1.4097690000000007
1.4245900000000002
1.4097690000000007
1.4245900000000002
1.4097690000000007
1.4245900000000002
1.4097690000000007
1.4245900000000002
1.4097690000000007
1.4245900000000002
1.4097690000000007
1.4245900000000002
1.4097690000000007
1.4245900000000002
1.4097690000000007
1.4245900000000002
1.4097690000000007
1.4245900000000002
1.4097690000000007
1.4245900000000002
1.4097690000000007
1.4245900000000002
1.4097690000000007
1.4245900000000002
1.4097690000000007
-1.4106680000000003
-1.423692
-1.4106680000000003
-1.423692
-1.4106680000000003
-1.423692
-1.4106680000000003
-1.423692
-1.4106680000000003
-1.423692
-1.4106680000000003
-1.423692
-1.4106680000000003
-1.423692
-1.4106680000000003
-1.423692
-1.4106680000000003
-1.423692
-1.4106680000000003
-1.423692
-1.4106680000000003
-1.423692
-1.4106680000000003
-1.423692
-1.4106680000000003
-1.423692
-1.4106680000000003
-1.423692
-1.4106680000000003
-1.423692
-1.4106680000000003
-1.423692
-1.4106680000000003
-1.423692
-1.4106680000000003
-1.423692
-1.4106680000000003
-1.423692
-1.4106680000000003
-1.423692
-1.4106680000000003
-1.423692
-1.4106680000000003
-1.423692
-1.4106680000000003
-1.423692
-1.4106680000000003
-1.423692
-1.4106680000000003
-1.423692
-1.4106680000000003
-1.423692
-1.4106680000000003
-1.423692
-1.4106680000000003
-1.423692
-1.4106680000000003
-1.423692
-1.4106680000000003
-1.423692
-1.4106680000000003
-1.423692
-1.4106680000000003
-1.423692
-1.4106680000000003
-1.423692
-1.4106680000000003
-1.423692
-1.4106680000000003
-1.423692
-1.4106680000000003
-1.423692
-1.4106680000000003
-1.423692
-1.4106680000000003
-1.423692
-1.4106680000000003
-1.423692
-1.4106680000000003
-1.423692
-1.4106680000000003
-1.423692
-1.4106680000000003
-1.423692
-1.4106680000000003
-1.423692
-1.4106680000000003
-1.423692
-1.4106680000000003
-1.423692
-1.4106680000000003
-1.423692
-1.4106680000000003
-1.423692
-1.4106680000000003
-1.423692
-1.4106680000000003
-1.423692
-1.4106680000000003
-1.423692
-1.4106680000000003
-1.423692
-1.4106680000000003
-1.423692
-1.4106680000000003
-1.423692
-1.4106680000000003
-1.423692
-1.4106680000000003
-1.423692
-1.4106680000000003
-1.423692
-1.4106680000000003
-1.423692
-1.4106680000000003
-1.423692
-1.4106680000000003
-1.423692
-1.4106680000000003
-1.423692
