1.4360400000000002
1.4353529999999992
1.4352730000000005
1.4355399999999996
1.4360400000000002
1.4353529999999992
1.4352730000000005
1.4355399999999996
1.4360400000000002
1.4353529999999992
1.4352730000000005
1.4355399999999996
1.4360400000000002
1.4353529999999992
1.4352730000000005
1.4355399999999996
1.4360400000000002
1.4353529999999992
1.4352730000000005
1.4355399999999996
1.4360400000000002
1.4353529999999992
1.4352730000000005
1.4355399999999996
1.4360400000000002
1.4353529999999992
1.4352730000000005
1.4355399999999996
1.4360400000000002
1.4353529999999992
1.4352730000000005
1.4355399999999996
1.4360400000000002
1.4353529999999992
1.4352730000000005
1.4355399999999996
1.4360400000000002
1.4353529999999992
1.4352730000000005
1.4355399999999996
1.4360400000000002
1.4353529999999992
1.4352730000000005
1.4355399999999996
1.4360400000000002
1.4353529999999992
1.4352730000000005
1.4355399999999996
1.4360400000000002
1.4353529999999992
1.4352730000000005
1.4355399999999996
1.4360400000000002
1.4353529999999992
1.4352730000000005
1.4355399999999996
1.4360400000000002
1.4353529999999992
1.4352730000000005
1.4355399999999996
1.4360400000000002
1.4353529999999992
1.4352730000000005
1.4355399999999996
1.4360400000000002
1.4353529999999992
1.4352730000000005
1.4355399999999996
1.4360400000000002
1.4353529999999992
1.4352730000000005
1.4355399999999996
1.4360400000000002
1.4353529999999992
1.4352730000000005
1.4355399999999996
1.4360400000000002
1.4353529999999992
1.4352730000000005
1.4355399999999996
1.4360400000000002
1.4353529999999992
1.4352730000000005
1.4355399999999996
1.4360400000000002
1.4353529999999992
1.4352730000000005
1.4355399999999996
1.4360400000000002
1.4353529999999992
1.4352730000000005
1.4355399999999996
1.4360400000000002
1.4353529999999992
1.4352730000000005
1.4355399999999996
1.4360400000000002
1.4353529999999992
1.4352730000000005
1.4355399999999996
1.4360400000000002
1.4353529999999992
1.4352730000000005
1.4355399999999996
1.4360400000000002
1.4353529999999992
1.4352730000000005
1.4355399999999996
-1.4359830000000002
-1.4354620000000002
-1.435518
-1.4352470000000004
-1.4359830000000002
-1.4354620000000002
-1.435518
-1.4352470000000004
-1.4359830000000002
-1.4354620000000002
-1.435518
-1.4352470000000004
-1.4359830000000002
-1.4354620000000002
-1.435518
-1.4352470000000004
-1.4359830000000002
-1.4354620000000002
-1.435518
-1.4352470000000004
-1.4359830000000002
-1.4354620000000002
-1.435518
-1.4352470000000004
-1.4359830000000002
-1.4354620000000002
-1.435518
-1.4352470000000004
-1.4359830000000002
-1.4354620000000002
-1.435518
-1.4352470000000004
-1.4359830000000002
-1.4354620000000002
-1.435518
-1.4352470000000004
-1.4359830000000002
-1.4354620000000002
-1.435518
-1.4352470000000004
-1.4359830000000002
-1.4354620000000002
-1.435518
-1.4352470000000004
-1.4359830000000002
-1.4354620000000002
-1.435518
-1.4352470000000004
-1.4359830000000002
-1.4354620000000002
-1.435518
-1.4352470000000004
-1.4359830000000002
-1.4354620000000002
-1.435518
-1.4352470000000004
-1.4359830000000002
-1.4354620000000002
-1.435518
-1.4352470000000004
-1.4359830000000002
-1.4354620000000002
-1.435518
-1.4352470000000004
-1.4359830000000002
-1.4354620000000002
-1.435518
-1.4352470000000004
-1.4359830000000002
-1.4354620000000002
-1.435518
-1.4352470000000004
-1.4359830000000002
-1.4354620000000002
-1.435518
-1.4352470000000004
-1.4359830000000002
-1.4354620000000002
-1.435518
-1.4352470000000004
-1.4359830000000002
-1.4354620000000002
-1.435518
-1.4352470000000004
-1.4359830000000002
-1.4354620000000002
-1.435518
-1.4352470000000004
-1.4359830000000002
-1.4354620000000002
-1.435518
-1.4352470000000004
-1.4359830000000002
-1.4354620000000002
-1.435518
-1.4352470000000004
-1.4359830000000002
-1.4354620000000002
-1.435518
-1.4352470000000004
-1.4359830000000002
-1.4354620000000002
-1.435518
-1.4352470000000004
-1.4359830000000002
-1.4354620000000002
-1.435518
-1.4352470000000004
