1.3075790000000005
1.3187370000000005
1.3472069999999992
1.2897700000000007
1.3075790000000005
1.3187370000000005
1.3472069999999992
1.2897700000000007
1.3075790000000005
1.3187370000000005
1.3472069999999992
1.2897700000000007
1.3075790000000005
1.3187370000000005
1.3472069999999992
1.2897700000000007
1.3075790000000005
1.3187370000000005
1.3472069999999992
1.2897700000000007
1.3075790000000005
1.3187370000000005
1.3472069999999992
1.2897700000000007
1.3075790000000005
1.3187370000000005
1.3472069999999992
1.2897700000000007
1.3075790000000005
1.3187370000000005
1.3472069999999992
1.2897700000000007
1.3075790000000005
1.3187370000000005
1.3472069999999992
1.2897700000000007
1.3075790000000005
1.3187370000000005
1.3472069999999992
1.2897700000000007
1.3075790000000005
1.3187370000000005
1.3472069999999992
1.2897700000000007
1.3075790000000005
1.3187370000000005
1.3472069999999992
1.2897700000000007
1.3075790000000005
1.3187370000000005
1.3472069999999992
1.2897700000000007
1.3075790000000005
1.3187370000000005
1.3472069999999992
1.2897700000000007
1.3075790000000005
1.3187370000000005
1.3472069999999992
1.2897700000000007
1.3075790000000005
1.3187370000000005
1.3472069999999992
1.2897700000000007
1.3075790000000005
1.3187370000000005
1.3472069999999992
1.2897700000000007
1.3075790000000005
1.3187370000000005
1.3472069999999992
1.2897700000000007
1.3075790000000005
1.3187370000000005
1.3472069999999992
1.2897700000000007
1.3075790000000005
1.3187370000000005
1.3472069999999992
1.2897700000000007
1.3075790000000005
1.3187370000000005
1.3472069999999992
1.2897700000000007
1.3075790000000005
1.3187370000000005
1.3472069999999992
1.2897700000000007
1.3075790000000005
1.3187370000000005
1.3472069999999992
1.2897700000000007
1.3075790000000005
1.3187370000000005
1.3472069999999992
1.2897700000000007
1.3075790000000005
1.3187370000000005
1.3472069999999992
1.2897700000000007
1.3075790000000005
1.3187370000000005
1.3472069999999992
1.2897700000000007
1.3075790000000005
1.3187370000000005
1.3472069999999992
1.2897700000000007
1.3075790000000005
1.3187370000000005
1.3472069999999992
1.2897700000000007
1.3075790000000005
1.3187370000000005
1.3472069999999992
1.2897700000000007
1.3075790000000005
1.3187370000000005
1.3472069999999992
1.2897700000000007
1.3075790000000005
1.3187370000000005
1.3472069999999992
1.2897700000000007
1.3075790000000005
1.3187370000000005
1.3472069999999992
1.2897700000000007
1.3075790000000005
1.3187370000000005
1.3472069999999992
1.2897700000000007
1.3075790000000005
1.3187370000000005
1.3472069999999992
1.2897700000000007
1.3075790000000005
1.3187370000000005
1.3472069999999992
1.2897700000000007
1.3075790000000005
1.3187370000000005
1.3472069999999992
1.2897700000000007
1.3075790000000005
1.3187370000000005
1.3472069999999992
1.2897700000000007
1.3075790000000005
1.3187370000000005
1.3472069999999992
1.2897700000000007
1.3075790000000005
1.3187370000000005
1.3472069999999992
1.2897700000000007
1.3075790000000005
1.3187370000000005
1.3472069999999992
1.2897700000000007
1.3075790000000005
1.3187370000000005
1.3472069999999992
1.2897700000000007
1.3075790000000005
1.3187370000000005
1.3472069999999992
1.2897700000000007
1.3075790000000005
1.3187370000000005
1.3472069999999992
1.2897700000000007
1.3075790000000005
1.3187370000000005
1.3472069999999992
1.2897700000000007
1.3075790000000005
1.3187370000000005
1.3472069999999992
1.2897700000000007
1.3075790000000005
1.3187370000000005
1.3472069999999992
1.2897700000000007
1.3075790000000005
1.3187370000000005
1.3472069999999992
1.2897700000000007
1.3075790000000005
1.3187370000000005
1.3472069999999992
1.2897700000000007
-1.2744080000000002
-1.2873
-1.3482370000000001
-1.3533489999999997
-1.2744080000000002
-1.2873
-1.3482370000000001
-1.3533489999999997
-1.2744080000000002
-1.2873
-1.3482370000000001
-1.3533489999999997
-1.2744080000000002
-1.2873
-1.3482370000000001
-1.3533489999999997
-1.2744080000000002
-1.2873
-1.3482370000000001
-1.3533489999999997
-1.2744080000000002
-1.2873
-1.3482370000000001
-1.3533489999999997
-1.2744080000000002
-1.2873
-1.3482370000000001
-1.3533489999999997
-1.2744080000000002
-1.2873
-1.3482370000000001
-1.3533489999999997
-1.2744080000000002
-1.2873
-1.3482370000000001
-1.3533489999999997
-1.2744080000000002
-1.2873
-1.3482370000000001
-1.3533489999999997
-1.2744080000000002
-1.2873
-1.3482370000000001
-1.3533489999999997
-1.2744080000000002
-1.2873
-1.3482370000000001
-1.3533489999999997
-1.2744080000000002
-1.2873
-1.3482370000000001
-1.3533489999999997
-1.2744080000000002
-1.2873
-1.3482370000000001
-1.3533489999999997
-1.2744080000000002
-1.2873
-1.3482370000000001
-1.3533489999999997
-1.2744080000000002
-1.2873
-1.3482370000000001
-1.3533489999999997
-1.2744080000000002
-1.2873
-1.3482370000000001
-1.3533489999999997
-1.2744080000000002
-1.2873
-1.3482370000000001
-1.3533489999999997
-1.2744080000000002
-1.2873
-1.3482370000000001
-1.3533489999999997
-1.2744080000000002
-1.2873
-1.3482370000000001
-1.3533489999999997
-1.2744080000000002
-1.2873
-1.3482370000000001
-1.3533489999999997
-1.2744080000000002
-1.2873
-1.3482370000000001
-1.3533489999999997
-1.2744080000000002
-1.2873
-1.3482370000000001
-1.3533489999999997
-1.2744080000000002
-1.2873
-1.3482370000000001
-1.3533489999999997
-1.2744080000000002
-1.2873
-1.3482370000000001
-1.3533489999999997
-1.2744080000000002
-1.2873
-1.3482370000000001
-1.3533489999999997
-1.2744080000000002
-1.2873
-1.3482370000000001
-1.3533489999999997
-1.2744080000000002
-1.2873
-1.3482370000000001
-1.3533489999999997
-1.2744080000000002
-1.2873
-1.3482370000000001
-1.3533489999999997
-1.2744080000000002
-1.2873
-1.3482370000000001
-1.3533489999999997
-1.2744080000000002
-1.2873
-1.3482370000000001
-1.3533489999999997
-1.2744080000000002
-1.2873
-1.3482370000000001
-1.3533489999999997
-1.2744080000000002
-1.2873
-1.3482370000000001
-1.3533489999999997
-1.2744080000000002
-1.2873
-1.3482370000000001
-1.3533489999999997
-1.2744080000000002
-1.2873
-1.3482370000000001
-1.3533489999999997
-1.2744080000000002
-1.2873
-1.3482370000000001
-1.3533489999999997
-1.2744080000000002
-1.2873
-1.3482370000000001
-1.3533489999999997
-1.2744080000000002
-1.2873
-1.3482370000000001
-1.3533489999999997
-1.2744080000000002
-1.2873
-1.3482370000000001
-1.3533489999999997
-1.2744080000000002
-1.2873
-1.3482370000000001
-1.3533489999999997
-1.2744080000000002
-1.2873
-1.3482370000000001
-1.3533489999999997
-1.2744080000000002
-1.2873
-1.3482370000000001
-1.3533489999999997
-1.2744080000000002
-1.2873
-1.3482370000000001
-1.3533489999999997
-1.2744080000000002
-1.2873
-1.3482370000000001
-1.3533489999999997
-1.2744080000000002
-1.2873
-1.3482370000000001
-1.3533489999999997
-1.2744080000000002
-1.2873
-1.3482370000000001
-1.3533489999999997
-1.2744080000000002
-1.2873
-1.3482370000000001
-1.3533489999999997
-1.2744080000000002
-1.2873
-1.3482370000000001
-1.3533489999999997
