1.3576680000000003
1.3596269999999997
1.3576680000000003
1.3596269999999997
1.3576680000000003
1.3596269999999997
1.3576680000000003
1.3596269999999997
1.3576680000000003
1.3596269999999997
1.3576680000000003
1.3596269999999997
1.3576680000000003
1.3596269999999997
1.3576680000000003
1.3596269999999997
1.3576680000000003
1.3596269999999997
1.3576680000000003
1.3596269999999997
1.3576680000000003
1.3596269999999997
1.3576680000000003
1.3596269999999997
1.3576680000000003
1.3596269999999997
1.3576680000000003
1.3596269999999997
1.3576680000000003
1.3596269999999997
1.3576680000000003
1.3596269999999997
1.3576680000000003
1.3596269999999997
1.3576680000000003
1.3596269999999997
1.3576680000000003
1.3596269999999997
1.3576680000000003
1.3596269999999997
1.3576680000000003
1.3596269999999997
1.3576680000000003
1.3596269999999997
1.3576680000000003
1.3596269999999997
1.3576680000000003
1.3596269999999997
1.3576680000000003
1.3596269999999997
1.3576680000000003
1.3596269999999997
1.3576680000000003
1.3596269999999997
1.3576680000000003
1.3596269999999997
1.3576680000000003
1.3596269999999997
1.3576680000000003
1.3596269999999997
1.3576680000000003
1.3596269999999997
1.3576680000000003
1.3596269999999997
1.3576680000000003
1.3596269999999997
1.3576680000000003
1.3596269999999997
1.3576680000000003
1.3596269999999997
1.3576680000000003
1.3596269999999997
1.3576680000000003
1.3596269999999997
1.3576680000000003
1.3596269999999997
1.3576680000000003
1.3596269999999997
1.3576680000000003
1.3596269999999997
1.3576680000000003
1.3596269999999997
1.3576680000000003
1.3596269999999997
1.3576680000000003
1.3596269999999997
1.3576680000000003
1.3596269999999997
1.3576680000000003
1.3596269999999997
1.3576680000000003
1.3596269999999997
1.3576680000000003
1.3596269999999997
1.3576680000000003
1.3596269999999997
1.3576680000000003
1.3596269999999997
1.3576680000000003
1.3596269999999997
1.3576680000000003
1.3596269999999997
1.3576680000000003
1.3596269999999997
1.3576680000000003
1.3596269999999997
1.3576680000000003
1.3596269999999997
1.3576680000000003
1.3596269999999997
1.3576680000000003
1.3596269999999997
1.3576680000000003
1.3596269999999997
1.3576680000000003
1.3596269999999997
1.3576680000000003
1.3596269999999997
1.3576680000000003
1.3596269999999997
-1.358937
-1.3583569999999998
-1.358937
-1.3583569999999998
-1.358937
-1.3583569999999998
-1.358937
-1.3583569999999998
-1.358937
-1.3583569999999998
-1.358937
-1.3583569999999998
-1.358937
-1.3583569999999998
-1.358937
-1.3583569999999998
-1.358937
-1.3583569999999998
-1.358937
-1.3583569999999998
-1.358937
-1.3583569999999998
-1.358937
-1.3583569999999998
-1.358937
-1.3583569999999998
-1.358937
-1.3583569999999998
-1.358937
-1.3583569999999998
-1.358937
-1.3583569999999998
-1.358937
-1.3583569999999998
-1.358937
-1.3583569999999998
-1.358937
-1.3583569999999998
-1.358937
-1.3583569999999998
-1.358937
-1.3583569999999998
-1.358937
-1.3583569999999998
-1.358937
-1.3583569999999998
-1.358937
-1.3583569999999998
-1.358937
-1.3583569999999998
-1.358937
-1.3583569999999998
-1.358937
-1.3583569999999998
-1.358937
-1.3583569999999998
-1.358937
-1.3583569999999998
-1.358937
-1.3583569999999998
-1.358937
-1.3583569999999998
-1.358937
-1.3583569999999998
-1.358937
-1.3583569999999998
-1.358937
-1.3583569999999998
-1.358937
-1.3583569999999998
-1.358937
-1.3583569999999998
-1.358937
-1.3583569999999998
-1.358937
-1.3583569999999998
-1.358937
-1.3583569999999998
-1.358937
-1.3583569999999998
-1.358937
-1.3583569999999998
-1.358937
-1.3583569999999998
-1.358937
-1.3583569999999998
-1.358937
-1.3583569999999998
-1.358937
-1.3583569999999998
-1.358937
-1.3583569999999998
-1.358937
-1.3583569999999998
-1.358937
-1.3583569999999998
-1.358937
-1.3583569999999998
-1.358937
-1.3583569999999998
-1.358937
-1.3583569999999998
-1.358937
-1.3583569999999998
-1.358937
-1.3583569999999998
-1.358937
-1.3583569999999998
-1.358937
-1.3583569999999998
-1.358937
-1.3583569999999998
-1.358937
-1.3583569999999998
-1.358937
-1.3583569999999998
-1.358937
-1.3583569999999998
-1.358937
-1.3583569999999998
