1.4416130000000003
1.4417899999999992
1.4407379999999996
1.4366730000000008
1.4416130000000003
1.4417899999999992
1.4407379999999996
1.4366730000000008
1.4416130000000003
1.4417899999999992
1.4407379999999996
1.4366730000000008
1.4416130000000003
1.4417899999999992
1.4407379999999996
1.4366730000000008
1.4416130000000003
1.4417899999999992
1.4407379999999996
1.4366730000000008
1.4416130000000003
1.4417899999999992
1.4407379999999996
1.4366730000000008
1.4416130000000003
1.4417899999999992
1.4407379999999996
1.4366730000000008
1.4416130000000003
1.4417899999999992
1.4407379999999996
1.4366730000000008
1.4416130000000003
1.4417899999999992
1.4407379999999996
1.4366730000000008
1.4416130000000003
1.4417899999999992
1.4407379999999996
1.4366730000000008
1.4416130000000003
1.4417899999999992
1.4407379999999996
1.4366730000000008
1.4416130000000003
1.4417899999999992
1.4407379999999996
1.4366730000000008
1.4416130000000003
1.4417899999999992
1.4407379999999996
1.4366730000000008
1.4416130000000003
1.4417899999999992
1.4407379999999996
1.4366730000000008
1.4416130000000003
1.4417899999999992
1.4407379999999996
1.4366730000000008
1.4416130000000003
1.4417899999999992
1.4407379999999996
1.4366730000000008
1.4416130000000003
1.4417899999999992
1.4407379999999996
1.4366730000000008
1.4416130000000003
1.4417899999999992
1.4407379999999996
1.4366730000000008
1.4416130000000003
1.4417899999999992
1.4407379999999996
1.4366730000000008
1.4416130000000003
1.4417899999999992
1.4407379999999996
1.4366730000000008
1.4416130000000003
1.4417899999999992
1.4407379999999996
1.4366730000000008
1.4416130000000003
1.4417899999999992
1.4407379999999996
1.4366730000000008
1.4416130000000003
1.4417899999999992
1.4407379999999996
1.4366730000000008
1.4416130000000003
1.4417899999999992
1.4407379999999996
1.4366730000000008
1.4416130000000003
1.4417899999999992
1.4407379999999996
1.4366730000000008
1.4416130000000003
1.4417899999999992
1.4407379999999996
1.4366730000000008
1.4416130000000003
1.4417899999999992
1.4407379999999996
1.4366730000000008
1.4416130000000003
1.4417899999999992
1.4407379999999996
1.4366730000000008
1.4416130000000003
1.4417899999999992
1.4407379999999996
1.4366730000000008
1.4416130000000003
1.4417899999999992
1.4407379999999996
1.4366730000000008
1.4416130000000003
1.4417899999999992
1.4407379999999996
1.4366730000000008
1.4416130000000003
1.4417899999999992
1.4407379999999996
1.4366730000000008
1.4416130000000003
1.4417899999999992
1.4407379999999996
1.4366730000000008
1.4416130000000003
1.4417899999999992
1.4407379999999996
1.4366730000000008
1.4416130000000003
1.4417899999999992
1.4407379999999996
1.4366730000000008
1.4416130000000003
1.4417899999999992
1.4407379999999996
1.4366730000000008
-1.440951
-1.4393269999999996
-1.4403860000000002
-1.4401460000000004
-1.440951
-1.4393269999999996
-1.4403860000000002
-1.4401460000000004
-1.440951
-1.4393269999999996
-1.4403860000000002
-1.4401460000000004
-1.440951
-1.4393269999999996
-1.4403860000000002
-1.4401460000000004
-1.440951
-1.4393269999999996
-1.4403860000000002
-1.4401460000000004
-1.440951
-1.4393269999999996
-1.4403860000000002
-1.4401460000000004
-1.440951
-1.4393269999999996
-1.4403860000000002
-1.4401460000000004
-1.440951
-1.4393269999999996
-1.4403860000000002
-1.4401460000000004
-1.440951
-1.4393269999999996
-1.4403860000000002
-1.4401460000000004
-1.440951
-1.4393269999999996
-1.4403860000000002
-1.4401460000000004
-1.440951
-1.4393269999999996
-1.4403860000000002
-1.4401460000000004
-1.440951
-1.4393269999999996
-1.4403860000000002
-1.4401460000000004
-1.440951
-1.4393269999999996
-1.4403860000000002
-1.4401460000000004
-1.440951
-1.4393269999999996
-1.4403860000000002
-1.4401460000000004
-1.440951
-1.4393269999999996
-1.4403860000000002
-1.4401460000000004
-1.440951
-1.4393269999999996
-1.4403860000000002
-1.4401460000000004
-1.440951
-1.4393269999999996
-1.4403860000000002
-1.4401460000000004
-1.440951
-1.4393269999999996
-1.4403860000000002
-1.4401460000000004
-1.440951
-1.4393269999999996
-1.4403860000000002
-1.4401460000000004
-1.440951
-1.4393269999999996
-1.4403860000000002
-1.4401460000000004
-1.440951
-1.4393269999999996
-1.4403860000000002
-1.4401460000000004
-1.440951
-1.4393269999999996
-1.4403860000000002
-1.4401460000000004
-1.440951
-1.4393269999999996
-1.4403860000000002
-1.4401460000000004
-1.440951
-1.4393269999999996
-1.4403860000000002
-1.4401460000000004
-1.440951
-1.4393269999999996
-1.4403860000000002
-1.4401460000000004
-1.440951
-1.4393269999999996
-1.4403860000000002
-1.4401460000000004
-1.440951
-1.4393269999999996
-1.4403860000000002
-1.4401460000000004
-1.440951
-1.4393269999999996
-1.4403860000000002
-1.4401460000000004
-1.440951
-1.4393269999999996
-1.4403860000000002
-1.4401460000000004
-1.440951
-1.4393269999999996
-1.4403860000000002
-1.4401460000000004
-1.440951
-1.4393269999999996
-1.4403860000000002
-1.4401460000000004
-1.440951
-1.4393269999999996
-1.4403860000000002
-1.4401460000000004
-1.440951
-1.4393269999999996
-1.4403860000000002
-1.4401460000000004
-1.440951
-1.4393269999999996
-1.4403860000000002
-1.4401460000000004
-1.440951
-1.4393269999999996
-1.4403860000000002
-1.4401460000000004
-1.440951
-1.4393269999999996
-1.4403860000000002
-1.4401460000000004
