0.9754000000000005
0.9754000000000005
0.9754000000000005
0.9754000000000005
0.9754000000000005
0.9754000000000005
0.9754000000000005
0.9754000000000005
0.9754000000000005
0.9754000000000005
0.9754000000000005
0.9754000000000005
0.9754000000000005
0.9754000000000005
0.9754000000000005
0.9754000000000005
0.9754000000000005
0.9754000000000005
0.9754000000000005
0.9754000000000005
0.9754000000000005
0.9754000000000005
0.9754000000000005
0.9754000000000005
0.9754000000000005
0.9754000000000005
0.9754000000000005
0.9754000000000005
0.9754000000000005
0.9754000000000005
0.9754000000000005
0.9754000000000005
0.9754000000000005
0.9754000000000005
0.9754000000000005
0.9754000000000005
0.9754000000000005
0.9754000000000005
0.9754000000000005
0.9754000000000005
0.9754000000000005
0.9754000000000005
0.9754000000000005
0.9754000000000005
0.9754000000000005
0.9754000000000005
0.9754000000000005
0.9754000000000005
0.9754000000000005
0.9754000000000005
0.9754000000000005
0.9754000000000005
0.9754000000000005
0.9754000000000005
0.9754000000000005
0.9754000000000005
0.9754000000000005
0.9754000000000005
0.9754000000000005
0.9754000000000005
0.9754000000000005
0.9754000000000005
0.9754000000000005
0.9754000000000005
-0.9753999999999996
-0.9753999999999996
-0.9753999999999996
-0.9753999999999996
-0.9753999999999996
-0.9753999999999996
-0.9753999999999996
-0.9753999999999996
-0.9753999999999996
-0.9753999999999996
-0.9753999999999996
-0.9753999999999996
-0.9753999999999996
-0.9753999999999996
-0.9753999999999996
-0.9753999999999996
-0.9753999999999996
-0.9753999999999996
-0.9753999999999996
-0.9753999999999996
-0.9753999999999996
-0.9753999999999996
-0.9753999999999996
-0.9753999999999996
-0.9753999999999996
-0.9753999999999996
-0.9753999999999996
-0.9753999999999996
-0.9753999999999996
-0.9753999999999996
-0.9753999999999996
-0.9753999999999996
-0.9753999999999996
-0.9753999999999996
-0.9753999999999996
-0.9753999999999996
-0.9753999999999996
-0.9753999999999996
-0.9753999999999996
-0.9753999999999996
-0.9753999999999996
-0.9753999999999996
-0.9753999999999996
-0.9753999999999996
-0.9753999999999996
-0.9753999999999996
-0.9753999999999996
-0.9753999999999996
-0.9753999999999996
-0.9753999999999996
-0.9753999999999996
-0.9753999999999996
-0.9753999999999996
-0.9753999999999996
-0.9753999999999996
-0.9753999999999996
-0.9753999999999996
-0.9753999999999996
-0.9753999999999996
-0.9753999999999996
-0.9753999999999996
-0.9753999999999996
-0.9753999999999996
-0.9753999999999996
