1.4557319999999994
1.4557319999999994
1.4557319999999994
1.4557319999999994
1.4557319999999994
1.4557319999999994
1.4557319999999994
1.4557319999999994
1.4557319999999994
1.4557319999999994
1.4557319999999994
1.4557319999999994
1.4557319999999994
1.4557319999999994
1.4557319999999994
1.4557319999999994
1.4557319999999994
1.4557319999999994
1.4557319999999994
1.4557319999999994
1.4557319999999994
1.4557319999999994
1.4557319999999994
1.4557319999999994
1.4557319999999994
1.4557319999999994
1.4557319999999994
1.4557319999999994
1.4557319999999994
1.4557319999999994
1.4557319999999994
1.4557319999999994
1.4557319999999994
1.4557319999999994
1.4557319999999994
1.4557319999999994
1.4557319999999994
1.4557319999999994
1.4557319999999994
1.4557319999999994
1.4557319999999994
1.4557319999999994
1.4557319999999994
1.4557319999999994
1.4557319999999994
1.4557319999999994
1.4557319999999994
1.4557319999999994
1.4557319999999994
1.4557319999999994
1.4557319999999994
1.4557319999999994
1.4557319999999994
1.4557319999999994
1.4557319999999994
1.4557319999999994
1.4557319999999994
1.4557319999999994
1.4557319999999994
1.4557319999999994
1.4557319999999994
1.4557319999999994
1.4557319999999994
1.4557319999999994
1.4557319999999994
1.4557319999999994
1.4557319999999994
1.4557319999999994
1.4557319999999994
1.4557319999999994
1.4557319999999994
1.4557319999999994
-1.4557320000000002
-1.4557320000000002
-1.4557320000000002
-1.4557320000000002
-1.4557320000000002
-1.4557320000000002
-1.4557320000000002
-1.4557320000000002
-1.4557320000000002
-1.4557320000000002
-1.4557320000000002
-1.4557320000000002
-1.4557320000000002
-1.4557320000000002
-1.4557320000000002
-1.4557320000000002
-1.4557320000000002
-1.4557320000000002
-1.4557320000000002
-1.4557320000000002
-1.4557320000000002
-1.4557320000000002
-1.4557320000000002
-1.4557320000000002
-1.4557320000000002
-1.4557320000000002
-1.4557320000000002
-1.4557320000000002
-1.4557320000000002
-1.4557320000000002
-1.4557320000000002
-1.4557320000000002
-1.4557320000000002
-1.4557320000000002
-1.4557320000000002
-1.4557320000000002
-1.4557320000000002
-1.4557320000000002
-1.4557320000000002
-1.4557320000000002
-1.4557320000000002
-1.4557320000000002
-1.4557320000000002
-1.4557320000000002
-1.4557320000000002
-1.4557320000000002
-1.4557320000000002
-1.4557320000000002
-1.4557320000000002
-1.4557320000000002
-1.4557320000000002
-1.4557320000000002
-1.4557320000000002
-1.4557320000000002
-1.4557320000000002
-1.4557320000000002
-1.4557320000000002
-1.4557320000000002
-1.4557320000000002
-1.4557320000000002
-1.4557320000000002
-1.4557320000000002
-1.4557320000000002
-1.4557320000000002
-1.4557320000000002
-1.4557320000000002
-1.4557320000000002
-1.4557320000000002
-1.4557320000000002
-1.4557320000000002
-1.4557320000000002
-1.4557320000000002
