1.1903059999999996
1.1903059999999996
1.1903059999999996
1.1903059999999996
1.1903059999999996
1.1903059999999996
1.1903059999999996
1.1903059999999996
1.1903059999999996
1.1903059999999996
1.1903059999999996
1.1903059999999996
1.1903059999999996
1.1903059999999996
1.1903059999999996
1.1903059999999996
1.1903059999999996
1.1903059999999996
1.1903059999999996
1.1903059999999996
1.1903059999999996
1.1903059999999996
1.1903059999999996
1.1903059999999996
1.1903059999999996
1.1903059999999996
1.1903059999999996
1.1903059999999996
1.1903059999999996
1.1903059999999996
1.1903059999999996
1.1903059999999996
1.1903059999999996
1.1903059999999996
1.1903059999999996
1.1903059999999996
1.1903059999999996
1.1903059999999996
1.1903059999999996
1.1903059999999996
1.1903059999999996
1.1903059999999996
1.1903059999999996
1.1903059999999996
1.1903059999999996
1.1903059999999996
1.1903059999999996
1.1903059999999996
1.1903059999999996
1.1903059999999996
1.1903059999999996
1.1903059999999996
1.1903059999999996
1.1903059999999996
1.1903059999999996
1.1903059999999996
1.1903059999999996
1.1903059999999996
1.1903059999999996
1.1903059999999996
1.1903059999999996
1.1903059999999996
1.1903059999999996
1.1903059999999996
1.1903059999999996
1.1903059999999996
1.1903059999999996
1.1903059999999996
1.1903059999999996
1.1903059999999996
1.1903059999999996
1.1903059999999996
1.1903059999999996
1.1903059999999996
1.1903059999999996
1.1903059999999996
1.1903059999999996
1.1903059999999996
1.1903059999999996
1.1903059999999996
1.1903059999999996
1.1903059999999996
1.1903059999999996
1.1903059999999996
1.1903059999999996
1.1903059999999996
1.1903059999999996
1.1903059999999996
1.1903059999999996
1.1903059999999996
-1.1903050000000004
-1.1903040000000003
-1.1903050000000004
-1.1903040000000003
-1.1903050000000004
-1.1903040000000003
-1.1903050000000004
-1.1903040000000003
-1.1903050000000004
-1.1903040000000003
-1.1903050000000004
-1.1903040000000003
-1.1903050000000004
-1.1903040000000003
-1.1903050000000004
-1.1903040000000003
-1.1903050000000004
-1.1903040000000003
-1.1903050000000004
-1.1903040000000003
-1.1903050000000004
-1.1903040000000003
-1.1903050000000004
-1.1903040000000003
-1.1903050000000004
-1.1903040000000003
-1.1903050000000004
-1.1903040000000003
-1.1903050000000004
-1.1903040000000003
-1.1903050000000004
-1.1903040000000003
-1.1903050000000004
-1.1903040000000003
-1.1903050000000004
-1.1903040000000003
-1.1903050000000004
-1.1903040000000003
-1.1903050000000004
-1.1903040000000003
-1.1903050000000004
-1.1903040000000003
-1.1903050000000004
-1.1903040000000003
-1.1903050000000004
-1.1903040000000003
-1.1903050000000004
-1.1903040000000003
-1.1903050000000004
-1.1903040000000003
-1.1903050000000004
-1.1903040000000003
-1.1903050000000004
-1.1903040000000003
-1.1903050000000004
-1.1903040000000003
-1.1903050000000004
-1.1903040000000003
-1.1903050000000004
-1.1903040000000003
-1.1903050000000004
-1.1903040000000003
-1.1903050000000004
-1.1903040000000003
-1.1903050000000004
-1.1903040000000003
-1.1903050000000004
-1.1903040000000003
-1.1903050000000004
-1.1903040000000003
-1.1903050000000004
-1.1903040000000003
-1.1903050000000004
-1.1903040000000003
-1.1903050000000004
-1.1903040000000003
-1.1903050000000004
-1.1903040000000003
-1.1903050000000004
-1.1903040000000003
-1.1903050000000004
-1.1903040000000003
-1.1903050000000004
-1.1903040000000003
-1.1903050000000004
-1.1903040000000003
-1.1903050000000004
-1.1903040000000003
-1.1903050000000004
-1.1903040000000003
