1.2378300000000007
1.2626650000000001
1.2378300000000007
1.2626650000000001
1.2378300000000007
1.2626650000000001
1.2378300000000007
1.2626650000000001
1.2378300000000007
1.2626650000000001
1.2378300000000007
1.2626650000000001
1.2378300000000007
1.2626650000000001
1.2378300000000007
1.2626650000000001
1.2378300000000007
1.2626650000000001
1.2378300000000007
1.2626650000000001
1.2378300000000007
1.2626650000000001
1.2378300000000007
1.2626650000000001
1.2378300000000007
1.2626650000000001
1.2378300000000007
1.2626650000000001
1.2378300000000007
1.2626650000000001
1.2378300000000007
1.2626650000000001
1.2378300000000007
1.2626650000000001
1.2378300000000007
1.2626650000000001
1.2378300000000007
1.2626650000000001
1.2378300000000007
1.2626650000000001
1.2378300000000007
1.2626650000000001
1.2378300000000007
1.2626650000000001
1.2378300000000007
1.2626650000000001
1.2378300000000007
1.2626650000000001
1.2378300000000007
1.2626650000000001
1.2378300000000007
1.2626650000000001
1.2378300000000007
1.2626650000000001
1.2378300000000007
1.2626650000000001
1.2378300000000007
1.2626650000000001
1.2378300000000007
1.2626650000000001
1.2378300000000007
1.2626650000000001
1.2378300000000007
1.2626650000000001
1.2378300000000007
1.2626650000000001
1.2378300000000007
1.2626650000000001
1.2378300000000007
1.2626650000000001
1.2378300000000007
1.2626650000000001
1.2378300000000007
1.2626650000000001
1.2378300000000007
1.2626650000000001
1.2378300000000007
1.2626650000000001
1.2378300000000007
1.2626650000000001
1.2378300000000007
1.2626650000000001
1.2378300000000007
1.2626650000000001
1.2378300000000007
1.2626650000000001
1.2378300000000007
1.2626650000000001
1.2378300000000007
1.2626650000000001
1.2378300000000007
1.2626650000000001
1.2378300000000007
1.2626650000000001
1.2378300000000007
1.2626650000000001
1.2378300000000007
1.2626650000000001
1.2378300000000007
1.2626650000000001
1.2378300000000007
1.2626650000000001
1.2378300000000007
1.2626650000000001
1.2378300000000007
1.2626650000000001
1.2378300000000007
1.2626650000000001
1.2378300000000007
1.2626650000000001
1.2378300000000007
1.2626650000000001
1.2378300000000007
1.2626650000000001
1.2378300000000007
1.2626650000000001
1.2378300000000007
1.2626650000000001
1.2378300000000007
1.2626650000000001
-1.2471870000000003
-1.2533079999999996
-1.2471870000000003
-1.2533079999999996
-1.2471870000000003
-1.2533079999999996
-1.2471870000000003
-1.2533079999999996
-1.2471870000000003
-1.2533079999999996
-1.2471870000000003
-1.2533079999999996
-1.2471870000000003
-1.2533079999999996
-1.2471870000000003
-1.2533079999999996
-1.2471870000000003
-1.2533079999999996
-1.2471870000000003
-1.2533079999999996
-1.2471870000000003
-1.2533079999999996
-1.2471870000000003
-1.2533079999999996
-1.2471870000000003
-1.2533079999999996
-1.2471870000000003
-1.2533079999999996
-1.2471870000000003
-1.2533079999999996
-1.2471870000000003
-1.2533079999999996
-1.2471870000000003
-1.2533079999999996
-1.2471870000000003
-1.2533079999999996
-1.2471870000000003
-1.2533079999999996
-1.2471870000000003
-1.2533079999999996
-1.2471870000000003
-1.2533079999999996
-1.2471870000000003
-1.2533079999999996
-1.2471870000000003
-1.2533079999999996
-1.2471870000000003
-1.2533079999999996
-1.2471870000000003
-1.2533079999999996
-1.2471870000000003
-1.2533079999999996
-1.2471870000000003
-1.2533079999999996
-1.2471870000000003
-1.2533079999999996
-1.2471870000000003
-1.2533079999999996
-1.2471870000000003
-1.2533079999999996
-1.2471870000000003
-1.2533079999999996
-1.2471870000000003
-1.2533079999999996
-1.2471870000000003
-1.2533079999999996
-1.2471870000000003
-1.2533079999999996
-1.2471870000000003
-1.2533079999999996
-1.2471870000000003
-1.2533079999999996
-1.2471870000000003
-1.2533079999999996
-1.2471870000000003
-1.2533079999999996
-1.2471870000000003
-1.2533079999999996
-1.2471870000000003
-1.2533079999999996
-1.2471870000000003
-1.2533079999999996
-1.2471870000000003
-1.2533079999999996
-1.2471870000000003
-1.2533079999999996
-1.2471870000000003
-1.2533079999999996
-1.2471870000000003
-1.2533079999999996
-1.2471870000000003
-1.2533079999999996
-1.2471870000000003
-1.2533079999999996
-1.2471870000000003
-1.2533079999999996
-1.2471870000000003
-1.2533079999999996
-1.2471870000000003
-1.2533079999999996
-1.2471870000000003
-1.2533079999999996
-1.2471870000000003
-1.2533079999999996
-1.2471870000000003
-1.2533079999999996
-1.2471870000000003
-1.2533079999999996
-1.2471870000000003
-1.2533079999999996
-1.2471870000000003
-1.2533079999999996
-1.2471870000000003
-1.2533079999999996
-1.2471870000000003
-1.2533079999999996
-1.2471870000000003
-1.2533079999999996
-1.2471870000000003
-1.2533079999999996
