1.4326349999999994
1.4219899999999992
1.4236310000000003
1.431146
1.4326349999999994
1.4219899999999992
1.4236310000000003
1.431146
1.4326349999999994
1.4219899999999992
1.4236310000000003
1.431146
1.4326349999999994
1.4219899999999992
1.4236310000000003
1.431146
1.4326349999999994
1.4219899999999992
1.4236310000000003
1.431146
1.4326349999999994
1.4219899999999992
1.4236310000000003
1.431146
1.4326349999999994
1.4219899999999992
1.4236310000000003
1.431146
1.4326349999999994
1.4219899999999992
1.4236310000000003
1.431146
1.4326349999999994
1.4219899999999992
1.4236310000000003
1.431146
1.4326349999999994
1.4219899999999992
1.4236310000000003
1.431146
1.4326349999999994
1.4219899999999992
1.4236310000000003
1.431146
1.4326349999999994
1.4219899999999992
1.4236310000000003
1.431146
1.4326349999999994
1.4219899999999992
1.4236310000000003
1.431146
1.4326349999999994
1.4219899999999992
1.4236310000000003
1.431146
1.4326349999999994
1.4219899999999992
1.4236310000000003
1.431146
1.4326349999999994
1.4219899999999992
1.4236310000000003
1.431146
1.4326349999999994
1.4219899999999992
1.4236310000000003
1.431146
1.4326349999999994
1.4219899999999992
1.4236310000000003
1.431146
1.4326349999999994
1.4219899999999992
1.4236310000000003
1.431146
1.4326349999999994
1.4219899999999992
1.4236310000000003
1.431146
1.4326349999999994
1.4219899999999992
1.4236310000000003
1.431146
1.4326349999999994
1.4219899999999992
1.4236310000000003
1.431146
1.4326349999999994
1.4219899999999992
1.4236310000000003
1.431146
1.4326349999999994
1.4219899999999992
1.4236310000000003
1.431146
1.4326349999999994
1.4219899999999992
1.4236310000000003
1.431146
1.4326349999999994
1.4219899999999992
1.4236310000000003
1.431146
1.4326349999999994
1.4219899999999992
1.4236310000000003
1.431146
1.4326349999999994
1.4219899999999992
1.4236310000000003
1.431146
1.4326349999999994
1.4219899999999992
1.4236310000000003
1.431146
1.4326349999999994
1.4219899999999992
1.4236310000000003
1.431146
1.4326349999999994
1.4219899999999992
1.4236310000000003
1.431146
1.4326349999999994
1.4219899999999992
1.4236310000000003
1.431146
1.4326349999999994
1.4219899999999992
1.4236310000000003
1.431146
1.4326349999999994
1.4219899999999992
1.4236310000000003
1.431146
1.4326349999999994
1.4219899999999992
1.4236310000000003
1.431146
1.4326349999999994
1.4219899999999992
1.4236310000000003
1.431146
-1.4304560000000004
-1.4266990000000002
-1.4277699999999998
-1.4244770000000004
-1.4304560000000004
-1.4266990000000002
-1.4277699999999998
-1.4244770000000004
-1.4304560000000004
-1.4266990000000002
-1.4277699999999998
-1.4244770000000004
-1.4304560000000004
-1.4266990000000002
-1.4277699999999998
-1.4244770000000004
-1.4304560000000004
-1.4266990000000002
-1.4277699999999998
-1.4244770000000004
-1.4304560000000004
-1.4266990000000002
-1.4277699999999998
-1.4244770000000004
-1.4304560000000004
-1.4266990000000002
-1.4277699999999998
-1.4244770000000004
-1.4304560000000004
-1.4266990000000002
-1.4277699999999998
-1.4244770000000004
-1.4304560000000004
-1.4266990000000002
-1.4277699999999998
-1.4244770000000004
-1.4304560000000004
-1.4266990000000002
-1.4277699999999998
-1.4244770000000004
-1.4304560000000004
-1.4266990000000002
-1.4277699999999998
-1.4244770000000004
-1.4304560000000004
-1.4266990000000002
-1.4277699999999998
-1.4244770000000004
-1.4304560000000004
-1.4266990000000002
-1.4277699999999998
-1.4244770000000004
-1.4304560000000004
-1.4266990000000002
-1.4277699999999998
-1.4244770000000004
-1.4304560000000004
-1.4266990000000002
-1.4277699999999998
-1.4244770000000004
-1.4304560000000004
-1.4266990000000002
-1.4277699999999998
-1.4244770000000004
-1.4304560000000004
-1.4266990000000002
-1.4277699999999998
-1.4244770000000004
-1.4304560000000004
-1.4266990000000002
-1.4277699999999998
-1.4244770000000004
-1.4304560000000004
-1.4266990000000002
-1.4277699999999998
-1.4244770000000004
-1.4304560000000004
-1.4266990000000002
-1.4277699999999998
-1.4244770000000004
-1.4304560000000004
-1.4266990000000002
-1.4277699999999998
-1.4244770000000004
-1.4304560000000004
-1.4266990000000002
-1.4277699999999998
-1.4244770000000004
-1.4304560000000004
-1.4266990000000002
-1.4277699999999998
-1.4244770000000004
-1.4304560000000004
-1.4266990000000002
-1.4277699999999998
-1.4244770000000004
-1.4304560000000004
-1.4266990000000002
-1.4277699999999998
-1.4244770000000004
-1.4304560000000004
-1.4266990000000002
-1.4277699999999998
-1.4244770000000004
-1.4304560000000004
-1.4266990000000002
-1.4277699999999998
-1.4244770000000004
-1.4304560000000004
-1.4266990000000002
-1.4277699999999998
-1.4244770000000004
-1.4304560000000004
-1.4266990000000002
-1.4277699999999998
-1.4244770000000004
-1.4304560000000004
-1.4266990000000002
-1.4277699999999998
-1.4244770000000004
-1.4304560000000004
-1.4266990000000002
-1.4277699999999998
-1.4244770000000004
-1.4304560000000004
-1.4266990000000002
-1.4277699999999998
-1.4244770000000004
-1.4304560000000004
-1.4266990000000002
-1.4277699999999998
-1.4244770000000004
-1.4304560000000004
-1.4266990000000002
-1.4277699999999998
-1.4244770000000004
-1.4304560000000004
-1.4266990000000002
-1.4277699999999998
-1.4244770000000004
-1.4304560000000004
-1.4266990000000002
-1.4277699999999998
-1.4244770000000004
