0.9737720000000003
0.9737720000000003
0.9737720000000003
0.9737720000000003
0.9737720000000003
0.9737720000000003
0.9737720000000003
0.9737720000000003
0.9737720000000003
0.9737720000000003
0.9737720000000003
0.9737720000000003
0.9737720000000003
0.9737720000000003
0.9737720000000003
0.9737720000000003
0.9737720000000003
0.9737720000000003
0.9737720000000003
0.9737720000000003
0.9737720000000003
0.9737720000000003
0.9737720000000003
0.9737720000000003
0.9737720000000003
0.9737720000000003
0.9737720000000003
-0.9737720000000003
-0.9737720000000003
-0.9737720000000003
-0.9737720000000003
-0.9737720000000003
-0.9737720000000003
-0.9737720000000003
-0.9737720000000003
-0.9737720000000003
-0.9737720000000003
-0.9737720000000003
-0.9737720000000003
-0.9737720000000003
-0.9737720000000003
-0.9737720000000003
-0.9737720000000003
-0.9737720000000003
-0.9737720000000003
-0.9737720000000003
-0.9737720000000003
-0.9737720000000003
-0.9737720000000003
-0.9737720000000003
-0.9737720000000003
-0.9737720000000003
-0.9737720000000003
-0.9737720000000003
