1.3982080000000003
1.3952299999999997
1.3982080000000003
1.3952299999999997
1.3982080000000003
1.3952299999999997
1.3982080000000003
1.3952299999999997
1.3982080000000003
1.3952299999999997
1.3982080000000003
1.3952299999999997
1.3982080000000003
1.3952299999999997
1.3982080000000003
1.3952299999999997
1.3982080000000003
1.3952299999999997
1.3982080000000003
1.3952299999999997
1.3982080000000003
1.3952299999999997
1.3982080000000003
1.3952299999999997
1.3982080000000003
1.3952299999999997
1.3982080000000003
1.3952299999999997
1.3982080000000003
1.3952299999999997
1.3982080000000003
1.3952299999999997
1.3982080000000003
1.3952299999999997
1.3982080000000003
1.3952299999999997
1.3982080000000003
1.3952299999999997
1.3982080000000003
1.3952299999999997
1.3982080000000003
1.3952299999999997
1.3982080000000003
1.3952299999999997
1.3982080000000003
1.3952299999999997
1.3982080000000003
1.3952299999999997
1.3982080000000003
1.3952299999999997
1.3982080000000003
1.3952299999999997
1.3982080000000003
1.3952299999999997
1.3982080000000003
1.3952299999999997
1.3982080000000003
1.3952299999999997
1.3982080000000003
1.3952299999999997
1.3982080000000003
1.3952299999999997
1.3982080000000003
1.3952299999999997
1.3982080000000003
1.3952299999999997
1.3982080000000003
1.3952299999999997
1.3982080000000003
1.3952299999999997
1.3982080000000003
1.3952299999999997
1.3982080000000003
1.3952299999999997
1.3982080000000003
1.3952299999999997
1.3982080000000003
1.3952299999999997
1.3982080000000003
1.3952299999999997
1.3982080000000003
1.3952299999999997
1.3982080000000003
1.3952299999999997
1.3982080000000003
1.3952299999999997
1.3982080000000003
1.3952299999999997
1.3982080000000003
1.3952299999999997
1.3982080000000003
1.3952299999999997
1.3982080000000003
1.3952299999999997
1.3982080000000003
1.3952299999999997
1.3982080000000003
1.3952299999999997
1.3982080000000003
1.3952299999999997
1.3982080000000003
1.3952299999999997
1.3982080000000003
1.3952299999999997
1.3982080000000003
1.3952299999999997
1.3982080000000003
1.3952299999999997
1.3982080000000003
1.3952299999999997
1.3982080000000003
1.3952299999999997
1.3982080000000003
1.3952299999999997
1.3982080000000003
1.3952299999999997
1.3982080000000003
1.3952299999999997
1.3982080000000003
1.3952299999999997
-1.3981149999999998
-1.3953239999999996
-1.3981149999999998
-1.3953239999999996
-1.3981149999999998
-1.3953239999999996
-1.3981149999999998
-1.3953239999999996
-1.3981149999999998
-1.3953239999999996
-1.3981149999999998
-1.3953239999999996
-1.3981149999999998
-1.3953239999999996
-1.3981149999999998
-1.3953239999999996
-1.3981149999999998
-1.3953239999999996
-1.3981149999999998
-1.3953239999999996
-1.3981149999999998
-1.3953239999999996
-1.3981149999999998
-1.3953239999999996
-1.3981149999999998
-1.3953239999999996
-1.3981149999999998
-1.3953239999999996
-1.3981149999999998
-1.3953239999999996
-1.3981149999999998
-1.3953239999999996
-1.3981149999999998
-1.3953239999999996
-1.3981149999999998
-1.3953239999999996
-1.3981149999999998
-1.3953239999999996
-1.3981149999999998
-1.3953239999999996
-1.3981149999999998
-1.3953239999999996
-1.3981149999999998
-1.3953239999999996
-1.3981149999999998
-1.3953239999999996
-1.3981149999999998
-1.3953239999999996
-1.3981149999999998
-1.3953239999999996
-1.3981149999999998
-1.3953239999999996
-1.3981149999999998
-1.3953239999999996
-1.3981149999999998
-1.3953239999999996
-1.3981149999999998
-1.3953239999999996
-1.3981149999999998
-1.3953239999999996
-1.3981149999999998
-1.3953239999999996
-1.3981149999999998
-1.3953239999999996
-1.3981149999999998
-1.3953239999999996
-1.3981149999999998
-1.3953239999999996
-1.3981149999999998
-1.3953239999999996
-1.3981149999999998
-1.3953239999999996
-1.3981149999999998
-1.3953239999999996
-1.3981149999999998
-1.3953239999999996
-1.3981149999999998
-1.3953239999999996
-1.3981149999999998
-1.3953239999999996
-1.3981149999999998
-1.3953239999999996
-1.3981149999999998
-1.3953239999999996
-1.3981149999999998
-1.3953239999999996
-1.3981149999999998
-1.3953239999999996
-1.3981149999999998
-1.3953239999999996
-1.3981149999999998
-1.3953239999999996
-1.3981149999999998
-1.3953239999999996
-1.3981149999999998
-1.3953239999999996
-1.3981149999999998
-1.3953239999999996
-1.3981149999999998
-1.3953239999999996
-1.3981149999999998
-1.3953239999999996
-1.3981149999999998
-1.3953239999999996
-1.3981149999999998
-1.3953239999999996
-1.3981149999999998
-1.3953239999999996
-1.3981149999999998
-1.3953239999999996
-1.3981149999999998
-1.3953239999999996
-1.3981149999999998
-1.3953239999999996
-1.3981149999999998
-1.3953239999999996
-1.3981149999999998
-1.3953239999999996
-1.3981149999999998
-1.3953239999999996
