1.4057259999999996
1.4057259999999996
1.4057259999999996
1.4057259999999996
1.4057259999999996
1.4057259999999996
1.4057259999999996
1.4057259999999996
1.4057259999999996
1.4057259999999996
1.4057259999999996
1.4057259999999996
1.4057259999999996
1.4057259999999996
1.4057259999999996
1.4057259999999996
1.4057259999999996
1.4057259999999996
1.4057259999999996
1.4057259999999996
1.4057259999999996
1.4057259999999996
1.4057259999999996
1.4057259999999996
1.4057259999999996
1.4057259999999996
1.4057259999999996
1.4057259999999996
1.4057259999999996
1.4057259999999996
1.4057259999999996
1.4057259999999996
1.4057259999999996
1.4057259999999996
1.4057259999999996
1.4057259999999996
1.4057259999999996
1.4057259999999996
1.4057259999999996
1.4057259999999996
1.4057259999999996
1.4057259999999996
1.4057259999999996
1.4057259999999996
1.4057259999999996
1.4057259999999996
1.4057259999999996
1.4057259999999996
1.4057259999999996
1.4057259999999996
1.4057259999999996
1.4057259999999996
1.4057259999999996
1.4057259999999996
1.4057259999999996
1.4057259999999996
1.4057259999999996
1.4057259999999996
1.4057259999999996
1.4057259999999996
1.4057259999999996
1.4057259999999996
1.4057259999999996
1.4057259999999996
-1.4057279999999999
-1.4057279999999999
-1.4057279999999999
-1.4057279999999999
-1.4057279999999999
-1.4057279999999999
-1.4057279999999999
-1.4057279999999999
-1.4057279999999999
-1.4057279999999999
-1.4057279999999999
-1.4057279999999999
-1.4057279999999999
-1.4057279999999999
-1.4057279999999999
-1.4057279999999999
-1.4057279999999999
-1.4057279999999999
-1.4057279999999999
-1.4057279999999999
-1.4057279999999999
-1.4057279999999999
-1.4057279999999999
-1.4057279999999999
-1.4057279999999999
-1.4057279999999999
-1.4057279999999999
-1.4057279999999999
-1.4057279999999999
-1.4057279999999999
-1.4057279999999999
-1.4057279999999999
-1.4057279999999999
-1.4057279999999999
-1.4057279999999999
-1.4057279999999999
-1.4057279999999999
-1.4057279999999999
-1.4057279999999999
-1.4057279999999999
-1.4057279999999999
-1.4057279999999999
-1.4057279999999999
-1.4057279999999999
-1.4057279999999999
-1.4057279999999999
-1.4057279999999999
-1.4057279999999999
-1.4057279999999999
-1.4057279999999999
-1.4057279999999999
-1.4057279999999999
-1.4057279999999999
-1.4057279999999999
-1.4057279999999999
-1.4057279999999999
-1.4057279999999999
-1.4057279999999999
-1.4057279999999999
-1.4057279999999999
-1.4057279999999999
-1.4057279999999999
-1.4057279999999999
-1.4057279999999999
