1.3654019999999996
1.3654019999999996
1.3654019999999996
1.3654019999999996
1.3654019999999996
1.3654019999999996
1.3654019999999996
1.3654019999999996
1.3654019999999996
1.3654019999999996
1.3654019999999996
1.3654019999999996
1.3654019999999996
1.3654019999999996
1.3654019999999996
1.3654019999999996
1.3654019999999996
1.3654019999999996
1.3654019999999996
1.3654019999999996
1.3654019999999996
1.3654019999999996
1.3654019999999996
1.3654019999999996
1.3654019999999996
1.3654019999999996
1.3654019999999996
1.3654019999999996
1.3654019999999996
1.3654019999999996
1.3654019999999996
1.3654019999999996
1.3654019999999996
1.3654019999999996
1.3654019999999996
1.3654019999999996
1.3654019999999996
1.3654019999999996
1.3654019999999996
1.3654019999999996
1.3654019999999996
1.3654019999999996
1.3654019999999996
1.3654019999999996
1.3654019999999996
1.3654019999999996
1.3654019999999996
1.3654019999999996
1.3654019999999996
1.3654019999999996
1.3654019999999996
1.3654019999999996
1.3654019999999996
1.3654019999999996
-1.3654029999999997
-1.3654029999999997
-1.3654029999999997
-1.3654029999999997
-1.3654029999999997
-1.3654029999999997
-1.3654029999999997
-1.3654029999999997
-1.3654029999999997
-1.3654029999999997
-1.3654029999999997
-1.3654029999999997
-1.3654029999999997
-1.3654029999999997
-1.3654029999999997
-1.3654029999999997
-1.3654029999999997
-1.3654029999999997
-1.3654029999999997
-1.3654029999999997
-1.3654029999999997
-1.3654029999999997
-1.3654029999999997
-1.3654029999999997
-1.3654029999999997
-1.3654029999999997
-1.3654029999999997
-1.3654029999999997
-1.3654029999999997
-1.3654029999999997
-1.3654029999999997
-1.3654029999999997
-1.3654029999999997
-1.3654029999999997
-1.3654029999999997
-1.3654029999999997
-1.3654029999999997
-1.3654029999999997
-1.3654029999999997
-1.3654029999999997
-1.3654029999999997
-1.3654029999999997
-1.3654029999999997
-1.3654029999999997
-1.3654029999999997
-1.3654029999999997
-1.3654029999999997
-1.3654029999999997
-1.3654029999999997
-1.3654029999999997
-1.3654029999999997
-1.3654029999999997
-1.3654029999999997
-1.3654029999999997
