1.3355519999999999
1.3355519999999999
1.3355519999999999
1.3355519999999999
1.3355519999999999
1.3355519999999999
1.3355519999999999
1.3355519999999999
1.3355519999999999
1.3355519999999999
1.3355519999999999
1.3355519999999999
1.3355519999999999
1.3355519999999999
1.3355519999999999
1.3355519999999999
1.3355519999999999
1.3355519999999999
1.3355519999999999
1.3355519999999999
1.3355519999999999
1.3355519999999999
1.3355519999999999
1.3355519999999999
1.3355519999999999
1.3355519999999999
1.3355519999999999
1.3355519999999999
1.3355519999999999
1.3355519999999999
1.3355519999999999
1.3355519999999999
1.3355519999999999
1.3355519999999999
1.3355519999999999
1.3355519999999999
1.3355519999999999
1.3355519999999999
1.3355519999999999
1.3355519999999999
1.3355519999999999
1.3355519999999999
1.3355519999999999
1.3355519999999999
1.3355519999999999
1.3355519999999999
1.3355519999999999
1.3355519999999999
1.3355519999999999
1.3355519999999999
1.3355519999999999
1.3355519999999999
1.3355519999999999
1.3355519999999999
1.3355519999999999
1.3355519999999999
1.3355519999999999
1.3355519999999999
1.3355519999999999
1.3355519999999999
1.3355519999999999
1.3355519999999999
1.3355519999999999
1.3355519999999999
1.3355519999999999
1.3355519999999999
1.3355519999999999
1.3355519999999999
1.3355519999999999
1.3355519999999999
1.3355519999999999
1.3355519999999999
1.3355519999999999
1.3355519999999999
1.3355519999999999
1.3355519999999999
1.3355519999999999
1.3355519999999999
1.3355519999999999
1.3355519999999999
1.3355519999999999
1.3355519999999999
1.3355519999999999
1.3355519999999999
1.3355519999999999
1.3355519999999999
1.3355519999999999
1.3355519999999999
1.3355519999999999
1.3355519999999999
1.3355519999999999
1.3355519999999999
1.3355519999999999
1.3355519999999999
1.3355519999999999
1.3355519999999999
-1.3355499999999996
-1.3355569999999997
-1.3355499999999996
-1.3355569999999997
-1.3355499999999996
-1.3355569999999997
-1.3355499999999996
-1.3355569999999997
-1.3355499999999996
-1.3355569999999997
-1.3355499999999996
-1.3355569999999997
-1.3355499999999996
-1.3355569999999997
-1.3355499999999996
-1.3355569999999997
-1.3355499999999996
-1.3355569999999997
-1.3355499999999996
-1.3355569999999997
-1.3355499999999996
-1.3355569999999997
-1.3355499999999996
-1.3355569999999997
-1.3355499999999996
-1.3355569999999997
-1.3355499999999996
-1.3355569999999997
-1.3355499999999996
-1.3355569999999997
-1.3355499999999996
-1.3355569999999997
-1.3355499999999996
-1.3355569999999997
-1.3355499999999996
-1.3355569999999997
-1.3355499999999996
-1.3355569999999997
-1.3355499999999996
-1.3355569999999997
-1.3355499999999996
-1.3355569999999997
-1.3355499999999996
-1.3355569999999997
-1.3355499999999996
-1.3355569999999997
-1.3355499999999996
-1.3355569999999997
-1.3355499999999996
-1.3355569999999997
-1.3355499999999996
-1.3355569999999997
-1.3355499999999996
-1.3355569999999997
-1.3355499999999996
-1.3355569999999997
-1.3355499999999996
-1.3355569999999997
-1.3355499999999996
-1.3355569999999997
-1.3355499999999996
-1.3355569999999997
-1.3355499999999996
-1.3355569999999997
-1.3355499999999996
-1.3355569999999997
-1.3355499999999996
-1.3355569999999997
-1.3355499999999996
-1.3355569999999997
-1.3355499999999996
-1.3355569999999997
-1.3355499999999996
-1.3355569999999997
-1.3355499999999996
-1.3355569999999997
-1.3355499999999996
-1.3355569999999997
-1.3355499999999996
-1.3355569999999997
-1.3355499999999996
-1.3355569999999997
-1.3355499999999996
-1.3355569999999997
-1.3355499999999996
-1.3355569999999997
-1.3355499999999996
-1.3355569999999997
-1.3355499999999996
-1.3355569999999997
-1.3355499999999996
-1.3355569999999997
-1.3355499999999996
-1.3355569999999997
-1.3355499999999996
-1.3355569999999997
