1.3315350000000006
1.2814809999999994
1.3315350000000006
1.2814809999999994
1.3315350000000006
1.2814809999999994
1.3315350000000006
1.2814809999999994
1.3315350000000006
1.2814809999999994
1.3315350000000006
1.2814809999999994
1.3315350000000006
1.2814809999999994
1.3315350000000006
1.2814809999999994
1.3315350000000006
1.2814809999999994
1.3315350000000006
1.2814809999999994
1.3315350000000006
1.2814809999999994
1.3315350000000006
1.2814809999999994
1.3315350000000006
1.2814809999999994
1.3315350000000006
1.2814809999999994
1.3315350000000006
1.2814809999999994
1.3315350000000006
1.2814809999999994
1.3315350000000006
1.2814809999999994
1.3315350000000006
1.2814809999999994
1.3315350000000006
1.2814809999999994
1.3315350000000006
1.2814809999999994
1.3315350000000006
1.2814809999999994
1.3315350000000006
1.2814809999999994
1.3315350000000006
1.2814809999999994
1.3315350000000006
1.2814809999999994
1.3315350000000006
1.2814809999999994
1.3315350000000006
1.2814809999999994
1.3315350000000006
1.2814809999999994
1.3315350000000006
1.2814809999999994
1.3315350000000006
1.2814809999999994
1.3315350000000006
1.2814809999999994
1.3315350000000006
1.2814809999999994
1.3315350000000006
1.2814809999999994
1.3315350000000006
1.2814809999999994
1.3315350000000006
1.2814809999999994
1.3315350000000006
1.2814809999999994
1.3315350000000006
1.2814809999999994
1.3315350000000006
1.2814809999999994
1.3315350000000006
1.2814809999999994
1.3315350000000006
1.2814809999999994
1.3315350000000006
1.2814809999999994
1.3315350000000006
1.2814809999999994
1.3315350000000006
1.2814809999999994
1.3315350000000006
1.2814809999999994
1.3315350000000006
1.2814809999999994
1.3315350000000006
1.2814809999999994
1.3315350000000006
1.2814809999999994
1.3315350000000006
1.2814809999999994
1.3315350000000006
1.2814809999999994
1.3315350000000006
1.2814809999999994
1.3315350000000006
1.2814809999999994
1.3315350000000006
1.2814809999999994
1.3315350000000006
1.2814809999999994
1.3315350000000006
1.2814809999999994
1.3315350000000006
1.2814809999999994
1.3315350000000006
1.2814809999999994
1.3315350000000006
1.2814809999999994
1.3315350000000006
1.2814809999999994
1.3315350000000006
1.2814809999999994
1.3315350000000006
1.2814809999999994
1.3315350000000006
1.2814809999999994
-1.2934609999999997
-1.3195540000000001
-1.2934609999999997
-1.3195540000000001
-1.2934609999999997
-1.3195540000000001
-1.2934609999999997
-1.3195540000000001
-1.2934609999999997
-1.3195540000000001
-1.2934609999999997
-1.3195540000000001
-1.2934609999999997
-1.3195540000000001
-1.2934609999999997
-1.3195540000000001
-1.2934609999999997
-1.3195540000000001
-1.2934609999999997
-1.3195540000000001
-1.2934609999999997
-1.3195540000000001
-1.2934609999999997
-1.3195540000000001
-1.2934609999999997
-1.3195540000000001
-1.2934609999999997
-1.3195540000000001
-1.2934609999999997
-1.3195540000000001
-1.2934609999999997
-1.3195540000000001
-1.2934609999999997
-1.3195540000000001
-1.2934609999999997
-1.3195540000000001
-1.2934609999999997
-1.3195540000000001
-1.2934609999999997
-1.3195540000000001
-1.2934609999999997
-1.3195540000000001
-1.2934609999999997
-1.3195540000000001
-1.2934609999999997
-1.3195540000000001
-1.2934609999999997
-1.3195540000000001
-1.2934609999999997
-1.3195540000000001
-1.2934609999999997
-1.3195540000000001
-1.2934609999999997
-1.3195540000000001
-1.2934609999999997
-1.3195540000000001
-1.2934609999999997
-1.3195540000000001
-1.2934609999999997
-1.3195540000000001
-1.2934609999999997
-1.3195540000000001
-1.2934609999999997
-1.3195540000000001
-1.2934609999999997
-1.3195540000000001
-1.2934609999999997
-1.3195540000000001
-1.2934609999999997
-1.3195540000000001
-1.2934609999999997
-1.3195540000000001
-1.2934609999999997
-1.3195540000000001
-1.2934609999999997
-1.3195540000000001
-1.2934609999999997
-1.3195540000000001
-1.2934609999999997
-1.3195540000000001
-1.2934609999999997
-1.3195540000000001
-1.2934609999999997
-1.3195540000000001
-1.2934609999999997
-1.3195540000000001
-1.2934609999999997
-1.3195540000000001
-1.2934609999999997
-1.3195540000000001
-1.2934609999999997
-1.3195540000000001
-1.2934609999999997
-1.3195540000000001
-1.2934609999999997
-1.3195540000000001
-1.2934609999999997
-1.3195540000000001
-1.2934609999999997
-1.3195540000000001
-1.2934609999999997
-1.3195540000000001
-1.2934609999999997
-1.3195540000000001
-1.2934609999999997
-1.3195540000000001
-1.2934609999999997
-1.3195540000000001
-1.2934609999999997
-1.3195540000000001
-1.2934609999999997
-1.3195540000000001
-1.2934609999999997
-1.3195540000000001
-1.2934609999999997
-1.3195540000000001
-1.2934609999999997
-1.3195540000000001
-1.2934609999999997
-1.3195540000000001
