1.4316049999999994
1.4300420000000003
1.4299330000000001
1.43295
1.4316049999999994
1.4300420000000003
1.4299330000000001
1.43295
1.4316049999999994
1.4300420000000003
1.4299330000000001
1.43295
1.4316049999999994
1.4300420000000003
1.4299330000000001
1.43295
1.4316049999999994
1.4300420000000003
1.4299330000000001
1.43295
1.4316049999999994
1.4300420000000003
1.4299330000000001
1.43295
1.4316049999999994
1.4300420000000003
1.4299330000000001
1.43295
1.4316049999999994
1.4300420000000003
1.4299330000000001
1.43295
1.4316049999999994
1.4300420000000003
1.4299330000000001
1.43295
1.4316049999999994
1.4300420000000003
1.4299330000000001
1.43295
1.4316049999999994
1.4300420000000003
1.4299330000000001
1.43295
1.4316049999999994
1.4300420000000003
1.4299330000000001
1.43295
1.4316049999999994
1.4300420000000003
1.4299330000000001
1.43295
1.4316049999999994
1.4300420000000003
1.4299330000000001
1.43295
1.4316049999999994
1.4300420000000003
1.4299330000000001
1.43295
1.4316049999999994
1.4300420000000003
1.4299330000000001
1.43295
1.4316049999999994
1.4300420000000003
1.4299330000000001
1.43295
1.4316049999999994
1.4300420000000003
1.4299330000000001
1.43295
1.4316049999999994
1.4300420000000003
1.4299330000000001
1.43295
1.4316049999999994
1.4300420000000003
1.4299330000000001
1.43295
1.4316049999999994
1.4300420000000003
1.4299330000000001
1.43295
1.4316049999999994
1.4300420000000003
1.4299330000000001
1.43295
1.4316049999999994
1.4300420000000003
1.4299330000000001
1.43295
1.4316049999999994
1.4300420000000003
1.4299330000000001
1.43295
1.4316049999999994
1.4300420000000003
1.4299330000000001
1.43295
1.4316049999999994
1.4300420000000003
1.4299330000000001
1.43295
1.4316049999999994
1.4300420000000003
1.4299330000000001
1.43295
1.4316049999999994
1.4300420000000003
1.4299330000000001
1.43295
1.4316049999999994
1.4300420000000003
1.4299330000000001
1.43295
1.4316049999999994
1.4300420000000003
1.4299330000000001
1.43295
1.4316049999999994
1.4300420000000003
1.4299330000000001
1.43295
1.4316049999999994
1.4300420000000003
1.4299330000000001
1.43295
1.4316049999999994
1.4300420000000003
1.4299330000000001
1.43295
1.4316049999999994
1.4300420000000003
1.4299330000000001
1.43295
1.4316049999999994
1.4300420000000003
1.4299330000000001
1.43295
1.4316049999999994
1.4300420000000003
1.4299330000000001
1.43295
-1.4310609999999997
-1.4325489999999999
-1.4318669999999996
-1.4290539999999998
-1.4310609999999997
-1.4325489999999999
-1.4318669999999996
-1.4290539999999998
-1.4310609999999997
-1.4325489999999999
-1.4318669999999996
-1.4290539999999998
-1.4310609999999997
-1.4325489999999999
-1.4318669999999996
-1.4290539999999998
-1.4310609999999997
-1.4325489999999999
-1.4318669999999996
-1.4290539999999998
-1.4310609999999997
-1.4325489999999999
-1.4318669999999996
-1.4290539999999998
-1.4310609999999997
-1.4325489999999999
-1.4318669999999996
-1.4290539999999998
-1.4310609999999997
-1.4325489999999999
-1.4318669999999996
-1.4290539999999998
-1.4310609999999997
-1.4325489999999999
-1.4318669999999996
-1.4290539999999998
-1.4310609999999997
-1.4325489999999999
-1.4318669999999996
-1.4290539999999998
-1.4310609999999997
-1.4325489999999999
-1.4318669999999996
-1.4290539999999998
-1.4310609999999997
-1.4325489999999999
-1.4318669999999996
-1.4290539999999998
-1.4310609999999997
-1.4325489999999999
-1.4318669999999996
-1.4290539999999998
-1.4310609999999997
-1.4325489999999999
-1.4318669999999996
-1.4290539999999998
-1.4310609999999997
-1.4325489999999999
-1.4318669999999996
-1.4290539999999998
-1.4310609999999997
-1.4325489999999999
-1.4318669999999996
-1.4290539999999998
-1.4310609999999997
-1.4325489999999999
-1.4318669999999996
-1.4290539999999998
-1.4310609999999997
-1.4325489999999999
-1.4318669999999996
-1.4290539999999998
-1.4310609999999997
-1.4325489999999999
-1.4318669999999996
-1.4290539999999998
-1.4310609999999997
-1.4325489999999999
-1.4318669999999996
-1.4290539999999998
-1.4310609999999997
-1.4325489999999999
-1.4318669999999996
-1.4290539999999998
-1.4310609999999997
-1.4325489999999999
-1.4318669999999996
-1.4290539999999998
-1.4310609999999997
-1.4325489999999999
-1.4318669999999996
-1.4290539999999998
-1.4310609999999997
-1.4325489999999999
-1.4318669999999996
-1.4290539999999998
-1.4310609999999997
-1.4325489999999999
-1.4318669999999996
-1.4290539999999998
-1.4310609999999997
-1.4325489999999999
-1.4318669999999996
-1.4290539999999998
-1.4310609999999997
-1.4325489999999999
-1.4318669999999996
-1.4290539999999998
-1.4310609999999997
-1.4325489999999999
-1.4318669999999996
-1.4290539999999998
-1.4310609999999997
-1.4325489999999999
-1.4318669999999996
-1.4290539999999998
-1.4310609999999997
-1.4325489999999999
-1.4318669999999996
-1.4290539999999998
-1.4310609999999997
-1.4325489999999999
-1.4318669999999996
-1.4290539999999998
-1.4310609999999997
-1.4325489999999999
-1.4318669999999996
-1.4290539999999998
-1.4310609999999997
-1.4325489999999999
-1.4318669999999996
-1.4290539999999998
-1.4310609999999997
-1.4325489999999999
-1.4318669999999996
-1.4290539999999998
-1.4310609999999997
-1.4325489999999999
-1.4318669999999996
-1.4290539999999998
-1.4310609999999997
-1.4325489999999999
-1.4318669999999996
-1.4290539999999998
