1.3284760000000002
1.3284760000000002
1.3284760000000002
1.3284760000000002
1.3284760000000002
1.3284760000000002
1.3284760000000002
1.3284760000000002
1.3284760000000002
1.3284760000000002
1.3284760000000002
1.3284760000000002
1.3284760000000002
1.3284760000000002
1.3284760000000002
1.3284760000000002
1.3284760000000002
1.3284760000000002
1.3284760000000002
1.3284760000000002
1.3284760000000002
1.3284760000000002
1.3284760000000002
1.3284760000000002
1.3284760000000002
1.3284760000000002
1.3284760000000002
1.3284760000000002
1.3284760000000002
1.3284760000000002
1.3284760000000002
1.3284760000000002
1.3284760000000002
1.3284760000000002
1.3284760000000002
1.3284760000000002
1.3284760000000002
1.3284760000000002
1.3284760000000002
1.3284760000000002
1.3284760000000002
1.3284760000000002
1.3284760000000002
1.3284760000000002
1.3284760000000002
1.3284760000000002
1.3284760000000002
1.3284760000000002
1.3284760000000002
1.3284760000000002
1.3284760000000002
1.3284760000000002
1.3284760000000002
1.3284760000000002
1.3284760000000002
1.3284760000000002
1.3284760000000002
1.3284760000000002
1.3284760000000002
1.3284760000000002
1.3284760000000002
1.3284760000000002
1.3284760000000002
1.3284760000000002
1.3284760000000002
1.3284760000000002
1.3284760000000002
1.3284760000000002
1.3284760000000002
1.3284760000000002
1.3284760000000002
1.3284760000000002
1.3284760000000002
1.3284760000000002
1.3284760000000002
1.3284760000000002
1.3284760000000002
1.3284760000000002
1.3284760000000002
1.3284760000000002
1.3284760000000002
1.3284760000000002
1.3284760000000002
1.3284760000000002
1.3284760000000002
1.3284760000000002
1.3284760000000002
1.3284760000000002
1.3284760000000002
1.3284760000000002
1.3284760000000002
1.3284760000000002
1.3284760000000002
1.3284760000000002
1.3284760000000002
1.3284760000000002
-1.3284729999999998
-1.328481
-1.3284729999999998
-1.328481
-1.3284729999999998
-1.328481
-1.3284729999999998
-1.328481
-1.3284729999999998
-1.328481
-1.3284729999999998
-1.328481
-1.3284729999999998
-1.328481
-1.3284729999999998
-1.328481
-1.3284729999999998
-1.328481
-1.3284729999999998
-1.328481
-1.3284729999999998
-1.328481
-1.3284729999999998
-1.328481
-1.3284729999999998
-1.328481
-1.3284729999999998
-1.328481
-1.3284729999999998
-1.328481
-1.3284729999999998
-1.328481
-1.3284729999999998
-1.328481
-1.3284729999999998
-1.328481
-1.3284729999999998
-1.328481
-1.3284729999999998
-1.328481
-1.3284729999999998
-1.328481
-1.3284729999999998
-1.328481
-1.3284729999999998
-1.328481
-1.3284729999999998
-1.328481
-1.3284729999999998
-1.328481
-1.3284729999999998
-1.328481
-1.3284729999999998
-1.328481
-1.3284729999999998
-1.328481
-1.3284729999999998
-1.328481
-1.3284729999999998
-1.328481
-1.3284729999999998
-1.328481
-1.3284729999999998
-1.328481
-1.3284729999999998
-1.328481
-1.3284729999999998
-1.328481
-1.3284729999999998
-1.328481
-1.3284729999999998
-1.328481
-1.3284729999999998
-1.328481
-1.3284729999999998
-1.328481
-1.3284729999999998
-1.328481
-1.3284729999999998
-1.328481
-1.3284729999999998
-1.328481
-1.3284729999999998
-1.328481
-1.3284729999999998
-1.328481
-1.3284729999999998
-1.328481
-1.3284729999999998
-1.328481
-1.3284729999999998
-1.328481
-1.3284729999999998
-1.328481
-1.3284729999999998
-1.328481
