1.4686389999999996
1.4686389999999996
1.4686389999999996
1.4686389999999996
1.4686389999999996
1.4686389999999996
1.4686389999999996
1.4686389999999996
1.4686389999999996
1.4686389999999996
1.4686389999999996
1.4686389999999996
1.4686389999999996
1.4686389999999996
1.4686389999999996
1.4686389999999996
1.4686389999999996
1.4686389999999996
1.4686389999999996
1.4686389999999996
1.4686389999999996
1.4686389999999996
1.4686389999999996
1.4686389999999996
1.4686389999999996
1.4686389999999996
1.4686389999999996
1.4686389999999996
1.4686389999999996
1.4686389999999996
1.4686389999999996
1.4686389999999996
1.4686389999999996
1.4686389999999996
1.4686389999999996
1.4686389999999996
1.4686389999999996
1.4686389999999996
1.4686389999999996
1.4686389999999996
1.4686389999999996
1.4686389999999996
1.4686389999999996
1.4686389999999996
1.4686389999999996
1.4686389999999996
1.4686389999999996
1.4686389999999996
1.4686389999999996
1.4686389999999996
1.4686389999999996
1.4686389999999996
1.4686389999999996
1.4686389999999996
1.4686389999999996
1.4686389999999996
1.4686389999999996
1.4686389999999996
1.4686389999999996
1.4686389999999996
1.4686389999999996
1.4686389999999996
1.4686389999999996
1.4686389999999996
1.4686389999999996
1.4686389999999996
1.4686389999999996
1.4686389999999996
1.4686389999999996
1.4686389999999996
1.4686389999999996
1.4686389999999996
-1.468642
-1.468642
-1.468642
-1.468642
-1.468642
-1.468642
-1.468642
-1.468642
-1.468642
-1.468642
-1.468642
-1.468642
-1.468642
-1.468642
-1.468642
-1.468642
-1.468642
-1.468642
-1.468642
-1.468642
-1.468642
-1.468642
-1.468642
-1.468642
-1.468642
-1.468642
-1.468642
-1.468642
-1.468642
-1.468642
-1.468642
-1.468642
-1.468642
-1.468642
-1.468642
-1.468642
-1.468642
-1.468642
-1.468642
-1.468642
-1.468642
-1.468642
-1.468642
-1.468642
-1.468642
-1.468642
-1.468642
-1.468642
-1.468642
-1.468642
-1.468642
-1.468642
-1.468642
-1.468642
-1.468642
-1.468642
-1.468642
-1.468642
-1.468642
-1.468642
-1.468642
-1.468642
-1.468642
-1.468642
-1.468642
-1.468642
-1.468642
-1.468642
-1.468642
-1.468642
-1.468642
-1.468642
