1.4312830000000005
1.428839
1.4325390000000002
1.4242439999999998
1.4312830000000005
1.428839
1.4325390000000002
1.4242439999999998
1.4312830000000005
1.428839
1.4325390000000002
1.4242439999999998
1.4312830000000005
1.428839
1.4325390000000002
1.4242439999999998
1.4312830000000005
1.428839
1.4325390000000002
1.4242439999999998
1.4312830000000005
1.428839
1.4325390000000002
1.4242439999999998
1.4312830000000005
1.428839
1.4325390000000002
1.4242439999999998
1.4312830000000005
1.428839
1.4325390000000002
1.4242439999999998
1.4312830000000005
1.428839
1.4325390000000002
1.4242439999999998
1.4312830000000005
1.428839
1.4325390000000002
1.4242439999999998
1.4312830000000005
1.428839
1.4325390000000002
1.4242439999999998
1.4312830000000005
1.428839
1.4325390000000002
1.4242439999999998
1.4312830000000005
1.428839
1.4325390000000002
1.4242439999999998
1.4312830000000005
1.428839
1.4325390000000002
1.4242439999999998
1.4312830000000005
1.428839
1.4325390000000002
1.4242439999999998
1.4312830000000005
1.428839
1.4325390000000002
1.4242439999999998
1.4312830000000005
1.428839
1.4325390000000002
1.4242439999999998
1.4312830000000005
1.428839
1.4325390000000002
1.4242439999999998
1.4312830000000005
1.428839
1.4325390000000002
1.4242439999999998
1.4312830000000005
1.428839
1.4325390000000002
1.4242439999999998
1.4312830000000005
1.428839
1.4325390000000002
1.4242439999999998
1.4312830000000005
1.428839
1.4325390000000002
1.4242439999999998
1.4312830000000005
1.428839
1.4325390000000002
1.4242439999999998
1.4312830000000005
1.428839
1.4325390000000002
1.4242439999999998
1.4312830000000005
1.428839
1.4325390000000002
1.4242439999999998
1.4312830000000005
1.428839
1.4325390000000002
1.4242439999999998
1.4312830000000005
1.428839
1.4325390000000002
1.4242439999999998
1.4312830000000005
1.428839
1.4325390000000002
1.4242439999999998
1.4312830000000005
1.428839
1.4325390000000002
1.4242439999999998
1.4312830000000005
1.428839
1.4325390000000002
1.4242439999999998
1.4312830000000005
1.428839
1.4325390000000002
1.4242439999999998
1.4312830000000005
1.428839
1.4325390000000002
1.4242439999999998
1.4312830000000005
1.428839
1.4325390000000002
1.4242439999999998
1.4312830000000005
1.428839
1.4325390000000002
1.4242439999999998
1.4312830000000005
1.428839
1.4325390000000002
1.4242439999999998
1.4312830000000005
1.428839
1.4325390000000002
1.4242439999999998
-1.4275120000000001
-1.4286919999999999
-1.4310029999999996
-1.4296980000000001
-1.4275120000000001
-1.4286919999999999
-1.4310029999999996
-1.4296980000000001
-1.4275120000000001
-1.4286919999999999
-1.4310029999999996
-1.4296980000000001
-1.4275120000000001
-1.4286919999999999
-1.4310029999999996
-1.4296980000000001
-1.4275120000000001
-1.4286919999999999
-1.4310029999999996
-1.4296980000000001
-1.4275120000000001
-1.4286919999999999
-1.4310029999999996
-1.4296980000000001
-1.4275120000000001
-1.4286919999999999
-1.4310029999999996
-1.4296980000000001
-1.4275120000000001
-1.4286919999999999
-1.4310029999999996
-1.4296980000000001
-1.4275120000000001
-1.4286919999999999
-1.4310029999999996
-1.4296980000000001
-1.4275120000000001
-1.4286919999999999
-1.4310029999999996
-1.4296980000000001
-1.4275120000000001
-1.4286919999999999
-1.4310029999999996
-1.4296980000000001
-1.4275120000000001
-1.4286919999999999
-1.4310029999999996
-1.4296980000000001
-1.4275120000000001
-1.4286919999999999
-1.4310029999999996
-1.4296980000000001
-1.4275120000000001
-1.4286919999999999
-1.4310029999999996
-1.4296980000000001
-1.4275120000000001
-1.4286919999999999
-1.4310029999999996
-1.4296980000000001
-1.4275120000000001
-1.4286919999999999
-1.4310029999999996
-1.4296980000000001
-1.4275120000000001
-1.4286919999999999
-1.4310029999999996
-1.4296980000000001
-1.4275120000000001
-1.4286919999999999
-1.4310029999999996
-1.4296980000000001
-1.4275120000000001
-1.4286919999999999
-1.4310029999999996
-1.4296980000000001
-1.4275120000000001
-1.4286919999999999
-1.4310029999999996
-1.4296980000000001
-1.4275120000000001
-1.4286919999999999
-1.4310029999999996
-1.4296980000000001
-1.4275120000000001
-1.4286919999999999
-1.4310029999999996
-1.4296980000000001
-1.4275120000000001
-1.4286919999999999
-1.4310029999999996
-1.4296980000000001
-1.4275120000000001
-1.4286919999999999
-1.4310029999999996
-1.4296980000000001
-1.4275120000000001
-1.4286919999999999
-1.4310029999999996
-1.4296980000000001
-1.4275120000000001
-1.4286919999999999
-1.4310029999999996
-1.4296980000000001
-1.4275120000000001
-1.4286919999999999
-1.4310029999999996
-1.4296980000000001
-1.4275120000000001
-1.4286919999999999
-1.4310029999999996
-1.4296980000000001
-1.4275120000000001
-1.4286919999999999
-1.4310029999999996
-1.4296980000000001
-1.4275120000000001
-1.4286919999999999
-1.4310029999999996
-1.4296980000000001
-1.4275120000000001
-1.4286919999999999
-1.4310029999999996
-1.4296980000000001
-1.4275120000000001
-1.4286919999999999
-1.4310029999999996
-1.4296980000000001
-1.4275120000000001
-1.4286919999999999
-1.4310029999999996
-1.4296980000000001
-1.4275120000000001
-1.4286919999999999
-1.4310029999999996
-1.4296980000000001
-1.4275120000000001
-1.4286919999999999
-1.4310029999999996
-1.4296980000000001
-1.4275120000000001
-1.4286919999999999
-1.4310029999999996
-1.4296980000000001
