1.4636019999999998
1.4636019999999998
1.4636019999999998
1.4636019999999998
1.4636019999999998
1.4636019999999998
1.4636019999999998
1.4636019999999998
1.4636019999999998
1.4636019999999998
1.4636019999999998
1.4636019999999998
1.4636019999999998
1.4636019999999998
1.4636019999999998
1.4636019999999998
1.4636019999999998
1.4636019999999998
1.4636019999999998
1.4636019999999998
1.4636019999999998
1.4636019999999998
1.4636019999999998
1.4636019999999998
1.4636019999999998
1.4636019999999998
1.4636019999999998
1.4636019999999998
1.4636019999999998
1.4636019999999998
1.4636019999999998
1.4636019999999998
1.4636019999999998
1.4636019999999998
1.4636019999999998
1.4636019999999998
1.4636019999999998
1.4636019999999998
1.4636019999999998
1.4636019999999998
1.4636019999999998
1.4636019999999998
1.4636019999999998
1.4636019999999998
1.4636019999999998
1.4636019999999998
1.4636019999999998
1.4636019999999998
1.4636019999999998
1.4636019999999998
1.4636019999999998
1.4636019999999998
1.4636019999999998
1.4636019999999998
1.4636019999999998
1.4636019999999998
1.4636019999999998
1.4636019999999998
1.4636019999999998
1.4636019999999998
1.4636019999999998
1.4636019999999998
1.4636019999999998
1.4636019999999998
-1.4636019999999998
-1.4636019999999998
-1.4636019999999998
-1.4636019999999998
-1.4636019999999998
-1.4636019999999998
-1.4636019999999998
-1.4636019999999998
-1.4636019999999998
-1.4636019999999998
-1.4636019999999998
-1.4636019999999998
-1.4636019999999998
-1.4636019999999998
-1.4636019999999998
-1.4636019999999998
-1.4636019999999998
-1.4636019999999998
-1.4636019999999998
-1.4636019999999998
-1.4636019999999998
-1.4636019999999998
-1.4636019999999998
-1.4636019999999998
-1.4636019999999998
-1.4636019999999998
-1.4636019999999998
-1.4636019999999998
-1.4636019999999998
-1.4636019999999998
-1.4636019999999998
-1.4636019999999998
-1.4636019999999998
-1.4636019999999998
-1.4636019999999998
-1.4636019999999998
-1.4636019999999998
-1.4636019999999998
-1.4636019999999998
-1.4636019999999998
-1.4636019999999998
-1.4636019999999998
-1.4636019999999998
-1.4636019999999998
-1.4636019999999998
-1.4636019999999998
-1.4636019999999998
-1.4636019999999998
-1.4636019999999998
-1.4636019999999998
-1.4636019999999998
-1.4636019999999998
-1.4636019999999998
-1.4636019999999998
-1.4636019999999998
-1.4636019999999998
-1.4636019999999998
-1.4636019999999998
-1.4636019999999998
-1.4636019999999998
-1.4636019999999998
-1.4636019999999998
-1.4636019999999998
-1.4636019999999998
