1.4322359999999996
1.4322359999999996
1.4322359999999996
1.4322359999999996
1.4322359999999996
1.4322359999999996
1.4322359999999996
1.4322359999999996
1.4322359999999996
1.4322359999999996
1.4322359999999996
1.4322359999999996
1.4322359999999996
1.4322359999999996
1.4322359999999996
1.4322359999999996
1.4322359999999996
1.4322359999999996
1.4322359999999996
1.4322359999999996
1.4322359999999996
1.4322359999999996
1.4322359999999996
1.4322359999999996
1.4322359999999996
1.4322359999999996
1.4322359999999996
1.4322359999999996
1.4322359999999996
1.4322359999999996
1.4322359999999996
1.4322359999999996
1.4322359999999996
1.4322359999999996
1.4322359999999996
1.4322359999999996
1.4322359999999996
1.4322359999999996
1.4322359999999996
1.4322359999999996
1.4322359999999996
1.4322359999999996
1.4322359999999996
1.4322359999999996
1.4322359999999996
1.4322359999999996
1.4322359999999996
1.4322359999999996
1.4322359999999996
1.4322359999999996
1.4322359999999996
1.4322359999999996
1.4322359999999996
1.4322359999999996
-1.4322369999999998
-1.4322369999999998
-1.4322369999999998
-1.4322369999999998
-1.4322369999999998
-1.4322369999999998
-1.4322369999999998
-1.4322369999999998
-1.4322369999999998
-1.4322369999999998
-1.4322369999999998
-1.4322369999999998
-1.4322369999999998
-1.4322369999999998
-1.4322369999999998
-1.4322369999999998
-1.4322369999999998
-1.4322369999999998
-1.4322369999999998
-1.4322369999999998
-1.4322369999999998
-1.4322369999999998
-1.4322369999999998
-1.4322369999999998
-1.4322369999999998
-1.4322369999999998
-1.4322369999999998
-1.4322369999999998
-1.4322369999999998
-1.4322369999999998
-1.4322369999999998
-1.4322369999999998
-1.4322369999999998
-1.4322369999999998
-1.4322369999999998
-1.4322369999999998
-1.4322369999999998
-1.4322369999999998
-1.4322369999999998
-1.4322369999999998
-1.4322369999999998
-1.4322369999999998
-1.4322369999999998
-1.4322369999999998
-1.4322369999999998
-1.4322369999999998
-1.4322369999999998
-1.4322369999999998
-1.4322369999999998
-1.4322369999999998
-1.4322369999999998
-1.4322369999999998
-1.4322369999999998
-1.4322369999999998
