1.2518340000000006
1.2642589999999991
1.2518340000000006
1.2642589999999991
1.2518340000000006
1.2642589999999991
1.2518340000000006
1.2642589999999991
1.2518340000000006
1.2642589999999991
1.2518340000000006
1.2642589999999991
1.2518340000000006
1.2642589999999991
1.2518340000000006
1.2642589999999991
1.2518340000000006
1.2642589999999991
1.2518340000000006
1.2642589999999991
1.2518340000000006
1.2642589999999991
1.2518340000000006
1.2642589999999991
1.2518340000000006
1.2642589999999991
1.2518340000000006
1.2642589999999991
1.2518340000000006
1.2642589999999991
1.2518340000000006
1.2642589999999991
1.2518340000000006
1.2642589999999991
1.2518340000000006
1.2642589999999991
1.2518340000000006
1.2642589999999991
1.2518340000000006
1.2642589999999991
1.2518340000000006
1.2642589999999991
1.2518340000000006
1.2642589999999991
1.2518340000000006
1.2642589999999991
1.2518340000000006
1.2642589999999991
1.2518340000000006
1.2642589999999991
1.2518340000000006
1.2642589999999991
1.2518340000000006
1.2642589999999991
1.2518340000000006
1.2642589999999991
1.2518340000000006
1.2642589999999991
1.2518340000000006
1.2642589999999991
1.2518340000000006
1.2642589999999991
1.2518340000000006
1.2642589999999991
1.2518340000000006
1.2642589999999991
1.2518340000000006
1.2642589999999991
1.2518340000000006
1.2642589999999991
1.2518340000000006
1.2642589999999991
1.2518340000000006
1.2642589999999991
1.2518340000000006
1.2642589999999991
1.2518340000000006
1.2642589999999991
1.2518340000000006
1.2642589999999991
1.2518340000000006
1.2642589999999991
1.2518340000000006
1.2642589999999991
1.2518340000000006
1.2642589999999991
1.2518340000000006
1.2642589999999991
1.2518340000000006
1.2642589999999991
-1.2730139999999999
-1.24308
-1.2730139999999999
-1.24308
-1.2730139999999999
-1.24308
-1.2730139999999999
-1.24308
-1.2730139999999999
-1.24308
-1.2730139999999999
-1.24308
-1.2730139999999999
-1.24308
-1.2730139999999999
-1.24308
-1.2730139999999999
-1.24308
-1.2730139999999999
-1.24308
-1.2730139999999999
-1.24308
-1.2730139999999999
-1.24308
-1.2730139999999999
-1.24308
-1.2730139999999999
-1.24308
-1.2730139999999999
-1.24308
-1.2730139999999999
-1.24308
-1.2730139999999999
-1.24308
-1.2730139999999999
-1.24308
-1.2730139999999999
-1.24308
-1.2730139999999999
-1.24308
-1.2730139999999999
-1.24308
-1.2730139999999999
-1.24308
-1.2730139999999999
-1.24308
-1.2730139999999999
-1.24308
-1.2730139999999999
-1.24308
-1.2730139999999999
-1.24308
-1.2730139999999999
-1.24308
-1.2730139999999999
-1.24308
-1.2730139999999999
-1.24308
-1.2730139999999999
-1.24308
-1.2730139999999999
-1.24308
-1.2730139999999999
-1.24308
-1.2730139999999999
-1.24308
-1.2730139999999999
-1.24308
-1.2730139999999999
-1.24308
-1.2730139999999999
-1.24308
-1.2730139999999999
-1.24308
-1.2730139999999999
-1.24308
-1.2730139999999999
-1.24308
-1.2730139999999999
-1.24308
-1.2730139999999999
-1.24308
-1.2730139999999999
-1.24308
-1.2730139999999999
-1.24308
-1.2730139999999999
-1.24308
-1.2730139999999999
-1.24308
