1.4489800000000006
1.4506189999999997
1.4482149999999994
1.4502760000000006
1.4489800000000006
1.4506189999999997
1.4482149999999994
1.4502760000000006
1.4489800000000006
1.4506189999999997
1.4482149999999994
1.4502760000000006
1.4489800000000006
1.4506189999999997
1.4482149999999994
1.4502760000000006
1.4489800000000006
1.4506189999999997
1.4482149999999994
1.4502760000000006
1.4489800000000006
1.4506189999999997
1.4482149999999994
1.4502760000000006
1.4489800000000006
1.4506189999999997
1.4482149999999994
1.4502760000000006
1.4489800000000006
1.4506189999999997
1.4482149999999994
1.4502760000000006
1.4489800000000006
1.4506189999999997
1.4482149999999994
1.4502760000000006
1.4489800000000006
1.4506189999999997
1.4482149999999994
1.4502760000000006
1.4489800000000006
1.4506189999999997
1.4482149999999994
1.4502760000000006
1.4489800000000006
1.4506189999999997
1.4482149999999994
1.4502760000000006
1.4489800000000006
1.4506189999999997
1.4482149999999994
1.4502760000000006
1.4489800000000006
1.4506189999999997
1.4482149999999994
1.4502760000000006
1.4489800000000006
1.4506189999999997
1.4482149999999994
1.4502760000000006
1.4489800000000006
1.4506189999999997
1.4482149999999994
1.4502760000000006
1.4489800000000006
1.4506189999999997
1.4482149999999994
1.4502760000000006
1.4489800000000006
1.4506189999999997
1.4482149999999994
1.4502760000000006
1.4489800000000006
1.4506189999999997
1.4482149999999994
1.4502760000000006
1.4489800000000006
1.4506189999999997
1.4482149999999994
1.4502760000000006
1.4489800000000006
1.4506189999999997
1.4482149999999994
1.4502760000000006
1.4489800000000006
1.4506189999999997
1.4482149999999994
1.4502760000000006
1.4489800000000006
1.4506189999999997
1.4482149999999994
1.4502760000000006
1.4489800000000006
1.4506189999999997
1.4482149999999994
1.4502760000000006
1.4489800000000006
1.4506189999999997
1.4482149999999994
1.4502760000000006
1.4489800000000006
1.4506189999999997
1.4482149999999994
1.4502760000000006
1.4489800000000006
1.4506189999999997
1.4482149999999994
1.4502760000000006
-1.4488219999999998
-1.4500510000000002
-1.4492209999999996
-1.4499959999999996
-1.4488219999999998
-1.4500510000000002
-1.4492209999999996
-1.4499959999999996
-1.4488219999999998
-1.4500510000000002
-1.4492209999999996
-1.4499959999999996
-1.4488219999999998
-1.4500510000000002
-1.4492209999999996
-1.4499959999999996
-1.4488219999999998
-1.4500510000000002
-1.4492209999999996
-1.4499959999999996
-1.4488219999999998
-1.4500510000000002
-1.4492209999999996
-1.4499959999999996
-1.4488219999999998
-1.4500510000000002
-1.4492209999999996
-1.4499959999999996
-1.4488219999999998
-1.4500510000000002
-1.4492209999999996
-1.4499959999999996
-1.4488219999999998
-1.4500510000000002
-1.4492209999999996
-1.4499959999999996
-1.4488219999999998
-1.4500510000000002
-1.4492209999999996
-1.4499959999999996
-1.4488219999999998
-1.4500510000000002
-1.4492209999999996
-1.4499959999999996
-1.4488219999999998
-1.4500510000000002
-1.4492209999999996
-1.4499959999999996
-1.4488219999999998
-1.4500510000000002
-1.4492209999999996
-1.4499959999999996
-1.4488219999999998
-1.4500510000000002
-1.4492209999999996
-1.4499959999999996
-1.4488219999999998
-1.4500510000000002
-1.4492209999999996
-1.4499959999999996
-1.4488219999999998
-1.4500510000000002
-1.4492209999999996
-1.4499959999999996
-1.4488219999999998
-1.4500510000000002
-1.4492209999999996
-1.4499959999999996
-1.4488219999999998
-1.4500510000000002
-1.4492209999999996
-1.4499959999999996
-1.4488219999999998
-1.4500510000000002
-1.4492209999999996
-1.4499959999999996
-1.4488219999999998
-1.4500510000000002
-1.4492209999999996
-1.4499959999999996
-1.4488219999999998
-1.4500510000000002
-1.4492209999999996
-1.4499959999999996
-1.4488219999999998
-1.4500510000000002
-1.4492209999999996
-1.4499959999999996
-1.4488219999999998
-1.4500510000000002
-1.4492209999999996
-1.4499959999999996
-1.4488219999999998
-1.4500510000000002
-1.4492209999999996
-1.4499959999999996
-1.4488219999999998
-1.4500510000000002
-1.4492209999999996
-1.4499959999999996
-1.4488219999999998
-1.4500510000000002
-1.4492209999999996
-1.4499959999999996
-1.4488219999999998
-1.4500510000000002
-1.4492209999999996
-1.4499959999999996
