1.37805
1.3671310000000005
1.37805
1.3671310000000005
1.37805
1.3671310000000005
1.37805
1.3671310000000005
1.37805
1.3671310000000005
1.37805
1.3671310000000005
1.37805
1.3671310000000005
1.37805
1.3671310000000005
1.37805
1.3671310000000005
1.37805
1.3671310000000005
1.37805
1.3671310000000005
1.37805
1.3671310000000005
1.37805
1.3671310000000005
1.37805
1.3671310000000005
1.37805
1.3671310000000005
1.37805
1.3671310000000005
1.37805
1.3671310000000005
1.37805
1.3671310000000005
1.37805
1.3671310000000005
1.37805
1.3671310000000005
1.37805
1.3671310000000005
1.37805
1.3671310000000005
1.37805
1.3671310000000005
1.37805
1.3671310000000005
1.37805
1.3671310000000005
1.37805
1.3671310000000005
1.37805
1.3671310000000005
1.37805
1.3671310000000005
1.37805
1.3671310000000005
1.37805
1.3671310000000005
1.37805
1.3671310000000005
1.37805
1.3671310000000005
1.37805
1.3671310000000005
1.37805
1.3671310000000005
1.37805
1.3671310000000005
1.37805
1.3671310000000005
1.37805
1.3671310000000005
1.37805
1.3671310000000005
1.37805
1.3671310000000005
1.37805
1.3671310000000005
1.37805
1.3671310000000005
1.37805
1.3671310000000005
1.37805
1.3671310000000005
1.37805
1.3671310000000005
1.37805
1.3671310000000005
1.37805
1.3671310000000005
1.37805
1.3671310000000005
1.37805
1.3671310000000005
-1.3747490000000004
-1.3704299999999998
-1.3747490000000004
-1.3704299999999998
-1.3747490000000004
-1.3704299999999998
-1.3747490000000004
-1.3704299999999998
-1.3747490000000004
-1.3704299999999998
-1.3747490000000004
-1.3704299999999998
-1.3747490000000004
-1.3704299999999998
-1.3747490000000004
-1.3704299999999998
-1.3747490000000004
-1.3704299999999998
-1.3747490000000004
-1.3704299999999998
-1.3747490000000004
-1.3704299999999998
-1.3747490000000004
-1.3704299999999998
-1.3747490000000004
-1.3704299999999998
-1.3747490000000004
-1.3704299999999998
-1.3747490000000004
-1.3704299999999998
-1.3747490000000004
-1.3704299999999998
-1.3747490000000004
-1.3704299999999998
-1.3747490000000004
-1.3704299999999998
-1.3747490000000004
-1.3704299999999998
-1.3747490000000004
-1.3704299999999998
-1.3747490000000004
-1.3704299999999998
-1.3747490000000004
-1.3704299999999998
-1.3747490000000004
-1.3704299999999998
-1.3747490000000004
-1.3704299999999998
-1.3747490000000004
-1.3704299999999998
-1.3747490000000004
-1.3704299999999998
-1.3747490000000004
-1.3704299999999998
-1.3747490000000004
-1.3704299999999998
-1.3747490000000004
-1.3704299999999998
-1.3747490000000004
-1.3704299999999998
-1.3747490000000004
-1.3704299999999998
-1.3747490000000004
-1.3704299999999998
-1.3747490000000004
-1.3704299999999998
-1.3747490000000004
-1.3704299999999998
-1.3747490000000004
-1.3704299999999998
-1.3747490000000004
-1.3704299999999998
-1.3747490000000004
-1.3704299999999998
-1.3747490000000004
-1.3704299999999998
-1.3747490000000004
-1.3704299999999998
-1.3747490000000004
-1.3704299999999998
-1.3747490000000004
-1.3704299999999998
-1.3747490000000004
-1.3704299999999998
-1.3747490000000004
-1.3704299999999998
-1.3747490000000004
-1.3704299999999998
-1.3747490000000004
-1.3704299999999998
-1.3747490000000004
-1.3704299999999998
-1.3747490000000004
-1.3704299999999998
-1.3747490000000004
-1.3704299999999998
