1.1549829999999996
1.1549829999999996
1.1549829999999996
1.1549829999999996
1.1549829999999996
1.1549829999999996
1.1549829999999996
1.1549829999999996
1.1549829999999996
1.1549829999999996
1.1549829999999996
1.1549829999999996
1.1549829999999996
1.1549829999999996
1.1549829999999996
1.1549829999999996
1.1549829999999996
1.1549829999999996
1.1549829999999996
1.1549829999999996
1.1549829999999996
1.1549829999999996
1.1549829999999996
1.1549829999999996
1.1549829999999996
1.1549829999999996
1.1549829999999996
-1.1549810000000003
-1.1549810000000003
-1.1549810000000003
-1.1549810000000003
-1.1549810000000003
-1.1549810000000003
-1.1549810000000003
-1.1549810000000003
-1.1549810000000003
-1.1549810000000003
-1.1549810000000003
-1.1549810000000003
-1.1549810000000003
-1.1549810000000003
-1.1549810000000003
-1.1549810000000003
-1.1549810000000003
-1.1549810000000003
-1.1549810000000003
-1.1549810000000003
-1.1549810000000003
-1.1549810000000003
-1.1549810000000003
-1.1549810000000003
-1.1549810000000003
-1.1549810000000003
-1.1549810000000003
