1.3061120000000006
1.3176880000000004
1.3393879999999996
1.3433969999999995
1.3061120000000006
1.3176880000000004
1.3393879999999996
1.3433969999999995
1.3061120000000006
1.3176880000000004
1.3393879999999996
1.3433969999999995
1.3061120000000006
1.3176880000000004
1.3393879999999996
1.3433969999999995
1.3061120000000006
1.3176880000000004
1.3393879999999996
1.3433969999999995
1.3061120000000006
1.3176880000000004
1.3393879999999996
1.3433969999999995
1.3061120000000006
1.3176880000000004
1.3393879999999996
1.3433969999999995
1.3061120000000006
1.3176880000000004
1.3393879999999996
1.3433969999999995
1.3061120000000006
1.3176880000000004
1.3393879999999996
1.3433969999999995
1.3061120000000006
1.3176880000000004
1.3393879999999996
1.3433969999999995
1.3061120000000006
1.3176880000000004
1.3393879999999996
1.3433969999999995
1.3061120000000006
1.3176880000000004
1.3393879999999996
1.3433969999999995
1.3061120000000006
1.3176880000000004
1.3393879999999996
1.3433969999999995
1.3061120000000006
1.3176880000000004
1.3393879999999996
1.3433969999999995
1.3061120000000006
1.3176880000000004
1.3393879999999996
1.3433969999999995
1.3061120000000006
1.3176880000000004
1.3393879999999996
1.3433969999999995
1.3061120000000006
1.3176880000000004
1.3393879999999996
1.3433969999999995
1.3061120000000006
1.3176880000000004
1.3393879999999996
1.3433969999999995
1.3061120000000006
1.3176880000000004
1.3393879999999996
1.3433969999999995
1.3061120000000006
1.3176880000000004
1.3393879999999996
1.3433969999999995
1.3061120000000006
1.3176880000000004
1.3393879999999996
1.3433969999999995
1.3061120000000006
1.3176880000000004
1.3393879999999996
1.3433969999999995
1.3061120000000006
1.3176880000000004
1.3393879999999996
1.3433969999999995
1.3061120000000006
1.3176880000000004
1.3393879999999996
1.3433969999999995
1.3061120000000006
1.3176880000000004
1.3393879999999996
1.3433969999999995
1.3061120000000006
1.3176880000000004
1.3393879999999996
1.3433969999999995
1.3061120000000006
1.3176880000000004
1.3393879999999996
1.3433969999999995
1.3061120000000006
1.3176880000000004
1.3393879999999996
1.3433969999999995
1.3061120000000006
1.3176880000000004
1.3393879999999996
1.3433969999999995
1.3061120000000006
1.3176880000000004
1.3393879999999996
1.3433969999999995
1.3061120000000006
1.3176880000000004
1.3393879999999996
1.3433969999999995
1.3061120000000006
1.3176880000000004
1.3393879999999996
1.3433969999999995
1.3061120000000006
1.3176880000000004
1.3393879999999996
1.3433969999999995
1.3061120000000006
1.3176880000000004
1.3393879999999996
1.3433969999999995
1.3061120000000006
1.3176880000000004
1.3393879999999996
1.3433969999999995
1.3061120000000006
1.3176880000000004
1.3393879999999996
1.3433969999999995
1.3061120000000006
1.3176880000000004
1.3393879999999996
1.3433969999999995
1.3061120000000006
1.3176880000000004
1.3393879999999996
1.3433969999999995
1.3061120000000006
1.3176880000000004
1.3393879999999996
1.3433969999999995
1.3061120000000006
1.3176880000000004
1.3393879999999996
1.3433969999999995
1.3061120000000006
1.3176880000000004
1.3393879999999996
1.3433969999999995
1.3061120000000006
1.3176880000000004
1.3393879999999996
1.3433969999999995
1.3061120000000006
1.3176880000000004
1.3393879999999996
1.3433969999999995
1.3061120000000006
1.3176880000000004
1.3393879999999996
1.3433969999999995
1.3061120000000006
1.3176880000000004
1.3393879999999996
1.3433969999999995
1.3061120000000006
1.3176880000000004
1.3393879999999996
1.3433969999999995
1.3061120000000006
1.3176880000000004
1.3393879999999996
1.3433969999999995
1.3061120000000006
1.3176880000000004
1.3393879999999996
1.3433969999999995
-1.3454920000000001
-1.3020959999999997
-1.318498
-1.3405019999999999
-1.3454920000000001
-1.3020959999999997
-1.318498
-1.3405019999999999
-1.3454920000000001
-1.3020959999999997
-1.318498
-1.3405019999999999
-1.3454920000000001
-1.3020959999999997
-1.318498
-1.3405019999999999
-1.3454920000000001
-1.3020959999999997
-1.318498
-1.3405019999999999
-1.3454920000000001
-1.3020959999999997
-1.318498
-1.3405019999999999
-1.3454920000000001
-1.3020959999999997
-1.318498
-1.3405019999999999
-1.3454920000000001
-1.3020959999999997
-1.318498
-1.3405019999999999
-1.3454920000000001
-1.3020959999999997
-1.318498
-1.3405019999999999
-1.3454920000000001
-1.3020959999999997
-1.318498
-1.3405019999999999
-1.3454920000000001
-1.3020959999999997
-1.318498
-1.3405019999999999
-1.3454920000000001
-1.3020959999999997
-1.318498
-1.3405019999999999
-1.3454920000000001
-1.3020959999999997
-1.318498
-1.3405019999999999
-1.3454920000000001
-1.3020959999999997
-1.318498
-1.3405019999999999
-1.3454920000000001
-1.3020959999999997
-1.318498
-1.3405019999999999
-1.3454920000000001
-1.3020959999999997
-1.318498
-1.3405019999999999
-1.3454920000000001
-1.3020959999999997
-1.318498
-1.3405019999999999
-1.3454920000000001
-1.3020959999999997
-1.318498
-1.3405019999999999
-1.3454920000000001
-1.3020959999999997
-1.318498
-1.3405019999999999
-1.3454920000000001
-1.3020959999999997
-1.318498
-1.3405019999999999
-1.3454920000000001
-1.3020959999999997
-1.318498
-1.3405019999999999
-1.3454920000000001
-1.3020959999999997
-1.318498
-1.3405019999999999
-1.3454920000000001
-1.3020959999999997
-1.318498
-1.3405019999999999
-1.3454920000000001
-1.3020959999999997
-1.318498
-1.3405019999999999
-1.3454920000000001
-1.3020959999999997
-1.318498
-1.3405019999999999
-1.3454920000000001
-1.3020959999999997
-1.318498
-1.3405019999999999
-1.3454920000000001
-1.3020959999999997
-1.318498
-1.3405019999999999
-1.3454920000000001
-1.3020959999999997
-1.318498
-1.3405019999999999
-1.3454920000000001
-1.3020959999999997
-1.318498
-1.3405019999999999
-1.3454920000000001
-1.3020959999999997
-1.318498
-1.3405019999999999
-1.3454920000000001
-1.3020959999999997
-1.318498
-1.3405019999999999
-1.3454920000000001
-1.3020959999999997
-1.318498
-1.3405019999999999
-1.3454920000000001
-1.3020959999999997
-1.318498
-1.3405019999999999
-1.3454920000000001
-1.3020959999999997
-1.318498
-1.3405019999999999
-1.3454920000000001
-1.3020959999999997
-1.318498
-1.3405019999999999
-1.3454920000000001
-1.3020959999999997
-1.318498
-1.3405019999999999
-1.3454920000000001
-1.3020959999999997
-1.318498
-1.3405019999999999
-1.3454920000000001
-1.3020959999999997
-1.318498
-1.3405019999999999
-1.3454920000000001
-1.3020959999999997
-1.318498
-1.3405019999999999
-1.3454920000000001
-1.3020959999999997
-1.318498
-1.3405019999999999
-1.3454920000000001
-1.3020959999999997
-1.318498
-1.3405019999999999
-1.3454920000000001
-1.3020959999999997
-1.318498
-1.3405019999999999
-1.3454920000000001
-1.3020959999999997
-1.318498
-1.3405019999999999
-1.3454920000000001
-1.3020959999999997
-1.318498
-1.3405019999999999
-1.3454920000000001
-1.3020959999999997
-1.318498
-1.3405019999999999
-1.3454920000000001
-1.3020959999999997
-1.318498
-1.3405019999999999
-1.3454920000000001
-1.3020959999999997
-1.318498
-1.3405019999999999
-1.3454920000000001
-1.3020959999999997
-1.318498
-1.3405019999999999
