1.2222910000000002
1.2199869999999997
1.2222910000000002
1.2199869999999997
1.2222910000000002
1.2199869999999997
1.2222910000000002
1.2199869999999997
1.2222910000000002
1.2199869999999997
1.2222910000000002
1.2199869999999997
1.2222910000000002
1.2199869999999997
1.2222910000000002
1.2199869999999997
1.2222910000000002
1.2199869999999997
1.2222910000000002
1.2199869999999997
1.2222910000000002
1.2199869999999997
1.2222910000000002
1.2199869999999997
1.2222910000000002
1.2199869999999997
1.2222910000000002
1.2199869999999997
1.2222910000000002
1.2199869999999997
1.2222910000000002
1.2199869999999997
1.2222910000000002
1.2199869999999997
1.2222910000000002
1.2199869999999997
1.2222910000000002
1.2199869999999997
1.2222910000000002
1.2199869999999997
1.2222910000000002
1.2199869999999997
1.2222910000000002
1.2199869999999997
1.2222910000000002
1.2199869999999997
1.2222910000000002
1.2199869999999997
1.2222910000000002
1.2199869999999997
1.2222910000000002
1.2199869999999997
1.2222910000000002
1.2199869999999997
1.2222910000000002
1.2199869999999997
1.2222910000000002
1.2199869999999997
1.2222910000000002
1.2199869999999997
1.2222910000000002
1.2199869999999997
1.2222910000000002
1.2199869999999997
1.2222910000000002
1.2199869999999997
1.2222910000000002
1.2199869999999997
1.2222910000000002
1.2199869999999997
1.2222910000000002
1.2199869999999997
1.2222910000000002
1.2199869999999997
1.2222910000000002
1.2199869999999997
1.2222910000000002
1.2199869999999997
1.2222910000000002
1.2199869999999997
1.2222910000000002
1.2199869999999997
1.2222910000000002
1.2199869999999997
1.2222910000000002
1.2199869999999997
1.2222910000000002
1.2199869999999997
1.2222910000000002
1.2199869999999997
1.2222910000000002
1.2199869999999997
1.2222910000000002
1.2199869999999997
1.2222910000000002
1.2199869999999997
1.2222910000000002
1.2199869999999997
1.2222910000000002
1.2199869999999997
1.2222910000000002
1.2199869999999997
1.2222910000000002
1.2199869999999997
1.2222910000000002
1.2199869999999997
1.2222910000000002
1.2199869999999997
1.2222910000000002
1.2199869999999997
1.2222910000000002
1.2199869999999997
1.2222910000000002
1.2199869999999997
1.2222910000000002
1.2199869999999997
1.2222910000000002
1.2199869999999997
1.2222910000000002
1.2199869999999997
-1.2155139999999998
-1.226763
-1.2155139999999998
-1.226763
-1.2155139999999998
-1.226763
-1.2155139999999998
-1.226763
-1.2155139999999998
-1.226763
-1.2155139999999998
-1.226763
-1.2155139999999998
-1.226763
-1.2155139999999998
-1.226763
-1.2155139999999998
-1.226763
-1.2155139999999998
-1.226763
-1.2155139999999998
-1.226763
-1.2155139999999998
-1.226763
-1.2155139999999998
-1.226763
-1.2155139999999998
-1.226763
-1.2155139999999998
-1.226763
-1.2155139999999998
-1.226763
-1.2155139999999998
-1.226763
-1.2155139999999998
-1.226763
-1.2155139999999998
-1.226763
-1.2155139999999998
-1.226763
-1.2155139999999998
-1.226763
-1.2155139999999998
-1.226763
-1.2155139999999998
-1.226763
-1.2155139999999998
-1.226763
-1.2155139999999998
-1.226763
-1.2155139999999998
-1.226763
-1.2155139999999998
-1.226763
-1.2155139999999998
-1.226763
-1.2155139999999998
-1.226763
-1.2155139999999998
-1.226763
-1.2155139999999998
-1.226763
-1.2155139999999998
-1.226763
-1.2155139999999998
-1.226763
-1.2155139999999998
-1.226763
-1.2155139999999998
-1.226763
-1.2155139999999998
-1.226763
-1.2155139999999998
-1.226763
-1.2155139999999998
-1.226763
-1.2155139999999998
-1.226763
-1.2155139999999998
-1.226763
-1.2155139999999998
-1.226763
-1.2155139999999998
-1.226763
-1.2155139999999998
-1.226763
-1.2155139999999998
-1.226763
-1.2155139999999998
-1.226763
-1.2155139999999998
-1.226763
-1.2155139999999998
-1.226763
-1.2155139999999998
-1.226763
-1.2155139999999998
-1.226763
-1.2155139999999998
-1.226763
-1.2155139999999998
-1.226763
-1.2155139999999998
-1.226763
-1.2155139999999998
-1.226763
-1.2155139999999998
-1.226763
-1.2155139999999998
-1.226763
-1.2155139999999998
-1.226763
-1.2155139999999998
-1.226763
-1.2155139999999998
-1.226763
-1.2155139999999998
-1.226763
-1.2155139999999998
-1.226763
