1.3826680000000007
1.3622669999999992
1.3826680000000007
1.3622669999999992
1.3826680000000007
1.3622669999999992
1.3826680000000007
1.3622669999999992
1.3826680000000007
1.3622669999999992
1.3826680000000007
1.3622669999999992
1.3826680000000007
1.3622669999999992
1.3826680000000007
1.3622669999999992
1.3826680000000007
1.3622669999999992
1.3826680000000007
1.3622669999999992
1.3826680000000007
1.3622669999999992
1.3826680000000007
1.3622669999999992
1.3826680000000007
1.3622669999999992
1.3826680000000007
1.3622669999999992
1.3826680000000007
1.3622669999999992
1.3826680000000007
1.3622669999999992
1.3826680000000007
1.3622669999999992
1.3826680000000007
1.3622669999999992
1.3826680000000007
1.3622669999999992
1.3826680000000007
1.3622669999999992
1.3826680000000007
1.3622669999999992
1.3826680000000007
1.3622669999999992
1.3826680000000007
1.3622669999999992
1.3826680000000007
1.3622669999999992
1.3826680000000007
1.3622669999999992
1.3826680000000007
1.3622669999999992
1.3826680000000007
1.3622669999999992
1.3826680000000007
1.3622669999999992
1.3826680000000007
1.3622669999999992
1.3826680000000007
1.3622669999999992
1.3826680000000007
1.3622669999999992
1.3826680000000007
1.3622669999999992
1.3826680000000007
1.3622669999999992
1.3826680000000007
1.3622669999999992
1.3826680000000007
1.3622669999999992
1.3826680000000007
1.3622669999999992
1.3826680000000007
1.3622669999999992
1.3826680000000007
1.3622669999999992
1.3826680000000007
1.3622669999999992
1.3826680000000007
1.3622669999999992
1.3826680000000007
1.3622669999999992
1.3826680000000007
1.3622669999999992
1.3826680000000007
1.3622669999999992
1.3826680000000007
1.3622669999999992
1.3826680000000007
1.3622669999999992
1.3826680000000007
1.3622669999999992
1.3826680000000007
1.3622669999999992
1.3826680000000007
1.3622669999999992
1.3826680000000007
1.3622669999999992
1.3826680000000007
1.3622669999999992
1.3826680000000007
1.3622669999999992
1.3826680000000007
1.3622669999999992
1.3826680000000007
1.3622669999999992
1.3826680000000007
1.3622669999999992
1.3826680000000007
1.3622669999999992
1.3826680000000007
1.3622669999999992
1.3826680000000007
1.3622669999999992
1.3826680000000007
1.3622669999999992
1.3826680000000007
1.3622669999999992
1.3826680000000007
1.3622669999999992
-1.3690239999999996
-1.3759110000000003
-1.3690239999999996
-1.3759110000000003
-1.3690239999999996
-1.3759110000000003
-1.3690239999999996
-1.3759110000000003
-1.3690239999999996
-1.3759110000000003
-1.3690239999999996
-1.3759110000000003
-1.3690239999999996
-1.3759110000000003
-1.3690239999999996
-1.3759110000000003
-1.3690239999999996
-1.3759110000000003
-1.3690239999999996
-1.3759110000000003
-1.3690239999999996
-1.3759110000000003
-1.3690239999999996
-1.3759110000000003
-1.3690239999999996
-1.3759110000000003
-1.3690239999999996
-1.3759110000000003
-1.3690239999999996
-1.3759110000000003
-1.3690239999999996
-1.3759110000000003
-1.3690239999999996
-1.3759110000000003
-1.3690239999999996
-1.3759110000000003
-1.3690239999999996
-1.3759110000000003
-1.3690239999999996
-1.3759110000000003
-1.3690239999999996
-1.3759110000000003
-1.3690239999999996
-1.3759110000000003
-1.3690239999999996
-1.3759110000000003
-1.3690239999999996
-1.3759110000000003
-1.3690239999999996
-1.3759110000000003
-1.3690239999999996
-1.3759110000000003
-1.3690239999999996
-1.3759110000000003
-1.3690239999999996
-1.3759110000000003
-1.3690239999999996
-1.3759110000000003
-1.3690239999999996
-1.3759110000000003
-1.3690239999999996
-1.3759110000000003
-1.3690239999999996
-1.3759110000000003
-1.3690239999999996
-1.3759110000000003
-1.3690239999999996
-1.3759110000000003
-1.3690239999999996
-1.3759110000000003
-1.3690239999999996
-1.3759110000000003
-1.3690239999999996
-1.3759110000000003
-1.3690239999999996
-1.3759110000000003
-1.3690239999999996
-1.3759110000000003
-1.3690239999999996
-1.3759110000000003
-1.3690239999999996
-1.3759110000000003
-1.3690239999999996
-1.3759110000000003
-1.3690239999999996
-1.3759110000000003
-1.3690239999999996
-1.3759110000000003
-1.3690239999999996
-1.3759110000000003
-1.3690239999999996
-1.3759110000000003
-1.3690239999999996
-1.3759110000000003
-1.3690239999999996
-1.3759110000000003
-1.3690239999999996
-1.3759110000000003
-1.3690239999999996
-1.3759110000000003
-1.3690239999999996
-1.3759110000000003
-1.3690239999999996
-1.3759110000000003
-1.3690239999999996
-1.3759110000000003
-1.3690239999999996
-1.3759110000000003
-1.3690239999999996
-1.3759110000000003
-1.3690239999999996
-1.3759110000000003
-1.3690239999999996
-1.3759110000000003
-1.3690239999999996
-1.3759110000000003
-1.3690239999999996
-1.3759110000000003
-1.3690239999999996
-1.3759110000000003
