1.3031360000000003
1.3031360000000003
1.3031360000000003
1.3031360000000003
1.3031360000000003
1.3031360000000003
1.3031360000000003
1.3031360000000003
1.3031360000000003
1.3031360000000003
1.3031360000000003
1.3031360000000003
1.3031360000000003
1.3031360000000003
1.3031360000000003
1.3031360000000003
1.3031360000000003
1.3031360000000003
1.3031360000000003
1.3031360000000003
1.3031360000000003
1.3031360000000003
1.3031360000000003
1.3031360000000003
1.3031360000000003
1.3031360000000003
1.3031360000000003
1.3031360000000003
1.3031360000000003
1.3031360000000003
1.3031360000000003
1.3031360000000003
1.3031360000000003
1.3031360000000003
1.3031360000000003
1.3031360000000003
1.3031360000000003
1.3031360000000003
1.3031360000000003
1.3031360000000003
1.3031360000000003
1.3031360000000003
1.3031360000000003
1.3031360000000003
1.3031360000000003
1.3031360000000003
1.3031360000000003
1.3031360000000003
1.3031360000000003
1.3031360000000003
1.3031360000000003
1.3031360000000003
1.3031360000000003
1.3031360000000003
1.3031360000000003
1.3031360000000003
1.3031360000000003
1.3031360000000003
1.3031360000000003
1.3031360000000003
1.3031360000000003
1.3031360000000003
1.3031360000000003
1.3031360000000003
-1.3031360000000003
-1.3031360000000003
-1.3031360000000003
-1.3031360000000003
-1.3031360000000003
-1.3031360000000003
-1.3031360000000003
-1.3031360000000003
-1.3031360000000003
-1.3031360000000003
-1.3031360000000003
-1.3031360000000003
-1.3031360000000003
-1.3031360000000003
-1.3031360000000003
-1.3031360000000003
-1.3031360000000003
-1.3031360000000003
-1.3031360000000003
-1.3031360000000003
-1.3031360000000003
-1.3031360000000003
-1.3031360000000003
-1.3031360000000003
-1.3031360000000003
-1.3031360000000003
-1.3031360000000003
-1.3031360000000003
-1.3031360000000003
-1.3031360000000003
-1.3031360000000003
-1.3031360000000003
-1.3031360000000003
-1.3031360000000003
-1.3031360000000003
-1.3031360000000003
-1.3031360000000003
-1.3031360000000003
-1.3031360000000003
-1.3031360000000003
-1.3031360000000003
-1.3031360000000003
-1.3031360000000003
-1.3031360000000003
-1.3031360000000003
-1.3031360000000003
-1.3031360000000003
-1.3031360000000003
-1.3031360000000003
-1.3031360000000003
-1.3031360000000003
-1.3031360000000003
-1.3031360000000003
-1.3031360000000003
-1.3031360000000003
-1.3031360000000003
-1.3031360000000003
-1.3031360000000003
-1.3031360000000003
-1.3031360000000003
-1.3031360000000003
-1.3031360000000003
-1.3031360000000003
-1.3031360000000003
