1.3633539999999993
1.388731
1.3633539999999993
1.388731
1.3633539999999993
1.388731
1.3633539999999993
1.388731
1.3633539999999993
1.388731
1.3633539999999993
1.388731
1.3633539999999993
1.388731
1.3633539999999993
1.388731
1.3633539999999993
1.388731
1.3633539999999993
1.388731
1.3633539999999993
1.388731
1.3633539999999993
1.388731
1.3633539999999993
1.388731
1.3633539999999993
1.388731
1.3633539999999993
1.388731
1.3633539999999993
1.388731
1.3633539999999993
1.388731
1.3633539999999993
1.388731
1.3633539999999993
1.388731
1.3633539999999993
1.388731
1.3633539999999993
1.388731
1.3633539999999993
1.388731
1.3633539999999993
1.388731
1.3633539999999993
1.388731
1.3633539999999993
1.388731
1.3633539999999993
1.388731
1.3633539999999993
1.388731
1.3633539999999993
1.388731
1.3633539999999993
1.388731
1.3633539999999993
1.388731
1.3633539999999993
1.388731
1.3633539999999993
1.388731
1.3633539999999993
1.388731
1.3633539999999993
1.388731
1.3633539999999993
1.388731
1.3633539999999993
1.388731
1.3633539999999993
1.388731
1.3633539999999993
1.388731
1.3633539999999993
1.388731
1.3633539999999993
1.388731
1.3633539999999993
1.388731
1.3633539999999993
1.388731
1.3633539999999993
1.388731
1.3633539999999993
1.388731
1.3633539999999993
1.388731
1.3633539999999993
1.388731
1.3633539999999993
1.388731
1.3633539999999993
1.388731
1.3633539999999993
1.388731
1.3633539999999993
1.388731
1.3633539999999993
1.388731
1.3633539999999993
1.388731
1.3633539999999993
1.388731
1.3633539999999993
1.388731
1.3633539999999993
1.388731
1.3633539999999993
1.388731
1.3633539999999993
1.388731
1.3633539999999993
1.388731
1.3633539999999993
1.388731
1.3633539999999993
1.388731
-1.381755
-1.370329
-1.381755
-1.370329
-1.381755
-1.370329
-1.381755
-1.370329
-1.381755
-1.370329
-1.381755
-1.370329
-1.381755
-1.370329
-1.381755
-1.370329
-1.381755
-1.370329
-1.381755
-1.370329
-1.381755
-1.370329
-1.381755
-1.370329
-1.381755
-1.370329
-1.381755
-1.370329
-1.381755
-1.370329
-1.381755
-1.370329
-1.381755
-1.370329
-1.381755
-1.370329
-1.381755
-1.370329
-1.381755
-1.370329
-1.381755
-1.370329
-1.381755
-1.370329
-1.381755
-1.370329
-1.381755
-1.370329
-1.381755
-1.370329
-1.381755
-1.370329
-1.381755
-1.370329
-1.381755
-1.370329
-1.381755
-1.370329
-1.381755
-1.370329
-1.381755
-1.370329
-1.381755
-1.370329
-1.381755
-1.370329
-1.381755
-1.370329
-1.381755
-1.370329
-1.381755
-1.370329
-1.381755
-1.370329
-1.381755
-1.370329
-1.381755
-1.370329
-1.381755
-1.370329
-1.381755
-1.370329
-1.381755
-1.370329
-1.381755
-1.370329
-1.381755
-1.370329
-1.381755
-1.370329
-1.381755
-1.370329
-1.381755
-1.370329
-1.381755
-1.370329
-1.381755
-1.370329
-1.381755
-1.370329
-1.381755
-1.370329
-1.381755
-1.370329
-1.381755
-1.370329
-1.381755
-1.370329
-1.381755
-1.370329
-1.381755
-1.370329
-1.381755
-1.370329
-1.381755
-1.370329
-1.381755
-1.370329
-1.381755
-1.370329
