1.4298090000000006
1.4273330000000009
1.4266520000000007
1.4263879999999993
1.4298090000000006
1.4273330000000009
1.4266520000000007
1.4263879999999993
1.4298090000000006
1.4273330000000009
1.4266520000000007
1.4263879999999993
1.4298090000000006
1.4273330000000009
1.4266520000000007
1.4263879999999993
1.4298090000000006
1.4273330000000009
1.4266520000000007
1.4263879999999993
1.4298090000000006
1.4273330000000009
1.4266520000000007
1.4263879999999993
1.4298090000000006
1.4273330000000009
1.4266520000000007
1.4263879999999993
1.4298090000000006
1.4273330000000009
1.4266520000000007
1.4263879999999993
1.4298090000000006
1.4273330000000009
1.4266520000000007
1.4263879999999993
1.4298090000000006
1.4273330000000009
1.4266520000000007
1.4263879999999993
1.4298090000000006
1.4273330000000009
1.4266520000000007
1.4263879999999993
1.4298090000000006
1.4273330000000009
1.4266520000000007
1.4263879999999993
1.4298090000000006
1.4273330000000009
1.4266520000000007
1.4263879999999993
1.4298090000000006
1.4273330000000009
1.4266520000000007
1.4263879999999993
1.4298090000000006
1.4273330000000009
1.4266520000000007
1.4263879999999993
1.4298090000000006
1.4273330000000009
1.4266520000000007
1.4263879999999993
1.4298090000000006
1.4273330000000009
1.4266520000000007
1.4263879999999993
1.4298090000000006
1.4273330000000009
1.4266520000000007
1.4263879999999993
1.4298090000000006
1.4273330000000009
1.4266520000000007
1.4263879999999993
1.4298090000000006
1.4273330000000009
1.4266520000000007
1.4263879999999993
1.4298090000000006
1.4273330000000009
1.4266520000000007
1.4263879999999993
1.4298090000000006
1.4273330000000009
1.4266520000000007
1.4263879999999993
1.4298090000000006
1.4273330000000009
1.4266520000000007
1.4263879999999993
1.4298090000000006
1.4273330000000009
1.4266520000000007
1.4263879999999993
1.4298090000000006
1.4273330000000009
1.4266520000000007
1.4263879999999993
1.4298090000000006
1.4273330000000009
1.4266520000000007
1.4263879999999993
1.4298090000000006
1.4273330000000009
1.4266520000000007
1.4263879999999993
1.4298090000000006
1.4273330000000009
1.4266520000000007
1.4263879999999993
1.4298090000000006
1.4273330000000009
1.4266520000000007
1.4263879999999993
1.4298090000000006
1.4273330000000009
1.4266520000000007
1.4263879999999993
1.4298090000000006
1.4273330000000009
1.4266520000000007
1.4263879999999993
1.4298090000000006
1.4273330000000009
1.4266520000000007
1.4263879999999993
1.4298090000000006
1.4273330000000009
1.4266520000000007
1.4263879999999993
1.4298090000000006
1.4273330000000009
1.4266520000000007
1.4263879999999993
1.4298090000000006
1.4273330000000009
1.4266520000000007
1.4263879999999993
1.4298090000000006
1.4273330000000009
1.4266520000000007
1.4263879999999993
-1.4293529999999999
-1.4264089999999996
-1.4268770000000002
-1.4275440000000001
-1.4293529999999999
-1.4264089999999996
-1.4268770000000002
-1.4275440000000001
-1.4293529999999999
-1.4264089999999996
-1.4268770000000002
-1.4275440000000001
-1.4293529999999999
-1.4264089999999996
-1.4268770000000002
-1.4275440000000001
-1.4293529999999999
-1.4264089999999996
-1.4268770000000002
-1.4275440000000001
-1.4293529999999999
-1.4264089999999996
-1.4268770000000002
-1.4275440000000001
-1.4293529999999999
-1.4264089999999996
-1.4268770000000002
-1.4275440000000001
-1.4293529999999999
-1.4264089999999996
-1.4268770000000002
-1.4275440000000001
-1.4293529999999999
-1.4264089999999996
-1.4268770000000002
-1.4275440000000001
-1.4293529999999999
-1.4264089999999996
-1.4268770000000002
-1.4275440000000001
-1.4293529999999999
-1.4264089999999996
-1.4268770000000002
-1.4275440000000001
-1.4293529999999999
-1.4264089999999996
-1.4268770000000002
-1.4275440000000001
-1.4293529999999999
-1.4264089999999996
-1.4268770000000002
-1.4275440000000001
-1.4293529999999999
-1.4264089999999996
-1.4268770000000002
-1.4275440000000001
-1.4293529999999999
-1.4264089999999996
-1.4268770000000002
-1.4275440000000001
-1.4293529999999999
-1.4264089999999996
-1.4268770000000002
-1.4275440000000001
-1.4293529999999999
-1.4264089999999996
-1.4268770000000002
-1.4275440000000001
-1.4293529999999999
-1.4264089999999996
-1.4268770000000002
-1.4275440000000001
-1.4293529999999999
-1.4264089999999996
-1.4268770000000002
-1.4275440000000001
-1.4293529999999999
-1.4264089999999996
-1.4268770000000002
-1.4275440000000001
-1.4293529999999999
-1.4264089999999996
-1.4268770000000002
-1.4275440000000001
-1.4293529999999999
-1.4264089999999996
-1.4268770000000002
-1.4275440000000001
-1.4293529999999999
-1.4264089999999996
-1.4268770000000002
-1.4275440000000001
-1.4293529999999999
-1.4264089999999996
-1.4268770000000002
-1.4275440000000001
-1.4293529999999999
-1.4264089999999996
-1.4268770000000002
-1.4275440000000001
-1.4293529999999999
-1.4264089999999996
-1.4268770000000002
-1.4275440000000001
-1.4293529999999999
-1.4264089999999996
-1.4268770000000002
-1.4275440000000001
-1.4293529999999999
-1.4264089999999996
-1.4268770000000002
-1.4275440000000001
-1.4293529999999999
-1.4264089999999996
-1.4268770000000002
-1.4275440000000001
-1.4293529999999999
-1.4264089999999996
-1.4268770000000002
-1.4275440000000001
-1.4293529999999999
-1.4264089999999996
-1.4268770000000002
-1.4275440000000001
-1.4293529999999999
-1.4264089999999996
-1.4268770000000002
-1.4275440000000001
-1.4293529999999999
-1.4264089999999996
-1.4268770000000002
-1.4275440000000001
-1.4293529999999999
-1.4264089999999996
-1.4268770000000002
-1.4275440000000001
-1.4293529999999999
-1.4264089999999996
-1.4268770000000002
-1.4275440000000001
-1.4293529999999999
-1.4264089999999996
-1.4268770000000002
-1.4275440000000001
