1.4407460000000007
1.4399300000000004
1.4401460000000004
1.436401
1.4407460000000007
1.4399300000000004
1.4401460000000004
1.436401
1.4407460000000007
1.4399300000000004
1.4401460000000004
1.436401
1.4407460000000007
1.4399300000000004
1.4401460000000004
1.436401
1.4407460000000007
1.4399300000000004
1.4401460000000004
1.436401
1.4407460000000007
1.4399300000000004
1.4401460000000004
1.436401
1.4407460000000007
1.4399300000000004
1.4401460000000004
1.436401
1.4407460000000007
1.4399300000000004
1.4401460000000004
1.436401
1.4407460000000007
1.4399300000000004
1.4401460000000004
1.436401
1.4407460000000007
1.4399300000000004
1.4401460000000004
1.436401
1.4407460000000007
1.4399300000000004
1.4401460000000004
1.436401
1.4407460000000007
1.4399300000000004
1.4401460000000004
1.436401
1.4407460000000007
1.4399300000000004
1.4401460000000004
1.436401
1.4407460000000007
1.4399300000000004
1.4401460000000004
1.436401
1.4407460000000007
1.4399300000000004
1.4401460000000004
1.436401
1.4407460000000007
1.4399300000000004
1.4401460000000004
1.436401
1.4407460000000007
1.4399300000000004
1.4401460000000004
1.436401
1.4407460000000007
1.4399300000000004
1.4401460000000004
1.436401
1.4407460000000007
1.4399300000000004
1.4401460000000004
1.436401
1.4407460000000007
1.4399300000000004
1.4401460000000004
1.436401
1.4407460000000007
1.4399300000000004
1.4401460000000004
1.436401
1.4407460000000007
1.4399300000000004
1.4401460000000004
1.436401
1.4407460000000007
1.4399300000000004
1.4401460000000004
1.436401
1.4407460000000007
1.4399300000000004
1.4401460000000004
1.436401
1.4407460000000007
1.4399300000000004
1.4401460000000004
1.436401
1.4407460000000007
1.4399300000000004
1.4401460000000004
1.436401
1.4407460000000007
1.4399300000000004
1.4401460000000004
1.436401
-1.439927
-1.4383280000000003
-1.4384829999999997
-1.4404849999999998
-1.439927
-1.4383280000000003
-1.4384829999999997
-1.4404849999999998
-1.439927
-1.4383280000000003
-1.4384829999999997
-1.4404849999999998
-1.439927
-1.4383280000000003
-1.4384829999999997
-1.4404849999999998
-1.439927
-1.4383280000000003
-1.4384829999999997
-1.4404849999999998
-1.439927
-1.4383280000000003
-1.4384829999999997
-1.4404849999999998
-1.439927
-1.4383280000000003
-1.4384829999999997
-1.4404849999999998
-1.439927
-1.4383280000000003
-1.4384829999999997
-1.4404849999999998
-1.439927
-1.4383280000000003
-1.4384829999999997
-1.4404849999999998
-1.439927
-1.4383280000000003
-1.4384829999999997
-1.4404849999999998
-1.439927
-1.4383280000000003
-1.4384829999999997
-1.4404849999999998
-1.439927
-1.4383280000000003
-1.4384829999999997
-1.4404849999999998
-1.439927
-1.4383280000000003
-1.4384829999999997
-1.4404849999999998
-1.439927
-1.4383280000000003
-1.4384829999999997
-1.4404849999999998
-1.439927
-1.4383280000000003
-1.4384829999999997
-1.4404849999999998
-1.439927
-1.4383280000000003
-1.4384829999999997
-1.4404849999999998
-1.439927
-1.4383280000000003
-1.4384829999999997
-1.4404849999999998
-1.439927
-1.4383280000000003
-1.4384829999999997
-1.4404849999999998
-1.439927
-1.4383280000000003
-1.4384829999999997
-1.4404849999999998
-1.439927
-1.4383280000000003
-1.4384829999999997
-1.4404849999999998
-1.439927
-1.4383280000000003
-1.4384829999999997
-1.4404849999999998
-1.439927
-1.4383280000000003
-1.4384829999999997
-1.4404849999999998
-1.439927
-1.4383280000000003
-1.4384829999999997
-1.4404849999999998
-1.439927
-1.4383280000000003
-1.4384829999999997
-1.4404849999999998
-1.439927
-1.4383280000000003
-1.4384829999999997
-1.4404849999999998
-1.439927
-1.4383280000000003
-1.4384829999999997
-1.4404849999999998
-1.439927
-1.4383280000000003
-1.4384829999999997
-1.4404849999999998
