1.426959
1.4246540000000003
1.425649
1.420985
1.426959
1.4246540000000003
1.425649
1.420985
1.426959
1.4246540000000003
1.425649
1.420985
1.426959
1.4246540000000003
1.425649
1.420985
1.426959
1.4246540000000003
1.425649
1.420985
1.426959
1.4246540000000003
1.425649
1.420985
1.426959
1.4246540000000003
1.425649
1.420985
1.426959
1.4246540000000003
1.425649
1.420985
1.426959
1.4246540000000003
1.425649
1.420985
1.426959
1.4246540000000003
1.425649
1.420985
1.426959
1.4246540000000003
1.425649
1.420985
1.426959
1.4246540000000003
1.425649
1.420985
1.426959
1.4246540000000003
1.425649
1.420985
1.426959
1.4246540000000003
1.425649
1.420985
1.426959
1.4246540000000003
1.425649
1.420985
1.426959
1.4246540000000003
1.425649
1.420985
1.426959
1.4246540000000003
1.425649
1.420985
1.426959
1.4246540000000003
1.425649
1.420985
1.426959
1.4246540000000003
1.425649
1.420985
1.426959
1.4246540000000003
1.425649
1.420985
1.426959
1.4246540000000003
1.425649
1.420985
1.426959
1.4246540000000003
1.425649
1.420985
1.426959
1.4246540000000003
1.425649
1.420985
1.426959
1.4246540000000003
1.425649
1.420985
1.426959
1.4246540000000003
1.425649
1.420985
1.426959
1.4246540000000003
1.425649
1.420985
1.426959
1.4246540000000003
1.425649
1.420985
1.426959
1.4246540000000003
1.425649
1.420985
1.426959
1.4246540000000003
1.425649
1.420985
1.426959
1.4246540000000003
1.425649
1.420985
1.426959
1.4246540000000003
1.425649
1.420985
1.426959
1.4246540000000003
1.425649
1.420985
1.426959
1.4246540000000003
1.425649
1.420985
1.426959
1.4246540000000003
1.425649
1.420985
1.426959
1.4246540000000003
1.425649
1.420985
1.426959
1.4246540000000003
1.425649
1.420985
-1.4229849999999997
-1.4254119999999997
-1.4244120000000002
-1.4254350000000002
-1.4229849999999997
-1.4254119999999997
-1.4244120000000002
-1.4254350000000002
-1.4229849999999997
-1.4254119999999997
-1.4244120000000002
-1.4254350000000002
-1.4229849999999997
-1.4254119999999997
-1.4244120000000002
-1.4254350000000002
-1.4229849999999997
-1.4254119999999997
-1.4244120000000002
-1.4254350000000002
-1.4229849999999997
-1.4254119999999997
-1.4244120000000002
-1.4254350000000002
-1.4229849999999997
-1.4254119999999997
-1.4244120000000002
-1.4254350000000002
-1.4229849999999997
-1.4254119999999997
-1.4244120000000002
-1.4254350000000002
-1.4229849999999997
-1.4254119999999997
-1.4244120000000002
-1.4254350000000002
-1.4229849999999997
-1.4254119999999997
-1.4244120000000002
-1.4254350000000002
-1.4229849999999997
-1.4254119999999997
-1.4244120000000002
-1.4254350000000002
-1.4229849999999997
-1.4254119999999997
-1.4244120000000002
-1.4254350000000002
-1.4229849999999997
-1.4254119999999997
-1.4244120000000002
-1.4254350000000002
-1.4229849999999997
-1.4254119999999997
-1.4244120000000002
-1.4254350000000002
-1.4229849999999997
-1.4254119999999997
-1.4244120000000002
-1.4254350000000002
-1.4229849999999997
-1.4254119999999997
-1.4244120000000002
-1.4254350000000002
-1.4229849999999997
-1.4254119999999997
-1.4244120000000002
-1.4254350000000002
-1.4229849999999997
-1.4254119999999997
-1.4244120000000002
-1.4254350000000002
-1.4229849999999997
-1.4254119999999997
-1.4244120000000002
-1.4254350000000002
-1.4229849999999997
-1.4254119999999997
-1.4244120000000002
-1.4254350000000002
-1.4229849999999997
-1.4254119999999997
-1.4244120000000002
-1.4254350000000002
-1.4229849999999997
-1.4254119999999997
-1.4244120000000002
-1.4254350000000002
-1.4229849999999997
-1.4254119999999997
-1.4244120000000002
-1.4254350000000002
-1.4229849999999997
-1.4254119999999997
-1.4244120000000002
-1.4254350000000002
-1.4229849999999997
-1.4254119999999997
-1.4244120000000002
-1.4254350000000002
-1.4229849999999997
-1.4254119999999997
-1.4244120000000002
-1.4254350000000002
-1.4229849999999997
-1.4254119999999997
-1.4244120000000002
-1.4254350000000002
-1.4229849999999997
-1.4254119999999997
-1.4244120000000002
-1.4254350000000002
-1.4229849999999997
-1.4254119999999997
-1.4244120000000002
-1.4254350000000002
-1.4229849999999997
-1.4254119999999997
-1.4244120000000002
-1.4254350000000002
-1.4229849999999997
-1.4254119999999997
-1.4244120000000002
-1.4254350000000002
-1.4229849999999997
-1.4254119999999997
-1.4244120000000002
-1.4254350000000002
-1.4229849999999997
-1.4254119999999997
-1.4244120000000002
-1.4254350000000002
-1.4229849999999997
-1.4254119999999997
-1.4244120000000002
-1.4254350000000002
-1.4229849999999997
-1.4254119999999997
-1.4244120000000002
-1.4254350000000002
-1.4229849999999997
-1.4254119999999997
-1.4244120000000002
-1.4254350000000002
