0.9854620000000001
0.9854620000000001
0.9854620000000001
0.9854620000000001
0.9854620000000001
0.9854620000000001
0.9854620000000001
0.9854620000000001
0.9854620000000001
0.9854620000000001
0.9854620000000001
0.9854620000000001
0.9854620000000001
0.9854620000000001
0.9854620000000001
0.9854620000000001
0.9854620000000001
0.9854620000000001
0.9854620000000001
0.9854620000000001
0.9854620000000001
0.9854620000000001
0.9854620000000001
0.9854620000000001
0.9854620000000001
0.9854620000000001
0.9854620000000001
-0.9854649999999996
-0.9854649999999996
-0.9854649999999996
-0.9854649999999996
-0.9854649999999996
-0.9854649999999996
-0.9854649999999996
-0.9854649999999996
-0.9854649999999996
-0.9854649999999996
-0.9854649999999996
-0.9854649999999996
-0.9854649999999996
-0.9854649999999996
-0.9854649999999996
-0.9854649999999996
-0.9854649999999996
-0.9854649999999996
-0.9854649999999996
-0.9854649999999996
-0.9854649999999996
-0.9854649999999996
-0.9854649999999996
-0.9854649999999996
-0.9854649999999996
-0.9854649999999996
-0.9854649999999996
