1.3764599999999998
1.3637569999999997
1.3764599999999998
1.3637569999999997
1.3764599999999998
1.3637569999999997
1.3764599999999998
1.3637569999999997
1.3764599999999998
1.3637569999999997
1.3764599999999998
1.3637569999999997
1.3764599999999998
1.3637569999999997
1.3764599999999998
1.3637569999999997
1.3764599999999998
1.3637569999999997
1.3764599999999998
1.3637569999999997
1.3764599999999998
1.3637569999999997
1.3764599999999998
1.3637569999999997
1.3764599999999998
1.3637569999999997
1.3764599999999998
1.3637569999999997
1.3764599999999998
1.3637569999999997
1.3764599999999998
1.3637569999999997
1.3764599999999998
1.3637569999999997
1.3764599999999998
1.3637569999999997
1.3764599999999998
1.3637569999999997
1.3764599999999998
1.3637569999999997
1.3764599999999998
1.3637569999999997
1.3764599999999998
1.3637569999999997
1.3764599999999998
1.3637569999999997
1.3764599999999998
1.3637569999999997
1.3764599999999998
1.3637569999999997
1.3764599999999998
1.3637569999999997
1.3764599999999998
1.3637569999999997
1.3764599999999998
1.3637569999999997
1.3764599999999998
1.3637569999999997
1.3764599999999998
1.3637569999999997
1.3764599999999998
1.3637569999999997
1.3764599999999998
1.3637569999999997
1.3764599999999998
1.3637569999999997
1.3764599999999998
1.3637569999999997
1.3764599999999998
1.3637569999999997
1.3764599999999998
1.3637569999999997
1.3764599999999998
1.3637569999999997
1.3764599999999998
1.3637569999999997
1.3764599999999998
1.3637569999999997
1.3764599999999998
1.3637569999999997
1.3764599999999998
1.3637569999999997
1.3764599999999998
1.3637569999999997
1.3764599999999998
1.3637569999999997
1.3764599999999998
1.3637569999999997
1.3764599999999998
1.3637569999999997
1.3764599999999998
1.3637569999999997
1.3764599999999998
1.3637569999999997
1.3764599999999998
1.3637569999999997
-1.374092
-1.3661240000000001
-1.374092
-1.3661240000000001
-1.374092
-1.3661240000000001
-1.374092
-1.3661240000000001
-1.374092
-1.3661240000000001
-1.374092
-1.3661240000000001
-1.374092
-1.3661240000000001
-1.374092
-1.3661240000000001
-1.374092
-1.3661240000000001
-1.374092
-1.3661240000000001
-1.374092
-1.3661240000000001
-1.374092
-1.3661240000000001
-1.374092
-1.3661240000000001
-1.374092
-1.3661240000000001
-1.374092
-1.3661240000000001
-1.374092
-1.3661240000000001
-1.374092
-1.3661240000000001
-1.374092
-1.3661240000000001
-1.374092
-1.3661240000000001
-1.374092
-1.3661240000000001
-1.374092
-1.3661240000000001
-1.374092
-1.3661240000000001
-1.374092
-1.3661240000000001
-1.374092
-1.3661240000000001
-1.374092
-1.3661240000000001
-1.374092
-1.3661240000000001
-1.374092
-1.3661240000000001
-1.374092
-1.3661240000000001
-1.374092
-1.3661240000000001
-1.374092
-1.3661240000000001
-1.374092
-1.3661240000000001
-1.374092
-1.3661240000000001
-1.374092
-1.3661240000000001
-1.374092
-1.3661240000000001
-1.374092
-1.3661240000000001
-1.374092
-1.3661240000000001
-1.374092
-1.3661240000000001
-1.374092
-1.3661240000000001
-1.374092
-1.3661240000000001
-1.374092
-1.3661240000000001
-1.374092
-1.3661240000000001
-1.374092
-1.3661240000000001
-1.374092
-1.3661240000000001
-1.374092
-1.3661240000000001
-1.374092
-1.3661240000000001
-1.374092
-1.3661240000000001
-1.374092
-1.3661240000000001
-1.374092
-1.3661240000000001
