1.1796620000000004
1.1709940000000003
1.1796620000000004
1.1709940000000003
1.1796620000000004
1.1709940000000003
1.1796620000000004
1.1709940000000003
1.1796620000000004
1.1709940000000003
1.1796620000000004
1.1709940000000003
1.1796620000000004
1.1709940000000003
1.1796620000000004
1.1709940000000003
1.1796620000000004
1.1709940000000003
1.1796620000000004
1.1709940000000003
1.1796620000000004
1.1709940000000003
1.1796620000000004
1.1709940000000003
1.1796620000000004
1.1709940000000003
1.1796620000000004
1.1709940000000003
1.1796620000000004
1.1709940000000003
1.1796620000000004
1.1709940000000003
1.1796620000000004
1.1709940000000003
1.1796620000000004
1.1709940000000003
1.1796620000000004
1.1709940000000003
1.1796620000000004
1.1709940000000003
1.1796620000000004
1.1709940000000003
1.1796620000000004
1.1709940000000003
1.1796620000000004
1.1709940000000003
1.1796620000000004
1.1709940000000003
1.1796620000000004
1.1709940000000003
1.1796620000000004
1.1709940000000003
1.1796620000000004
1.1709940000000003
1.1796620000000004
1.1709940000000003
1.1796620000000004
1.1709940000000003
1.1796620000000004
1.1709940000000003
1.1796620000000004
1.1709940000000003
1.1796620000000004
1.1709940000000003
1.1796620000000004
1.1709940000000003
1.1796620000000004
1.1709940000000003
1.1796620000000004
1.1709940000000003
1.1796620000000004
1.1709940000000003
1.1796620000000004
1.1709940000000003
1.1796620000000004
1.1709940000000003
1.1796620000000004
1.1709940000000003
1.1796620000000004
1.1709940000000003
1.1796620000000004
1.1709940000000003
1.1796620000000004
1.1709940000000003
1.1796620000000004
1.1709940000000003
1.1796620000000004
1.1709940000000003
1.1796620000000004
1.1709940000000003
1.1796620000000004
1.1709940000000003
1.1796620000000004
1.1709940000000003
1.1796620000000004
1.1709940000000003
1.1796620000000004
1.1709940000000003
1.1796620000000004
1.1709940000000003
1.1796620000000004
1.1709940000000003
1.1796620000000004
1.1709940000000003
1.1796620000000004
1.1709940000000003
1.1796620000000004
1.1709940000000003
-1.1706700000000003
-1.1799860000000004
-1.1706700000000003
-1.1799860000000004
-1.1706700000000003
-1.1799860000000004
-1.1706700000000003
-1.1799860000000004
-1.1706700000000003
-1.1799860000000004
-1.1706700000000003
-1.1799860000000004
-1.1706700000000003
-1.1799860000000004
-1.1706700000000003
-1.1799860000000004
-1.1706700000000003
-1.1799860000000004
-1.1706700000000003
-1.1799860000000004
-1.1706700000000003
-1.1799860000000004
-1.1706700000000003
-1.1799860000000004
-1.1706700000000003
-1.1799860000000004
-1.1706700000000003
-1.1799860000000004
-1.1706700000000003
-1.1799860000000004
-1.1706700000000003
-1.1799860000000004
-1.1706700000000003
-1.1799860000000004
-1.1706700000000003
-1.1799860000000004
-1.1706700000000003
-1.1799860000000004
-1.1706700000000003
-1.1799860000000004
-1.1706700000000003
-1.1799860000000004
-1.1706700000000003
-1.1799860000000004
-1.1706700000000003
-1.1799860000000004
-1.1706700000000003
-1.1799860000000004
-1.1706700000000003
-1.1799860000000004
-1.1706700000000003
-1.1799860000000004
-1.1706700000000003
-1.1799860000000004
-1.1706700000000003
-1.1799860000000004
-1.1706700000000003
-1.1799860000000004
-1.1706700000000003
-1.1799860000000004
-1.1706700000000003
-1.1799860000000004
-1.1706700000000003
-1.1799860000000004
-1.1706700000000003
-1.1799860000000004
-1.1706700000000003
-1.1799860000000004
-1.1706700000000003
-1.1799860000000004
-1.1706700000000003
-1.1799860000000004
-1.1706700000000003
-1.1799860000000004
-1.1706700000000003
-1.1799860000000004
-1.1706700000000003
-1.1799860000000004
-1.1706700000000003
-1.1799860000000004
-1.1706700000000003
-1.1799860000000004
-1.1706700000000003
-1.1799860000000004
-1.1706700000000003
-1.1799860000000004
-1.1706700000000003
-1.1799860000000004
-1.1706700000000003
-1.1799860000000004
-1.1706700000000003
-1.1799860000000004
-1.1706700000000003
-1.1799860000000004
-1.1706700000000003
-1.1799860000000004
-1.1706700000000003
-1.1799860000000004
-1.1706700000000003
-1.1799860000000004
-1.1706700000000003
-1.1799860000000004
-1.1706700000000003
-1.1799860000000004
-1.1706700000000003
-1.1799860000000004
-1.1706700000000003
-1.1799860000000004
