0.46511500000000083
0.46511500000000083
0.46511500000000083
0.46511500000000083
0.46511500000000083
0.46511500000000083
0.46511500000000083
0.46511500000000083
0.46511500000000083
0.46511500000000083
0.46511500000000083
0.46511500000000083
0.46511500000000083
0.46511500000000083
0.46511500000000083
0.46511500000000083
0.46511500000000083
0.46511500000000083
0.46511500000000083
0.46511500000000083
0.46511500000000083
0.46511500000000083
0.46511500000000083
0.46511500000000083
0.46511500000000083
0.46511500000000083
0.46511500000000083
0.46511500000000083
0.46511500000000083
0.46511500000000083
0.46511500000000083
0.46511500000000083
0.46511500000000083
0.46511500000000083
0.46511500000000083
0.46511500000000083
0.46511500000000083
0.46511500000000083
0.46511500000000083
0.46511500000000083
0.46511500000000083
0.46511500000000083
0.46511500000000083
0.46511500000000083
0.46511500000000083
0.46511500000000083
0.46511500000000083
0.46511500000000083
0.46511500000000083
0.46511500000000083
-0.4651160000000001
-0.4651160000000001
-0.4651160000000001
-0.4651160000000001
-0.4651160000000001
-0.4651160000000001
-0.4651160000000001
-0.4651160000000001
-0.4651160000000001
-0.4651160000000001
-0.4651160000000001
-0.4651160000000001
-0.4651160000000001
-0.4651160000000001
-0.4651160000000001
-0.4651160000000001
-0.4651160000000001
-0.4651160000000001
-0.4651160000000001
-0.4651160000000001
-0.4651160000000001
-0.4651160000000001
-0.4651160000000001
-0.4651160000000001
-0.4651160000000001
-0.4651160000000001
-0.4651160000000001
-0.4651160000000001
-0.4651160000000001
-0.4651160000000001
-0.4651160000000001
-0.4651160000000001
-0.4651160000000001
-0.4651160000000001
-0.4651160000000001
-0.4651160000000001
-0.4651160000000001
-0.4651160000000001
-0.4651160000000001
-0.4651160000000001
-0.4651160000000001
-0.4651160000000001
-0.4651160000000001
-0.4651160000000001
-0.4651160000000001
-0.4651160000000001
-0.4651160000000001
-0.4651160000000001
-0.4651160000000001
-0.4651160000000001
