1.4251909999999999
1.4199110000000008
1.4248759999999994
1.4220590000000009
1.4251909999999999
1.4199110000000008
1.4248759999999994
1.4220590000000009
1.4251909999999999
1.4199110000000008
1.4248759999999994
1.4220590000000009
1.4251909999999999
1.4199110000000008
1.4248759999999994
1.4220590000000009
1.4251909999999999
1.4199110000000008
1.4248759999999994
1.4220590000000009
1.4251909999999999
1.4199110000000008
1.4248759999999994
1.4220590000000009
1.4251909999999999
1.4199110000000008
1.4248759999999994
1.4220590000000009
1.4251909999999999
1.4199110000000008
1.4248759999999994
1.4220590000000009
1.4251909999999999
1.4199110000000008
1.4248759999999994
1.4220590000000009
1.4251909999999999
1.4199110000000008
1.4248759999999994
1.4220590000000009
1.4251909999999999
1.4199110000000008
1.4248759999999994
1.4220590000000009
1.4251909999999999
1.4199110000000008
1.4248759999999994
1.4220590000000009
1.4251909999999999
1.4199110000000008
1.4248759999999994
1.4220590000000009
1.4251909999999999
1.4199110000000008
1.4248759999999994
1.4220590000000009
1.4251909999999999
1.4199110000000008
1.4248759999999994
1.4220590000000009
1.4251909999999999
1.4199110000000008
1.4248759999999994
1.4220590000000009
1.4251909999999999
1.4199110000000008
1.4248759999999994
1.4220590000000009
1.4251909999999999
1.4199110000000008
1.4248759999999994
1.4220590000000009
1.4251909999999999
1.4199110000000008
1.4248759999999994
1.4220590000000009
1.4251909999999999
1.4199110000000008
1.4248759999999994
1.4220590000000009
1.4251909999999999
1.4199110000000008
1.4248759999999994
1.4220590000000009
1.4251909999999999
1.4199110000000008
1.4248759999999994
1.4220590000000009
1.4251909999999999
1.4199110000000008
1.4248759999999994
1.4220590000000009
1.4251909999999999
1.4199110000000008
1.4248759999999994
1.4220590000000009
1.4251909999999999
1.4199110000000008
1.4248759999999994
1.4220590000000009
1.4251909999999999
1.4199110000000008
1.4248759999999994
1.4220590000000009
1.4251909999999999
1.4199110000000008
1.4248759999999994
1.4220590000000009
1.4251909999999999
1.4199110000000008
1.4248759999999994
1.4220590000000009
1.4251909999999999
1.4199110000000008
1.4248759999999994
1.4220590000000009
1.4251909999999999
1.4199110000000008
1.4248759999999994
1.4220590000000009
1.4251909999999999
1.4199110000000008
1.4248759999999994
1.4220590000000009
1.4251909999999999
1.4199110000000008
1.4248759999999994
1.4220590000000009
1.4251909999999999
1.4199110000000008
1.4248759999999994
1.4220590000000009
1.4251909999999999
1.4199110000000008
1.4248759999999994
1.4220590000000009
1.4251909999999999
1.4199110000000008
1.4248759999999994
1.4220590000000009
1.4251909999999999
1.4199110000000008
1.4248759999999994
1.4220590000000009
-1.419772
-1.4202219999999999
-1.4268739999999998
-1.425167
-1.419772
-1.4202219999999999
-1.4268739999999998
-1.425167
-1.419772
-1.4202219999999999
-1.4268739999999998
-1.425167
-1.419772
-1.4202219999999999
-1.4268739999999998
-1.425167
-1.419772
-1.4202219999999999
-1.4268739999999998
-1.425167
-1.419772
-1.4202219999999999
-1.4268739999999998
-1.425167
-1.419772
-1.4202219999999999
-1.4268739999999998
-1.425167
-1.419772
-1.4202219999999999
-1.4268739999999998
-1.425167
-1.419772
-1.4202219999999999
-1.4268739999999998
-1.425167
-1.419772
-1.4202219999999999
-1.4268739999999998
-1.425167
-1.419772
-1.4202219999999999
-1.4268739999999998
-1.425167
-1.419772
-1.4202219999999999
-1.4268739999999998
-1.425167
-1.419772
-1.4202219999999999
-1.4268739999999998
-1.425167
-1.419772
-1.4202219999999999
-1.4268739999999998
-1.425167
-1.419772
-1.4202219999999999
-1.4268739999999998
-1.425167
-1.419772
-1.4202219999999999
-1.4268739999999998
-1.425167
-1.419772
-1.4202219999999999
-1.4268739999999998
-1.425167
-1.419772
-1.4202219999999999
-1.4268739999999998
-1.425167
-1.419772
-1.4202219999999999
-1.4268739999999998
-1.425167
-1.419772
-1.4202219999999999
-1.4268739999999998
-1.425167
-1.419772
-1.4202219999999999
-1.4268739999999998
-1.425167
-1.419772
-1.4202219999999999
-1.4268739999999998
-1.425167
-1.419772
-1.4202219999999999
-1.4268739999999998
-1.425167
-1.419772
-1.4202219999999999
-1.4268739999999998
-1.425167
-1.419772
-1.4202219999999999
-1.4268739999999998
-1.425167
-1.419772
-1.4202219999999999
-1.4268739999999998
-1.425167
-1.419772
-1.4202219999999999
-1.4268739999999998
-1.425167
-1.419772
-1.4202219999999999
-1.4268739999999998
-1.425167
-1.419772
-1.4202219999999999
-1.4268739999999998
-1.425167
-1.419772
-1.4202219999999999
-1.4268739999999998
-1.425167
-1.419772
-1.4202219999999999
-1.4268739999999998
-1.425167
-1.419772
-1.4202219999999999
-1.4268739999999998
-1.425167
-1.419772
-1.4202219999999999
-1.4268739999999998
-1.425167
-1.419772
-1.4202219999999999
-1.4268739999999998
-1.425167
-1.419772
-1.4202219999999999
-1.4268739999999998
-1.425167
-1.419772
-1.4202219999999999
-1.4268739999999998
-1.425167
