1.4147230000000004
1.440061
1.4377820000000003
1.4531159999999996
1.4147230000000004
1.440061
1.4377820000000003
1.4531159999999996
1.4147230000000004
1.440061
1.4377820000000003
1.4531159999999996
1.4147230000000004
1.440061
1.4377820000000003
1.4531159999999996
1.4147230000000004
1.440061
1.4377820000000003
1.4531159999999996
1.4147230000000004
1.440061
1.4377820000000003
1.4531159999999996
1.4147230000000004
1.440061
1.4377820000000003
1.4531159999999996
1.4147230000000004
1.440061
1.4377820000000003
1.4531159999999996
1.4147230000000004
1.440061
1.4377820000000003
1.4531159999999996
1.4147230000000004
1.440061
1.4377820000000003
1.4531159999999996
1.4147230000000004
1.440061
1.4377820000000003
1.4531159999999996
1.4147230000000004
1.440061
1.4377820000000003
1.4531159999999996
1.4147230000000004
1.440061
1.4377820000000003
1.4531159999999996
1.4147230000000004
1.440061
1.4377820000000003
1.4531159999999996
1.4147230000000004
1.440061
1.4377820000000003
1.4531159999999996
1.4147230000000004
1.440061
1.4377820000000003
1.4531159999999996
1.4147230000000004
1.440061
1.4377820000000003
1.4531159999999996
1.4147230000000004
1.440061
1.4377820000000003
1.4531159999999996
1.4147230000000004
1.440061
1.4377820000000003
1.4531159999999996
1.4147230000000004
1.440061
1.4377820000000003
1.4531159999999996
1.4147230000000004
1.440061
1.4377820000000003
1.4531159999999996
1.4147230000000004
1.440061
1.4377820000000003
1.4531159999999996
1.4147230000000004
1.440061
1.4377820000000003
1.4531159999999996
1.4147230000000004
1.440061
1.4377820000000003
1.4531159999999996
1.4147230000000004
1.440061
1.4377820000000003
1.4531159999999996
1.4147230000000004
1.440061
1.4377820000000003
1.4531159999999996
1.4147230000000004
1.440061
1.4377820000000003
1.4531159999999996
1.4147230000000004
1.440061
1.4377820000000003
1.4531159999999996
1.4147230000000004
1.440061
1.4377820000000003
1.4531159999999996
1.4147230000000004
1.440061
1.4377820000000003
1.4531159999999996
1.4147230000000004
1.440061
1.4377820000000003
1.4531159999999996
1.4147230000000004
1.440061
1.4377820000000003
1.4531159999999996
1.4147230000000004
1.440061
1.4377820000000003
1.4531159999999996
1.4147230000000004
1.440061
1.4377820000000003
1.4531159999999996
1.4147230000000004
1.440061
1.4377820000000003
1.4531159999999996
1.4147230000000004
1.440061
1.4377820000000003
1.4531159999999996
-1.4434760000000004
-1.4243069999999998
-1.4405080000000003
-1.4373899999999997
-1.4434760000000004
-1.4243069999999998
-1.4405080000000003
-1.4373899999999997
-1.4434760000000004
-1.4243069999999998
-1.4405080000000003
-1.4373899999999997
-1.4434760000000004
-1.4243069999999998
-1.4405080000000003
-1.4373899999999997
-1.4434760000000004
-1.4243069999999998
-1.4405080000000003
-1.4373899999999997
-1.4434760000000004
-1.4243069999999998
-1.4405080000000003
-1.4373899999999997
-1.4434760000000004
-1.4243069999999998
-1.4405080000000003
-1.4373899999999997
-1.4434760000000004
-1.4243069999999998
-1.4405080000000003
-1.4373899999999997
-1.4434760000000004
-1.4243069999999998
-1.4405080000000003
-1.4373899999999997
-1.4434760000000004
-1.4243069999999998
-1.4405080000000003
-1.4373899999999997
-1.4434760000000004
-1.4243069999999998
-1.4405080000000003
-1.4373899999999997
-1.4434760000000004
-1.4243069999999998
-1.4405080000000003
-1.4373899999999997
-1.4434760000000004
-1.4243069999999998
-1.4405080000000003
-1.4373899999999997
-1.4434760000000004
-1.4243069999999998
-1.4405080000000003
-1.4373899999999997
-1.4434760000000004
-1.4243069999999998
-1.4405080000000003
-1.4373899999999997
-1.4434760000000004
-1.4243069999999998
-1.4405080000000003
-1.4373899999999997
-1.4434760000000004
-1.4243069999999998
-1.4405080000000003
-1.4373899999999997
-1.4434760000000004
-1.4243069999999998
-1.4405080000000003
-1.4373899999999997
-1.4434760000000004
-1.4243069999999998
-1.4405080000000003
-1.4373899999999997
-1.4434760000000004
-1.4243069999999998
-1.4405080000000003
-1.4373899999999997
-1.4434760000000004
-1.4243069999999998
-1.4405080000000003
-1.4373899999999997
-1.4434760000000004
-1.4243069999999998
-1.4405080000000003
-1.4373899999999997
-1.4434760000000004
-1.4243069999999998
-1.4405080000000003
-1.4373899999999997
-1.4434760000000004
-1.4243069999999998
-1.4405080000000003
-1.4373899999999997
-1.4434760000000004
-1.4243069999999998
-1.4405080000000003
-1.4373899999999997
-1.4434760000000004
-1.4243069999999998
-1.4405080000000003
-1.4373899999999997
-1.4434760000000004
-1.4243069999999998
-1.4405080000000003
-1.4373899999999997
-1.4434760000000004
-1.4243069999999998
-1.4405080000000003
-1.4373899999999997
-1.4434760000000004
-1.4243069999999998
-1.4405080000000003
-1.4373899999999997
-1.4434760000000004
-1.4243069999999998
-1.4405080000000003
-1.4373899999999997
-1.4434760000000004
-1.4243069999999998
-1.4405080000000003
-1.4373899999999997
-1.4434760000000004
-1.4243069999999998
-1.4405080000000003
-1.4373899999999997
-1.4434760000000004
-1.4243069999999998
-1.4405080000000003
-1.4373899999999997
-1.4434760000000004
-1.4243069999999998
-1.4405080000000003
-1.4373899999999997
-1.4434760000000004
-1.4243069999999998
-1.4405080000000003
-1.4373899999999997
-1.4434760000000004
-1.4243069999999998
-1.4405080000000003
-1.4373899999999997
