1.4371790000000004
1.4085359999999998
1.4371790000000004
1.4085359999999998
1.4371790000000004
1.4085359999999998
1.4371790000000004
1.4085359999999998
1.4371790000000004
1.4085359999999998
1.4371790000000004
1.4085359999999998
1.4371790000000004
1.4085359999999998
1.4371790000000004
1.4085359999999998
1.4371790000000004
1.4085359999999998
1.4371790000000004
1.4085359999999998
1.4371790000000004
1.4085359999999998
1.4371790000000004
1.4085359999999998
1.4371790000000004
1.4085359999999998
1.4371790000000004
1.4085359999999998
1.4371790000000004
1.4085359999999998
1.4371790000000004
1.4085359999999998
1.4371790000000004
1.4085359999999998
1.4371790000000004
1.4085359999999998
1.4371790000000004
1.4085359999999998
1.4371790000000004
1.4085359999999998
1.4371790000000004
1.4085359999999998
1.4371790000000004
1.4085359999999998
1.4371790000000004
1.4085359999999998
1.4371790000000004
1.4085359999999998
1.4371790000000004
1.4085359999999998
1.4371790000000004
1.4085359999999998
1.4371790000000004
1.4085359999999998
1.4371790000000004
1.4085359999999998
1.4371790000000004
1.4085359999999998
1.4371790000000004
1.4085359999999998
1.4371790000000004
1.4085359999999998
1.4371790000000004
1.4085359999999998
1.4371790000000004
1.4085359999999998
1.4371790000000004
1.4085359999999998
1.4371790000000004
1.4085359999999998
1.4371790000000004
1.4085359999999998
1.4371790000000004
1.4085359999999998
1.4371790000000004
1.4085359999999998
1.4371790000000004
1.4085359999999998
1.4371790000000004
1.4085359999999998
1.4371790000000004
1.4085359999999998
1.4371790000000004
1.4085359999999998
1.4371790000000004
1.4085359999999998
1.4371790000000004
1.4085359999999998
1.4371790000000004
1.4085359999999998
1.4371790000000004
1.4085359999999998
1.4371790000000004
1.4085359999999998
1.4371790000000004
1.4085359999999998
-1.423381
-1.4223340000000002
-1.423381
-1.4223340000000002
-1.423381
-1.4223340000000002
-1.423381
-1.4223340000000002
-1.423381
-1.4223340000000002
-1.423381
-1.4223340000000002
-1.423381
-1.4223340000000002
-1.423381
-1.4223340000000002
-1.423381
-1.4223340000000002
-1.423381
-1.4223340000000002
-1.423381
-1.4223340000000002
-1.423381
-1.4223340000000002
-1.423381
-1.4223340000000002
-1.423381
-1.4223340000000002
-1.423381
-1.4223340000000002
-1.423381
-1.4223340000000002
-1.423381
-1.4223340000000002
-1.423381
-1.4223340000000002
-1.423381
-1.4223340000000002
-1.423381
-1.4223340000000002
-1.423381
-1.4223340000000002
-1.423381
-1.4223340000000002
-1.423381
-1.4223340000000002
-1.423381
-1.4223340000000002
-1.423381
-1.4223340000000002
-1.423381
-1.4223340000000002
-1.423381
-1.4223340000000002
-1.423381
-1.4223340000000002
-1.423381
-1.4223340000000002
-1.423381
-1.4223340000000002
-1.423381
-1.4223340000000002
-1.423381
-1.4223340000000002
-1.423381
-1.4223340000000002
-1.423381
-1.4223340000000002
-1.423381
-1.4223340000000002
-1.423381
-1.4223340000000002
-1.423381
-1.4223340000000002
-1.423381
-1.4223340000000002
-1.423381
-1.4223340000000002
-1.423381
-1.4223340000000002
-1.423381
-1.4223340000000002
-1.423381
-1.4223340000000002
-1.423381
-1.4223340000000002
-1.423381
-1.4223340000000002
-1.423381
-1.4223340000000002
-1.423381
-1.4223340000000002
-1.423381
-1.4223340000000002
-1.423381
-1.4223340000000002
