1.3533449999999991
1.3261369999999992
1.3533449999999991
1.3261369999999992
1.3533449999999991
1.3261369999999992
1.3533449999999991
1.3261369999999992
1.3533449999999991
1.3261369999999992
1.3533449999999991
1.3261369999999992
1.3533449999999991
1.3261369999999992
1.3533449999999991
1.3261369999999992
1.3533449999999991
1.3261369999999992
1.3533449999999991
1.3261369999999992
1.3533449999999991
1.3261369999999992
1.3533449999999991
1.3261369999999992
1.3533449999999991
1.3261369999999992
1.3533449999999991
1.3261369999999992
1.3533449999999991
1.3261369999999992
1.3533449999999991
1.3261369999999992
1.3533449999999991
1.3261369999999992
1.3533449999999991
1.3261369999999992
1.3533449999999991
1.3261369999999992
1.3533449999999991
1.3261369999999992
1.3533449999999991
1.3261369999999992
1.3533449999999991
1.3261369999999992
1.3533449999999991
1.3261369999999992
1.3533449999999991
1.3261369999999992
1.3533449999999991
1.3261369999999992
1.3533449999999991
1.3261369999999992
1.3533449999999991
1.3261369999999992
1.3533449999999991
1.3261369999999992
1.3533449999999991
1.3261369999999992
1.3533449999999991
1.3261369999999992
1.3533449999999991
1.3261369999999992
1.3533449999999991
1.3261369999999992
1.3533449999999991
1.3261369999999992
1.3533449999999991
1.3261369999999992
1.3533449999999991
1.3261369999999992
1.3533449999999991
1.3261369999999992
1.3533449999999991
1.3261369999999992
1.3533449999999991
1.3261369999999992
1.3533449999999991
1.3261369999999992
1.3533449999999991
1.3261369999999992
1.3533449999999991
1.3261369999999992
1.3533449999999991
1.3261369999999992
1.3533449999999991
1.3261369999999992
1.3533449999999991
1.3261369999999992
1.3533449999999991
1.3261369999999992
1.3533449999999991
1.3261369999999992
1.3533449999999991
1.3261369999999992
1.3533449999999991
1.3261369999999992
1.3533449999999991
1.3261369999999992
1.3533449999999991
1.3261369999999992
1.3533449999999991
1.3261369999999992
1.3533449999999991
1.3261369999999992
1.3533449999999991
1.3261369999999992
1.3533449999999991
1.3261369999999992
1.3533449999999991
1.3261369999999992
1.3533449999999991
1.3261369999999992
1.3533449999999991
1.3261369999999992
1.3533449999999991
1.3261369999999992
1.3533449999999991
1.3261369999999992
1.3533449999999991
1.3261369999999992
-1.327204
-1.352278
-1.327204
-1.352278
-1.327204
-1.352278
-1.327204
-1.352278
-1.327204
-1.352278
-1.327204
-1.352278
-1.327204
-1.352278
-1.327204
-1.352278
-1.327204
-1.352278
-1.327204
-1.352278
-1.327204
-1.352278
-1.327204
-1.352278
-1.327204
-1.352278
-1.327204
-1.352278
-1.327204
-1.352278
-1.327204
-1.352278
-1.327204
-1.352278
-1.327204
-1.352278
-1.327204
-1.352278
-1.327204
-1.352278
-1.327204
-1.352278
-1.327204
-1.352278
-1.327204
-1.352278
-1.327204
-1.352278
-1.327204
-1.352278
-1.327204
-1.352278
-1.327204
-1.352278
-1.327204
-1.352278
-1.327204
-1.352278
-1.327204
-1.352278
-1.327204
-1.352278
-1.327204
-1.352278
-1.327204
-1.352278
-1.327204
-1.352278
-1.327204
-1.352278
-1.327204
-1.352278
-1.327204
-1.352278
-1.327204
-1.352278
-1.327204
-1.352278
-1.327204
-1.352278
-1.327204
-1.352278
-1.327204
-1.352278
-1.327204
-1.352278
-1.327204
-1.352278
-1.327204
-1.352278
-1.327204
-1.352278
-1.327204
-1.352278
-1.327204
-1.352278
-1.327204
-1.352278
-1.327204
-1.352278
-1.327204
-1.352278
-1.327204
-1.352278
-1.327204
-1.352278
-1.327204
-1.352278
-1.327204
-1.352278
-1.327204
-1.352278
-1.327204
-1.352278
-1.327204
-1.352278
-1.327204
-1.352278
-1.327204
-1.352278
