1.3957840000000008
1.4156359999999992
1.4055839999999993
1.40855
1.3957840000000008
1.4156359999999992
1.4055839999999993
1.40855
1.3957840000000008
1.4156359999999992
1.4055839999999993
1.40855
1.3957840000000008
1.4156359999999992
1.4055839999999993
1.40855
1.3957840000000008
1.4156359999999992
1.4055839999999993
1.40855
1.3957840000000008
1.4156359999999992
1.4055839999999993
1.40855
1.3957840000000008
1.4156359999999992
1.4055839999999993
1.40855
1.3957840000000008
1.4156359999999992
1.4055839999999993
1.40855
1.3957840000000008
1.4156359999999992
1.4055839999999993
1.40855
1.3957840000000008
1.4156359999999992
1.4055839999999993
1.40855
1.3957840000000008
1.4156359999999992
1.4055839999999993
1.40855
1.3957840000000008
1.4156359999999992
1.4055839999999993
1.40855
1.3957840000000008
1.4156359999999992
1.4055839999999993
1.40855
1.3957840000000008
1.4156359999999992
1.4055839999999993
1.40855
1.3957840000000008
1.4156359999999992
1.4055839999999993
1.40855
1.3957840000000008
1.4156359999999992
1.4055839999999993
1.40855
1.3957840000000008
1.4156359999999992
1.4055839999999993
1.40855
1.3957840000000008
1.4156359999999992
1.4055839999999993
1.40855
1.3957840000000008
1.4156359999999992
1.4055839999999993
1.40855
1.3957840000000008
1.4156359999999992
1.4055839999999993
1.40855
1.3957840000000008
1.4156359999999992
1.4055839999999993
1.40855
1.3957840000000008
1.4156359999999992
1.4055839999999993
1.40855
1.3957840000000008
1.4156359999999992
1.4055839999999993
1.40855
1.3957840000000008
1.4156359999999992
1.4055839999999993
1.40855
1.3957840000000008
1.4156359999999992
1.4055839999999993
1.40855
1.3957840000000008
1.4156359999999992
1.4055839999999993
1.40855
1.3957840000000008
1.4156359999999992
1.4055839999999993
1.40855
1.3957840000000008
1.4156359999999992
1.4055839999999993
1.40855
1.3957840000000008
1.4156359999999992
1.4055839999999993
1.40855
1.3957840000000008
1.4156359999999992
1.4055839999999993
1.40855
1.3957840000000008
1.4156359999999992
1.4055839999999993
1.40855
1.3957840000000008
1.4156359999999992
1.4055839999999993
1.40855
1.3957840000000008
1.4156359999999992
1.4055839999999993
1.40855
1.3957840000000008
1.4156359999999992
1.4055839999999993
1.40855
1.3957840000000008
1.4156359999999992
1.4055839999999993
1.40855
1.3957840000000008
1.4156359999999992
1.4055839999999993
1.40855
1.3957840000000008
1.4156359999999992
1.4055839999999993
1.40855
1.3957840000000008
1.4156359999999992
1.4055839999999993
1.40855
1.3957840000000008
1.4156359999999992
1.4055839999999993
1.40855
1.3957840000000008
1.4156359999999992
1.4055839999999993
1.40855
1.3957840000000008
1.4156359999999992
1.4055839999999993
1.40855
1.3957840000000008
1.4156359999999992
1.4055839999999993
1.40855
1.3957840000000008
1.4156359999999992
1.4055839999999993
1.40855
1.3957840000000008
1.4156359999999992
1.4055839999999993
1.40855
1.3957840000000008
1.4156359999999992
1.4055839999999993
1.40855
1.3957840000000008
1.4156359999999992
1.4055839999999993
1.40855
1.3957840000000008
1.4156359999999992
1.4055839999999993
1.40855
1.3957840000000008
1.4156359999999992
1.4055839999999993
1.40855
-1.403149
-1.4067040000000004
-1.4114440000000004
-1.4042560000000002
-1.403149
-1.4067040000000004
-1.4114440000000004
-1.4042560000000002
-1.403149
-1.4067040000000004
-1.4114440000000004
-1.4042560000000002
-1.403149
-1.4067040000000004
-1.4114440000000004
-1.4042560000000002
-1.403149
-1.4067040000000004
-1.4114440000000004
-1.4042560000000002
-1.403149
-1.4067040000000004
-1.4114440000000004
-1.4042560000000002
-1.403149
-1.4067040000000004
-1.4114440000000004
-1.4042560000000002
-1.403149
-1.4067040000000004
-1.4114440000000004
-1.4042560000000002
-1.403149
-1.4067040000000004
-1.4114440000000004
-1.4042560000000002
-1.403149
-1.4067040000000004
-1.4114440000000004
-1.4042560000000002
-1.403149
-1.4067040000000004
-1.4114440000000004
-1.4042560000000002
-1.403149
-1.4067040000000004
-1.4114440000000004
-1.4042560000000002
-1.403149
-1.4067040000000004
-1.4114440000000004
-1.4042560000000002
-1.403149
-1.4067040000000004
-1.4114440000000004
-1.4042560000000002
-1.403149
-1.4067040000000004
-1.4114440000000004
-1.4042560000000002
-1.403149
-1.4067040000000004
-1.4114440000000004
-1.4042560000000002
-1.403149
-1.4067040000000004
-1.4114440000000004
-1.4042560000000002
-1.403149
-1.4067040000000004
-1.4114440000000004
-1.4042560000000002
-1.403149
-1.4067040000000004
-1.4114440000000004
-1.4042560000000002
-1.403149
-1.4067040000000004
-1.4114440000000004
-1.4042560000000002
-1.403149
-1.4067040000000004
-1.4114440000000004
-1.4042560000000002
-1.403149
-1.4067040000000004
-1.4114440000000004
-1.4042560000000002
-1.403149
-1.4067040000000004
-1.4114440000000004
-1.4042560000000002
-1.403149
-1.4067040000000004
-1.4114440000000004
-1.4042560000000002
-1.403149
-1.4067040000000004
-1.4114440000000004
-1.4042560000000002
-1.403149
-1.4067040000000004
-1.4114440000000004
-1.4042560000000002
-1.403149
-1.4067040000000004
-1.4114440000000004
-1.4042560000000002
-1.403149
-1.4067040000000004
-1.4114440000000004
-1.4042560000000002
-1.403149
-1.4067040000000004
-1.4114440000000004
-1.4042560000000002
-1.403149
-1.4067040000000004
-1.4114440000000004
-1.4042560000000002
-1.403149
-1.4067040000000004
-1.4114440000000004
-1.4042560000000002
-1.403149
-1.4067040000000004
-1.4114440000000004
-1.4042560000000002
-1.403149
-1.4067040000000004
-1.4114440000000004
-1.4042560000000002
-1.403149
-1.4067040000000004
-1.4114440000000004
-1.4042560000000002
-1.403149
-1.4067040000000004
-1.4114440000000004
-1.4042560000000002
-1.403149
-1.4067040000000004
-1.4114440000000004
-1.4042560000000002
-1.403149
-1.4067040000000004
-1.4114440000000004
-1.4042560000000002
-1.403149
-1.4067040000000004
-1.4114440000000004
-1.4042560000000002
-1.403149
-1.4067040000000004
-1.4114440000000004
-1.4042560000000002
-1.403149
-1.4067040000000004
-1.4114440000000004
-1.4042560000000002
-1.403149
-1.4067040000000004
-1.4114440000000004
-1.4042560000000002
-1.403149
-1.4067040000000004
-1.4114440000000004
-1.4042560000000002
-1.403149
-1.4067040000000004
-1.4114440000000004
-1.4042560000000002
-1.403149
-1.4067040000000004
-1.4114440000000004
-1.4042560000000002
-1.403149
-1.4067040000000004
-1.4114440000000004
-1.4042560000000002
-1.403149
-1.4067040000000004
-1.4114440000000004
-1.4042560000000002
-1.403149
-1.4067040000000004
-1.4114440000000004
-1.4042560000000002
-1.403149
-1.4067040000000004
-1.4114440000000004
-1.4042560000000002
