1.3175109999999997
1.2391880000000004
1.3027130000000007
1.239763
1.3175109999999997
1.2391880000000004
1.3027130000000007
1.239763
1.3175109999999997
1.2391880000000004
1.3027130000000007
1.239763
1.3175109999999997
1.2391880000000004
1.3027130000000007
1.239763
1.3175109999999997
1.2391880000000004
1.3027130000000007
1.239763
1.3175109999999997
1.2391880000000004
1.3027130000000007
1.239763
1.3175109999999997
1.2391880000000004
1.3027130000000007
1.239763
1.3175109999999997
1.2391880000000004
1.3027130000000007
1.239763
1.3175109999999997
1.2391880000000004
1.3027130000000007
1.239763
1.3175109999999997
1.2391880000000004
1.3027130000000007
1.239763
1.3175109999999997
1.2391880000000004
1.3027130000000007
1.239763
1.3175109999999997
1.2391880000000004
1.3027130000000007
1.239763
1.3175109999999997
1.2391880000000004
1.3027130000000007
1.239763
1.3175109999999997
1.2391880000000004
1.3027130000000007
1.239763
1.3175109999999997
1.2391880000000004
1.3027130000000007
1.239763
1.3175109999999997
1.2391880000000004
1.3027130000000007
1.239763
1.3175109999999997
1.2391880000000004
1.3027130000000007
1.239763
1.3175109999999997
1.2391880000000004
1.3027130000000007
1.239763
1.3175109999999997
1.2391880000000004
1.3027130000000007
1.239763
1.3175109999999997
1.2391880000000004
1.3027130000000007
1.239763
1.3175109999999997
1.2391880000000004
1.3027130000000007
1.239763
1.3175109999999997
1.2391880000000004
1.3027130000000007
1.239763
1.3175109999999997
1.2391880000000004
1.3027130000000007
1.239763
1.3175109999999997
1.2391880000000004
1.3027130000000007
1.239763
1.3175109999999997
1.2391880000000004
1.3027130000000007
1.239763
1.3175109999999997
1.2391880000000004
1.3027130000000007
1.239763
1.3175109999999997
1.2391880000000004
1.3027130000000007
1.239763
1.3175109999999997
1.2391880000000004
1.3027130000000007
1.239763
1.3175109999999997
1.2391880000000004
1.3027130000000007
1.239763
1.3175109999999997
1.2391880000000004
1.3027130000000007
1.239763
1.3175109999999997
1.2391880000000004
1.3027130000000007
1.239763
1.3175109999999997
1.2391880000000004
1.3027130000000007
1.239763
1.3175109999999997
1.2391880000000004
1.3027130000000007
1.239763
1.3175109999999997
1.2391880000000004
1.3027130000000007
1.239763
1.3175109999999997
1.2391880000000004
1.3027130000000007
1.239763
1.3175109999999997
1.2391880000000004
1.3027130000000007
1.239763
-1.3047620000000002
-1.2138489999999997
-1.3287680000000002
-1.2517969999999998
-1.3047620000000002
-1.2138489999999997
-1.3287680000000002
-1.2517969999999998
-1.3047620000000002
-1.2138489999999997
-1.3287680000000002
-1.2517969999999998
-1.3047620000000002
-1.2138489999999997
-1.3287680000000002
-1.2517969999999998
-1.3047620000000002
-1.2138489999999997
-1.3287680000000002
-1.2517969999999998
-1.3047620000000002
-1.2138489999999997
-1.3287680000000002
-1.2517969999999998
-1.3047620000000002
-1.2138489999999997
-1.3287680000000002
-1.2517969999999998
-1.3047620000000002
-1.2138489999999997
-1.3287680000000002
-1.2517969999999998
-1.3047620000000002
-1.2138489999999997
-1.3287680000000002
-1.2517969999999998
-1.3047620000000002
-1.2138489999999997
-1.3287680000000002
-1.2517969999999998
-1.3047620000000002
-1.2138489999999997
-1.3287680000000002
-1.2517969999999998
-1.3047620000000002
-1.2138489999999997
-1.3287680000000002
-1.2517969999999998
-1.3047620000000002
-1.2138489999999997
-1.3287680000000002
-1.2517969999999998
-1.3047620000000002
-1.2138489999999997
-1.3287680000000002
-1.2517969999999998
-1.3047620000000002
-1.2138489999999997
-1.3287680000000002
-1.2517969999999998
-1.3047620000000002
-1.2138489999999997
-1.3287680000000002
-1.2517969999999998
-1.3047620000000002
-1.2138489999999997
-1.3287680000000002
-1.2517969999999998
-1.3047620000000002
-1.2138489999999997
-1.3287680000000002
-1.2517969999999998
-1.3047620000000002
-1.2138489999999997
-1.3287680000000002
-1.2517969999999998
-1.3047620000000002
-1.2138489999999997
-1.3287680000000002
-1.2517969999999998
-1.3047620000000002
-1.2138489999999997
-1.3287680000000002
-1.2517969999999998
-1.3047620000000002
-1.2138489999999997
-1.3287680000000002
-1.2517969999999998
-1.3047620000000002
-1.2138489999999997
-1.3287680000000002
-1.2517969999999998
-1.3047620000000002
-1.2138489999999997
-1.3287680000000002
-1.2517969999999998
-1.3047620000000002
-1.2138489999999997
-1.3287680000000002
-1.2517969999999998
-1.3047620000000002
-1.2138489999999997
-1.3287680000000002
-1.2517969999999998
-1.3047620000000002
-1.2138489999999997
-1.3287680000000002
-1.2517969999999998
-1.3047620000000002
-1.2138489999999997
-1.3287680000000002
-1.2517969999999998
-1.3047620000000002
-1.2138489999999997
-1.3287680000000002
-1.2517969999999998
-1.3047620000000002
-1.2138489999999997
-1.3287680000000002
-1.2517969999999998
-1.3047620000000002
-1.2138489999999997
-1.3287680000000002
-1.2517969999999998
-1.3047620000000002
-1.2138489999999997
-1.3287680000000002
-1.2517969999999998
-1.3047620000000002
-1.2138489999999997
-1.3287680000000002
-1.2517969999999998
-1.3047620000000002
-1.2138489999999997
-1.3287680000000002
-1.2517969999999998
-1.3047620000000002
-1.2138489999999997
-1.3287680000000002
-1.2517969999999998
-1.3047620000000002
-1.2138489999999997
-1.3287680000000002
-1.2517969999999998
