1.4071999999999996
1.4003650000000007
1.4071999999999996
1.4003650000000007
1.4071999999999996
1.4003650000000007
1.4071999999999996
1.4003650000000007
1.4071999999999996
1.4003650000000007
1.4071999999999996
1.4003650000000007
1.4071999999999996
1.4003650000000007
1.4071999999999996
1.4003650000000007
1.4071999999999996
1.4003650000000007
1.4071999999999996
1.4003650000000007
1.4071999999999996
1.4003650000000007
1.4071999999999996
1.4003650000000007
1.4071999999999996
1.4003650000000007
1.4071999999999996
1.4003650000000007
1.4071999999999996
1.4003650000000007
1.4071999999999996
1.4003650000000007
1.4071999999999996
1.4003650000000007
1.4071999999999996
1.4003650000000007
1.4071999999999996
1.4003650000000007
1.4071999999999996
1.4003650000000007
1.4071999999999996
1.4003650000000007
1.4071999999999996
1.4003650000000007
1.4071999999999996
1.4003650000000007
1.4071999999999996
1.4003650000000007
1.4071999999999996
1.4003650000000007
1.4071999999999996
1.4003650000000007
1.4071999999999996
1.4003650000000007
1.4071999999999996
1.4003650000000007
1.4071999999999996
1.4003650000000007
1.4071999999999996
1.4003650000000007
1.4071999999999996
1.4003650000000007
1.4071999999999996
1.4003650000000007
1.4071999999999996
1.4003650000000007
1.4071999999999996
1.4003650000000007
1.4071999999999996
1.4003650000000007
1.4071999999999996
1.4003650000000007
1.4071999999999996
1.4003650000000007
1.4071999999999996
1.4003650000000007
1.4071999999999996
1.4003650000000007
1.4071999999999996
1.4003650000000007
1.4071999999999996
1.4003650000000007
1.4071999999999996
1.4003650000000007
1.4071999999999996
1.4003650000000007
1.4071999999999996
1.4003650000000007
1.4071999999999996
1.4003650000000007
1.4071999999999996
1.4003650000000007
1.4071999999999996
1.4003650000000007
1.4071999999999996
1.4003650000000007
1.4071999999999996
1.4003650000000007
1.4071999999999996
1.4003650000000007
1.4071999999999996
1.4003650000000007
1.4071999999999996
1.4003650000000007
1.4071999999999996
1.4003650000000007
1.4071999999999996
1.4003650000000007
1.4071999999999996
1.4003650000000007
1.4071999999999996
1.4003650000000007
1.4071999999999996
1.4003650000000007
1.4071999999999996
1.4003650000000007
1.4071999999999996
1.4003650000000007
1.4071999999999996
1.4003650000000007
-1.4053560000000003
-1.4022069999999998
-1.4053560000000003
-1.4022069999999998
-1.4053560000000003
-1.4022069999999998
-1.4053560000000003
-1.4022069999999998
-1.4053560000000003
-1.4022069999999998
-1.4053560000000003
-1.4022069999999998
-1.4053560000000003
-1.4022069999999998
-1.4053560000000003
-1.4022069999999998
-1.4053560000000003
-1.4022069999999998
-1.4053560000000003
-1.4022069999999998
-1.4053560000000003
-1.4022069999999998
-1.4053560000000003
-1.4022069999999998
-1.4053560000000003
-1.4022069999999998
-1.4053560000000003
-1.4022069999999998
-1.4053560000000003
-1.4022069999999998
-1.4053560000000003
-1.4022069999999998
-1.4053560000000003
-1.4022069999999998
-1.4053560000000003
-1.4022069999999998
-1.4053560000000003
-1.4022069999999998
-1.4053560000000003
-1.4022069999999998
-1.4053560000000003
-1.4022069999999998
-1.4053560000000003
-1.4022069999999998
-1.4053560000000003
-1.4022069999999998
-1.4053560000000003
-1.4022069999999998
-1.4053560000000003
-1.4022069999999998
-1.4053560000000003
-1.4022069999999998
-1.4053560000000003
-1.4022069999999998
-1.4053560000000003
-1.4022069999999998
-1.4053560000000003
-1.4022069999999998
-1.4053560000000003
-1.4022069999999998
-1.4053560000000003
-1.4022069999999998
-1.4053560000000003
-1.4022069999999998
-1.4053560000000003
-1.4022069999999998
-1.4053560000000003
-1.4022069999999998
-1.4053560000000003
-1.4022069999999998
-1.4053560000000003
-1.4022069999999998
-1.4053560000000003
-1.4022069999999998
-1.4053560000000003
-1.4022069999999998
-1.4053560000000003
-1.4022069999999998
-1.4053560000000003
-1.4022069999999998
-1.4053560000000003
-1.4022069999999998
-1.4053560000000003
-1.4022069999999998
-1.4053560000000003
-1.4022069999999998
-1.4053560000000003
-1.4022069999999998
-1.4053560000000003
-1.4022069999999998
-1.4053560000000003
-1.4022069999999998
-1.4053560000000003
-1.4022069999999998
-1.4053560000000003
-1.4022069999999998
-1.4053560000000003
-1.4022069999999998
-1.4053560000000003
-1.4022069999999998
-1.4053560000000003
-1.4022069999999998
-1.4053560000000003
-1.4022069999999998
-1.4053560000000003
-1.4022069999999998
-1.4053560000000003
-1.4022069999999998
-1.4053560000000003
-1.4022069999999998
-1.4053560000000003
-1.4022069999999998
-1.4053560000000003
-1.4022069999999998
-1.4053560000000003
-1.4022069999999998
-1.4053560000000003
-1.4022069999999998
-1.4053560000000003
-1.4022069999999998
