0.6562540000000006
0.6562540000000006
0.6562540000000006
0.6562540000000006
0.6562540000000006
0.6562540000000006
0.6562540000000006
0.6562540000000006
0.6562540000000006
0.6562540000000006
0.6562540000000006
0.6562540000000006
0.6562540000000006
0.6562540000000006
0.6562540000000006
0.6562540000000006
0.6562540000000006
0.6562540000000006
0.6562540000000006
0.6562540000000006
0.6562540000000006
0.6562540000000006
0.6562540000000006
0.6562540000000006
0.6562540000000006
0.6562540000000006
0.6562540000000006
0.6562540000000006
0.6562540000000006
0.6562540000000006
0.6562540000000006
0.6562540000000006
0.6562540000000006
0.6562540000000006
0.6562540000000006
0.6562540000000006
0.6562540000000006
0.6562540000000006
0.6562540000000006
0.6562540000000006
0.6562540000000006
0.6562540000000006
0.6562540000000006
0.6562540000000006
0.6562540000000006
0.6562540000000006
0.6562540000000006
0.6562540000000006
0.6562540000000006
0.6562540000000006
0.6562540000000006
0.6562540000000006
0.6562540000000006
0.6562540000000006
0.6562540000000006
0.6562540000000006
0.6562540000000006
0.6562540000000006
0.6562540000000006
0.6562540000000006
0.6562540000000006
0.6562540000000006
0.6562540000000006
0.6562540000000006
-0.6562530000000004
-0.6562530000000004
-0.6562530000000004
-0.6562530000000004
-0.6562530000000004
-0.6562530000000004
-0.6562530000000004
-0.6562530000000004
-0.6562530000000004
-0.6562530000000004
-0.6562530000000004
-0.6562530000000004
-0.6562530000000004
-0.6562530000000004
-0.6562530000000004
-0.6562530000000004
-0.6562530000000004
-0.6562530000000004
-0.6562530000000004
-0.6562530000000004
-0.6562530000000004
-0.6562530000000004
-0.6562530000000004
-0.6562530000000004
-0.6562530000000004
-0.6562530000000004
-0.6562530000000004
-0.6562530000000004
-0.6562530000000004
-0.6562530000000004
-0.6562530000000004
-0.6562530000000004
-0.6562530000000004
-0.6562530000000004
-0.6562530000000004
-0.6562530000000004
-0.6562530000000004
-0.6562530000000004
-0.6562530000000004
-0.6562530000000004
-0.6562530000000004
-0.6562530000000004
-0.6562530000000004
-0.6562530000000004
-0.6562530000000004
-0.6562530000000004
-0.6562530000000004
-0.6562530000000004
-0.6562530000000004
-0.6562530000000004
-0.6562530000000004
-0.6562530000000004
-0.6562530000000004
-0.6562530000000004
-0.6562530000000004
-0.6562530000000004
-0.6562530000000004
-0.6562530000000004
-0.6562530000000004
-0.6562530000000004
-0.6562530000000004
-0.6562530000000004
-0.6562530000000004
-0.6562530000000004
