1.4304900000000007
1.4301290000000009
1.4316300000000002
1.4277909999999991
1.4304900000000007
1.4301290000000009
1.4316300000000002
1.4277909999999991
1.4304900000000007
1.4301290000000009
1.4316300000000002
1.4277909999999991
1.4304900000000007
1.4301290000000009
1.4316300000000002
1.4277909999999991
1.4304900000000007
1.4301290000000009
1.4316300000000002
1.4277909999999991
1.4304900000000007
1.4301290000000009
1.4316300000000002
1.4277909999999991
1.4304900000000007
1.4301290000000009
1.4316300000000002
1.4277909999999991
1.4304900000000007
1.4301290000000009
1.4316300000000002
1.4277909999999991
1.4304900000000007
1.4301290000000009
1.4316300000000002
1.4277909999999991
1.4304900000000007
1.4301290000000009
1.4316300000000002
1.4277909999999991
1.4304900000000007
1.4301290000000009
1.4316300000000002
1.4277909999999991
1.4304900000000007
1.4301290000000009
1.4316300000000002
1.4277909999999991
1.4304900000000007
1.4301290000000009
1.4316300000000002
1.4277909999999991
1.4304900000000007
1.4301290000000009
1.4316300000000002
1.4277909999999991
1.4304900000000007
1.4301290000000009
1.4316300000000002
1.4277909999999991
1.4304900000000007
1.4301290000000009
1.4316300000000002
1.4277909999999991
1.4304900000000007
1.4301290000000009
1.4316300000000002
1.4277909999999991
1.4304900000000007
1.4301290000000009
1.4316300000000002
1.4277909999999991
1.4304900000000007
1.4301290000000009
1.4316300000000002
1.4277909999999991
1.4304900000000007
1.4301290000000009
1.4316300000000002
1.4277909999999991
1.4304900000000007
1.4301290000000009
1.4316300000000002
1.4277909999999991
1.4304900000000007
1.4301290000000009
1.4316300000000002
1.4277909999999991
1.4304900000000007
1.4301290000000009
1.4316300000000002
1.4277909999999991
1.4304900000000007
1.4301290000000009
1.4316300000000002
1.4277909999999991
1.4304900000000007
1.4301290000000009
1.4316300000000002
1.4277909999999991
1.4304900000000007
1.4301290000000009
1.4316300000000002
1.4277909999999991
1.4304900000000007
1.4301290000000009
1.4316300000000002
1.4277909999999991
1.4304900000000007
1.4301290000000009
1.4316300000000002
1.4277909999999991
1.4304900000000007
1.4301290000000009
1.4316300000000002
1.4277909999999991
1.4304900000000007
1.4301290000000009
1.4316300000000002
1.4277909999999991
1.4304900000000007
1.4301290000000009
1.4316300000000002
1.4277909999999991
1.4304900000000007
1.4301290000000009
1.4316300000000002
1.4277909999999991
1.4304900000000007
1.4301290000000009
1.4316300000000002
1.4277909999999991
1.4304900000000007
1.4301290000000009
1.4316300000000002
1.4277909999999991
1.4304900000000007
1.4301290000000009
1.4316300000000002
1.4277909999999991
1.4304900000000007
1.4301290000000009
1.4316300000000002
1.4277909999999991
-1.4320120000000003
-1.4297709999999997
-1.430732
-1.4275229999999999
-1.4320120000000003
-1.4297709999999997
-1.430732
-1.4275229999999999
-1.4320120000000003
-1.4297709999999997
-1.430732
-1.4275229999999999
-1.4320120000000003
-1.4297709999999997
-1.430732
-1.4275229999999999
-1.4320120000000003
-1.4297709999999997
-1.430732
-1.4275229999999999
-1.4320120000000003
-1.4297709999999997
-1.430732
-1.4275229999999999
-1.4320120000000003
-1.4297709999999997
-1.430732
-1.4275229999999999
-1.4320120000000003
-1.4297709999999997
-1.430732
-1.4275229999999999
-1.4320120000000003
-1.4297709999999997
-1.430732
-1.4275229999999999
-1.4320120000000003
-1.4297709999999997
-1.430732
-1.4275229999999999
-1.4320120000000003
-1.4297709999999997
-1.430732
-1.4275229999999999
-1.4320120000000003
-1.4297709999999997
-1.430732
-1.4275229999999999
-1.4320120000000003
-1.4297709999999997
-1.430732
-1.4275229999999999
-1.4320120000000003
-1.4297709999999997
-1.430732
-1.4275229999999999
-1.4320120000000003
-1.4297709999999997
-1.430732
-1.4275229999999999
-1.4320120000000003
-1.4297709999999997
-1.430732
-1.4275229999999999
-1.4320120000000003
-1.4297709999999997
-1.430732
-1.4275229999999999
-1.4320120000000003
-1.4297709999999997
-1.430732
-1.4275229999999999
-1.4320120000000003
-1.4297709999999997
-1.430732
-1.4275229999999999
-1.4320120000000003
-1.4297709999999997
-1.430732
-1.4275229999999999
-1.4320120000000003
-1.4297709999999997
-1.430732
-1.4275229999999999
-1.4320120000000003
-1.4297709999999997
-1.430732
-1.4275229999999999
-1.4320120000000003
-1.4297709999999997
-1.430732
-1.4275229999999999
-1.4320120000000003
-1.4297709999999997
-1.430732
-1.4275229999999999
-1.4320120000000003
-1.4297709999999997
-1.430732
-1.4275229999999999
-1.4320120000000003
-1.4297709999999997
-1.430732
-1.4275229999999999
-1.4320120000000003
-1.4297709999999997
-1.430732
-1.4275229999999999
-1.4320120000000003
-1.4297709999999997
-1.430732
-1.4275229999999999
-1.4320120000000003
-1.4297709999999997
-1.430732
-1.4275229999999999
-1.4320120000000003
-1.4297709999999997
-1.430732
-1.4275229999999999
-1.4320120000000003
-1.4297709999999997
-1.430732
-1.4275229999999999
-1.4320120000000003
-1.4297709999999997
-1.430732
-1.4275229999999999
-1.4320120000000003
-1.4297709999999997
-1.430732
-1.4275229999999999
-1.4320120000000003
-1.4297709999999997
-1.430732
-1.4275229999999999
-1.4320120000000003
-1.4297709999999997
-1.430732
-1.4275229999999999
-1.4320120000000003
-1.4297709999999997
-1.430732
-1.4275229999999999
