1.4248600000000007
1.4058729999999997
1.4243919999999992
1.4098489999999995
1.4248600000000007
1.4058729999999997
1.4243919999999992
1.4098489999999995
1.4248600000000007
1.4058729999999997
1.4243919999999992
1.4098489999999995
1.4248600000000007
1.4058729999999997
1.4243919999999992
1.4098489999999995
1.4248600000000007
1.4058729999999997
1.4243919999999992
1.4098489999999995
1.4248600000000007
1.4058729999999997
1.4243919999999992
1.4098489999999995
1.4248600000000007
1.4058729999999997
1.4243919999999992
1.4098489999999995
1.4248600000000007
1.4058729999999997
1.4243919999999992
1.4098489999999995
1.4248600000000007
1.4058729999999997
1.4243919999999992
1.4098489999999995
1.4248600000000007
1.4058729999999997
1.4243919999999992
1.4098489999999995
1.4248600000000007
1.4058729999999997
1.4243919999999992
1.4098489999999995
1.4248600000000007
1.4058729999999997
1.4243919999999992
1.4098489999999995
1.4248600000000007
1.4058729999999997
1.4243919999999992
1.4098489999999995
1.4248600000000007
1.4058729999999997
1.4243919999999992
1.4098489999999995
1.4248600000000007
1.4058729999999997
1.4243919999999992
1.4098489999999995
1.4248600000000007
1.4058729999999997
1.4243919999999992
1.4098489999999995
1.4248600000000007
1.4058729999999997
1.4243919999999992
1.4098489999999995
1.4248600000000007
1.4058729999999997
1.4243919999999992
1.4098489999999995
1.4248600000000007
1.4058729999999997
1.4243919999999992
1.4098489999999995
1.4248600000000007
1.4058729999999997
1.4243919999999992
1.4098489999999995
1.4248600000000007
1.4058729999999997
1.4243919999999992
1.4098489999999995
1.4248600000000007
1.4058729999999997
1.4243919999999992
1.4098489999999995
1.4248600000000007
1.4058729999999997
1.4243919999999992
1.4098489999999995
1.4248600000000007
1.4058729999999997
1.4243919999999992
1.4098489999999995
1.4248600000000007
1.4058729999999997
1.4243919999999992
1.4098489999999995
1.4248600000000007
1.4058729999999997
1.4243919999999992
1.4098489999999995
1.4248600000000007
1.4058729999999997
1.4243919999999992
1.4098489999999995
1.4248600000000007
1.4058729999999997
1.4243919999999992
1.4098489999999995
1.4248600000000007
1.4058729999999997
1.4243919999999992
1.4098489999999995
1.4248600000000007
1.4058729999999997
1.4243919999999992
1.4098489999999995
1.4248600000000007
1.4058729999999997
1.4243919999999992
1.4098489999999995
1.4248600000000007
1.4058729999999997
1.4243919999999992
1.4098489999999995
1.4248600000000007
1.4058729999999997
1.4243919999999992
1.4098489999999995
1.4248600000000007
1.4058729999999997
1.4243919999999992
1.4098489999999995
1.4248600000000007
1.4058729999999997
1.4243919999999992
1.4098489999999995
1.4248600000000007
1.4058729999999997
1.4243919999999992
1.4098489999999995
-1.4215010000000001
-1.4121300000000003
-1.419428
-1.4119149999999996
-1.4215010000000001
-1.4121300000000003
-1.419428
-1.4119149999999996
-1.4215010000000001
-1.4121300000000003
-1.419428
-1.4119149999999996
-1.4215010000000001
-1.4121300000000003
-1.419428
-1.4119149999999996
-1.4215010000000001
-1.4121300000000003
-1.419428
-1.4119149999999996
-1.4215010000000001
-1.4121300000000003
-1.419428
-1.4119149999999996
-1.4215010000000001
-1.4121300000000003
-1.419428
-1.4119149999999996
-1.4215010000000001
-1.4121300000000003
-1.419428
-1.4119149999999996
-1.4215010000000001
-1.4121300000000003
-1.419428
-1.4119149999999996
-1.4215010000000001
-1.4121300000000003
-1.419428
-1.4119149999999996
-1.4215010000000001
-1.4121300000000003
-1.419428
-1.4119149999999996
-1.4215010000000001
-1.4121300000000003
-1.419428
-1.4119149999999996
-1.4215010000000001
-1.4121300000000003
-1.419428
-1.4119149999999996
-1.4215010000000001
-1.4121300000000003
-1.419428
-1.4119149999999996
-1.4215010000000001
-1.4121300000000003
-1.419428
-1.4119149999999996
-1.4215010000000001
-1.4121300000000003
-1.419428
-1.4119149999999996
-1.4215010000000001
-1.4121300000000003
-1.419428
-1.4119149999999996
-1.4215010000000001
-1.4121300000000003
-1.419428
-1.4119149999999996
-1.4215010000000001
-1.4121300000000003
-1.419428
-1.4119149999999996
-1.4215010000000001
-1.4121300000000003
-1.419428
-1.4119149999999996
-1.4215010000000001
-1.4121300000000003
-1.419428
-1.4119149999999996
-1.4215010000000001
-1.4121300000000003
-1.419428
-1.4119149999999996
-1.4215010000000001
-1.4121300000000003
-1.419428
-1.4119149999999996
-1.4215010000000001
-1.4121300000000003
-1.419428
-1.4119149999999996
-1.4215010000000001
-1.4121300000000003
-1.419428
-1.4119149999999996
-1.4215010000000001
-1.4121300000000003
-1.419428
-1.4119149999999996
-1.4215010000000001
-1.4121300000000003
-1.419428
-1.4119149999999996
-1.4215010000000001
-1.4121300000000003
-1.419428
-1.4119149999999996
-1.4215010000000001
-1.4121300000000003
-1.419428
-1.4119149999999996
-1.4215010000000001
-1.4121300000000003
-1.419428
-1.4119149999999996
-1.4215010000000001
-1.4121300000000003
-1.419428
-1.4119149999999996
-1.4215010000000001
-1.4121300000000003
-1.419428
-1.4119149999999996
-1.4215010000000001
-1.4121300000000003
-1.419428
-1.4119149999999996
-1.4215010000000001
-1.4121300000000003
-1.419428
-1.4119149999999996
-1.4215010000000001
-1.4121300000000003
-1.419428
-1.4119149999999996
-1.4215010000000001
-1.4121300000000003
-1.419428
-1.4119149999999996
