1.4404199999999996
1.4418089999999992
1.4420420000000007
1.4429700000000008
1.4404199999999996
1.4418089999999992
1.4420420000000007
1.4429700000000008
1.4404199999999996
1.4418089999999992
1.4420420000000007
1.4429700000000008
1.4404199999999996
1.4418089999999992
1.4420420000000007
1.4429700000000008
1.4404199999999996
1.4418089999999992
1.4420420000000007
1.4429700000000008
1.4404199999999996
1.4418089999999992
1.4420420000000007
1.4429700000000008
1.4404199999999996
1.4418089999999992
1.4420420000000007
1.4429700000000008
1.4404199999999996
1.4418089999999992
1.4420420000000007
1.4429700000000008
1.4404199999999996
1.4418089999999992
1.4420420000000007
1.4429700000000008
1.4404199999999996
1.4418089999999992
1.4420420000000007
1.4429700000000008
1.4404199999999996
1.4418089999999992
1.4420420000000007
1.4429700000000008
1.4404199999999996
1.4418089999999992
1.4420420000000007
1.4429700000000008
1.4404199999999996
1.4418089999999992
1.4420420000000007
1.4429700000000008
1.4404199999999996
1.4418089999999992
1.4420420000000007
1.4429700000000008
1.4404199999999996
1.4418089999999992
1.4420420000000007
1.4429700000000008
1.4404199999999996
1.4418089999999992
1.4420420000000007
1.4429700000000008
1.4404199999999996
1.4418089999999992
1.4420420000000007
1.4429700000000008
1.4404199999999996
1.4418089999999992
1.4420420000000007
1.4429700000000008
1.4404199999999996
1.4418089999999992
1.4420420000000007
1.4429700000000008
1.4404199999999996
1.4418089999999992
1.4420420000000007
1.4429700000000008
1.4404199999999996
1.4418089999999992
1.4420420000000007
1.4429700000000008
1.4404199999999996
1.4418089999999992
1.4420420000000007
1.4429700000000008
1.4404199999999996
1.4418089999999992
1.4420420000000007
1.4429700000000008
1.4404199999999996
1.4418089999999992
1.4420420000000007
1.4429700000000008
1.4404199999999996
1.4418089999999992
1.4420420000000007
1.4429700000000008
1.4404199999999996
1.4418089999999992
1.4420420000000007
1.4429700000000008
1.4404199999999996
1.4418089999999992
1.4420420000000007
1.4429700000000008
-1.4416029999999997
-1.4412399999999996
-1.4418420000000003
-1.4425600000000003
-1.4416029999999997
-1.4412399999999996
-1.4418420000000003
-1.4425600000000003
-1.4416029999999997
-1.4412399999999996
-1.4418420000000003
-1.4425600000000003
-1.4416029999999997
-1.4412399999999996
-1.4418420000000003
-1.4425600000000003
-1.4416029999999997
-1.4412399999999996
-1.4418420000000003
-1.4425600000000003
-1.4416029999999997
-1.4412399999999996
-1.4418420000000003
-1.4425600000000003
-1.4416029999999997
-1.4412399999999996
-1.4418420000000003
-1.4425600000000003
-1.4416029999999997
-1.4412399999999996
-1.4418420000000003
-1.4425600000000003
-1.4416029999999997
-1.4412399999999996
-1.4418420000000003
-1.4425600000000003
-1.4416029999999997
-1.4412399999999996
-1.4418420000000003
-1.4425600000000003
-1.4416029999999997
-1.4412399999999996
-1.4418420000000003
-1.4425600000000003
-1.4416029999999997
-1.4412399999999996
-1.4418420000000003
-1.4425600000000003
-1.4416029999999997
-1.4412399999999996
-1.4418420000000003
-1.4425600000000003
-1.4416029999999997
-1.4412399999999996
-1.4418420000000003
-1.4425600000000003
-1.4416029999999997
-1.4412399999999996
-1.4418420000000003
-1.4425600000000003
-1.4416029999999997
-1.4412399999999996
-1.4418420000000003
-1.4425600000000003
-1.4416029999999997
-1.4412399999999996
-1.4418420000000003
-1.4425600000000003
-1.4416029999999997
-1.4412399999999996
-1.4418420000000003
-1.4425600000000003
-1.4416029999999997
-1.4412399999999996
-1.4418420000000003
-1.4425600000000003
-1.4416029999999997
-1.4412399999999996
-1.4418420000000003
-1.4425600000000003
-1.4416029999999997
-1.4412399999999996
-1.4418420000000003
-1.4425600000000003
-1.4416029999999997
-1.4412399999999996
-1.4418420000000003
-1.4425600000000003
-1.4416029999999997
-1.4412399999999996
-1.4418420000000003
-1.4425600000000003
-1.4416029999999997
-1.4412399999999996
-1.4418420000000003
-1.4425600000000003
-1.4416029999999997
-1.4412399999999996
-1.4418420000000003
-1.4425600000000003
-1.4416029999999997
-1.4412399999999996
-1.4418420000000003
-1.4425600000000003
-1.4416029999999997
-1.4412399999999996
-1.4418420000000003
-1.4425600000000003
