1.4014019999999991
1.423788
1.4014019999999991
1.423788
1.4014019999999991
1.423788
1.4014019999999991
1.423788
1.4014019999999991
1.423788
1.4014019999999991
1.423788
1.4014019999999991
1.423788
1.4014019999999991
1.423788
1.4014019999999991
1.423788
1.4014019999999991
1.423788
1.4014019999999991
1.423788
1.4014019999999991
1.423788
1.4014019999999991
1.423788
1.4014019999999991
1.423788
1.4014019999999991
1.423788
1.4014019999999991
1.423788
1.4014019999999991
1.423788
1.4014019999999991
1.423788
1.4014019999999991
1.423788
1.4014019999999991
1.423788
1.4014019999999991
1.423788
1.4014019999999991
1.423788
1.4014019999999991
1.423788
1.4014019999999991
1.423788
1.4014019999999991
1.423788
1.4014019999999991
1.423788
1.4014019999999991
1.423788
1.4014019999999991
1.423788
1.4014019999999991
1.423788
1.4014019999999991
1.423788
1.4014019999999991
1.423788
1.4014019999999991
1.423788
1.4014019999999991
1.423788
1.4014019999999991
1.423788
1.4014019999999991
1.423788
1.4014019999999991
1.423788
1.4014019999999991
1.423788
1.4014019999999991
1.423788
1.4014019999999991
1.423788
1.4014019999999991
1.423788
1.4014019999999991
1.423788
1.4014019999999991
1.423788
1.4014019999999991
1.423788
1.4014019999999991
1.423788
1.4014019999999991
1.423788
1.4014019999999991
1.423788
1.4014019999999991
1.423788
1.4014019999999991
1.423788
-1.4078419999999996
-1.4173479999999996
-1.4078419999999996
-1.4173479999999996
-1.4078419999999996
-1.4173479999999996
-1.4078419999999996
-1.4173479999999996
-1.4078419999999996
-1.4173479999999996
-1.4078419999999996
-1.4173479999999996
-1.4078419999999996
-1.4173479999999996
-1.4078419999999996
-1.4173479999999996
-1.4078419999999996
-1.4173479999999996
-1.4078419999999996
-1.4173479999999996
-1.4078419999999996
-1.4173479999999996
-1.4078419999999996
-1.4173479999999996
-1.4078419999999996
-1.4173479999999996
-1.4078419999999996
-1.4173479999999996
-1.4078419999999996
-1.4173479999999996
-1.4078419999999996
-1.4173479999999996
-1.4078419999999996
-1.4173479999999996
-1.4078419999999996
-1.4173479999999996
-1.4078419999999996
-1.4173479999999996
-1.4078419999999996
-1.4173479999999996
-1.4078419999999996
-1.4173479999999996
-1.4078419999999996
-1.4173479999999996
-1.4078419999999996
-1.4173479999999996
-1.4078419999999996
-1.4173479999999996
-1.4078419999999996
-1.4173479999999996
-1.4078419999999996
-1.4173479999999996
-1.4078419999999996
-1.4173479999999996
-1.4078419999999996
-1.4173479999999996
-1.4078419999999996
-1.4173479999999996
-1.4078419999999996
-1.4173479999999996
-1.4078419999999996
-1.4173479999999996
-1.4078419999999996
-1.4173479999999996
-1.4078419999999996
-1.4173479999999996
-1.4078419999999996
-1.4173479999999996
-1.4078419999999996
-1.4173479999999996
-1.4078419999999996
-1.4173479999999996
-1.4078419999999996
-1.4173479999999996
-1.4078419999999996
-1.4173479999999996
-1.4078419999999996
-1.4173479999999996
-1.4078419999999996
-1.4173479999999996
-1.4078419999999996
-1.4173479999999996
-1.4078419999999996
-1.4173479999999996
-1.4078419999999996
-1.4173479999999996
-1.4078419999999996
-1.4173479999999996
-1.4078419999999996
-1.4173479999999996
-1.4078419999999996
-1.4173479999999996
-1.4078419999999996
-1.4173479999999996
-1.4078419999999996
-1.4173479999999996
