1.4419920000000008
1.4409410000000005
1.4411819999999995
1.4407940000000004
1.4419920000000008
1.4409410000000005
1.4411819999999995
1.4407940000000004
1.4419920000000008
1.4409410000000005
1.4411819999999995
1.4407940000000004
1.4419920000000008
1.4409410000000005
1.4411819999999995
1.4407940000000004
1.4419920000000008
1.4409410000000005
1.4411819999999995
1.4407940000000004
1.4419920000000008
1.4409410000000005
1.4411819999999995
1.4407940000000004
1.4419920000000008
1.4409410000000005
1.4411819999999995
1.4407940000000004
1.4419920000000008
1.4409410000000005
1.4411819999999995
1.4407940000000004
1.4419920000000008
1.4409410000000005
1.4411819999999995
1.4407940000000004
1.4419920000000008
1.4409410000000005
1.4411819999999995
1.4407940000000004
1.4419920000000008
1.4409410000000005
1.4411819999999995
1.4407940000000004
1.4419920000000008
1.4409410000000005
1.4411819999999995
1.4407940000000004
1.4419920000000008
1.4409410000000005
1.4411819999999995
1.4407940000000004
1.4419920000000008
1.4409410000000005
1.4411819999999995
1.4407940000000004
1.4419920000000008
1.4409410000000005
1.4411819999999995
1.4407940000000004
1.4419920000000008
1.4409410000000005
1.4411819999999995
1.4407940000000004
1.4419920000000008
1.4409410000000005
1.4411819999999995
1.4407940000000004
1.4419920000000008
1.4409410000000005
1.4411819999999995
1.4407940000000004
1.4419920000000008
1.4409410000000005
1.4411819999999995
1.4407940000000004
1.4419920000000008
1.4409410000000005
1.4411819999999995
1.4407940000000004
1.4419920000000008
1.4409410000000005
1.4411819999999995
1.4407940000000004
1.4419920000000008
1.4409410000000005
1.4411819999999995
1.4407940000000004
1.4419920000000008
1.4409410000000005
1.4411819999999995
1.4407940000000004
1.4419920000000008
1.4409410000000005
1.4411819999999995
1.4407940000000004
1.4419920000000008
1.4409410000000005
1.4411819999999995
1.4407940000000004
1.4419920000000008
1.4409410000000005
1.4411819999999995
1.4407940000000004
1.4419920000000008
1.4409410000000005
1.4411819999999995
1.4407940000000004
-1.4416820000000001
-1.4407069999999997
-1.4413289999999996
-1.441192
-1.4416820000000001
-1.4407069999999997
-1.4413289999999996
-1.441192
-1.4416820000000001
-1.4407069999999997
-1.4413289999999996
-1.441192
-1.4416820000000001
-1.4407069999999997
-1.4413289999999996
-1.441192
-1.4416820000000001
-1.4407069999999997
-1.4413289999999996
-1.441192
-1.4416820000000001
-1.4407069999999997
-1.4413289999999996
-1.441192
-1.4416820000000001
-1.4407069999999997
-1.4413289999999996
-1.441192
-1.4416820000000001
-1.4407069999999997
-1.4413289999999996
-1.441192
-1.4416820000000001
-1.4407069999999997
-1.4413289999999996
-1.441192
-1.4416820000000001
-1.4407069999999997
-1.4413289999999996
-1.441192
-1.4416820000000001
-1.4407069999999997
-1.4413289999999996
-1.441192
-1.4416820000000001
-1.4407069999999997
-1.4413289999999996
-1.441192
-1.4416820000000001
-1.4407069999999997
-1.4413289999999996
-1.441192
-1.4416820000000001
-1.4407069999999997
-1.4413289999999996
-1.441192
-1.4416820000000001
-1.4407069999999997
-1.4413289999999996
-1.441192
-1.4416820000000001
-1.4407069999999997
-1.4413289999999996
-1.441192
-1.4416820000000001
-1.4407069999999997
-1.4413289999999996
-1.441192
-1.4416820000000001
-1.4407069999999997
-1.4413289999999996
-1.441192
-1.4416820000000001
-1.4407069999999997
-1.4413289999999996
-1.441192
-1.4416820000000001
-1.4407069999999997
-1.4413289999999996
-1.441192
-1.4416820000000001
-1.4407069999999997
-1.4413289999999996
-1.441192
-1.4416820000000001
-1.4407069999999997
-1.4413289999999996
-1.441192
-1.4416820000000001
-1.4407069999999997
-1.4413289999999996
-1.441192
-1.4416820000000001
-1.4407069999999997
-1.4413289999999996
-1.441192
-1.4416820000000001
-1.4407069999999997
-1.4413289999999996
-1.441192
-1.4416820000000001
-1.4407069999999997
-1.4413289999999996
-1.441192
-1.4416820000000001
-1.4407069999999997
-1.4413289999999996
-1.441192
