1.460915
1.460915
1.460915
1.460915
1.460915
1.460915
1.460915
1.460915
1.460915
1.460915
1.460915
1.460915
1.460915
1.460915
1.460915
1.460915
1.460915
1.460915
1.460915
1.460915
1.460915
1.460915
1.460915
1.460915
1.460915
1.460915
1.460915
1.460915
1.460915
1.460915
1.460915
1.460915
1.460915
1.460915
1.460915
1.460915
1.460915
1.460915
1.460915
1.460915
1.460915
1.460915
1.460915
1.460915
1.460915
1.460915
1.460915
1.460915
1.460915
1.460915
1.460915
1.460915
1.460915
1.460915
1.460915
1.460915
1.460915
1.460915
1.460915
1.460915
1.460915
1.460915
1.460915
1.460915
-1.4609189999999996
-1.4609189999999996
-1.4609189999999996
-1.4609189999999996
-1.4609189999999996
-1.4609189999999996
-1.4609189999999996
-1.4609189999999996
-1.4609189999999996
-1.4609189999999996
-1.4609189999999996
-1.4609189999999996
-1.4609189999999996
-1.4609189999999996
-1.4609189999999996
-1.4609189999999996
-1.4609189999999996
-1.4609189999999996
-1.4609189999999996
-1.4609189999999996
-1.4609189999999996
-1.4609189999999996
-1.4609189999999996
-1.4609189999999996
-1.4609189999999996
-1.4609189999999996
-1.4609189999999996
-1.4609189999999996
-1.4609189999999996
-1.4609189999999996
-1.4609189999999996
-1.4609189999999996
-1.4609189999999996
-1.4609189999999996
-1.4609189999999996
-1.4609189999999996
-1.4609189999999996
-1.4609189999999996
-1.4609189999999996
-1.4609189999999996
-1.4609189999999996
-1.4609189999999996
-1.4609189999999996
-1.4609189999999996
-1.4609189999999996
-1.4609189999999996
-1.4609189999999996
-1.4609189999999996
-1.4609189999999996
-1.4609189999999996
-1.4609189999999996
-1.4609189999999996
-1.4609189999999996
-1.4609189999999996
-1.4609189999999996
-1.4609189999999996
-1.4609189999999996
-1.4609189999999996
-1.4609189999999996
-1.4609189999999996
-1.4609189999999996
-1.4609189999999996
-1.4609189999999996
-1.4609189999999996
