1.4611219999999996
1.4611219999999996
1.4611219999999996
1.4611219999999996
1.4611219999999996
1.4611219999999996
1.4611219999999996
1.4611219999999996
1.4611219999999996
1.4611219999999996
1.4611219999999996
1.4611219999999996
1.4611219999999996
1.4611219999999996
1.4611219999999996
1.4611219999999996
1.4611219999999996
1.4611219999999996
1.4611219999999996
1.4611219999999996
1.4611219999999996
1.4611219999999996
1.4611219999999996
1.4611219999999996
1.4611219999999996
1.4611219999999996
1.4611219999999996
1.4611219999999996
1.4611219999999996
1.4611219999999996
1.4611219999999996
1.4611219999999996
1.4611219999999996
1.4611219999999996
1.4611219999999996
1.4611219999999996
1.4611219999999996
1.4611219999999996
1.4611219999999996
1.4611219999999996
1.4611219999999996
1.4611219999999996
1.4611219999999996
1.4611219999999996
1.4611219999999996
1.4611219999999996
1.4611219999999996
1.4611219999999996
1.4611219999999996
1.4611219999999996
1.4611219999999996
1.4611219999999996
1.4611219999999996
1.4611219999999996
1.4611219999999996
1.4611219999999996
1.4611219999999996
1.4611219999999996
1.4611219999999996
1.4611219999999996
1.4611219999999996
1.4611219999999996
1.4611219999999996
1.4611219999999996
-1.4611219999999996
-1.4611219999999996
-1.4611219999999996
-1.4611219999999996
-1.4611219999999996
-1.4611219999999996
-1.4611219999999996
-1.4611219999999996
-1.4611219999999996
-1.4611219999999996
-1.4611219999999996
-1.4611219999999996
-1.4611219999999996
-1.4611219999999996
-1.4611219999999996
-1.4611219999999996
-1.4611219999999996
-1.4611219999999996
-1.4611219999999996
-1.4611219999999996
-1.4611219999999996
-1.4611219999999996
-1.4611219999999996
-1.4611219999999996
-1.4611219999999996
-1.4611219999999996
-1.4611219999999996
-1.4611219999999996
-1.4611219999999996
-1.4611219999999996
-1.4611219999999996
-1.4611219999999996
-1.4611219999999996
-1.4611219999999996
-1.4611219999999996
-1.4611219999999996
-1.4611219999999996
-1.4611219999999996
-1.4611219999999996
-1.4611219999999996
-1.4611219999999996
-1.4611219999999996
-1.4611219999999996
-1.4611219999999996
-1.4611219999999996
-1.4611219999999996
-1.4611219999999996
-1.4611219999999996
-1.4611219999999996
-1.4611219999999996
-1.4611219999999996
-1.4611219999999996
-1.4611219999999996
-1.4611219999999996
-1.4611219999999996
-1.4611219999999996
-1.4611219999999996
-1.4611219999999996
-1.4611219999999996
-1.4611219999999996
-1.4611219999999996
-1.4611219999999996
-1.4611219999999996
-1.4611219999999996
