1.2778430000000007
1.2778430000000007
1.2778430000000007
1.2778430000000007
1.2778430000000007
1.2778430000000007
1.2778430000000007
1.2778430000000007
1.2778430000000007
1.2778430000000007
1.2778430000000007
1.2778430000000007
1.2778430000000007
1.2778430000000007
1.2778430000000007
1.2778430000000007
1.2778430000000007
1.2778430000000007
1.2778430000000007
1.2778430000000007
1.2778430000000007
1.2778430000000007
1.2778430000000007
1.2778430000000007
1.2778430000000007
1.2778430000000007
1.2778430000000007
1.2778430000000007
1.2778430000000007
1.2778430000000007
1.2778430000000007
1.2778430000000007
1.2778430000000007
1.2778430000000007
1.2778430000000007
1.2778430000000007
1.2778430000000007
1.2778430000000007
1.2778430000000007
1.2778430000000007
1.2778430000000007
1.2778430000000007
1.2778430000000007
1.2778430000000007
1.2778430000000007
1.2778430000000007
1.2778430000000007
1.2778430000000007
1.2778430000000007
1.2778430000000007
1.2778430000000007
1.2778430000000007
1.2778430000000007
1.2778430000000007
-1.2778409999999996
-1.2778409999999996
-1.2778409999999996
-1.2778409999999996
-1.2778409999999996
-1.2778409999999996
-1.2778409999999996
-1.2778409999999996
-1.2778409999999996
-1.2778409999999996
-1.2778409999999996
-1.2778409999999996
-1.2778409999999996
-1.2778409999999996
-1.2778409999999996
-1.2778409999999996
-1.2778409999999996
-1.2778409999999996
-1.2778409999999996
-1.2778409999999996
-1.2778409999999996
-1.2778409999999996
-1.2778409999999996
-1.2778409999999996
-1.2778409999999996
-1.2778409999999996
-1.2778409999999996
-1.2778409999999996
-1.2778409999999996
-1.2778409999999996
-1.2778409999999996
-1.2778409999999996
-1.2778409999999996
-1.2778409999999996
-1.2778409999999996
-1.2778409999999996
-1.2778409999999996
-1.2778409999999996
-1.2778409999999996
-1.2778409999999996
-1.2778409999999996
-1.2778409999999996
-1.2778409999999996
-1.2778409999999996
-1.2778409999999996
-1.2778409999999996
-1.2778409999999996
-1.2778409999999996
-1.2778409999999996
-1.2778409999999996
-1.2778409999999996
-1.2778409999999996
-1.2778409999999996
-1.2778409999999996
