1.3679430000000004
1.351972
1.3679430000000004
1.351972
1.3679430000000004
1.351972
1.3679430000000004
1.351972
1.3679430000000004
1.351972
1.3679430000000004
1.351972
1.3679430000000004
1.351972
1.3679430000000004
1.351972
1.3679430000000004
1.351972
1.3679430000000004
1.351972
1.3679430000000004
1.351972
1.3679430000000004
1.351972
1.3679430000000004
1.351972
1.3679430000000004
1.351972
1.3679430000000004
1.351972
1.3679430000000004
1.351972
1.3679430000000004
1.351972
1.3679430000000004
1.351972
1.3679430000000004
1.351972
1.3679430000000004
1.351972
1.3679430000000004
1.351972
1.3679430000000004
1.351972
1.3679430000000004
1.351972
1.3679430000000004
1.351972
1.3679430000000004
1.351972
1.3679430000000004
1.351972
1.3679430000000004
1.351972
1.3679430000000004
1.351972
1.3679430000000004
1.351972
1.3679430000000004
1.351972
1.3679430000000004
1.351972
1.3679430000000004
1.351972
1.3679430000000004
1.351972
1.3679430000000004
1.351972
1.3679430000000004
1.351972
1.3679430000000004
1.351972
1.3679430000000004
1.351972
1.3679430000000004
1.351972
1.3679430000000004
1.351972
1.3679430000000004
1.351972
1.3679430000000004
1.351972
1.3679430000000004
1.351972
1.3679430000000004
1.351972
1.3679430000000004
1.351972
1.3679430000000004
1.351972
1.3679430000000004
1.351972
1.3679430000000004
1.351972
1.3679430000000004
1.351972
1.3679430000000004
1.351972
1.3679430000000004
1.351972
1.3679430000000004
1.351972
1.3679430000000004
1.351972
1.3679430000000004
1.351972
1.3679430000000004
1.351972
1.3679430000000004
1.351972
1.3679430000000004
1.351972
1.3679430000000004
1.351972
1.3679430000000004
1.351972
1.3679430000000004
1.351972
1.3679430000000004
1.351972
-1.3558199999999996
-1.3640939999999997
-1.3558199999999996
-1.3640939999999997
-1.3558199999999996
-1.3640939999999997
-1.3558199999999996
-1.3640939999999997
-1.3558199999999996
-1.3640939999999997
-1.3558199999999996
-1.3640939999999997
-1.3558199999999996
-1.3640939999999997
-1.3558199999999996
-1.3640939999999997
-1.3558199999999996
-1.3640939999999997
-1.3558199999999996
-1.3640939999999997
-1.3558199999999996
-1.3640939999999997
-1.3558199999999996
-1.3640939999999997
-1.3558199999999996
-1.3640939999999997
-1.3558199999999996
-1.3640939999999997
-1.3558199999999996
-1.3640939999999997
-1.3558199999999996
-1.3640939999999997
-1.3558199999999996
-1.3640939999999997
-1.3558199999999996
-1.3640939999999997
-1.3558199999999996
-1.3640939999999997
-1.3558199999999996
-1.3640939999999997
-1.3558199999999996
-1.3640939999999997
-1.3558199999999996
-1.3640939999999997
-1.3558199999999996
-1.3640939999999997
-1.3558199999999996
-1.3640939999999997
-1.3558199999999996
-1.3640939999999997
-1.3558199999999996
-1.3640939999999997
-1.3558199999999996
-1.3640939999999997
-1.3558199999999996
-1.3640939999999997
-1.3558199999999996
-1.3640939999999997
-1.3558199999999996
-1.3640939999999997
-1.3558199999999996
-1.3640939999999997
-1.3558199999999996
-1.3640939999999997
-1.3558199999999996
-1.3640939999999997
-1.3558199999999996
-1.3640939999999997
-1.3558199999999996
-1.3640939999999997
-1.3558199999999996
-1.3640939999999997
-1.3558199999999996
-1.3640939999999997
-1.3558199999999996
-1.3640939999999997
-1.3558199999999996
-1.3640939999999997
-1.3558199999999996
-1.3640939999999997
-1.3558199999999996
-1.3640939999999997
-1.3558199999999996
-1.3640939999999997
-1.3558199999999996
-1.3640939999999997
-1.3558199999999996
-1.3640939999999997
-1.3558199999999996
-1.3640939999999997
-1.3558199999999996
-1.3640939999999997
-1.3558199999999996
-1.3640939999999997
-1.3558199999999996
-1.3640939999999997
-1.3558199999999996
-1.3640939999999997
-1.3558199999999996
-1.3640939999999997
-1.3558199999999996
-1.3640939999999997
-1.3558199999999996
-1.3640939999999997
-1.3558199999999996
-1.3640939999999997
-1.3558199999999996
-1.3640939999999997
-1.3558199999999996
-1.3640939999999997
-1.3558199999999996
-1.3640939999999997
-1.3558199999999996
-1.3640939999999997
-1.3558199999999996
-1.3640939999999997
-1.3558199999999996
-1.3640939999999997
-1.3558199999999996
-1.3640939999999997
