1.368309
1.368309
1.368309
1.368309
1.368309
1.368309
1.368309
1.368309
1.368309
1.368309
1.368309
1.368309
1.368309
1.368309
1.368309
1.368309
1.368309
1.368309
1.368309
1.368309
1.368309
1.368309
1.368309
1.368309
1.368309
1.368309
1.368309
1.368309
1.368309
1.368309
1.368309
1.368309
1.368309
1.368309
1.368309
1.368309
1.368309
1.368309
1.368309
1.368309
1.368309
1.368309
1.368309
1.368309
1.368309
1.368309
1.368309
1.368309
1.368309
1.368309
1.368309
1.368309
1.368309
1.368309
1.368309
1.368309
1.368309
1.368309
1.368309
1.368309
1.368309
1.368309
1.368309
1.368309
1.368309
1.368309
1.368309
1.368309
1.368309
1.368309
1.368309
1.368309
1.368309
1.368309
1.368309
1.368309
1.368309
1.368309
1.368309
1.368309
1.368309
1.368309
1.368309
1.368309
1.368309
1.368309
1.368309
1.368309
1.368309
1.368309
1.368309
1.368309
1.368309
1.368309
1.368309
1.368309
-1.3683059999999996
-1.368309
-1.3683059999999996
-1.368309
-1.3683059999999996
-1.368309
-1.3683059999999996
-1.368309
-1.3683059999999996
-1.368309
-1.3683059999999996
-1.368309
-1.3683059999999996
-1.368309
-1.3683059999999996
-1.368309
-1.3683059999999996
-1.368309
-1.3683059999999996
-1.368309
-1.3683059999999996
-1.368309
-1.3683059999999996
-1.368309
-1.3683059999999996
-1.368309
-1.3683059999999996
-1.368309
-1.3683059999999996
-1.368309
-1.3683059999999996
-1.368309
-1.3683059999999996
-1.368309
-1.3683059999999996
-1.368309
-1.3683059999999996
-1.368309
-1.3683059999999996
-1.368309
-1.3683059999999996
-1.368309
-1.3683059999999996
-1.368309
-1.3683059999999996
-1.368309
-1.3683059999999996
-1.368309
-1.3683059999999996
-1.368309
-1.3683059999999996
-1.368309
-1.3683059999999996
-1.368309
-1.3683059999999996
-1.368309
-1.3683059999999996
-1.368309
-1.3683059999999996
-1.368309
-1.3683059999999996
-1.368309
-1.3683059999999996
-1.368309
-1.3683059999999996
-1.368309
-1.3683059999999996
-1.368309
-1.3683059999999996
-1.368309
-1.3683059999999996
-1.368309
-1.3683059999999996
-1.368309
-1.3683059999999996
-1.368309
-1.3683059999999996
-1.368309
-1.3683059999999996
-1.368309
-1.3683059999999996
-1.368309
-1.3683059999999996
-1.368309
-1.3683059999999996
-1.368309
-1.3683059999999996
-1.368309
-1.3683059999999996
-1.368309
-1.3683059999999996
-1.368309
-1.3683059999999996
-1.368309
-1.3683059999999996
-1.368309
