1.4420590000000004
1.44219
1.4413520000000002
1.4346139999999998
1.4420590000000004
1.44219
1.4413520000000002
1.4346139999999998
1.4420590000000004
1.44219
1.4413520000000002
1.4346139999999998
1.4420590000000004
1.44219
1.4413520000000002
1.4346139999999998
1.4420590000000004
1.44219
1.4413520000000002
1.4346139999999998
1.4420590000000004
1.44219
1.4413520000000002
1.4346139999999998
1.4420590000000004
1.44219
1.4413520000000002
1.4346139999999998
1.4420590000000004
1.44219
1.4413520000000002
1.4346139999999998
1.4420590000000004
1.44219
1.4413520000000002
1.4346139999999998
1.4420590000000004
1.44219
1.4413520000000002
1.4346139999999998
1.4420590000000004
1.44219
1.4413520000000002
1.4346139999999998
1.4420590000000004
1.44219
1.4413520000000002
1.4346139999999998
1.4420590000000004
1.44219
1.4413520000000002
1.4346139999999998
1.4420590000000004
1.44219
1.4413520000000002
1.4346139999999998
1.4420590000000004
1.44219
1.4413520000000002
1.4346139999999998
1.4420590000000004
1.44219
1.4413520000000002
1.4346139999999998
1.4420590000000004
1.44219
1.4413520000000002
1.4346139999999998
1.4420590000000004
1.44219
1.4413520000000002
1.4346139999999998
1.4420590000000004
1.44219
1.4413520000000002
1.4346139999999998
1.4420590000000004
1.44219
1.4413520000000002
1.4346139999999998
1.4420590000000004
1.44219
1.4413520000000002
1.4346139999999998
1.4420590000000004
1.44219
1.4413520000000002
1.4346139999999998
1.4420590000000004
1.44219
1.4413520000000002
1.4346139999999998
1.4420590000000004
1.44219
1.4413520000000002
1.4346139999999998
1.4420590000000004
1.44219
1.4413520000000002
1.4346139999999998
1.4420590000000004
1.44219
1.4413520000000002
1.4346139999999998
1.4420590000000004
1.44219
1.4413520000000002
1.4346139999999998
-1.4387549999999996
-1.4393459999999996
-1.4408510000000003
-1.441262
-1.4387549999999996
-1.4393459999999996
-1.4408510000000003
-1.441262
-1.4387549999999996
-1.4393459999999996
-1.4408510000000003
-1.441262
-1.4387549999999996
-1.4393459999999996
-1.4408510000000003
-1.441262
-1.4387549999999996
-1.4393459999999996
-1.4408510000000003
-1.441262
-1.4387549999999996
-1.4393459999999996
-1.4408510000000003
-1.441262
-1.4387549999999996
-1.4393459999999996
-1.4408510000000003
-1.441262
-1.4387549999999996
-1.4393459999999996
-1.4408510000000003
-1.441262
-1.4387549999999996
-1.4393459999999996
-1.4408510000000003
-1.441262
-1.4387549999999996
-1.4393459999999996
-1.4408510000000003
-1.441262
-1.4387549999999996
-1.4393459999999996
-1.4408510000000003
-1.441262
-1.4387549999999996
-1.4393459999999996
-1.4408510000000003
-1.441262
-1.4387549999999996
-1.4393459999999996
-1.4408510000000003
-1.441262
-1.4387549999999996
-1.4393459999999996
-1.4408510000000003
-1.441262
-1.4387549999999996
-1.4393459999999996
-1.4408510000000003
-1.441262
-1.4387549999999996
-1.4393459999999996
-1.4408510000000003
-1.441262
-1.4387549999999996
-1.4393459999999996
-1.4408510000000003
-1.441262
-1.4387549999999996
-1.4393459999999996
-1.4408510000000003
-1.441262
-1.4387549999999996
-1.4393459999999996
-1.4408510000000003
-1.441262
-1.4387549999999996
-1.4393459999999996
-1.4408510000000003
-1.441262
-1.4387549999999996
-1.4393459999999996
-1.4408510000000003
-1.441262
-1.4387549999999996
-1.4393459999999996
-1.4408510000000003
-1.441262
-1.4387549999999996
-1.4393459999999996
-1.4408510000000003
-1.441262
-1.4387549999999996
-1.4393459999999996
-1.4408510000000003
-1.441262
-1.4387549999999996
-1.4393459999999996
-1.4408510000000003
-1.441262
-1.4387549999999996
-1.4393459999999996
-1.4408510000000003
-1.441262
-1.4387549999999996
-1.4393459999999996
-1.4408510000000003
-1.441262
