1.3916020000000007
1.38795
1.3916020000000007
1.38795
1.3916020000000007
1.38795
1.3916020000000007
1.38795
1.3916020000000007
1.38795
1.3916020000000007
1.38795
1.3916020000000007
1.38795
1.3916020000000007
1.38795
1.3916020000000007
1.38795
1.3916020000000007
1.38795
1.3916020000000007
1.38795
1.3916020000000007
1.38795
1.3916020000000007
1.38795
1.3916020000000007
1.38795
1.3916020000000007
1.38795
1.3916020000000007
1.38795
1.3916020000000007
1.38795
1.3916020000000007
1.38795
1.3916020000000007
1.38795
1.3916020000000007
1.38795
1.3916020000000007
1.38795
1.3916020000000007
1.38795
1.3916020000000007
1.38795
1.3916020000000007
1.38795
1.3916020000000007
1.38795
1.3916020000000007
1.38795
1.3916020000000007
1.38795
1.3916020000000007
1.38795
1.3916020000000007
1.38795
1.3916020000000007
1.38795
1.3916020000000007
1.38795
1.3916020000000007
1.38795
1.3916020000000007
1.38795
1.3916020000000007
1.38795
1.3916020000000007
1.38795
1.3916020000000007
1.38795
1.3916020000000007
1.38795
1.3916020000000007
1.38795
1.3916020000000007
1.38795
1.3916020000000007
1.38795
1.3916020000000007
1.38795
1.3916020000000007
1.38795
1.3916020000000007
1.38795
1.3916020000000007
1.38795
1.3916020000000007
1.38795
1.3916020000000007
1.38795
1.3916020000000007
1.38795
1.3916020000000007
1.38795
1.3916020000000007
1.38795
1.3916020000000007
1.38795
1.3916020000000007
1.38795
1.3916020000000007
1.38795
1.3916020000000007
1.38795
1.3916020000000007
1.38795
1.3916020000000007
1.38795
1.3916020000000007
1.38795
1.3916020000000007
1.38795
1.3916020000000007
1.38795
1.3916020000000007
1.38795
1.3916020000000007
1.38795
-1.389609
-1.3899419999999996
-1.389609
-1.3899419999999996
-1.389609
-1.3899419999999996
-1.389609
-1.3899419999999996
-1.389609
-1.3899419999999996
-1.389609
-1.3899419999999996
-1.389609
-1.3899419999999996
-1.389609
-1.3899419999999996
-1.389609
-1.3899419999999996
-1.389609
-1.3899419999999996
-1.389609
-1.3899419999999996
-1.389609
-1.3899419999999996
-1.389609
-1.3899419999999996
-1.389609
-1.3899419999999996
-1.389609
-1.3899419999999996
-1.389609
-1.3899419999999996
-1.389609
-1.3899419999999996
-1.389609
-1.3899419999999996
-1.389609
-1.3899419999999996
-1.389609
-1.3899419999999996
-1.389609
-1.3899419999999996
-1.389609
-1.3899419999999996
-1.389609
-1.3899419999999996
-1.389609
-1.3899419999999996
-1.389609
-1.3899419999999996
-1.389609
-1.3899419999999996
-1.389609
-1.3899419999999996
-1.389609
-1.3899419999999996
-1.389609
-1.3899419999999996
-1.389609
-1.3899419999999996
-1.389609
-1.3899419999999996
-1.389609
-1.3899419999999996
-1.389609
-1.3899419999999996
-1.389609
-1.3899419999999996
-1.389609
-1.3899419999999996
-1.389609
-1.3899419999999996
-1.389609
-1.3899419999999996
-1.389609
-1.3899419999999996
-1.389609
-1.3899419999999996
-1.389609
-1.3899419999999996
-1.389609
-1.3899419999999996
-1.389609
-1.3899419999999996
-1.389609
-1.3899419999999996
-1.389609
-1.3899419999999996
-1.389609
-1.3899419999999996
-1.389609
-1.3899419999999996
-1.389609
-1.3899419999999996
-1.389609
-1.3899419999999996
-1.389609
-1.3899419999999996
-1.389609
-1.3899419999999996
-1.389609
-1.3899419999999996
-1.389609
-1.3899419999999996
-1.389609
-1.3899419999999996
-1.389609
-1.3899419999999996
-1.389609
-1.3899419999999996
-1.389609
-1.3899419999999996
-1.389609
-1.3899419999999996
-1.389609
-1.3899419999999996
-1.389609
-1.3899419999999996
-1.389609
-1.3899419999999996
