1.3258109999999999
1.3233700000000006
1.3258109999999999
1.3233700000000006
1.3258109999999999
1.3233700000000006
1.3258109999999999
1.3233700000000006
1.3258109999999999
1.3233700000000006
1.3258109999999999
1.3233700000000006
1.3258109999999999
1.3233700000000006
1.3258109999999999
1.3233700000000006
1.3258109999999999
1.3233700000000006
1.3258109999999999
1.3233700000000006
1.3258109999999999
1.3233700000000006
1.3258109999999999
1.3233700000000006
1.3258109999999999
1.3233700000000006
1.3258109999999999
1.3233700000000006
1.3258109999999999
1.3233700000000006
1.3258109999999999
1.3233700000000006
1.3258109999999999
1.3233700000000006
1.3258109999999999
1.3233700000000006
1.3258109999999999
1.3233700000000006
1.3258109999999999
1.3233700000000006
1.3258109999999999
1.3233700000000006
1.3258109999999999
1.3233700000000006
1.3258109999999999
1.3233700000000006
1.3258109999999999
1.3233700000000006
1.3258109999999999
1.3233700000000006
1.3258109999999999
1.3233700000000006
1.3258109999999999
1.3233700000000006
1.3258109999999999
1.3233700000000006
1.3258109999999999
1.3233700000000006
1.3258109999999999
1.3233700000000006
1.3258109999999999
1.3233700000000006
1.3258109999999999
1.3233700000000006
1.3258109999999999
1.3233700000000006
1.3258109999999999
1.3233700000000006
1.3258109999999999
1.3233700000000006
1.3258109999999999
1.3233700000000006
1.3258109999999999
1.3233700000000006
1.3258109999999999
1.3233700000000006
1.3258109999999999
1.3233700000000006
1.3258109999999999
1.3233700000000006
1.3258109999999999
1.3233700000000006
1.3258109999999999
1.3233700000000006
1.3258109999999999
1.3233700000000006
1.3258109999999999
1.3233700000000006
1.3258109999999999
1.3233700000000006
1.3258109999999999
1.3233700000000006
1.3258109999999999
1.3233700000000006
1.3258109999999999
1.3233700000000006
1.3258109999999999
1.3233700000000006
1.3258109999999999
1.3233700000000006
1.3258109999999999
1.3233700000000006
1.3258109999999999
1.3233700000000006
1.3258109999999999
1.3233700000000006
1.3258109999999999
1.3233700000000006
1.3258109999999999
1.3233700000000006
1.3258109999999999
1.3233700000000006
1.3258109999999999
1.3233700000000006
1.3258109999999999
1.3233700000000006
1.3258109999999999
1.3233700000000006
1.3258109999999999
1.3233700000000006
-1.3229939999999996
-1.3261900000000004
-1.3229939999999996
-1.3261900000000004
-1.3229939999999996
-1.3261900000000004
-1.3229939999999996
-1.3261900000000004
-1.3229939999999996
-1.3261900000000004
-1.3229939999999996
-1.3261900000000004
-1.3229939999999996
-1.3261900000000004
-1.3229939999999996
-1.3261900000000004
-1.3229939999999996
-1.3261900000000004
-1.3229939999999996
-1.3261900000000004
-1.3229939999999996
-1.3261900000000004
-1.3229939999999996
-1.3261900000000004
-1.3229939999999996
-1.3261900000000004
-1.3229939999999996
-1.3261900000000004
-1.3229939999999996
-1.3261900000000004
-1.3229939999999996
-1.3261900000000004
-1.3229939999999996
-1.3261900000000004
-1.3229939999999996
-1.3261900000000004
-1.3229939999999996
-1.3261900000000004
-1.3229939999999996
-1.3261900000000004
-1.3229939999999996
-1.3261900000000004
-1.3229939999999996
-1.3261900000000004
-1.3229939999999996
-1.3261900000000004
-1.3229939999999996
-1.3261900000000004
-1.3229939999999996
-1.3261900000000004
-1.3229939999999996
-1.3261900000000004
-1.3229939999999996
-1.3261900000000004
-1.3229939999999996
-1.3261900000000004
-1.3229939999999996
-1.3261900000000004
-1.3229939999999996
-1.3261900000000004
-1.3229939999999996
-1.3261900000000004
-1.3229939999999996
-1.3261900000000004
-1.3229939999999996
-1.3261900000000004
-1.3229939999999996
-1.3261900000000004
-1.3229939999999996
-1.3261900000000004
-1.3229939999999996
-1.3261900000000004
-1.3229939999999996
-1.3261900000000004
-1.3229939999999996
-1.3261900000000004
-1.3229939999999996
-1.3261900000000004
-1.3229939999999996
-1.3261900000000004
-1.3229939999999996
-1.3261900000000004
-1.3229939999999996
-1.3261900000000004
-1.3229939999999996
-1.3261900000000004
-1.3229939999999996
-1.3261900000000004
-1.3229939999999996
-1.3261900000000004
-1.3229939999999996
-1.3261900000000004
-1.3229939999999996
-1.3261900000000004
-1.3229939999999996
-1.3261900000000004
-1.3229939999999996
-1.3261900000000004
-1.3229939999999996
-1.3261900000000004
-1.3229939999999996
-1.3261900000000004
-1.3229939999999996
-1.3261900000000004
-1.3229939999999996
-1.3261900000000004
-1.3229939999999996
-1.3261900000000004
-1.3229939999999996
-1.3261900000000004
-1.3229939999999996
-1.3261900000000004
-1.3229939999999996
-1.3261900000000004
-1.3229939999999996
-1.3261900000000004
-1.3229939999999996
-1.3261900000000004
-1.3229939999999996
-1.3261900000000004
