1.3691840000000006
1.3905910000000006
1.3691840000000006
1.3905910000000006
1.3691840000000006
1.3905910000000006
1.3691840000000006
1.3905910000000006
1.3691840000000006
1.3905910000000006
1.3691840000000006
1.3905910000000006
1.3691840000000006
1.3905910000000006
1.3691840000000006
1.3905910000000006
1.3691840000000006
1.3905910000000006
1.3691840000000006
1.3905910000000006
1.3691840000000006
1.3905910000000006
1.3691840000000006
1.3905910000000006
1.3691840000000006
1.3905910000000006
1.3691840000000006
1.3905910000000006
1.3691840000000006
1.3905910000000006
1.3691840000000006
1.3905910000000006
1.3691840000000006
1.3905910000000006
1.3691840000000006
1.3905910000000006
1.3691840000000006
1.3905910000000006
1.3691840000000006
1.3905910000000006
1.3691840000000006
1.3905910000000006
1.3691840000000006
1.3905910000000006
1.3691840000000006
1.3905910000000006
1.3691840000000006
1.3905910000000006
1.3691840000000006
1.3905910000000006
1.3691840000000006
1.3905910000000006
1.3691840000000006
1.3905910000000006
1.3691840000000006
1.3905910000000006
1.3691840000000006
1.3905910000000006
1.3691840000000006
1.3905910000000006
1.3691840000000006
1.3905910000000006
1.3691840000000006
1.3905910000000006
1.3691840000000006
1.3905910000000006
1.3691840000000006
1.3905910000000006
1.3691840000000006
1.3905910000000006
1.3691840000000006
1.3905910000000006
1.3691840000000006
1.3905910000000006
1.3691840000000006
1.3905910000000006
1.3691840000000006
1.3905910000000006
1.3691840000000006
1.3905910000000006
1.3691840000000006
1.3905910000000006
1.3691840000000006
1.3905910000000006
1.3691840000000006
1.3905910000000006
1.3691840000000006
1.3905910000000006
1.3691840000000006
1.3905910000000006
1.3691840000000006
1.3905910000000006
1.3691840000000006
1.3905910000000006
1.3691840000000006
1.3905910000000006
1.3691840000000006
1.3905910000000006
1.3691840000000006
1.3905910000000006
1.3691840000000006
1.3905910000000006
1.3691840000000006
1.3905910000000006
1.3691840000000006
1.3905910000000006
1.3691840000000006
1.3905910000000006
1.3691840000000006
1.3905910000000006
1.3691840000000006
1.3905910000000006
1.3691840000000006
1.3905910000000006
1.3691840000000006
1.3905910000000006
1.3691840000000006
1.3905910000000006
1.3691840000000006
1.3905910000000006
-1.371925
-1.387848
-1.371925
-1.387848
-1.371925
-1.387848
-1.371925
-1.387848
-1.371925
-1.387848
-1.371925
-1.387848
-1.371925
-1.387848
-1.371925
-1.387848
-1.371925
-1.387848
-1.371925
-1.387848
-1.371925
-1.387848
-1.371925
-1.387848
-1.371925
-1.387848
-1.371925
-1.387848
-1.371925
-1.387848
-1.371925
-1.387848
-1.371925
-1.387848
-1.371925
-1.387848
-1.371925
-1.387848
-1.371925
-1.387848
-1.371925
-1.387848
-1.371925
-1.387848
-1.371925
-1.387848
-1.371925
-1.387848
-1.371925
-1.387848
-1.371925
-1.387848
-1.371925
-1.387848
-1.371925
-1.387848
-1.371925
-1.387848
-1.371925
-1.387848
-1.371925
-1.387848
-1.371925
-1.387848
-1.371925
-1.387848
-1.371925
-1.387848
-1.371925
-1.387848
-1.371925
-1.387848
-1.371925
-1.387848
-1.371925
-1.387848
-1.371925
-1.387848
-1.371925
-1.387848
-1.371925
-1.387848
-1.371925
-1.387848
-1.371925
-1.387848
-1.371925
-1.387848
-1.371925
-1.387848
-1.371925
-1.387848
-1.371925
-1.387848
-1.371925
-1.387848
-1.371925
-1.387848
-1.371925
-1.387848
-1.371925
-1.387848
-1.371925
-1.387848
-1.371925
-1.387848
-1.371925
-1.387848
-1.371925
-1.387848
-1.371925
-1.387848
-1.371925
-1.387848
-1.371925
-1.387848
-1.371925
-1.387848
-1.371925
-1.387848
