1.3843870000000003
1.3843870000000003
1.3843870000000003
1.3843870000000003
1.3843870000000003
1.3843870000000003
1.3843870000000003
1.3843870000000003
1.3843870000000003
1.3843870000000003
1.3843870000000003
1.3843870000000003
1.3843870000000003
1.3843870000000003
1.3843870000000003
1.3843870000000003
1.3843870000000003
1.3843870000000003
1.3843870000000003
1.3843870000000003
1.3843870000000003
1.3843870000000003
1.3843870000000003
1.3843870000000003
1.3843870000000003
1.3843870000000003
1.3843870000000003
1.3843870000000003
1.3843870000000003
1.3843870000000003
1.3843870000000003
1.3843870000000003
1.3843870000000003
1.3843870000000003
1.3843870000000003
1.3843870000000003
1.3843870000000003
1.3843870000000003
1.3843870000000003
1.3843870000000003
1.3843870000000003
1.3843870000000003
1.3843870000000003
1.3843870000000003
1.3843870000000003
1.3843870000000003
1.3843870000000003
1.3843870000000003
1.3843870000000003
1.3843870000000003
1.3843870000000003
1.3843870000000003
1.3843870000000003
1.3843870000000003
1.3843870000000003
1.3843870000000003
1.3843870000000003
1.3843870000000003
1.3843870000000003
1.3843870000000003
1.3843870000000003
1.3843870000000003
1.3843870000000003
1.3843870000000003
-1.3843860000000001
-1.3843860000000001
-1.3843860000000001
-1.3843860000000001
-1.3843860000000001
-1.3843860000000001
-1.3843860000000001
-1.3843860000000001
-1.3843860000000001
-1.3843860000000001
-1.3843860000000001
-1.3843860000000001
-1.3843860000000001
-1.3843860000000001
-1.3843860000000001
-1.3843860000000001
-1.3843860000000001
-1.3843860000000001
-1.3843860000000001
-1.3843860000000001
-1.3843860000000001
-1.3843860000000001
-1.3843860000000001
-1.3843860000000001
-1.3843860000000001
-1.3843860000000001
-1.3843860000000001
-1.3843860000000001
-1.3843860000000001
-1.3843860000000001
-1.3843860000000001
-1.3843860000000001
-1.3843860000000001
-1.3843860000000001
-1.3843860000000001
-1.3843860000000001
-1.3843860000000001
-1.3843860000000001
-1.3843860000000001
-1.3843860000000001
-1.3843860000000001
-1.3843860000000001
-1.3843860000000001
-1.3843860000000001
-1.3843860000000001
-1.3843860000000001
-1.3843860000000001
-1.3843860000000001
-1.3843860000000001
-1.3843860000000001
-1.3843860000000001
-1.3843860000000001
-1.3843860000000001
-1.3843860000000001
-1.3843860000000001
-1.3843860000000001
-1.3843860000000001
-1.3843860000000001
-1.3843860000000001
-1.3843860000000001
-1.3843860000000001
-1.3843860000000001
-1.3843860000000001
-1.3843860000000001
