1.4694179999999992
1.4694179999999992
1.4694179999999992
1.4694179999999992
1.4694179999999992
1.4694179999999992
1.4694179999999992
1.4694179999999992
1.4694179999999992
1.4694179999999992
1.4694179999999992
1.4694179999999992
1.4694179999999992
1.4694179999999992
1.4694179999999992
1.4694179999999992
1.4694179999999992
1.4694179999999992
1.4694179999999992
1.4694179999999992
1.4694179999999992
1.4694179999999992
1.4694179999999992
1.4694179999999992
1.4694179999999992
1.4694179999999992
1.4694179999999992
1.4694179999999992
1.4694179999999992
1.4694179999999992
1.4694179999999992
1.4694179999999992
1.4694179999999992
1.4694179999999992
1.4694179999999992
1.4694179999999992
1.4694179999999992
1.4694179999999992
1.4694179999999992
1.4694179999999992
1.4694179999999992
1.4694179999999992
1.4694179999999992
1.4694179999999992
1.4694179999999992
1.4694179999999992
1.4694179999999992
1.4694179999999992
1.4694179999999992
1.4694179999999992
1.4694179999999992
1.4694179999999992
1.4694179999999992
1.4694179999999992
1.4694179999999992
1.4694179999999992
1.4694179999999992
1.4694179999999992
1.4694179999999992
1.4694179999999992
1.4694179999999992
1.4694179999999992
1.4694179999999992
1.4694179999999992
1.4694179999999992
1.4694179999999992
1.4694179999999992
1.4694179999999992
1.4694179999999992
1.4694179999999992
1.4694179999999992
1.4694179999999992
-1.4694180000000001
-1.4694180000000001
-1.4694180000000001
-1.4694180000000001
-1.4694180000000001
-1.4694180000000001
-1.4694180000000001
-1.4694180000000001
-1.4694180000000001
-1.4694180000000001
-1.4694180000000001
-1.4694180000000001
-1.4694180000000001
-1.4694180000000001
-1.4694180000000001
-1.4694180000000001
-1.4694180000000001
-1.4694180000000001
-1.4694180000000001
-1.4694180000000001
-1.4694180000000001
-1.4694180000000001
-1.4694180000000001
-1.4694180000000001
-1.4694180000000001
-1.4694180000000001
-1.4694180000000001
-1.4694180000000001
-1.4694180000000001
-1.4694180000000001
-1.4694180000000001
-1.4694180000000001
-1.4694180000000001
-1.4694180000000001
-1.4694180000000001
-1.4694180000000001
-1.4694180000000001
-1.4694180000000001
-1.4694180000000001
-1.4694180000000001
-1.4694180000000001
-1.4694180000000001
-1.4694180000000001
-1.4694180000000001
-1.4694180000000001
-1.4694180000000001
-1.4694180000000001
-1.4694180000000001
-1.4694180000000001
-1.4694180000000001
-1.4694180000000001
-1.4694180000000001
-1.4694180000000001
-1.4694180000000001
-1.4694180000000001
-1.4694180000000001
-1.4694180000000001
-1.4694180000000001
-1.4694180000000001
-1.4694180000000001
-1.4694180000000001
-1.4694180000000001
-1.4694180000000001
-1.4694180000000001
-1.4694180000000001
-1.4694180000000001
-1.4694180000000001
-1.4694180000000001
-1.4694180000000001
-1.4694180000000001
-1.4694180000000001
-1.4694180000000001
