1.4324089999999998
1.4329420000000006
1.431013
1.4324359999999992
1.4324089999999998
1.4329420000000006
1.431013
1.4324359999999992
1.4324089999999998
1.4329420000000006
1.431013
1.4324359999999992
1.4324089999999998
1.4329420000000006
1.431013
1.4324359999999992
1.4324089999999998
1.4329420000000006
1.431013
1.4324359999999992
1.4324089999999998
1.4329420000000006
1.431013
1.4324359999999992
1.4324089999999998
1.4329420000000006
1.431013
1.4324359999999992
1.4324089999999998
1.4329420000000006
1.431013
1.4324359999999992
1.4324089999999998
1.4329420000000006
1.431013
1.4324359999999992
1.4324089999999998
1.4329420000000006
1.431013
1.4324359999999992
1.4324089999999998
1.4329420000000006
1.431013
1.4324359999999992
1.4324089999999998
1.4329420000000006
1.431013
1.4324359999999992
1.4324089999999998
1.4329420000000006
1.431013
1.4324359999999992
1.4324089999999998
1.4329420000000006
1.431013
1.4324359999999992
1.4324089999999998
1.4329420000000006
1.431013
1.4324359999999992
1.4324089999999998
1.4329420000000006
1.431013
1.4324359999999992
1.4324089999999998
1.4329420000000006
1.431013
1.4324359999999992
1.4324089999999998
1.4329420000000006
1.431013
1.4324359999999992
1.4324089999999998
1.4329420000000006
1.431013
1.4324359999999992
1.4324089999999998
1.4329420000000006
1.431013
1.4324359999999992
1.4324089999999998
1.4329420000000006
1.431013
1.4324359999999992
1.4324089999999998
1.4329420000000006
1.431013
1.4324359999999992
1.4324089999999998
1.4329420000000006
1.431013
1.4324359999999992
1.4324089999999998
1.4329420000000006
1.431013
1.4324359999999992
1.4324089999999998
1.4329420000000006
1.431013
1.4324359999999992
1.4324089999999998
1.4329420000000006
1.431013
1.4324359999999992
1.4324089999999998
1.4329420000000006
1.431013
1.4324359999999992
1.4324089999999998
1.4329420000000006
1.431013
1.4324359999999992
1.4324089999999998
1.4329420000000006
1.431013
1.4324359999999992
1.4324089999999998
1.4329420000000006
1.431013
1.4324359999999992
1.4324089999999998
1.4329420000000006
1.431013
1.4324359999999992
1.4324089999999998
1.4329420000000006
1.431013
1.4324359999999992
1.4324089999999998
1.4329420000000006
1.431013
1.4324359999999992
1.4324089999999998
1.4329420000000006
1.431013
1.4324359999999992
1.4324089999999998
1.4329420000000006
1.431013
1.4324359999999992
1.4324089999999998
1.4329420000000006
1.431013
1.4324359999999992
-1.4325830000000002
-1.4326730000000003
-1.4320519999999997
-1.4314920000000004
-1.4325830000000002
-1.4326730000000003
-1.4320519999999997
-1.4314920000000004
-1.4325830000000002
-1.4326730000000003
-1.4320519999999997
-1.4314920000000004
-1.4325830000000002
-1.4326730000000003
-1.4320519999999997
-1.4314920000000004
-1.4325830000000002
-1.4326730000000003
-1.4320519999999997
-1.4314920000000004
-1.4325830000000002
-1.4326730000000003
-1.4320519999999997
-1.4314920000000004
-1.4325830000000002
-1.4326730000000003
-1.4320519999999997
-1.4314920000000004
-1.4325830000000002
-1.4326730000000003
-1.4320519999999997
-1.4314920000000004
-1.4325830000000002
-1.4326730000000003
-1.4320519999999997
-1.4314920000000004
-1.4325830000000002
-1.4326730000000003
-1.4320519999999997
-1.4314920000000004
-1.4325830000000002
-1.4326730000000003
-1.4320519999999997
-1.4314920000000004
-1.4325830000000002
-1.4326730000000003
-1.4320519999999997
-1.4314920000000004
-1.4325830000000002
-1.4326730000000003
-1.4320519999999997
-1.4314920000000004
-1.4325830000000002
-1.4326730000000003
-1.4320519999999997
-1.4314920000000004
-1.4325830000000002
-1.4326730000000003
-1.4320519999999997
-1.4314920000000004
-1.4325830000000002
-1.4326730000000003
-1.4320519999999997
-1.4314920000000004
-1.4325830000000002
-1.4326730000000003
-1.4320519999999997
-1.4314920000000004
-1.4325830000000002
-1.4326730000000003
-1.4320519999999997
-1.4314920000000004
-1.4325830000000002
-1.4326730000000003
-1.4320519999999997
-1.4314920000000004
-1.4325830000000002
-1.4326730000000003
-1.4320519999999997
-1.4314920000000004
-1.4325830000000002
-1.4326730000000003
-1.4320519999999997
-1.4314920000000004
-1.4325830000000002
-1.4326730000000003
-1.4320519999999997
-1.4314920000000004
-1.4325830000000002
-1.4326730000000003
-1.4320519999999997
-1.4314920000000004
-1.4325830000000002
-1.4326730000000003
-1.4320519999999997
-1.4314920000000004
-1.4325830000000002
-1.4326730000000003
-1.4320519999999997
-1.4314920000000004
-1.4325830000000002
-1.4326730000000003
-1.4320519999999997
-1.4314920000000004
-1.4325830000000002
-1.4326730000000003
-1.4320519999999997
-1.4314920000000004
-1.4325830000000002
-1.4326730000000003
-1.4320519999999997
-1.4314920000000004
-1.4325830000000002
-1.4326730000000003
-1.4320519999999997
-1.4314920000000004
-1.4325830000000002
-1.4326730000000003
-1.4320519999999997
-1.4314920000000004
-1.4325830000000002
-1.4326730000000003
-1.4320519999999997
-1.4314920000000004
-1.4325830000000002
-1.4326730000000003
-1.4320519999999997
-1.4314920000000004
-1.4325830000000002
-1.4326730000000003
-1.4320519999999997
-1.4314920000000004
-1.4325830000000002
-1.4326730000000003
-1.4320519999999997
-1.4314920000000004
-1.4325830000000002
-1.4326730000000003
-1.4320519999999997
-1.4314920000000004
-1.4325830000000002
-1.4326730000000003
-1.4320519999999997
-1.4314920000000004
