1.4207160000000005
1.4217359999999992
1.4275859999999998
1.4238219999999995
1.4207160000000005
1.4217359999999992
1.4275859999999998
1.4238219999999995
1.4207160000000005
1.4217359999999992
1.4275859999999998
1.4238219999999995
1.4207160000000005
1.4217359999999992
1.4275859999999998
1.4238219999999995
1.4207160000000005
1.4217359999999992
1.4275859999999998
1.4238219999999995
1.4207160000000005
1.4217359999999992
1.4275859999999998
1.4238219999999995
1.4207160000000005
1.4217359999999992
1.4275859999999998
1.4238219999999995
1.4207160000000005
1.4217359999999992
1.4275859999999998
1.4238219999999995
1.4207160000000005
1.4217359999999992
1.4275859999999998
1.4238219999999995
1.4207160000000005
1.4217359999999992
1.4275859999999998
1.4238219999999995
1.4207160000000005
1.4217359999999992
1.4275859999999998
1.4238219999999995
1.4207160000000005
1.4217359999999992
1.4275859999999998
1.4238219999999995
1.4207160000000005
1.4217359999999992
1.4275859999999998
1.4238219999999995
1.4207160000000005
1.4217359999999992
1.4275859999999998
1.4238219999999995
1.4207160000000005
1.4217359999999992
1.4275859999999998
1.4238219999999995
1.4207160000000005
1.4217359999999992
1.4275859999999998
1.4238219999999995
1.4207160000000005
1.4217359999999992
1.4275859999999998
1.4238219999999995
1.4207160000000005
1.4217359999999992
1.4275859999999998
1.4238219999999995
1.4207160000000005
1.4217359999999992
1.4275859999999998
1.4238219999999995
1.4207160000000005
1.4217359999999992
1.4275859999999998
1.4238219999999995
1.4207160000000005
1.4217359999999992
1.4275859999999998
1.4238219999999995
1.4207160000000005
1.4217359999999992
1.4275859999999998
1.4238219999999995
1.4207160000000005
1.4217359999999992
1.4275859999999998
1.4238219999999995
1.4207160000000005
1.4217359999999992
1.4275859999999998
1.4238219999999995
1.4207160000000005
1.4217359999999992
1.4275859999999998
1.4238219999999995
1.4207160000000005
1.4217359999999992
1.4275859999999998
1.4238219999999995
1.4207160000000005
1.4217359999999992
1.4275859999999998
1.4238219999999995
1.4207160000000005
1.4217359999999992
1.4275859999999998
1.4238219999999995
1.4207160000000005
1.4217359999999992
1.4275859999999998
1.4238219999999995
1.4207160000000005
1.4217359999999992
1.4275859999999998
1.4238219999999995
1.4207160000000005
1.4217359999999992
1.4275859999999998
1.4238219999999995
1.4207160000000005
1.4217359999999992
1.4275859999999998
1.4238219999999995
1.4207160000000005
1.4217359999999992
1.4275859999999998
1.4238219999999995
1.4207160000000005
1.4217359999999992
1.4275859999999998
1.4238219999999995
1.4207160000000005
1.4217359999999992
1.4275859999999998
1.4238219999999995
1.4207160000000005
1.4217359999999992
1.4275859999999998
1.4238219999999995
-1.4204480000000004
-1.4243620000000004
-1.4274079999999998
-1.42164
-1.4204480000000004
-1.4243620000000004
-1.4274079999999998
-1.42164
-1.4204480000000004
-1.4243620000000004
-1.4274079999999998
-1.42164
-1.4204480000000004
-1.4243620000000004
-1.4274079999999998
-1.42164
-1.4204480000000004
-1.4243620000000004
-1.4274079999999998
-1.42164
-1.4204480000000004
-1.4243620000000004
-1.4274079999999998
-1.42164
-1.4204480000000004
-1.4243620000000004
-1.4274079999999998
-1.42164
-1.4204480000000004
-1.4243620000000004
-1.4274079999999998
-1.42164
-1.4204480000000004
-1.4243620000000004
-1.4274079999999998
-1.42164
-1.4204480000000004
-1.4243620000000004
-1.4274079999999998
-1.42164
-1.4204480000000004
-1.4243620000000004
-1.4274079999999998
-1.42164
-1.4204480000000004
-1.4243620000000004
-1.4274079999999998
-1.42164
-1.4204480000000004
-1.4243620000000004
-1.4274079999999998
-1.42164
-1.4204480000000004
-1.4243620000000004
-1.4274079999999998
-1.42164
-1.4204480000000004
-1.4243620000000004
-1.4274079999999998
-1.42164
-1.4204480000000004
-1.4243620000000004
-1.4274079999999998
-1.42164
-1.4204480000000004
-1.4243620000000004
-1.4274079999999998
-1.42164
-1.4204480000000004
-1.4243620000000004
-1.4274079999999998
-1.42164
-1.4204480000000004
-1.4243620000000004
-1.4274079999999998
-1.42164
-1.4204480000000004
-1.4243620000000004
-1.4274079999999998
-1.42164
-1.4204480000000004
-1.4243620000000004
-1.4274079999999998
-1.42164
-1.4204480000000004
-1.4243620000000004
-1.4274079999999998
-1.42164
-1.4204480000000004
-1.4243620000000004
-1.4274079999999998
-1.42164
-1.4204480000000004
-1.4243620000000004
-1.4274079999999998
-1.42164
-1.4204480000000004
-1.4243620000000004
-1.4274079999999998
-1.42164
-1.4204480000000004
-1.4243620000000004
-1.4274079999999998
-1.42164
-1.4204480000000004
-1.4243620000000004
-1.4274079999999998
-1.42164
-1.4204480000000004
-1.4243620000000004
-1.4274079999999998
-1.42164
-1.4204480000000004
-1.4243620000000004
-1.4274079999999998
-1.42164
-1.4204480000000004
-1.4243620000000004
-1.4274079999999998
-1.42164
-1.4204480000000004
-1.4243620000000004
-1.4274079999999998
-1.42164
-1.4204480000000004
-1.4243620000000004
-1.4274079999999998
-1.42164
-1.4204480000000004
-1.4243620000000004
-1.4274079999999998
-1.42164
-1.4204480000000004
-1.4243620000000004
-1.4274079999999998
-1.42164
-1.4204480000000004
-1.4243620000000004
-1.4274079999999998
-1.42164
-1.4204480000000004
-1.4243620000000004
-1.4274079999999998
-1.42164
