1.3477630000000005
1.3477630000000005
1.3477630000000005
1.3477630000000005
1.3477630000000005
1.3477630000000005
1.3477630000000005
1.3477630000000005
1.3477630000000005
1.3477630000000005
1.3477630000000005
1.3477630000000005
1.3477630000000005
1.3477630000000005
1.3477630000000005
1.3477630000000005
1.3477630000000005
1.3477630000000005
1.3477630000000005
1.3477630000000005
1.3477630000000005
1.3477630000000005
1.3477630000000005
1.3477630000000005
1.3477630000000005
1.3477630000000005
1.3477630000000005
1.3477630000000005
1.3477630000000005
1.3477630000000005
1.3477630000000005
1.3477630000000005
1.3477630000000005
1.3477630000000005
1.3477630000000005
1.3477630000000005
1.3477630000000005
1.3477630000000005
1.3477630000000005
1.3477630000000005
1.3477630000000005
1.3477630000000005
1.3477630000000005
1.3477630000000005
1.3477630000000005
1.3477630000000005
1.3477630000000005
1.3477630000000005
1.3477630000000005
1.3477630000000005
1.3477630000000005
1.3477630000000005
1.3477630000000005
1.3477630000000005
1.3477630000000005
1.3477630000000005
1.3477630000000005
1.3477630000000005
1.3477630000000005
1.3477630000000005
1.3477630000000005
1.3477630000000005
1.3477630000000005
1.3477630000000005
1.3477630000000005
1.3477630000000005
1.3477630000000005
1.3477630000000005
1.3477630000000005
1.3477630000000005
1.3477630000000005
1.3477630000000005
1.3477630000000005
1.3477630000000005
1.3477630000000005
1.3477630000000005
1.3477630000000005
1.3477630000000005
1.3477630000000005
1.3477630000000005
1.3477630000000005
1.3477630000000005
1.3477630000000005
1.3477630000000005
1.3477630000000005
1.3477630000000005
1.3477630000000005
1.3477630000000005
1.3477630000000005
1.3477630000000005
1.3477630000000005
1.3477630000000005
1.3477630000000005
1.3477630000000005
1.3477630000000005
1.3477630000000005
-1.3477620000000003
-1.3477670000000002
-1.3477620000000003
-1.3477670000000002
-1.3477620000000003
-1.3477670000000002
-1.3477620000000003
-1.3477670000000002
-1.3477620000000003
-1.3477670000000002
-1.3477620000000003
-1.3477670000000002
-1.3477620000000003
-1.3477670000000002
-1.3477620000000003
-1.3477670000000002
-1.3477620000000003
-1.3477670000000002
-1.3477620000000003
-1.3477670000000002
-1.3477620000000003
-1.3477670000000002
-1.3477620000000003
-1.3477670000000002
-1.3477620000000003
-1.3477670000000002
-1.3477620000000003
-1.3477670000000002
-1.3477620000000003
-1.3477670000000002
-1.3477620000000003
-1.3477670000000002
-1.3477620000000003
-1.3477670000000002
-1.3477620000000003
-1.3477670000000002
-1.3477620000000003
-1.3477670000000002
-1.3477620000000003
-1.3477670000000002
-1.3477620000000003
-1.3477670000000002
-1.3477620000000003
-1.3477670000000002
-1.3477620000000003
-1.3477670000000002
-1.3477620000000003
-1.3477670000000002
-1.3477620000000003
-1.3477670000000002
-1.3477620000000003
-1.3477670000000002
-1.3477620000000003
-1.3477670000000002
-1.3477620000000003
-1.3477670000000002
-1.3477620000000003
-1.3477670000000002
-1.3477620000000003
-1.3477670000000002
-1.3477620000000003
-1.3477670000000002
-1.3477620000000003
-1.3477670000000002
-1.3477620000000003
-1.3477670000000002
-1.3477620000000003
-1.3477670000000002
-1.3477620000000003
-1.3477670000000002
-1.3477620000000003
-1.3477670000000002
-1.3477620000000003
-1.3477670000000002
-1.3477620000000003
-1.3477670000000002
-1.3477620000000003
-1.3477670000000002
-1.3477620000000003
-1.3477670000000002
-1.3477620000000003
-1.3477670000000002
-1.3477620000000003
-1.3477670000000002
-1.3477620000000003
-1.3477670000000002
-1.3477620000000003
-1.3477670000000002
-1.3477620000000003
-1.3477670000000002
-1.3477620000000003
-1.3477670000000002
-1.3477620000000003
-1.3477670000000002
-1.3477620000000003
-1.3477670000000002
