1.312837
1.3294519999999999
1.312837
1.3294519999999999
1.312837
1.3294519999999999
1.312837
1.3294519999999999
1.312837
1.3294519999999999
1.312837
1.3294519999999999
1.312837
1.3294519999999999
1.312837
1.3294519999999999
1.312837
1.3294519999999999
1.312837
1.3294519999999999
1.312837
1.3294519999999999
1.312837
1.3294519999999999
1.312837
1.3294519999999999
1.312837
1.3294519999999999
1.312837
1.3294519999999999
1.312837
1.3294519999999999
1.312837
1.3294519999999999
1.312837
1.3294519999999999
1.312837
1.3294519999999999
1.312837
1.3294519999999999
1.312837
1.3294519999999999
1.312837
1.3294519999999999
1.312837
1.3294519999999999
1.312837
1.3294519999999999
1.312837
1.3294519999999999
1.312837
1.3294519999999999
1.312837
1.3294519999999999
1.312837
1.3294519999999999
1.312837
1.3294519999999999
1.312837
1.3294519999999999
1.312837
1.3294519999999999
1.312837
1.3294519999999999
1.312837
1.3294519999999999
1.312837
1.3294519999999999
1.312837
1.3294519999999999
1.312837
1.3294519999999999
1.312837
1.3294519999999999
1.312837
1.3294519999999999
1.312837
1.3294519999999999
1.312837
1.3294519999999999
1.312837
1.3294519999999999
1.312837
1.3294519999999999
1.312837
1.3294519999999999
1.312837
1.3294519999999999
1.312837
1.3294519999999999
1.312837
1.3294519999999999
1.312837
1.3294519999999999
1.312837
1.3294519999999999
1.312837
1.3294519999999999
1.312837
1.3294519999999999
1.312837
1.3294519999999999
1.312837
1.3294519999999999
1.312837
1.3294519999999999
1.312837
1.3294519999999999
1.312837
1.3294519999999999
1.312837
1.3294519999999999
1.312837
1.3294519999999999
1.312837
1.3294519999999999
1.312837
1.3294519999999999
1.312837
1.3294519999999999
-1.332313
-1.3099749999999997
-1.332313
-1.3099749999999997
-1.332313
-1.3099749999999997
-1.332313
-1.3099749999999997
-1.332313
-1.3099749999999997
-1.332313
-1.3099749999999997
-1.332313
-1.3099749999999997
-1.332313
-1.3099749999999997
-1.332313
-1.3099749999999997
-1.332313
-1.3099749999999997
-1.332313
-1.3099749999999997
-1.332313
-1.3099749999999997
-1.332313
-1.3099749999999997
-1.332313
-1.3099749999999997
-1.332313
-1.3099749999999997
-1.332313
-1.3099749999999997
-1.332313
-1.3099749999999997
-1.332313
-1.3099749999999997
-1.332313
-1.3099749999999997
-1.332313
-1.3099749999999997
-1.332313
-1.3099749999999997
-1.332313
-1.3099749999999997
-1.332313
-1.3099749999999997
-1.332313
-1.3099749999999997
-1.332313
-1.3099749999999997
-1.332313
-1.3099749999999997
-1.332313
-1.3099749999999997
-1.332313
-1.3099749999999997
-1.332313
-1.3099749999999997
-1.332313
-1.3099749999999997
-1.332313
-1.3099749999999997
-1.332313
-1.3099749999999997
-1.332313
-1.3099749999999997
-1.332313
-1.3099749999999997
-1.332313
-1.3099749999999997
-1.332313
-1.3099749999999997
-1.332313
-1.3099749999999997
-1.332313
-1.3099749999999997
-1.332313
-1.3099749999999997
-1.332313
-1.3099749999999997
-1.332313
-1.3099749999999997
-1.332313
-1.3099749999999997
-1.332313
-1.3099749999999997
-1.332313
-1.3099749999999997
-1.332313
-1.3099749999999997
-1.332313
-1.3099749999999997
-1.332313
-1.3099749999999997
-1.332313
-1.3099749999999997
-1.332313
-1.3099749999999997
-1.332313
-1.3099749999999997
-1.332313
-1.3099749999999997
-1.332313
-1.3099749999999997
-1.332313
-1.3099749999999997
-1.332313
-1.3099749999999997
-1.332313
-1.3099749999999997
-1.332313
-1.3099749999999997
-1.332313
-1.3099749999999997
-1.332313
-1.3099749999999997
-1.332313
-1.3099749999999997
-1.332313
-1.3099749999999997
