1.4317510000000002
1.4295559999999998
1.4238009999999992
1.4339619999999993
1.4317510000000002
1.4295559999999998
1.4238009999999992
1.4339619999999993
1.4317510000000002
1.4295559999999998
1.4238009999999992
1.4339619999999993
1.4317510000000002
1.4295559999999998
1.4238009999999992
1.4339619999999993
1.4317510000000002
1.4295559999999998
1.4238009999999992
1.4339619999999993
1.4317510000000002
1.4295559999999998
1.4238009999999992
1.4339619999999993
1.4317510000000002
1.4295559999999998
1.4238009999999992
1.4339619999999993
1.4317510000000002
1.4295559999999998
1.4238009999999992
1.4339619999999993
1.4317510000000002
1.4295559999999998
1.4238009999999992
1.4339619999999993
1.4317510000000002
1.4295559999999998
1.4238009999999992
1.4339619999999993
1.4317510000000002
1.4295559999999998
1.4238009999999992
1.4339619999999993
1.4317510000000002
1.4295559999999998
1.4238009999999992
1.4339619999999993
1.4317510000000002
1.4295559999999998
1.4238009999999992
1.4339619999999993
1.4317510000000002
1.4295559999999998
1.4238009999999992
1.4339619999999993
1.4317510000000002
1.4295559999999998
1.4238009999999992
1.4339619999999993
1.4317510000000002
1.4295559999999998
1.4238009999999992
1.4339619999999993
1.4317510000000002
1.4295559999999998
1.4238009999999992
1.4339619999999993
1.4317510000000002
1.4295559999999998
1.4238009999999992
1.4339619999999993
1.4317510000000002
1.4295559999999998
1.4238009999999992
1.4339619999999993
1.4317510000000002
1.4295559999999998
1.4238009999999992
1.4339619999999993
1.4317510000000002
1.4295559999999998
1.4238009999999992
1.4339619999999993
1.4317510000000002
1.4295559999999998
1.4238009999999992
1.4339619999999993
1.4317510000000002
1.4295559999999998
1.4238009999999992
1.4339619999999993
1.4317510000000002
1.4295559999999998
1.4238009999999992
1.4339619999999993
1.4317510000000002
1.4295559999999998
1.4238009999999992
1.4339619999999993
1.4317510000000002
1.4295559999999998
1.4238009999999992
1.4339619999999993
1.4317510000000002
1.4295559999999998
1.4238009999999992
1.4339619999999993
1.4317510000000002
1.4295559999999998
1.4238009999999992
1.4339619999999993
1.4317510000000002
1.4295559999999998
1.4238009999999992
1.4339619999999993
1.4317510000000002
1.4295559999999998
1.4238009999999992
1.4339619999999993
1.4317510000000002
1.4295559999999998
1.4238009999999992
1.4339619999999993
1.4317510000000002
1.4295559999999998
1.4238009999999992
1.4339619999999993
1.4317510000000002
1.4295559999999998
1.4238009999999992
1.4339619999999993
1.4317510000000002
1.4295559999999998
1.4238009999999992
1.4339619999999993
1.4317510000000002
1.4295559999999998
1.4238009999999992
1.4339619999999993
1.4317510000000002
1.4295559999999998
1.4238009999999992
1.4339619999999993
-1.4272729999999996
-1.4323680000000003
-1.42985
-1.429576
-1.4272729999999996
-1.4323680000000003
-1.42985
-1.429576
-1.4272729999999996
-1.4323680000000003
-1.42985
-1.429576
-1.4272729999999996
-1.4323680000000003
-1.42985
-1.429576
-1.4272729999999996
-1.4323680000000003
-1.42985
-1.429576
-1.4272729999999996
-1.4323680000000003
-1.42985
-1.429576
-1.4272729999999996
-1.4323680000000003
-1.42985
-1.429576
-1.4272729999999996
-1.4323680000000003
-1.42985
-1.429576
-1.4272729999999996
-1.4323680000000003
-1.42985
-1.429576
-1.4272729999999996
-1.4323680000000003
-1.42985
-1.429576
-1.4272729999999996
-1.4323680000000003
-1.42985
-1.429576
-1.4272729999999996
-1.4323680000000003
-1.42985
-1.429576
-1.4272729999999996
-1.4323680000000003
-1.42985
-1.429576
-1.4272729999999996
-1.4323680000000003
-1.42985
-1.429576
-1.4272729999999996
-1.4323680000000003
-1.42985
-1.429576
-1.4272729999999996
-1.4323680000000003
-1.42985
-1.429576
-1.4272729999999996
-1.4323680000000003
-1.42985
-1.429576
-1.4272729999999996
-1.4323680000000003
-1.42985
-1.429576
-1.4272729999999996
-1.4323680000000003
-1.42985
-1.429576
-1.4272729999999996
-1.4323680000000003
-1.42985
-1.429576
-1.4272729999999996
-1.4323680000000003
-1.42985
-1.429576
-1.4272729999999996
-1.4323680000000003
-1.42985
-1.429576
-1.4272729999999996
-1.4323680000000003
-1.42985
-1.429576
-1.4272729999999996
-1.4323680000000003
-1.42985
-1.429576
-1.4272729999999996
-1.4323680000000003
-1.42985
-1.429576
-1.4272729999999996
-1.4323680000000003
-1.42985
-1.429576
-1.4272729999999996
-1.4323680000000003
-1.42985
-1.429576
-1.4272729999999996
-1.4323680000000003
-1.42985
-1.429576
-1.4272729999999996
-1.4323680000000003
-1.42985
-1.429576
-1.4272729999999996
-1.4323680000000003
-1.42985
-1.429576
-1.4272729999999996
-1.4323680000000003
-1.42985
-1.429576
-1.4272729999999996
-1.4323680000000003
-1.42985
-1.429576
-1.4272729999999996
-1.4323680000000003
-1.42985
-1.429576
-1.4272729999999996
-1.4323680000000003
-1.42985
-1.429576
-1.4272729999999996
-1.4323680000000003
-1.42985
-1.429576
-1.4272729999999996
-1.4323680000000003
-1.42985
-1.429576
