1.3792910000000003
1.3793690000000005
1.3789870000000004
1.3238470000000007
1.3792910000000003
1.3793690000000005
1.3789870000000004
1.3238470000000007
1.3792910000000003
1.3793690000000005
1.3789870000000004
1.3238470000000007
1.3792910000000003
1.3793690000000005
1.3789870000000004
1.3238470000000007
1.3792910000000003
1.3793690000000005
1.3789870000000004
1.3238470000000007
1.3792910000000003
1.3793690000000005
1.3789870000000004
1.3238470000000007
1.3792910000000003
1.3793690000000005
1.3789870000000004
1.3238470000000007
1.3792910000000003
1.3793690000000005
1.3789870000000004
1.3238470000000007
1.3792910000000003
1.3793690000000005
1.3789870000000004
1.3238470000000007
1.3792910000000003
1.3793690000000005
1.3789870000000004
1.3238470000000007
1.3792910000000003
1.3793690000000005
1.3789870000000004
1.3238470000000007
1.3792910000000003
1.3793690000000005
1.3789870000000004
1.3238470000000007
1.3792910000000003
1.3793690000000005
1.3789870000000004
1.3238470000000007
1.3792910000000003
1.3793690000000005
1.3789870000000004
1.3238470000000007
1.3792910000000003
1.3793690000000005
1.3789870000000004
1.3238470000000007
1.3792910000000003
1.3793690000000005
1.3789870000000004
1.3238470000000007
1.3792910000000003
1.3793690000000005
1.3789870000000004
1.3238470000000007
1.3792910000000003
1.3793690000000005
1.3789870000000004
1.3238470000000007
1.3792910000000003
1.3793690000000005
1.3789870000000004
1.3238470000000007
1.3792910000000003
1.3793690000000005
1.3789870000000004
1.3238470000000007
1.3792910000000003
1.3793690000000005
1.3789870000000004
1.3238470000000007
1.3792910000000003
1.3793690000000005
1.3789870000000004
1.3238470000000007
1.3792910000000003
1.3793690000000005
1.3789870000000004
1.3238470000000007
1.3792910000000003
1.3793690000000005
1.3789870000000004
1.3238470000000007
1.3792910000000003
1.3793690000000005
1.3789870000000004
1.3238470000000007
1.3792910000000003
1.3793690000000005
1.3789870000000004
1.3238470000000007
1.3792910000000003
1.3793690000000005
1.3789870000000004
1.3238470000000007
1.3792910000000003
1.3793690000000005
1.3789870000000004
1.3238470000000007
1.3792910000000003
1.3793690000000005
1.3789870000000004
1.3238470000000007
1.3792910000000003
1.3793690000000005
1.3789870000000004
1.3238470000000007
1.3792910000000003
1.3793690000000005
1.3789870000000004
1.3238470000000007
1.3792910000000003
1.3793690000000005
1.3789870000000004
1.3238470000000007
1.3792910000000003
1.3793690000000005
1.3789870000000004
1.3238470000000007
1.3792910000000003
1.3793690000000005
1.3789870000000004
1.3238470000000007
1.3792910000000003
1.3793690000000005
1.3789870000000004
1.3238470000000007
1.3792910000000003
1.3793690000000005
1.3789870000000004
1.3238470000000007
-1.3417560000000002
-1.3625129999999999
-1.376405
-1.3808160000000003
-1.3417560000000002
-1.3625129999999999
-1.376405
-1.3808160000000003
-1.3417560000000002
-1.3625129999999999
-1.376405
-1.3808160000000003
-1.3417560000000002
-1.3625129999999999
-1.376405
-1.3808160000000003
-1.3417560000000002
-1.3625129999999999
-1.376405
-1.3808160000000003
-1.3417560000000002
-1.3625129999999999
-1.376405
-1.3808160000000003
-1.3417560000000002
-1.3625129999999999
-1.376405
-1.3808160000000003
-1.3417560000000002
-1.3625129999999999
-1.376405
-1.3808160000000003
-1.3417560000000002
-1.3625129999999999
-1.376405
-1.3808160000000003
-1.3417560000000002
-1.3625129999999999
-1.376405
-1.3808160000000003
-1.3417560000000002
-1.3625129999999999
-1.376405
-1.3808160000000003
-1.3417560000000002
-1.3625129999999999
-1.376405
-1.3808160000000003
-1.3417560000000002
-1.3625129999999999
-1.376405
-1.3808160000000003
-1.3417560000000002
-1.3625129999999999
-1.376405
-1.3808160000000003
-1.3417560000000002
-1.3625129999999999
-1.376405
-1.3808160000000003
-1.3417560000000002
-1.3625129999999999
-1.376405
-1.3808160000000003
-1.3417560000000002
-1.3625129999999999
-1.376405
-1.3808160000000003
-1.3417560000000002
-1.3625129999999999
-1.376405
-1.3808160000000003
-1.3417560000000002
-1.3625129999999999
-1.376405
-1.3808160000000003
-1.3417560000000002
-1.3625129999999999
-1.376405
-1.3808160000000003
-1.3417560000000002
-1.3625129999999999
-1.376405
-1.3808160000000003
-1.3417560000000002
-1.3625129999999999
-1.376405
-1.3808160000000003
-1.3417560000000002
-1.3625129999999999
-1.376405
-1.3808160000000003
-1.3417560000000002
-1.3625129999999999
-1.376405
-1.3808160000000003
-1.3417560000000002
-1.3625129999999999
-1.376405
-1.3808160000000003
-1.3417560000000002
-1.3625129999999999
-1.376405
-1.3808160000000003
-1.3417560000000002
-1.3625129999999999
-1.376405
-1.3808160000000003
-1.3417560000000002
-1.3625129999999999
-1.376405
-1.3808160000000003
-1.3417560000000002
-1.3625129999999999
-1.376405
-1.3808160000000003
-1.3417560000000002
-1.3625129999999999
-1.376405
-1.3808160000000003
-1.3417560000000002
-1.3625129999999999
-1.376405
-1.3808160000000003
-1.3417560000000002
-1.3625129999999999
-1.376405
-1.3808160000000003
-1.3417560000000002
-1.3625129999999999
-1.376405
-1.3808160000000003
-1.3417560000000002
-1.3625129999999999
-1.376405
-1.3808160000000003
-1.3417560000000002
-1.3625129999999999
-1.376405
-1.3808160000000003
-1.3417560000000002
-1.3625129999999999
-1.376405
-1.3808160000000003
