1.0300759999999993
1.0300759999999993
1.0300759999999993
1.0300759999999993
1.0300759999999993
1.0300759999999993
1.0300759999999993
1.0300759999999993
1.0300759999999993
1.0300759999999993
1.0300759999999993
1.0300759999999993
1.0300759999999993
1.0300759999999993
1.0300759999999993
1.0300759999999993
1.0300759999999993
1.0300759999999993
1.0300759999999993
1.0300759999999993
1.0300759999999993
1.0300759999999993
1.0300759999999993
1.0300759999999993
1.0300759999999993
1.0300759999999993
1.0300759999999993
-1.0300760000000002
-1.0300760000000002
-1.0300760000000002
-1.0300760000000002
-1.0300760000000002
-1.0300760000000002
-1.0300760000000002
-1.0300760000000002
-1.0300760000000002
-1.0300760000000002
-1.0300760000000002
-1.0300760000000002
-1.0300760000000002
-1.0300760000000002
-1.0300760000000002
-1.0300760000000002
-1.0300760000000002
-1.0300760000000002
-1.0300760000000002
-1.0300760000000002
-1.0300760000000002
-1.0300760000000002
-1.0300760000000002
-1.0300760000000002
-1.0300760000000002
-1.0300760000000002
-1.0300760000000002
