0.7644490000000008
0.7644490000000008
0.7644490000000008
0.7644490000000008
0.7644490000000008
0.7644490000000008
0.7644490000000008
0.7644490000000008
0.7644490000000008
0.7644490000000008
0.7644490000000008
0.7644490000000008
0.7644490000000008
0.7644490000000008
0.7644490000000008
0.7644490000000008
0.7644490000000008
0.7644490000000008
0.7644490000000008
0.7644490000000008
0.7644490000000008
0.7644490000000008
0.7644490000000008
0.7644490000000008
0.7644490000000008
0.7644490000000008
0.7644490000000008
0.7644490000000008
0.7644490000000008
0.7644490000000008
0.7644490000000008
0.7644490000000008
0.7644490000000008
0.7644490000000008
0.7644490000000008
0.7644490000000008
0.7644490000000008
0.7644490000000008
0.7644490000000008
0.7644490000000008
0.7644490000000008
0.7644490000000008
0.7644490000000008
0.7644490000000008
0.7644490000000008
0.7644490000000008
0.7644490000000008
0.7644490000000008
0.7644490000000008
0.7644490000000008
0.7644490000000008
0.7644490000000008
0.7644490000000008
0.7644490000000008
0.7644490000000008
0.7644490000000008
0.7644490000000008
0.7644490000000008
0.7644490000000008
0.7644490000000008
0.7644490000000008
0.7644490000000008
0.7644490000000008
0.7644490000000008
-0.7644479999999998
-0.7644479999999998
-0.7644479999999998
-0.7644479999999998
-0.7644479999999998
-0.7644479999999998
-0.7644479999999998
-0.7644479999999998
-0.7644479999999998
-0.7644479999999998
-0.7644479999999998
-0.7644479999999998
-0.7644479999999998
-0.7644479999999998
-0.7644479999999998
-0.7644479999999998
-0.7644479999999998
-0.7644479999999998
-0.7644479999999998
-0.7644479999999998
-0.7644479999999998
-0.7644479999999998
-0.7644479999999998
-0.7644479999999998
-0.7644479999999998
-0.7644479999999998
-0.7644479999999998
-0.7644479999999998
-0.7644479999999998
-0.7644479999999998
-0.7644479999999998
-0.7644479999999998
-0.7644479999999998
-0.7644479999999998
-0.7644479999999998
-0.7644479999999998
-0.7644479999999998
-0.7644479999999998
-0.7644479999999998
-0.7644479999999998
-0.7644479999999998
-0.7644479999999998
-0.7644479999999998
-0.7644479999999998
-0.7644479999999998
-0.7644479999999998
-0.7644479999999998
-0.7644479999999998
-0.7644479999999998
-0.7644479999999998
-0.7644479999999998
-0.7644479999999998
-0.7644479999999998
-0.7644479999999998
-0.7644479999999998
-0.7644479999999998
-0.7644479999999998
-0.7644479999999998
-0.7644479999999998
-0.7644479999999998
-0.7644479999999998
-0.7644479999999998
-0.7644479999999998
-0.7644479999999998
