1.330736
1.3195099999999993
1.330736
1.3195099999999993
1.330736
1.3195099999999993
1.330736
1.3195099999999993
1.330736
1.3195099999999993
1.330736
1.3195099999999993
1.330736
1.3195099999999993
1.330736
1.3195099999999993
1.330736
1.3195099999999993
1.330736
1.3195099999999993
1.330736
1.3195099999999993
1.330736
1.3195099999999993
1.330736
1.3195099999999993
1.330736
1.3195099999999993
1.330736
1.3195099999999993
1.330736
1.3195099999999993
1.330736
1.3195099999999993
1.330736
1.3195099999999993
1.330736
1.3195099999999993
1.330736
1.3195099999999993
1.330736
1.3195099999999993
1.330736
1.3195099999999993
1.330736
1.3195099999999993
1.330736
1.3195099999999993
1.330736
1.3195099999999993
1.330736
1.3195099999999993
1.330736
1.3195099999999993
1.330736
1.3195099999999993
1.330736
1.3195099999999993
1.330736
1.3195099999999993
1.330736
1.3195099999999993
1.330736
1.3195099999999993
1.330736
1.3195099999999993
1.330736
1.3195099999999993
1.330736
1.3195099999999993
1.330736
1.3195099999999993
1.330736
1.3195099999999993
1.330736
1.3195099999999993
1.330736
1.3195099999999993
1.330736
1.3195099999999993
1.330736
1.3195099999999993
1.330736
1.3195099999999993
1.330736
1.3195099999999993
1.330736
1.3195099999999993
1.330736
1.3195099999999993
1.330736
1.3195099999999993
1.330736
1.3195099999999993
1.330736
1.3195099999999993
1.330736
1.3195099999999993
1.330736
1.3195099999999993
1.330736
1.3195099999999993
1.330736
1.3195099999999993
1.330736
1.3195099999999993
1.330736
1.3195099999999993
1.330736
1.3195099999999993
1.330736
1.3195099999999993
1.330736
1.3195099999999993
1.330736
1.3195099999999993
1.330736
1.3195099999999993
1.330736
1.3195099999999993
-1.330571
-1.3196760000000003
-1.330571
-1.3196760000000003
-1.330571
-1.3196760000000003
-1.330571
-1.3196760000000003
-1.330571
-1.3196760000000003
-1.330571
-1.3196760000000003
-1.330571
-1.3196760000000003
-1.330571
-1.3196760000000003
-1.330571
-1.3196760000000003
-1.330571
-1.3196760000000003
-1.330571
-1.3196760000000003
-1.330571
-1.3196760000000003
-1.330571
-1.3196760000000003
-1.330571
-1.3196760000000003
-1.330571
-1.3196760000000003
-1.330571
-1.3196760000000003
-1.330571
-1.3196760000000003
-1.330571
-1.3196760000000003
-1.330571
-1.3196760000000003
-1.330571
-1.3196760000000003
-1.330571
-1.3196760000000003
-1.330571
-1.3196760000000003
-1.330571
-1.3196760000000003
-1.330571
-1.3196760000000003
-1.330571
-1.3196760000000003
-1.330571
-1.3196760000000003
-1.330571
-1.3196760000000003
-1.330571
-1.3196760000000003
-1.330571
-1.3196760000000003
-1.330571
-1.3196760000000003
-1.330571
-1.3196760000000003
-1.330571
-1.3196760000000003
-1.330571
-1.3196760000000003
-1.330571
-1.3196760000000003
-1.330571
-1.3196760000000003
-1.330571
-1.3196760000000003
-1.330571
-1.3196760000000003
-1.330571
-1.3196760000000003
-1.330571
-1.3196760000000003
-1.330571
-1.3196760000000003
-1.330571
-1.3196760000000003
-1.330571
-1.3196760000000003
-1.330571
-1.3196760000000003
-1.330571
-1.3196760000000003
-1.330571
-1.3196760000000003
-1.330571
-1.3196760000000003
-1.330571
-1.3196760000000003
-1.330571
-1.3196760000000003
-1.330571
-1.3196760000000003
-1.330571
-1.3196760000000003
-1.330571
-1.3196760000000003
-1.330571
-1.3196760000000003
-1.330571
-1.3196760000000003
-1.330571
-1.3196760000000003
-1.330571
-1.3196760000000003
-1.330571
-1.3196760000000003
-1.330571
-1.3196760000000003
-1.330571
-1.3196760000000003
-1.330571
-1.3196760000000003
-1.330571
-1.3196760000000003
