1.2394010000000009
1.2394010000000009
1.2394010000000009
1.2394010000000009
1.2394010000000009
1.2394010000000009
1.2394010000000009
1.2394010000000009
1.2394010000000009
1.2394010000000009
1.2394010000000009
1.2394010000000009
1.2394010000000009
1.2394010000000009
1.2394010000000009
1.2394010000000009
1.2394010000000009
1.2394010000000009
1.2394010000000009
1.2394010000000009
1.2394010000000009
1.2394010000000009
1.2394010000000009
1.2394010000000009
1.2394010000000009
1.2394010000000009
1.2394010000000009
-1.239401
-1.239401
-1.239401
-1.239401
-1.239401
-1.239401
-1.239401
-1.239401
-1.239401
-1.239401
-1.239401
-1.239401
-1.239401
-1.239401
-1.239401
-1.239401
-1.239401
-1.239401
-1.239401
-1.239401
-1.239401
-1.239401
-1.239401
-1.239401
-1.239401
-1.239401
-1.239401
