1.4174819999999997
1.419784
1.4182170000000003
1.4218639999999994
1.4174819999999997
1.419784
1.4182170000000003
1.4218639999999994
1.4174819999999997
1.419784
1.4182170000000003
1.4218639999999994
1.4174819999999997
1.419784
1.4182170000000003
1.4218639999999994
1.4174819999999997
1.419784
1.4182170000000003
1.4218639999999994
1.4174819999999997
1.419784
1.4182170000000003
1.4218639999999994
1.4174819999999997
1.419784
1.4182170000000003
1.4218639999999994
1.4174819999999997
1.419784
1.4182170000000003
1.4218639999999994
1.4174819999999997
1.419784
1.4182170000000003
1.4218639999999994
1.4174819999999997
1.419784
1.4182170000000003
1.4218639999999994
1.4174819999999997
1.419784
1.4182170000000003
1.4218639999999994
1.4174819999999997
1.419784
1.4182170000000003
1.4218639999999994
1.4174819999999997
1.419784
1.4182170000000003
1.4218639999999994
1.4174819999999997
1.419784
1.4182170000000003
1.4218639999999994
1.4174819999999997
1.419784
1.4182170000000003
1.4218639999999994
1.4174819999999997
1.419784
1.4182170000000003
1.4218639999999994
1.4174819999999997
1.419784
1.4182170000000003
1.4218639999999994
1.4174819999999997
1.419784
1.4182170000000003
1.4218639999999994
1.4174819999999997
1.419784
1.4182170000000003
1.4218639999999994
1.4174819999999997
1.419784
1.4182170000000003
1.4218639999999994
1.4174819999999997
1.419784
1.4182170000000003
1.4218639999999994
1.4174819999999997
1.419784
1.4182170000000003
1.4218639999999994
1.4174819999999997
1.419784
1.4182170000000003
1.4218639999999994
1.4174819999999997
1.419784
1.4182170000000003
1.4218639999999994
1.4174819999999997
1.419784
1.4182170000000003
1.4218639999999994
1.4174819999999997
1.419784
1.4182170000000003
1.4218639999999994
1.4174819999999997
1.419784
1.4182170000000003
1.4218639999999994
1.4174819999999997
1.419784
1.4182170000000003
1.4218639999999994
1.4174819999999997
1.419784
1.4182170000000003
1.4218639999999994
1.4174819999999997
1.419784
1.4182170000000003
1.4218639999999994
1.4174819999999997
1.419784
1.4182170000000003
1.4218639999999994
1.4174819999999997
1.419784
1.4182170000000003
1.4218639999999994
1.4174819999999997
1.419784
1.4182170000000003
1.4218639999999994
1.4174819999999997
1.419784
1.4182170000000003
1.4218639999999994
1.4174819999999997
1.419784
1.4182170000000003
1.4218639999999994
1.4174819999999997
1.419784
1.4182170000000003
1.4218639999999994
-1.418279
-1.4243370000000004
-1.417885
-1.4168450000000004
-1.418279
-1.4243370000000004
-1.417885
-1.4168450000000004
-1.418279
-1.4243370000000004
-1.417885
-1.4168450000000004
-1.418279
-1.4243370000000004
-1.417885
-1.4168450000000004
-1.418279
-1.4243370000000004
-1.417885
-1.4168450000000004
-1.418279
-1.4243370000000004
-1.417885
-1.4168450000000004
-1.418279
-1.4243370000000004
-1.417885
-1.4168450000000004
-1.418279
-1.4243370000000004
-1.417885
-1.4168450000000004
-1.418279
-1.4243370000000004
-1.417885
-1.4168450000000004
-1.418279
-1.4243370000000004
-1.417885
-1.4168450000000004
-1.418279
-1.4243370000000004
-1.417885
-1.4168450000000004
-1.418279
-1.4243370000000004
-1.417885
-1.4168450000000004
-1.418279
-1.4243370000000004
-1.417885
-1.4168450000000004
-1.418279
-1.4243370000000004
-1.417885
-1.4168450000000004
-1.418279
-1.4243370000000004
-1.417885
-1.4168450000000004
-1.418279
-1.4243370000000004
-1.417885
-1.4168450000000004
-1.418279
-1.4243370000000004
-1.417885
-1.4168450000000004
-1.418279
-1.4243370000000004
-1.417885
-1.4168450000000004
-1.418279
-1.4243370000000004
-1.417885
-1.4168450000000004
-1.418279
-1.4243370000000004
-1.417885
-1.4168450000000004
-1.418279
-1.4243370000000004
-1.417885
-1.4168450000000004
-1.418279
-1.4243370000000004
-1.417885
-1.4168450000000004
-1.418279
-1.4243370000000004
-1.417885
-1.4168450000000004
-1.418279
-1.4243370000000004
-1.417885
-1.4168450000000004
-1.418279
-1.4243370000000004
-1.417885
-1.4168450000000004
-1.418279
-1.4243370000000004
-1.417885
-1.4168450000000004
-1.418279
-1.4243370000000004
-1.417885
-1.4168450000000004
-1.418279
-1.4243370000000004
-1.417885
-1.4168450000000004
-1.418279
-1.4243370000000004
-1.417885
-1.4168450000000004
-1.418279
-1.4243370000000004
-1.417885
-1.4168450000000004
-1.418279
-1.4243370000000004
-1.417885
-1.4168450000000004
-1.418279
-1.4243370000000004
-1.417885
-1.4168450000000004
-1.418279
-1.4243370000000004
-1.417885
-1.4168450000000004
-1.418279
-1.4243370000000004
-1.417885
-1.4168450000000004
-1.418279
-1.4243370000000004
-1.417885
-1.4168450000000004
-1.418279
-1.4243370000000004
-1.417885
-1.4168450000000004
