1.2082750000000004
1.2082750000000004
1.2082750000000004
1.2082750000000004
1.2082750000000004
1.2082750000000004
1.2082750000000004
1.2082750000000004
1.2082750000000004
1.2082750000000004
1.2082750000000004
1.2082750000000004
1.2082750000000004
1.2082750000000004
1.2082750000000004
1.2082750000000004
1.2082750000000004
1.2082750000000004
1.2082750000000004
1.2082750000000004
1.2082750000000004
1.2082750000000004
1.2082750000000004
1.2082750000000004
1.2082750000000004
1.2082750000000004
1.2082750000000004
-1.208278
-1.208278
-1.208278
-1.208278
-1.208278
-1.208278
-1.208278
-1.208278
-1.208278
-1.208278
-1.208278
-1.208278
-1.208278
-1.208278
-1.208278
-1.208278
-1.208278
-1.208278
-1.208278
-1.208278
-1.208278
-1.208278
-1.208278
-1.208278
-1.208278
-1.208278
-1.208278
