1.4311229999999995
1.4331949999999996
1.4344070000000002
1.4349779999999992
1.4311229999999995
1.4331949999999996
1.4344070000000002
1.4349779999999992
1.4311229999999995
1.4331949999999996
1.4344070000000002
1.4349779999999992
1.4311229999999995
1.4331949999999996
1.4344070000000002
1.4349779999999992
1.4311229999999995
1.4331949999999996
1.4344070000000002
1.4349779999999992
1.4311229999999995
1.4331949999999996
1.4344070000000002
1.4349779999999992
1.4311229999999995
1.4331949999999996
1.4344070000000002
1.4349779999999992
1.4311229999999995
1.4331949999999996
1.4344070000000002
1.4349779999999992
1.4311229999999995
1.4331949999999996
1.4344070000000002
1.4349779999999992
1.4311229999999995
1.4331949999999996
1.4344070000000002
1.4349779999999992
1.4311229999999995
1.4331949999999996
1.4344070000000002
1.4349779999999992
1.4311229999999995
1.4331949999999996
1.4344070000000002
1.4349779999999992
1.4311229999999995
1.4331949999999996
1.4344070000000002
1.4349779999999992
1.4311229999999995
1.4331949999999996
1.4344070000000002
1.4349779999999992
1.4311229999999995
1.4331949999999996
1.4344070000000002
1.4349779999999992
1.4311229999999995
1.4331949999999996
1.4344070000000002
1.4349779999999992
1.4311229999999995
1.4331949999999996
1.4344070000000002
1.4349779999999992
1.4311229999999995
1.4331949999999996
1.4344070000000002
1.4349779999999992
1.4311229999999995
1.4331949999999996
1.4344070000000002
1.4349779999999992
1.4311229999999995
1.4331949999999996
1.4344070000000002
1.4349779999999992
1.4311229999999995
1.4331949999999996
1.4344070000000002
1.4349779999999992
1.4311229999999995
1.4331949999999996
1.4344070000000002
1.4349779999999992
1.4311229999999995
1.4331949999999996
1.4344070000000002
1.4349779999999992
1.4311229999999995
1.4331949999999996
1.4344070000000002
1.4349779999999992
1.4311229999999995
1.4331949999999996
1.4344070000000002
1.4349779999999992
1.4311229999999995
1.4331949999999996
1.4344070000000002
1.4349779999999992
1.4311229999999995
1.4331949999999996
1.4344070000000002
1.4349779999999992
1.4311229999999995
1.4331949999999996
1.4344070000000002
1.4349779999999992
1.4311229999999995
1.4331949999999996
1.4344070000000002
1.4349779999999992
1.4311229999999995
1.4331949999999996
1.4344070000000002
1.4349779999999992
1.4311229999999995
1.4331949999999996
1.4344070000000002
1.4349779999999992
1.4311229999999995
1.4331949999999996
1.4344070000000002
1.4349779999999992
1.4311229999999995
1.4331949999999996
1.4344070000000002
1.4349779999999992
1.4311229999999995
1.4331949999999996
1.4344070000000002
1.4349779999999992
1.4311229999999995
1.4331949999999996
1.4344070000000002
1.4349779999999992
1.4311229999999995
1.4331949999999996
1.4344070000000002
1.4349779999999992
-1.4316839999999997
-1.4336640000000003
-1.433637
-1.434717
-1.4316839999999997
-1.4336640000000003
-1.433637
-1.434717
-1.4316839999999997
-1.4336640000000003
-1.433637
-1.434717
-1.4316839999999997
-1.4336640000000003
-1.433637
-1.434717
-1.4316839999999997
-1.4336640000000003
-1.433637
-1.434717
-1.4316839999999997
-1.4336640000000003
-1.433637
-1.434717
-1.4316839999999997
-1.4336640000000003
-1.433637
-1.434717
-1.4316839999999997
-1.4336640000000003
-1.433637
-1.434717
-1.4316839999999997
-1.4336640000000003
-1.433637
-1.434717
-1.4316839999999997
-1.4336640000000003
-1.433637
-1.434717
-1.4316839999999997
-1.4336640000000003
-1.433637
-1.434717
-1.4316839999999997
-1.4336640000000003
-1.433637
-1.434717
-1.4316839999999997
-1.4336640000000003
-1.433637
-1.434717
-1.4316839999999997
-1.4336640000000003
-1.433637
-1.434717
-1.4316839999999997
-1.4336640000000003
-1.433637
-1.434717
-1.4316839999999997
-1.4336640000000003
-1.433637
-1.434717
-1.4316839999999997
-1.4336640000000003
-1.433637
-1.434717
-1.4316839999999997
-1.4336640000000003
-1.433637
-1.434717
-1.4316839999999997
-1.4336640000000003
-1.433637
-1.434717
-1.4316839999999997
-1.4336640000000003
-1.433637
-1.434717
-1.4316839999999997
-1.4336640000000003
-1.433637
-1.434717
-1.4316839999999997
-1.4336640000000003
-1.433637
-1.434717
-1.4316839999999997
-1.4336640000000003
-1.433637
-1.434717
-1.4316839999999997
-1.4336640000000003
-1.433637
-1.434717
-1.4316839999999997
-1.4336640000000003
-1.433637
-1.434717
-1.4316839999999997
-1.4336640000000003
-1.433637
-1.434717
-1.4316839999999997
-1.4336640000000003
-1.433637
-1.434717
-1.4316839999999997
-1.4336640000000003
-1.433637
-1.434717
-1.4316839999999997
-1.4336640000000003
-1.433637
-1.434717
-1.4316839999999997
-1.4336640000000003
-1.433637
-1.434717
-1.4316839999999997
-1.4336640000000003
-1.433637
-1.434717
-1.4316839999999997
-1.4336640000000003
-1.433637
-1.434717
-1.4316839999999997
-1.4336640000000003
-1.433637
-1.434717
-1.4316839999999997
-1.4336640000000003
-1.433637
-1.434717
-1.4316839999999997
-1.4336640000000003
-1.433637
-1.434717
-1.4316839999999997
-1.4336640000000003
-1.433637
-1.434717
