1.3600600000000007
1.3565609999999992
1.3600600000000007
1.3565609999999992
1.3600600000000007
1.3565609999999992
1.3600600000000007
1.3565609999999992
1.3600600000000007
1.3565609999999992
1.3600600000000007
1.3565609999999992
1.3600600000000007
1.3565609999999992
1.3600600000000007
1.3565609999999992
1.3600600000000007
1.3565609999999992
1.3600600000000007
1.3565609999999992
1.3600600000000007
1.3565609999999992
1.3600600000000007
1.3565609999999992
1.3600600000000007
1.3565609999999992
1.3600600000000007
1.3565609999999992
1.3600600000000007
1.3565609999999992
1.3600600000000007
1.3565609999999992
1.3600600000000007
1.3565609999999992
1.3600600000000007
1.3565609999999992
1.3600600000000007
1.3565609999999992
1.3600600000000007
1.3565609999999992
1.3600600000000007
1.3565609999999992
1.3600600000000007
1.3565609999999992
1.3600600000000007
1.3565609999999992
1.3600600000000007
1.3565609999999992
1.3600600000000007
1.3565609999999992
1.3600600000000007
1.3565609999999992
1.3600600000000007
1.3565609999999992
1.3600600000000007
1.3565609999999992
1.3600600000000007
1.3565609999999992
1.3600600000000007
1.3565609999999992
1.3600600000000007
1.3565609999999992
1.3600600000000007
1.3565609999999992
1.3600600000000007
1.3565609999999992
1.3600600000000007
1.3565609999999992
1.3600600000000007
1.3565609999999992
1.3600600000000007
1.3565609999999992
1.3600600000000007
1.3565609999999992
1.3600600000000007
1.3565609999999992
1.3600600000000007
1.3565609999999992
1.3600600000000007
1.3565609999999992
1.3600600000000007
1.3565609999999992
1.3600600000000007
1.3565609999999992
1.3600600000000007
1.3565609999999992
1.3600600000000007
1.3565609999999992
1.3600600000000007
1.3565609999999992
1.3600600000000007
1.3565609999999992
1.3600600000000007
1.3565609999999992
1.3600600000000007
1.3565609999999992
1.3600600000000007
1.3565609999999992
1.3600600000000007
1.3565609999999992
1.3600600000000007
1.3565609999999992
1.3600600000000007
1.3565609999999992
1.3600600000000007
1.3565609999999992
1.3600600000000007
1.3565609999999992
1.3600600000000007
1.3565609999999992
1.3600600000000007
1.3565609999999992
1.3600600000000007
1.3565609999999992
1.3600600000000007
1.3565609999999992
1.3600600000000007
1.3565609999999992
1.3600600000000007
1.3565609999999992
-1.3586939999999998
-1.357926
-1.3586939999999998
-1.357926
-1.3586939999999998
-1.357926
-1.3586939999999998
-1.357926
-1.3586939999999998
-1.357926
-1.3586939999999998
-1.357926
-1.3586939999999998
-1.357926
-1.3586939999999998
-1.357926
-1.3586939999999998
-1.357926
-1.3586939999999998
-1.357926
-1.3586939999999998
-1.357926
-1.3586939999999998
-1.357926
-1.3586939999999998
-1.357926
-1.3586939999999998
-1.357926
-1.3586939999999998
-1.357926
-1.3586939999999998
-1.357926
-1.3586939999999998
-1.357926
-1.3586939999999998
-1.357926
-1.3586939999999998
-1.357926
-1.3586939999999998
-1.357926
-1.3586939999999998
-1.357926
-1.3586939999999998
-1.357926
-1.3586939999999998
-1.357926
-1.3586939999999998
-1.357926
-1.3586939999999998
-1.357926
-1.3586939999999998
-1.357926
-1.3586939999999998
-1.357926
-1.3586939999999998
-1.357926
-1.3586939999999998
-1.357926
-1.3586939999999998
-1.357926
-1.3586939999999998
-1.357926
-1.3586939999999998
-1.357926
-1.3586939999999998
-1.357926
-1.3586939999999998
-1.357926
-1.3586939999999998
-1.357926
-1.3586939999999998
-1.357926
-1.3586939999999998
-1.357926
-1.3586939999999998
-1.357926
-1.3586939999999998
-1.357926
-1.3586939999999998
-1.357926
-1.3586939999999998
-1.357926
-1.3586939999999998
-1.357926
-1.3586939999999998
-1.357926
-1.3586939999999998
-1.357926
-1.3586939999999998
-1.357926
-1.3586939999999998
-1.357926
-1.3586939999999998
-1.357926
-1.3586939999999998
-1.357926
-1.3586939999999998
-1.357926
-1.3586939999999998
-1.357926
-1.3586939999999998
-1.357926
-1.3586939999999998
-1.357926
-1.3586939999999998
-1.357926
-1.3586939999999998
-1.357926
-1.3586939999999998
-1.357926
-1.3586939999999998
-1.357926
-1.3586939999999998
-1.357926
-1.3586939999999998
-1.357926
-1.3586939999999998
-1.357926
-1.3586939999999998
-1.357926
