0.9044399999999992
0.9044399999999992
0.9044399999999992
0.9044399999999992
0.9044399999999992
0.9044399999999992
0.9044399999999992
0.9044399999999992
0.9044399999999992
0.9044399999999992
0.9044399999999992
0.9044399999999992
0.9044399999999992
0.9044399999999992
0.9044399999999992
0.9044399999999992
0.9044399999999992
0.9044399999999992
0.9044399999999992
0.9044399999999992
0.9044399999999992
0.9044399999999992
0.9044399999999992
0.9044399999999992
0.9044399999999992
0.9044399999999992
0.9044399999999992
0.9044399999999992
0.9044399999999992
0.9044399999999992
0.9044399999999992
0.9044399999999992
0.9044399999999992
0.9044399999999992
0.9044399999999992
0.9044399999999992
0.9044399999999992
0.9044399999999992
0.9044399999999992
0.9044399999999992
0.9044399999999992
0.9044399999999992
0.9044399999999992
0.9044399999999992
0.9044399999999992
0.9044399999999992
0.9044399999999992
0.9044399999999992
0.9044399999999992
0.9044399999999992
0.9044399999999992
0.9044399999999992
0.9044399999999992
0.9044399999999992
0.9044399999999992
0.9044399999999992
0.9044399999999992
0.9044399999999992
0.9044399999999992
0.9044399999999992
0.9044399999999992
0.9044399999999992
0.9044399999999992
0.9044399999999992
-0.9044400000000001
-0.9044400000000001
-0.9044400000000001
-0.9044400000000001
-0.9044400000000001
-0.9044400000000001
-0.9044400000000001
-0.9044400000000001
-0.9044400000000001
-0.9044400000000001
-0.9044400000000001
-0.9044400000000001
-0.9044400000000001
-0.9044400000000001
-0.9044400000000001
-0.9044400000000001
-0.9044400000000001
-0.9044400000000001
-0.9044400000000001
-0.9044400000000001
-0.9044400000000001
-0.9044400000000001
-0.9044400000000001
-0.9044400000000001
-0.9044400000000001
-0.9044400000000001
-0.9044400000000001
-0.9044400000000001
-0.9044400000000001
-0.9044400000000001
-0.9044400000000001
-0.9044400000000001
-0.9044400000000001
-0.9044400000000001
-0.9044400000000001
-0.9044400000000001
-0.9044400000000001
-0.9044400000000001
-0.9044400000000001
-0.9044400000000001
-0.9044400000000001
-0.9044400000000001
-0.9044400000000001
-0.9044400000000001
-0.9044400000000001
-0.9044400000000001
-0.9044400000000001
-0.9044400000000001
-0.9044400000000001
-0.9044400000000001
-0.9044400000000001
-0.9044400000000001
-0.9044400000000001
-0.9044400000000001
-0.9044400000000001
-0.9044400000000001
-0.9044400000000001
-0.9044400000000001
-0.9044400000000001
-0.9044400000000001
-0.9044400000000001
-0.9044400000000001
-0.9044400000000001
-0.9044400000000001
