1.4429219999999994
1.4379259999999991
1.4420909999999996
1.441547
1.4429219999999994
1.4379259999999991
1.4420909999999996
1.441547
1.4429219999999994
1.4379259999999991
1.4420909999999996
1.441547
1.4429219999999994
1.4379259999999991
1.4420909999999996
1.441547
1.4429219999999994
1.4379259999999991
1.4420909999999996
1.441547
1.4429219999999994
1.4379259999999991
1.4420909999999996
1.441547
1.4429219999999994
1.4379259999999991
1.4420909999999996
1.441547
1.4429219999999994
1.4379259999999991
1.4420909999999996
1.441547
1.4429219999999994
1.4379259999999991
1.4420909999999996
1.441547
1.4429219999999994
1.4379259999999991
1.4420909999999996
1.441547
1.4429219999999994
1.4379259999999991
1.4420909999999996
1.441547
1.4429219999999994
1.4379259999999991
1.4420909999999996
1.441547
1.4429219999999994
1.4379259999999991
1.4420909999999996
1.441547
1.4429219999999994
1.4379259999999991
1.4420909999999996
1.441547
1.4429219999999994
1.4379259999999991
1.4420909999999996
1.441547
1.4429219999999994
1.4379259999999991
1.4420909999999996
1.441547
1.4429219999999994
1.4379259999999991
1.4420909999999996
1.441547
1.4429219999999994
1.4379259999999991
1.4420909999999996
1.441547
1.4429219999999994
1.4379259999999991
1.4420909999999996
1.441547
1.4429219999999994
1.4379259999999991
1.4420909999999996
1.441547
1.4429219999999994
1.4379259999999991
1.4420909999999996
1.441547
1.4429219999999994
1.4379259999999991
1.4420909999999996
1.441547
1.4429219999999994
1.4379259999999991
1.4420909999999996
1.441547
1.4429219999999994
1.4379259999999991
1.4420909999999996
1.441547
1.4429219999999994
1.4379259999999991
1.4420909999999996
1.441547
1.4429219999999994
1.4379259999999991
1.4420909999999996
1.441547
1.4429219999999994
1.4379259999999991
1.4420909999999996
1.441547
1.4429219999999994
1.4379259999999991
1.4420909999999996
1.441547
1.4429219999999994
1.4379259999999991
1.4420909999999996
1.441547
1.4429219999999994
1.4379259999999991
1.4420909999999996
1.441547
1.4429219999999994
1.4379259999999991
1.4420909999999996
1.441547
1.4429219999999994
1.4379259999999991
1.4420909999999996
1.441547
1.4429219999999994
1.4379259999999991
1.4420909999999996
1.441547
1.4429219999999994
1.4379259999999991
1.4420909999999996
1.441547
1.4429219999999994
1.4379259999999991
1.4420909999999996
1.441547
1.4429219999999994
1.4379259999999991
1.4420909999999996
1.441547
-1.4412989999999999
-1.4400060000000003
-1.4419089999999999
-1.441274
-1.4412989999999999
-1.4400060000000003
-1.4419089999999999
-1.441274
-1.4412989999999999
-1.4400060000000003
-1.4419089999999999
-1.441274
-1.4412989999999999
-1.4400060000000003
-1.4419089999999999
-1.441274
-1.4412989999999999
-1.4400060000000003
-1.4419089999999999
-1.441274
-1.4412989999999999
-1.4400060000000003
-1.4419089999999999
-1.441274
-1.4412989999999999
-1.4400060000000003
-1.4419089999999999
-1.441274
-1.4412989999999999
-1.4400060000000003
-1.4419089999999999
-1.441274
-1.4412989999999999
-1.4400060000000003
-1.4419089999999999
-1.441274
-1.4412989999999999
-1.4400060000000003
-1.4419089999999999
-1.441274
-1.4412989999999999
-1.4400060000000003
-1.4419089999999999
-1.441274
-1.4412989999999999
-1.4400060000000003
-1.4419089999999999
-1.441274
-1.4412989999999999
-1.4400060000000003
-1.4419089999999999
-1.441274
-1.4412989999999999
-1.4400060000000003
-1.4419089999999999
-1.441274
-1.4412989999999999
-1.4400060000000003
-1.4419089999999999
-1.441274
-1.4412989999999999
-1.4400060000000003
-1.4419089999999999
-1.441274
-1.4412989999999999
-1.4400060000000003
-1.4419089999999999
-1.441274
-1.4412989999999999
-1.4400060000000003
-1.4419089999999999
-1.441274
-1.4412989999999999
-1.4400060000000003
-1.4419089999999999
-1.441274
-1.4412989999999999
-1.4400060000000003
-1.4419089999999999
-1.441274
-1.4412989999999999
-1.4400060000000003
-1.4419089999999999
-1.441274
-1.4412989999999999
-1.4400060000000003
-1.4419089999999999
-1.441274
-1.4412989999999999
-1.4400060000000003
-1.4419089999999999
-1.441274
-1.4412989999999999
-1.4400060000000003
-1.4419089999999999
-1.441274
-1.4412989999999999
-1.4400060000000003
-1.4419089999999999
-1.441274
-1.4412989999999999
-1.4400060000000003
-1.4419089999999999
-1.441274
-1.4412989999999999
-1.4400060000000003
-1.4419089999999999
-1.441274
-1.4412989999999999
-1.4400060000000003
-1.4419089999999999
-1.441274
-1.4412989999999999
-1.4400060000000003
-1.4419089999999999
-1.441274
-1.4412989999999999
-1.4400060000000003
-1.4419089999999999
-1.441274
-1.4412989999999999
-1.4400060000000003
-1.4419089999999999
-1.441274
-1.4412989999999999
-1.4400060000000003
-1.4419089999999999
-1.441274
-1.4412989999999999
-1.4400060000000003
-1.4419089999999999
-1.441274
-1.4412989999999999
-1.4400060000000003
-1.4419089999999999
-1.441274
-1.4412989999999999
-1.4400060000000003
-1.4419089999999999
-1.441274
-1.4412989999999999
-1.4400060000000003
-1.4419089999999999
-1.441274
