1.2919630000000009
1.2954500000000007
1.2919630000000009
1.2954500000000007
1.2919630000000009
1.2954500000000007
1.2919630000000009
1.2954500000000007
1.2919630000000009
1.2954500000000007
1.2919630000000009
1.2954500000000007
1.2919630000000009
1.2954500000000007
1.2919630000000009
1.2954500000000007
1.2919630000000009
1.2954500000000007
1.2919630000000009
1.2954500000000007
1.2919630000000009
1.2954500000000007
1.2919630000000009
1.2954500000000007
1.2919630000000009
1.2954500000000007
1.2919630000000009
1.2954500000000007
1.2919630000000009
1.2954500000000007
1.2919630000000009
1.2954500000000007
1.2919630000000009
1.2954500000000007
1.2919630000000009
1.2954500000000007
1.2919630000000009
1.2954500000000007
1.2919630000000009
1.2954500000000007
1.2919630000000009
1.2954500000000007
1.2919630000000009
1.2954500000000007
1.2919630000000009
1.2954500000000007
1.2919630000000009
1.2954500000000007
1.2919630000000009
1.2954500000000007
1.2919630000000009
1.2954500000000007
1.2919630000000009
1.2954500000000007
1.2919630000000009
1.2954500000000007
1.2919630000000009
1.2954500000000007
1.2919630000000009
1.2954500000000007
1.2919630000000009
1.2954500000000007
1.2919630000000009
1.2954500000000007
1.2919630000000009
1.2954500000000007
1.2919630000000009
1.2954500000000007
1.2919630000000009
1.2954500000000007
1.2919630000000009
1.2954500000000007
1.2919630000000009
1.2954500000000007
1.2919630000000009
1.2954500000000007
1.2919630000000009
1.2954500000000007
1.2919630000000009
1.2954500000000007
1.2919630000000009
1.2954500000000007
1.2919630000000009
1.2954500000000007
1.2919630000000009
1.2954500000000007
1.2919630000000009
1.2954500000000007
1.2919630000000009
1.2954500000000007
1.2919630000000009
1.2954500000000007
1.2919630000000009
1.2954500000000007
1.2919630000000009
1.2954500000000007
1.2919630000000009
1.2954500000000007
1.2919630000000009
1.2954500000000007
1.2919630000000009
1.2954500000000007
1.2919630000000009
1.2954500000000007
1.2919630000000009
1.2954500000000007
1.2919630000000009
1.2954500000000007
-1.294505
-1.2929069999999996
-1.294505
-1.2929069999999996
-1.294505
-1.2929069999999996
-1.294505
-1.2929069999999996
-1.294505
-1.2929069999999996
-1.294505
-1.2929069999999996
-1.294505
-1.2929069999999996
-1.294505
-1.2929069999999996
-1.294505
-1.2929069999999996
-1.294505
-1.2929069999999996
-1.294505
-1.2929069999999996
-1.294505
-1.2929069999999996
-1.294505
-1.2929069999999996
-1.294505
-1.2929069999999996
-1.294505
-1.2929069999999996
-1.294505
-1.2929069999999996
-1.294505
-1.2929069999999996
-1.294505
-1.2929069999999996
-1.294505
-1.2929069999999996
-1.294505
-1.2929069999999996
-1.294505
-1.2929069999999996
-1.294505
-1.2929069999999996
-1.294505
-1.2929069999999996
-1.294505
-1.2929069999999996
-1.294505
-1.2929069999999996
-1.294505
-1.2929069999999996
-1.294505
-1.2929069999999996
-1.294505
-1.2929069999999996
-1.294505
-1.2929069999999996
-1.294505
-1.2929069999999996
-1.294505
-1.2929069999999996
-1.294505
-1.2929069999999996
-1.294505
-1.2929069999999996
-1.294505
-1.2929069999999996
-1.294505
-1.2929069999999996
-1.294505
-1.2929069999999996
-1.294505
-1.2929069999999996
-1.294505
-1.2929069999999996
-1.294505
-1.2929069999999996
-1.294505
-1.2929069999999996
-1.294505
-1.2929069999999996
-1.294505
-1.2929069999999996
-1.294505
-1.2929069999999996
-1.294505
-1.2929069999999996
-1.294505
-1.2929069999999996
-1.294505
-1.2929069999999996
-1.294505
-1.2929069999999996
-1.294505
-1.2929069999999996
-1.294505
-1.2929069999999996
-1.294505
-1.2929069999999996
-1.294505
-1.2929069999999996
-1.294505
-1.2929069999999996
-1.294505
-1.2929069999999996
-1.294505
-1.2929069999999996
