0.8391300000000008
0.8391300000000008
0.8391300000000008
0.8391300000000008
0.8391300000000008
0.8391300000000008
0.8391300000000008
0.8391300000000008
0.8391300000000008
0.8391300000000008
0.8391300000000008
0.8391300000000008
0.8391300000000008
0.8391300000000008
0.8391300000000008
0.8391300000000008
0.8391300000000008
0.8391300000000008
0.8391300000000008
0.8391300000000008
0.8391300000000008
0.8391300000000008
0.8391300000000008
0.8391300000000008
0.8391300000000008
0.8391300000000008
0.8391300000000008
0.8391300000000008
0.8391300000000008
0.8391300000000008
0.8391300000000008
0.8391300000000008
0.8391300000000008
0.8391300000000008
0.8391300000000008
0.8391300000000008
0.8391300000000008
0.8391300000000008
0.8391300000000008
0.8391300000000008
0.8391300000000008
0.8391300000000008
0.8391300000000008
0.8391300000000008
0.8391300000000008
0.8391300000000008
0.8391300000000008
0.8391300000000008
0.8391300000000008
0.8391300000000008
0.8391300000000008
0.8391300000000008
0.8391300000000008
0.8391300000000008
0.8391300000000008
0.8391300000000008
0.8391300000000008
0.8391300000000008
0.8391300000000008
0.8391300000000008
0.8391300000000008
0.8391300000000008
0.8391300000000008
0.8391300000000008
-0.8391299999999999
-0.8391299999999999
-0.8391299999999999
-0.8391299999999999
-0.8391299999999999
-0.8391299999999999
-0.8391299999999999
-0.8391299999999999
-0.8391299999999999
-0.8391299999999999
-0.8391299999999999
-0.8391299999999999
-0.8391299999999999
-0.8391299999999999
-0.8391299999999999
-0.8391299999999999
-0.8391299999999999
-0.8391299999999999
-0.8391299999999999
-0.8391299999999999
-0.8391299999999999
-0.8391299999999999
-0.8391299999999999
-0.8391299999999999
-0.8391299999999999
-0.8391299999999999
-0.8391299999999999
-0.8391299999999999
-0.8391299999999999
-0.8391299999999999
-0.8391299999999999
-0.8391299999999999
-0.8391299999999999
-0.8391299999999999
-0.8391299999999999
-0.8391299999999999
-0.8391299999999999
-0.8391299999999999
-0.8391299999999999
-0.8391299999999999
-0.8391299999999999
-0.8391299999999999
-0.8391299999999999
-0.8391299999999999
-0.8391299999999999
-0.8391299999999999
-0.8391299999999999
-0.8391299999999999
-0.8391299999999999
-0.8391299999999999
-0.8391299999999999
-0.8391299999999999
-0.8391299999999999
-0.8391299999999999
-0.8391299999999999
-0.8391299999999999
-0.8391299999999999
-0.8391299999999999
-0.8391299999999999
-0.8391299999999999
-0.8391299999999999
-0.8391299999999999
-0.8391299999999999
-0.8391299999999999
