1.3477230000000002
1.3621569999999998
1.3477230000000002
1.3621569999999998
1.3477230000000002
1.3621569999999998
1.3477230000000002
1.3621569999999998
1.3477230000000002
1.3621569999999998
1.3477230000000002
1.3621569999999998
1.3477230000000002
1.3621569999999998
1.3477230000000002
1.3621569999999998
1.3477230000000002
1.3621569999999998
1.3477230000000002
1.3621569999999998
1.3477230000000002
1.3621569999999998
1.3477230000000002
1.3621569999999998
1.3477230000000002
1.3621569999999998
1.3477230000000002
1.3621569999999998
1.3477230000000002
1.3621569999999998
1.3477230000000002
1.3621569999999998
1.3477230000000002
1.3621569999999998
1.3477230000000002
1.3621569999999998
1.3477230000000002
1.3621569999999998
1.3477230000000002
1.3621569999999998
1.3477230000000002
1.3621569999999998
1.3477230000000002
1.3621569999999998
1.3477230000000002
1.3621569999999998
1.3477230000000002
1.3621569999999998
1.3477230000000002
1.3621569999999998
1.3477230000000002
1.3621569999999998
1.3477230000000002
1.3621569999999998
1.3477230000000002
1.3621569999999998
1.3477230000000002
1.3621569999999998
1.3477230000000002
1.3621569999999998
1.3477230000000002
1.3621569999999998
1.3477230000000002
1.3621569999999998
1.3477230000000002
1.3621569999999998
1.3477230000000002
1.3621569999999998
1.3477230000000002
1.3621569999999998
1.3477230000000002
1.3621569999999998
1.3477230000000002
1.3621569999999998
1.3477230000000002
1.3621569999999998
1.3477230000000002
1.3621569999999998
1.3477230000000002
1.3621569999999998
1.3477230000000002
1.3621569999999998
1.3477230000000002
1.3621569999999998
1.3477230000000002
1.3621569999999998
1.3477230000000002
1.3621569999999998
1.3477230000000002
1.3621569999999998
1.3477230000000002
1.3621569999999998
1.3477230000000002
1.3621569999999998
1.3477230000000002
1.3621569999999998
1.3477230000000002
1.3621569999999998
1.3477230000000002
1.3621569999999998
1.3477230000000002
1.3621569999999998
1.3477230000000002
1.3621569999999998
1.3477230000000002
1.3621569999999998
1.3477230000000002
1.3621569999999998
1.3477230000000002
1.3621569999999998
1.3477230000000002
1.3621569999999998
1.3477230000000002
1.3621569999999998
1.3477230000000002
1.3621569999999998
1.3477230000000002
1.3621569999999998
1.3477230000000002
1.3621569999999998
-1.3553360000000003
-1.3545429999999996
-1.3553360000000003
-1.3545429999999996
-1.3553360000000003
-1.3545429999999996
-1.3553360000000003
-1.3545429999999996
-1.3553360000000003
-1.3545429999999996
-1.3553360000000003
-1.3545429999999996
-1.3553360000000003
-1.3545429999999996
-1.3553360000000003
-1.3545429999999996
-1.3553360000000003
-1.3545429999999996
-1.3553360000000003
-1.3545429999999996
-1.3553360000000003
-1.3545429999999996
-1.3553360000000003
-1.3545429999999996
-1.3553360000000003
-1.3545429999999996
-1.3553360000000003
-1.3545429999999996
-1.3553360000000003
-1.3545429999999996
-1.3553360000000003
-1.3545429999999996
-1.3553360000000003
-1.3545429999999996
-1.3553360000000003
-1.3545429999999996
-1.3553360000000003
-1.3545429999999996
-1.3553360000000003
-1.3545429999999996
-1.3553360000000003
-1.3545429999999996
-1.3553360000000003
-1.3545429999999996
-1.3553360000000003
-1.3545429999999996
-1.3553360000000003
-1.3545429999999996
-1.3553360000000003
-1.3545429999999996
-1.3553360000000003
-1.3545429999999996
-1.3553360000000003
-1.3545429999999996
-1.3553360000000003
-1.3545429999999996
-1.3553360000000003
-1.3545429999999996
-1.3553360000000003
-1.3545429999999996
-1.3553360000000003
-1.3545429999999996
-1.3553360000000003
-1.3545429999999996
-1.3553360000000003
-1.3545429999999996
-1.3553360000000003
-1.3545429999999996
-1.3553360000000003
-1.3545429999999996
-1.3553360000000003
-1.3545429999999996
-1.3553360000000003
-1.3545429999999996
-1.3553360000000003
-1.3545429999999996
-1.3553360000000003
-1.3545429999999996
-1.3553360000000003
-1.3545429999999996
-1.3553360000000003
-1.3545429999999996
-1.3553360000000003
-1.3545429999999996
-1.3553360000000003
-1.3545429999999996
-1.3553360000000003
-1.3545429999999996
-1.3553360000000003
-1.3545429999999996
-1.3553360000000003
-1.3545429999999996
-1.3553360000000003
-1.3545429999999996
-1.3553360000000003
-1.3545429999999996
-1.3553360000000003
-1.3545429999999996
-1.3553360000000003
-1.3545429999999996
-1.3553360000000003
-1.3545429999999996
-1.3553360000000003
-1.3545429999999996
-1.3553360000000003
-1.3545429999999996
-1.3553360000000003
-1.3545429999999996
-1.3553360000000003
-1.3545429999999996
-1.3553360000000003
-1.3545429999999996
-1.3553360000000003
-1.3545429999999996
-1.3553360000000003
-1.3545429999999996
-1.3553360000000003
-1.3545429999999996
-1.3553360000000003
-1.3545429999999996
