0.7097610000000003
0.7097610000000003
0.7097610000000003
0.7097610000000003
0.7097610000000003
0.7097610000000003
0.7097610000000003
0.7097610000000003
0.7097610000000003
0.7097610000000003
0.7097610000000003
0.7097610000000003
0.7097610000000003
0.7097610000000003
0.7097610000000003
0.7097610000000003
0.7097610000000003
0.7097610000000003
0.7097610000000003
0.7097610000000003
0.7097610000000003
0.7097610000000003
0.7097610000000003
0.7097610000000003
0.7097610000000003
0.7097610000000003
0.7097610000000003
0.7097610000000003
0.7097610000000003
0.7097610000000003
0.7097610000000003
0.7097610000000003
0.7097610000000003
0.7097610000000003
0.7097610000000003
0.7097610000000003
0.7097610000000003
0.7097610000000003
0.7097610000000003
0.7097610000000003
0.7097610000000003
0.7097610000000003
0.7097610000000003
0.7097610000000003
0.7097610000000003
0.7097610000000003
0.7097610000000003
0.7097610000000003
0.7097610000000003
0.7097610000000003
0.7097610000000003
0.7097610000000003
0.7097610000000003
0.7097610000000003
0.7097610000000003
0.7097610000000003
0.7097610000000003
0.7097610000000003
0.7097610000000003
0.7097610000000003
0.7097610000000003
0.7097610000000003
0.7097610000000003
0.7097610000000003
-0.7097600000000002
-0.7097600000000002
-0.7097600000000002
-0.7097600000000002
-0.7097600000000002
-0.7097600000000002
-0.7097600000000002
-0.7097600000000002
-0.7097600000000002
-0.7097600000000002
-0.7097600000000002
-0.7097600000000002
-0.7097600000000002
-0.7097600000000002
-0.7097600000000002
-0.7097600000000002
-0.7097600000000002
-0.7097600000000002
-0.7097600000000002
-0.7097600000000002
-0.7097600000000002
-0.7097600000000002
-0.7097600000000002
-0.7097600000000002
-0.7097600000000002
-0.7097600000000002
-0.7097600000000002
-0.7097600000000002
-0.7097600000000002
-0.7097600000000002
-0.7097600000000002
-0.7097600000000002
-0.7097600000000002
-0.7097600000000002
-0.7097600000000002
-0.7097600000000002
-0.7097600000000002
-0.7097600000000002
-0.7097600000000002
-0.7097600000000002
-0.7097600000000002
-0.7097600000000002
-0.7097600000000002
-0.7097600000000002
-0.7097600000000002
-0.7097600000000002
-0.7097600000000002
-0.7097600000000002
-0.7097600000000002
-0.7097600000000002
-0.7097600000000002
-0.7097600000000002
-0.7097600000000002
-0.7097600000000002
-0.7097600000000002
-0.7097600000000002
-0.7097600000000002
-0.7097600000000002
-0.7097600000000002
-0.7097600000000002
-0.7097600000000002
-0.7097600000000002
-0.7097600000000002
-0.7097600000000002
