1.4403279999999992
1.4408060000000003
1.4402830000000009
1.4405940000000008
1.4403279999999992
1.4408060000000003
1.4402830000000009
1.4405940000000008
1.4403279999999992
1.4408060000000003
1.4402830000000009
1.4405940000000008
1.4403279999999992
1.4408060000000003
1.4402830000000009
1.4405940000000008
1.4403279999999992
1.4408060000000003
1.4402830000000009
1.4405940000000008
1.4403279999999992
1.4408060000000003
1.4402830000000009
1.4405940000000008
1.4403279999999992
1.4408060000000003
1.4402830000000009
1.4405940000000008
1.4403279999999992
1.4408060000000003
1.4402830000000009
1.4405940000000008
1.4403279999999992
1.4408060000000003
1.4402830000000009
1.4405940000000008
1.4403279999999992
1.4408060000000003
1.4402830000000009
1.4405940000000008
1.4403279999999992
1.4408060000000003
1.4402830000000009
1.4405940000000008
1.4403279999999992
1.4408060000000003
1.4402830000000009
1.4405940000000008
1.4403279999999992
1.4408060000000003
1.4402830000000009
1.4405940000000008
1.4403279999999992
1.4408060000000003
1.4402830000000009
1.4405940000000008
1.4403279999999992
1.4408060000000003
1.4402830000000009
1.4405940000000008
1.4403279999999992
1.4408060000000003
1.4402830000000009
1.4405940000000008
1.4403279999999992
1.4408060000000003
1.4402830000000009
1.4405940000000008
1.4403279999999992
1.4408060000000003
1.4402830000000009
1.4405940000000008
1.4403279999999992
1.4408060000000003
1.4402830000000009
1.4405940000000008
1.4403279999999992
1.4408060000000003
1.4402830000000009
1.4405940000000008
1.4403279999999992
1.4408060000000003
1.4402830000000009
1.4405940000000008
1.4403279999999992
1.4408060000000003
1.4402830000000009
1.4405940000000008
1.4403279999999992
1.4408060000000003
1.4402830000000009
1.4405940000000008
1.4403279999999992
1.4408060000000003
1.4402830000000009
1.4405940000000008
1.4403279999999992
1.4408060000000003
1.4402830000000009
1.4405940000000008
1.4403279999999992
1.4408060000000003
1.4402830000000009
1.4405940000000008
1.4403279999999992
1.4408060000000003
1.4402830000000009
1.4405940000000008
-1.440454
-1.4404769999999996
-1.4404760000000003
-1.4406040000000004
-1.440454
-1.4404769999999996
-1.4404760000000003
-1.4406040000000004
-1.440454
-1.4404769999999996
-1.4404760000000003
-1.4406040000000004
-1.440454
-1.4404769999999996
-1.4404760000000003
-1.4406040000000004
-1.440454
-1.4404769999999996
-1.4404760000000003
-1.4406040000000004
-1.440454
-1.4404769999999996
-1.4404760000000003
-1.4406040000000004
-1.440454
-1.4404769999999996
-1.4404760000000003
-1.4406040000000004
-1.440454
-1.4404769999999996
-1.4404760000000003
-1.4406040000000004
-1.440454
-1.4404769999999996
-1.4404760000000003
-1.4406040000000004
-1.440454
-1.4404769999999996
-1.4404760000000003
-1.4406040000000004
-1.440454
-1.4404769999999996
-1.4404760000000003
-1.4406040000000004
-1.440454
-1.4404769999999996
-1.4404760000000003
-1.4406040000000004
-1.440454
-1.4404769999999996
-1.4404760000000003
-1.4406040000000004
-1.440454
-1.4404769999999996
-1.4404760000000003
-1.4406040000000004
-1.440454
-1.4404769999999996
-1.4404760000000003
-1.4406040000000004
-1.440454
-1.4404769999999996
-1.4404760000000003
-1.4406040000000004
-1.440454
-1.4404769999999996
-1.4404760000000003
-1.4406040000000004
-1.440454
-1.4404769999999996
-1.4404760000000003
-1.4406040000000004
-1.440454
-1.4404769999999996
-1.4404760000000003
-1.4406040000000004
-1.440454
-1.4404769999999996
-1.4404760000000003
-1.4406040000000004
-1.440454
-1.4404769999999996
-1.4404760000000003
-1.4406040000000004
-1.440454
-1.4404769999999996
-1.4404760000000003
-1.4406040000000004
-1.440454
-1.4404769999999996
-1.4404760000000003
-1.4406040000000004
-1.440454
-1.4404769999999996
-1.4404760000000003
-1.4406040000000004
-1.440454
-1.4404769999999996
-1.4404760000000003
-1.4406040000000004
-1.440454
-1.4404769999999996
-1.4404760000000003
-1.4406040000000004
-1.440454
-1.4404769999999996
-1.4404760000000003
-1.4406040000000004
