1.3986699999999992
1.4058159999999997
1.414574
1.3956730000000004
1.3986699999999992
1.4058159999999997
1.414574
1.3956730000000004
1.3986699999999992
1.4058159999999997
1.414574
1.3956730000000004
1.3986699999999992
1.4058159999999997
1.414574
1.3956730000000004
1.3986699999999992
1.4058159999999997
1.414574
1.3956730000000004
1.3986699999999992
1.4058159999999997
1.414574
1.3956730000000004
1.3986699999999992
1.4058159999999997
1.414574
1.3956730000000004
1.3986699999999992
1.4058159999999997
1.414574
1.3956730000000004
1.3986699999999992
1.4058159999999997
1.414574
1.3956730000000004
1.3986699999999992
1.4058159999999997
1.414574
1.3956730000000004
1.3986699999999992
1.4058159999999997
1.414574
1.3956730000000004
1.3986699999999992
1.4058159999999997
1.414574
1.3956730000000004
1.3986699999999992
1.4058159999999997
1.414574
1.3956730000000004
1.3986699999999992
1.4058159999999997
1.414574
1.3956730000000004
1.3986699999999992
1.4058159999999997
1.414574
1.3956730000000004
1.3986699999999992
1.4058159999999997
1.414574
1.3956730000000004
1.3986699999999992
1.4058159999999997
1.414574
1.3956730000000004
1.3986699999999992
1.4058159999999997
1.414574
1.3956730000000004
1.3986699999999992
1.4058159999999997
1.414574
1.3956730000000004
1.3986699999999992
1.4058159999999997
1.414574
1.3956730000000004
1.3986699999999992
1.4058159999999997
1.414574
1.3956730000000004
1.3986699999999992
1.4058159999999997
1.414574
1.3956730000000004
1.3986699999999992
1.4058159999999997
1.414574
1.3956730000000004
1.3986699999999992
1.4058159999999997
1.414574
1.3956730000000004
1.3986699999999992
1.4058159999999997
1.414574
1.3956730000000004
1.3986699999999992
1.4058159999999997
1.414574
1.3956730000000004
1.3986699999999992
1.4058159999999997
1.414574
1.3956730000000004
1.3986699999999992
1.4058159999999997
1.414574
1.3956730000000004
1.3986699999999992
1.4058159999999997
1.414574
1.3956730000000004
1.3986699999999992
1.4058159999999997
1.414574
1.3956730000000004
1.3986699999999992
1.4058159999999997
1.414574
1.3956730000000004
1.3986699999999992
1.4058159999999997
1.414574
1.3956730000000004
1.3986699999999992
1.4058159999999997
1.414574
1.3956730000000004
1.3986699999999992
1.4058159999999997
1.414574
1.3956730000000004
1.3986699999999992
1.4058159999999997
1.414574
1.3956730000000004
1.3986699999999992
1.4058159999999997
1.414574
1.3956730000000004
-1.4097479999999996
-1.404629
-1.4035570000000002
-1.396801
-1.4097479999999996
-1.404629
-1.4035570000000002
-1.396801
-1.4097479999999996
-1.404629
-1.4035570000000002
-1.396801
-1.4097479999999996
-1.404629
-1.4035570000000002
-1.396801
-1.4097479999999996
-1.404629
-1.4035570000000002
-1.396801
-1.4097479999999996
-1.404629
-1.4035570000000002
-1.396801
-1.4097479999999996
-1.404629
-1.4035570000000002
-1.396801
-1.4097479999999996
-1.404629
-1.4035570000000002
-1.396801
-1.4097479999999996
-1.404629
-1.4035570000000002
-1.396801
-1.4097479999999996
-1.404629
-1.4035570000000002
-1.396801
-1.4097479999999996
-1.404629
-1.4035570000000002
-1.396801
-1.4097479999999996
-1.404629
-1.4035570000000002
-1.396801
-1.4097479999999996
-1.404629
-1.4035570000000002
-1.396801
-1.4097479999999996
-1.404629
-1.4035570000000002
-1.396801
-1.4097479999999996
-1.404629
-1.4035570000000002
-1.396801
-1.4097479999999996
-1.404629
-1.4035570000000002
-1.396801
-1.4097479999999996
-1.404629
-1.4035570000000002
-1.396801
-1.4097479999999996
-1.404629
-1.4035570000000002
-1.396801
-1.4097479999999996
-1.404629
-1.4035570000000002
-1.396801
-1.4097479999999996
-1.404629
-1.4035570000000002
-1.396801
-1.4097479999999996
-1.404629
-1.4035570000000002
-1.396801
-1.4097479999999996
-1.404629
-1.4035570000000002
-1.396801
-1.4097479999999996
-1.404629
-1.4035570000000002
-1.396801
-1.4097479999999996
-1.404629
-1.4035570000000002
-1.396801
-1.4097479999999996
-1.404629
-1.4035570000000002
-1.396801
-1.4097479999999996
-1.404629
-1.4035570000000002
-1.396801
-1.4097479999999996
-1.404629
-1.4035570000000002
-1.396801
-1.4097479999999996
-1.404629
-1.4035570000000002
-1.396801
-1.4097479999999996
-1.404629
-1.4035570000000002
-1.396801
-1.4097479999999996
-1.404629
-1.4035570000000002
-1.396801
-1.4097479999999996
-1.404629
-1.4035570000000002
-1.396801
-1.4097479999999996
-1.404629
-1.4035570000000002
-1.396801
-1.4097479999999996
-1.404629
-1.4035570000000002
-1.396801
-1.4097479999999996
-1.404629
-1.4035570000000002
-1.396801
-1.4097479999999996
-1.404629
-1.4035570000000002
-1.396801
-1.4097479999999996
-1.404629
-1.4035570000000002
-1.396801
