1.0867249999999995
1.0867249999999995
1.0867249999999995
1.0867249999999995
1.0867249999999995
1.0867249999999995
1.0867249999999995
1.0867249999999995
1.0867249999999995
1.0867249999999995
1.0867249999999995
1.0867249999999995
1.0867249999999995
1.0867249999999995
1.0867249999999995
1.0867249999999995
1.0867249999999995
1.0867249999999995
1.0867249999999995
1.0867249999999995
1.0867249999999995
1.0867249999999995
1.0867249999999995
1.0867249999999995
1.0867249999999995
1.0867249999999995
1.0867249999999995
1.0867249999999995
1.0867249999999995
1.0867249999999995
1.0867249999999995
1.0867249999999995
1.0867249999999995
1.0867249999999995
1.0867249999999995
1.0867249999999995
1.0867249999999995
1.0867249999999995
1.0867249999999995
1.0867249999999995
1.0867249999999995
1.0867249999999995
1.0867249999999995
1.0867249999999995
1.0867249999999995
1.0867249999999995
1.0867249999999995
1.0867249999999995
1.0867249999999995
1.0867249999999995
1.0867249999999995
1.0867249999999995
1.0867249999999995
1.0867249999999995
1.0867249999999995
1.0867249999999995
1.0867249999999995
1.0867249999999995
1.0867249999999995
1.0867249999999995
1.0867249999999995
1.0867249999999995
1.0867249999999995
1.0867249999999995
1.0867249999999995
1.0867249999999995
1.0867249999999995
1.0867249999999995
1.0867249999999995
1.0867249999999995
1.0867249999999995
1.0867249999999995
1.0867249999999995
1.0867249999999995
1.0867249999999995
1.0867249999999995
1.0867249999999995
1.0867249999999995
1.0867249999999995
1.0867249999999995
1.0867249999999995
1.0867249999999995
1.0867249999999995
1.0867249999999995
1.0867249999999995
1.0867249999999995
1.0867249999999995
1.0867249999999995
1.0867249999999995
1.0867249999999995
-1.0867380000000004
-1.08671
-1.0867380000000004
-1.08671
-1.0867380000000004
-1.08671
-1.0867380000000004
-1.08671
-1.0867380000000004
-1.08671
-1.0867380000000004
-1.08671
-1.0867380000000004
-1.08671
-1.0867380000000004
-1.08671
-1.0867380000000004
-1.08671
-1.0867380000000004
-1.08671
-1.0867380000000004
-1.08671
-1.0867380000000004
-1.08671
-1.0867380000000004
-1.08671
-1.0867380000000004
-1.08671
-1.0867380000000004
-1.08671
-1.0867380000000004
-1.08671
-1.0867380000000004
-1.08671
-1.0867380000000004
-1.08671
-1.0867380000000004
-1.08671
-1.0867380000000004
-1.08671
-1.0867380000000004
-1.08671
-1.0867380000000004
-1.08671
-1.0867380000000004
-1.08671
-1.0867380000000004
-1.08671
-1.0867380000000004
-1.08671
-1.0867380000000004
-1.08671
-1.0867380000000004
-1.08671
-1.0867380000000004
-1.08671
-1.0867380000000004
-1.08671
-1.0867380000000004
-1.08671
-1.0867380000000004
-1.08671
-1.0867380000000004
-1.08671
-1.0867380000000004
-1.08671
-1.0867380000000004
-1.08671
-1.0867380000000004
-1.08671
-1.0867380000000004
-1.08671
-1.0867380000000004
-1.08671
-1.0867380000000004
-1.08671
-1.0867380000000004
-1.08671
-1.0867380000000004
-1.08671
-1.0867380000000004
-1.08671
-1.0867380000000004
-1.08671
-1.0867380000000004
-1.08671
-1.0867380000000004
-1.08671
-1.0867380000000004
-1.08671
