1.4436680000000006
1.4429649999999992
1.4436199999999992
1.4436459999999993
1.4436680000000006
1.4429649999999992
1.4436199999999992
1.4436459999999993
1.4436680000000006
1.4429649999999992
1.4436199999999992
1.4436459999999993
1.4436680000000006
1.4429649999999992
1.4436199999999992
1.4436459999999993
1.4436680000000006
1.4429649999999992
1.4436199999999992
1.4436459999999993
1.4436680000000006
1.4429649999999992
1.4436199999999992
1.4436459999999993
1.4436680000000006
1.4429649999999992
1.4436199999999992
1.4436459999999993
1.4436680000000006
1.4429649999999992
1.4436199999999992
1.4436459999999993
1.4436680000000006
1.4429649999999992
1.4436199999999992
1.4436459999999993
1.4436680000000006
1.4429649999999992
1.4436199999999992
1.4436459999999993
1.4436680000000006
1.4429649999999992
1.4436199999999992
1.4436459999999993
1.4436680000000006
1.4429649999999992
1.4436199999999992
1.4436459999999993
1.4436680000000006
1.4429649999999992
1.4436199999999992
1.4436459999999993
1.4436680000000006
1.4429649999999992
1.4436199999999992
1.4436459999999993
1.4436680000000006
1.4429649999999992
1.4436199999999992
1.4436459999999993
1.4436680000000006
1.4429649999999992
1.4436199999999992
1.4436459999999993
1.4436680000000006
1.4429649999999992
1.4436199999999992
1.4436459999999993
1.4436680000000006
1.4429649999999992
1.4436199999999992
1.4436459999999993
1.4436680000000006
1.4429649999999992
1.4436199999999992
1.4436459999999993
1.4436680000000006
1.4429649999999992
1.4436199999999992
1.4436459999999993
1.4436680000000006
1.4429649999999992
1.4436199999999992
1.4436459999999993
1.4436680000000006
1.4429649999999992
1.4436199999999992
1.4436459999999993
1.4436680000000006
1.4429649999999992
1.4436199999999992
1.4436459999999993
1.4436680000000006
1.4429649999999992
1.4436199999999992
1.4436459999999993
1.4436680000000006
1.4429649999999992
1.4436199999999992
1.4436459999999993
1.4436680000000006
1.4429649999999992
1.4436199999999992
1.4436459999999993
1.4436680000000006
1.4429649999999992
1.4436199999999992
1.4436459999999993
-1.4437119999999997
-1.443689
-1.4431010000000004
-1.4433980000000002
-1.4437119999999997
-1.443689
-1.4431010000000004
-1.4433980000000002
-1.4437119999999997
-1.443689
-1.4431010000000004
-1.4433980000000002
-1.4437119999999997
-1.443689
-1.4431010000000004
-1.4433980000000002
-1.4437119999999997
-1.443689
-1.4431010000000004
-1.4433980000000002
-1.4437119999999997
-1.443689
-1.4431010000000004
-1.4433980000000002
-1.4437119999999997
-1.443689
-1.4431010000000004
-1.4433980000000002
-1.4437119999999997
-1.443689
-1.4431010000000004
-1.4433980000000002
-1.4437119999999997
-1.443689
-1.4431010000000004
-1.4433980000000002
-1.4437119999999997
-1.443689
-1.4431010000000004
-1.4433980000000002
-1.4437119999999997
-1.443689
-1.4431010000000004
-1.4433980000000002
-1.4437119999999997
-1.443689
-1.4431010000000004
-1.4433980000000002
-1.4437119999999997
-1.443689
-1.4431010000000004
-1.4433980000000002
-1.4437119999999997
-1.443689
-1.4431010000000004
-1.4433980000000002
-1.4437119999999997
-1.443689
-1.4431010000000004
-1.4433980000000002
-1.4437119999999997
-1.443689
-1.4431010000000004
-1.4433980000000002
-1.4437119999999997
-1.443689
-1.4431010000000004
-1.4433980000000002
-1.4437119999999997
-1.443689
-1.4431010000000004
-1.4433980000000002
-1.4437119999999997
-1.443689
-1.4431010000000004
-1.4433980000000002
-1.4437119999999997
-1.443689
-1.4431010000000004
-1.4433980000000002
-1.4437119999999997
-1.443689
-1.4431010000000004
-1.4433980000000002
-1.4437119999999997
-1.443689
-1.4431010000000004
-1.4433980000000002
-1.4437119999999997
-1.443689
-1.4431010000000004
-1.4433980000000002
-1.4437119999999997
-1.443689
-1.4431010000000004
-1.4433980000000002
-1.4437119999999997
-1.443689
-1.4431010000000004
-1.4433980000000002
-1.4437119999999997
-1.443689
-1.4431010000000004
-1.4433980000000002
-1.4437119999999997
-1.443689
-1.4431010000000004
-1.4433980000000002
