1.3880149999999993
1.3660080000000008
1.3880149999999993
1.3660080000000008
1.3880149999999993
1.3660080000000008
1.3880149999999993
1.3660080000000008
1.3880149999999993
1.3660080000000008
1.3880149999999993
1.3660080000000008
1.3880149999999993
1.3660080000000008
1.3880149999999993
1.3660080000000008
1.3880149999999993
1.3660080000000008
1.3880149999999993
1.3660080000000008
1.3880149999999993
1.3660080000000008
1.3880149999999993
1.3660080000000008
1.3880149999999993
1.3660080000000008
1.3880149999999993
1.3660080000000008
1.3880149999999993
1.3660080000000008
1.3880149999999993
1.3660080000000008
1.3880149999999993
1.3660080000000008
1.3880149999999993
1.3660080000000008
1.3880149999999993
1.3660080000000008
1.3880149999999993
1.3660080000000008
1.3880149999999993
1.3660080000000008
1.3880149999999993
1.3660080000000008
1.3880149999999993
1.3660080000000008
1.3880149999999993
1.3660080000000008
1.3880149999999993
1.3660080000000008
1.3880149999999993
1.3660080000000008
1.3880149999999993
1.3660080000000008
1.3880149999999993
1.3660080000000008
1.3880149999999993
1.3660080000000008
1.3880149999999993
1.3660080000000008
1.3880149999999993
1.3660080000000008
1.3880149999999993
1.3660080000000008
1.3880149999999993
1.3660080000000008
1.3880149999999993
1.3660080000000008
1.3880149999999993
1.3660080000000008
1.3880149999999993
1.3660080000000008
1.3880149999999993
1.3660080000000008
1.3880149999999993
1.3660080000000008
1.3880149999999993
1.3660080000000008
1.3880149999999993
1.3660080000000008
1.3880149999999993
1.3660080000000008
1.3880149999999993
1.3660080000000008
1.3880149999999993
1.3660080000000008
1.3880149999999993
1.3660080000000008
1.3880149999999993
1.3660080000000008
1.3880149999999993
1.3660080000000008
1.3880149999999993
1.3660080000000008
1.3880149999999993
1.3660080000000008
1.3880149999999993
1.3660080000000008
1.3880149999999993
1.3660080000000008
1.3880149999999993
1.3660080000000008
1.3880149999999993
1.3660080000000008
1.3880149999999993
1.3660080000000008
1.3880149999999993
1.3660080000000008
1.3880149999999993
1.3660080000000008
1.3880149999999993
1.3660080000000008
1.3880149999999993
1.3660080000000008
1.3880149999999993
1.3660080000000008
1.3880149999999993
1.3660080000000008
1.3880149999999993
1.3660080000000008
-1.3797050000000004
-1.3743169999999996
-1.3797050000000004
-1.3743169999999996
-1.3797050000000004
-1.3743169999999996
-1.3797050000000004
-1.3743169999999996
-1.3797050000000004
-1.3743169999999996
-1.3797050000000004
-1.3743169999999996
-1.3797050000000004
-1.3743169999999996
-1.3797050000000004
-1.3743169999999996
-1.3797050000000004
-1.3743169999999996
-1.3797050000000004
-1.3743169999999996
-1.3797050000000004
-1.3743169999999996
-1.3797050000000004
-1.3743169999999996
-1.3797050000000004
-1.3743169999999996
-1.3797050000000004
-1.3743169999999996
-1.3797050000000004
-1.3743169999999996
-1.3797050000000004
-1.3743169999999996
-1.3797050000000004
-1.3743169999999996
-1.3797050000000004
-1.3743169999999996
-1.3797050000000004
-1.3743169999999996
-1.3797050000000004
-1.3743169999999996
-1.3797050000000004
-1.3743169999999996
-1.3797050000000004
-1.3743169999999996
-1.3797050000000004
-1.3743169999999996
-1.3797050000000004
-1.3743169999999996
-1.3797050000000004
-1.3743169999999996
-1.3797050000000004
-1.3743169999999996
-1.3797050000000004
-1.3743169999999996
-1.3797050000000004
-1.3743169999999996
-1.3797050000000004
-1.3743169999999996
-1.3797050000000004
-1.3743169999999996
-1.3797050000000004
-1.3743169999999996
-1.3797050000000004
-1.3743169999999996
-1.3797050000000004
-1.3743169999999996
-1.3797050000000004
-1.3743169999999996
-1.3797050000000004
-1.3743169999999996
-1.3797050000000004
-1.3743169999999996
-1.3797050000000004
-1.3743169999999996
-1.3797050000000004
-1.3743169999999996
-1.3797050000000004
-1.3743169999999996
-1.3797050000000004
-1.3743169999999996
-1.3797050000000004
-1.3743169999999996
-1.3797050000000004
-1.3743169999999996
-1.3797050000000004
-1.3743169999999996
-1.3797050000000004
-1.3743169999999996
-1.3797050000000004
-1.3743169999999996
-1.3797050000000004
-1.3743169999999996
-1.3797050000000004
-1.3743169999999996
-1.3797050000000004
-1.3743169999999996
-1.3797050000000004
-1.3743169999999996
-1.3797050000000004
-1.3743169999999996
-1.3797050000000004
-1.3743169999999996
-1.3797050000000004
-1.3743169999999996
-1.3797050000000004
-1.3743169999999996
-1.3797050000000004
-1.3743169999999996
-1.3797050000000004
-1.3743169999999996
-1.3797050000000004
-1.3743169999999996
-1.3797050000000004
-1.3743169999999996
-1.3797050000000004
-1.3743169999999996
-1.3797050000000004
-1.3743169999999996
-1.3797050000000004
-1.3743169999999996
