1.4000400000000006
1.4043600000000005
1.4000400000000006
1.4043600000000005
1.4000400000000006
1.4043600000000005
1.4000400000000006
1.4043600000000005
1.4000400000000006
1.4043600000000005
1.4000400000000006
1.4043600000000005
1.4000400000000006
1.4043600000000005
1.4000400000000006
1.4043600000000005
1.4000400000000006
1.4043600000000005
1.4000400000000006
1.4043600000000005
1.4000400000000006
1.4043600000000005
1.4000400000000006
1.4043600000000005
1.4000400000000006
1.4043600000000005
1.4000400000000006
1.4043600000000005
1.4000400000000006
1.4043600000000005
1.4000400000000006
1.4043600000000005
1.4000400000000006
1.4043600000000005
1.4000400000000006
1.4043600000000005
1.4000400000000006
1.4043600000000005
1.4000400000000006
1.4043600000000005
1.4000400000000006
1.4043600000000005
1.4000400000000006
1.4043600000000005
1.4000400000000006
1.4043600000000005
1.4000400000000006
1.4043600000000005
1.4000400000000006
1.4043600000000005
1.4000400000000006
1.4043600000000005
1.4000400000000006
1.4043600000000005
1.4000400000000006
1.4043600000000005
1.4000400000000006
1.4043600000000005
1.4000400000000006
1.4043600000000005
1.4000400000000006
1.4043600000000005
1.4000400000000006
1.4043600000000005
1.4000400000000006
1.4043600000000005
1.4000400000000006
1.4043600000000005
1.4000400000000006
1.4043600000000005
1.4000400000000006
1.4043600000000005
1.4000400000000006
1.4043600000000005
1.4000400000000006
1.4043600000000005
1.4000400000000006
1.4043600000000005
1.4000400000000006
1.4043600000000005
1.4000400000000006
1.4043600000000005
1.4000400000000006
1.4043600000000005
1.4000400000000006
1.4043600000000005
1.4000400000000006
1.4043600000000005
1.4000400000000006
1.4043600000000005
1.4000400000000006
1.4043600000000005
1.4000400000000006
1.4043600000000005
1.4000400000000006
1.4043600000000005
-1.4013590000000002
-1.4030420000000001
-1.4013590000000002
-1.4030420000000001
-1.4013590000000002
-1.4030420000000001
-1.4013590000000002
-1.4030420000000001
-1.4013590000000002
-1.4030420000000001
-1.4013590000000002
-1.4030420000000001
-1.4013590000000002
-1.4030420000000001
-1.4013590000000002
-1.4030420000000001
-1.4013590000000002
-1.4030420000000001
-1.4013590000000002
-1.4030420000000001
-1.4013590000000002
-1.4030420000000001
-1.4013590000000002
-1.4030420000000001
-1.4013590000000002
-1.4030420000000001
-1.4013590000000002
-1.4030420000000001
-1.4013590000000002
-1.4030420000000001
-1.4013590000000002
-1.4030420000000001
-1.4013590000000002
-1.4030420000000001
-1.4013590000000002
-1.4030420000000001
-1.4013590000000002
-1.4030420000000001
-1.4013590000000002
-1.4030420000000001
-1.4013590000000002
-1.4030420000000001
-1.4013590000000002
-1.4030420000000001
-1.4013590000000002
-1.4030420000000001
-1.4013590000000002
-1.4030420000000001
-1.4013590000000002
-1.4030420000000001
-1.4013590000000002
-1.4030420000000001
-1.4013590000000002
-1.4030420000000001
-1.4013590000000002
-1.4030420000000001
-1.4013590000000002
-1.4030420000000001
-1.4013590000000002
-1.4030420000000001
-1.4013590000000002
-1.4030420000000001
-1.4013590000000002
-1.4030420000000001
-1.4013590000000002
-1.4030420000000001
-1.4013590000000002
-1.4030420000000001
-1.4013590000000002
-1.4030420000000001
-1.4013590000000002
-1.4030420000000001
-1.4013590000000002
-1.4030420000000001
-1.4013590000000002
-1.4030420000000001
-1.4013590000000002
-1.4030420000000001
-1.4013590000000002
-1.4030420000000001
-1.4013590000000002
-1.4030420000000001
-1.4013590000000002
-1.4030420000000001
-1.4013590000000002
-1.4030420000000001
-1.4013590000000002
-1.4030420000000001
-1.4013590000000002
-1.4030420000000001
-1.4013590000000002
-1.4030420000000001
-1.4013590000000002
-1.4030420000000001
-1.4013590000000002
-1.4030420000000001
