1.4388020000000008
1.4408010000000004
1.4397319999999993
1.4400030000000008
1.4388020000000008
1.4408010000000004
1.4397319999999993
1.4400030000000008
1.4388020000000008
1.4408010000000004
1.4397319999999993
1.4400030000000008
1.4388020000000008
1.4408010000000004
1.4397319999999993
1.4400030000000008
1.4388020000000008
1.4408010000000004
1.4397319999999993
1.4400030000000008
1.4388020000000008
1.4408010000000004
1.4397319999999993
1.4400030000000008
1.4388020000000008
1.4408010000000004
1.4397319999999993
1.4400030000000008
1.4388020000000008
1.4408010000000004
1.4397319999999993
1.4400030000000008
1.4388020000000008
1.4408010000000004
1.4397319999999993
1.4400030000000008
1.4388020000000008
1.4408010000000004
1.4397319999999993
1.4400030000000008
1.4388020000000008
1.4408010000000004
1.4397319999999993
1.4400030000000008
1.4388020000000008
1.4408010000000004
1.4397319999999993
1.4400030000000008
1.4388020000000008
1.4408010000000004
1.4397319999999993
1.4400030000000008
1.4388020000000008
1.4408010000000004
1.4397319999999993
1.4400030000000008
1.4388020000000008
1.4408010000000004
1.4397319999999993
1.4400030000000008
1.4388020000000008
1.4408010000000004
1.4397319999999993
1.4400030000000008
1.4388020000000008
1.4408010000000004
1.4397319999999993
1.4400030000000008
1.4388020000000008
1.4408010000000004
1.4397319999999993
1.4400030000000008
1.4388020000000008
1.4408010000000004
1.4397319999999993
1.4400030000000008
1.4388020000000008
1.4408010000000004
1.4397319999999993
1.4400030000000008
1.4388020000000008
1.4408010000000004
1.4397319999999993
1.4400030000000008
1.4388020000000008
1.4408010000000004
1.4397319999999993
1.4400030000000008
1.4388020000000008
1.4408010000000004
1.4397319999999993
1.4400030000000008
1.4388020000000008
1.4408010000000004
1.4397319999999993
1.4400030000000008
1.4388020000000008
1.4408010000000004
1.4397319999999993
1.4400030000000008
1.4388020000000008
1.4408010000000004
1.4397319999999993
1.4400030000000008
1.4388020000000008
1.4408010000000004
1.4397319999999993
1.4400030000000008
-1.4402879999999998
-1.4402629999999998
-1.43905
-1.439736
-1.4402879999999998
-1.4402629999999998
-1.43905
-1.439736
-1.4402879999999998
-1.4402629999999998
-1.43905
-1.439736
-1.4402879999999998
-1.4402629999999998
-1.43905
-1.439736
-1.4402879999999998
-1.4402629999999998
-1.43905
-1.439736
-1.4402879999999998
-1.4402629999999998
-1.43905
-1.439736
-1.4402879999999998
-1.4402629999999998
-1.43905
-1.439736
-1.4402879999999998
-1.4402629999999998
-1.43905
-1.439736
-1.4402879999999998
-1.4402629999999998
-1.43905
-1.439736
-1.4402879999999998
-1.4402629999999998
-1.43905
-1.439736
-1.4402879999999998
-1.4402629999999998
-1.43905
-1.439736
-1.4402879999999998
-1.4402629999999998
-1.43905
-1.439736
-1.4402879999999998
-1.4402629999999998
-1.43905
-1.439736
-1.4402879999999998
-1.4402629999999998
-1.43905
-1.439736
-1.4402879999999998
-1.4402629999999998
-1.43905
-1.439736
-1.4402879999999998
-1.4402629999999998
-1.43905
-1.439736
-1.4402879999999998
-1.4402629999999998
-1.43905
-1.439736
-1.4402879999999998
-1.4402629999999998
-1.43905
-1.439736
-1.4402879999999998
-1.4402629999999998
-1.43905
-1.439736
-1.4402879999999998
-1.4402629999999998
-1.43905
-1.439736
-1.4402879999999998
-1.4402629999999998
-1.43905
-1.439736
-1.4402879999999998
-1.4402629999999998
-1.43905
-1.439736
-1.4402879999999998
-1.4402629999999998
-1.43905
-1.439736
-1.4402879999999998
-1.4402629999999998
-1.43905
-1.439736
-1.4402879999999998
-1.4402629999999998
-1.43905
-1.439736
-1.4402879999999998
-1.4402629999999998
-1.43905
-1.439736
-1.4402879999999998
-1.4402629999999998
-1.43905
-1.439736
