1.4405520000000003
1.4406219999999994
1.440557
1.4405610000000006
1.4405520000000003
1.4406219999999994
1.440557
1.4405610000000006
1.4405520000000003
1.4406219999999994
1.440557
1.4405610000000006
1.4405520000000003
1.4406219999999994
1.440557
1.4405610000000006
1.4405520000000003
1.4406219999999994
1.440557
1.4405610000000006
1.4405520000000003
1.4406219999999994
1.440557
1.4405610000000006
1.4405520000000003
1.4406219999999994
1.440557
1.4405610000000006
1.4405520000000003
1.4406219999999994
1.440557
1.4405610000000006
1.4405520000000003
1.4406219999999994
1.440557
1.4405610000000006
1.4405520000000003
1.4406219999999994
1.440557
1.4405610000000006
1.4405520000000003
1.4406219999999994
1.440557
1.4405610000000006
1.4405520000000003
1.4406219999999994
1.440557
1.4405610000000006
1.4405520000000003
1.4406219999999994
1.440557
1.4405610000000006
1.4405520000000003
1.4406219999999994
1.440557
1.4405610000000006
1.4405520000000003
1.4406219999999994
1.440557
1.4405610000000006
1.4405520000000003
1.4406219999999994
1.440557
1.4405610000000006
1.4405520000000003
1.4406219999999994
1.440557
1.4405610000000006
1.4405520000000003
1.4406219999999994
1.440557
1.4405610000000006
1.4405520000000003
1.4406219999999994
1.440557
1.4405610000000006
1.4405520000000003
1.4406219999999994
1.440557
1.4405610000000006
1.4405520000000003
1.4406219999999994
1.440557
1.4405610000000006
1.4405520000000003
1.4406219999999994
1.440557
1.4405610000000006
1.4405520000000003
1.4406219999999994
1.440557
1.4405610000000006
1.4405520000000003
1.4406219999999994
1.440557
1.4405610000000006
1.4405520000000003
1.4406219999999994
1.440557
1.4405610000000006
1.4405520000000003
1.4406219999999994
1.440557
1.4405610000000006
1.4405520000000003
1.4406219999999994
1.440557
1.4405610000000006
-1.4405970000000003
-1.4406590000000001
-1.4405320000000001
-1.4405039999999998
-1.4405970000000003
-1.4406590000000001
-1.4405320000000001
-1.4405039999999998
-1.4405970000000003
-1.4406590000000001
-1.4405320000000001
-1.4405039999999998
-1.4405970000000003
-1.4406590000000001
-1.4405320000000001
-1.4405039999999998
-1.4405970000000003
-1.4406590000000001
-1.4405320000000001
-1.4405039999999998
-1.4405970000000003
-1.4406590000000001
-1.4405320000000001
-1.4405039999999998
-1.4405970000000003
-1.4406590000000001
-1.4405320000000001
-1.4405039999999998
-1.4405970000000003
-1.4406590000000001
-1.4405320000000001
-1.4405039999999998
-1.4405970000000003
-1.4406590000000001
-1.4405320000000001
-1.4405039999999998
-1.4405970000000003
-1.4406590000000001
-1.4405320000000001
-1.4405039999999998
-1.4405970000000003
-1.4406590000000001
-1.4405320000000001
-1.4405039999999998
-1.4405970000000003
-1.4406590000000001
-1.4405320000000001
-1.4405039999999998
-1.4405970000000003
-1.4406590000000001
-1.4405320000000001
-1.4405039999999998
-1.4405970000000003
-1.4406590000000001
-1.4405320000000001
-1.4405039999999998
-1.4405970000000003
-1.4406590000000001
-1.4405320000000001
-1.4405039999999998
-1.4405970000000003
-1.4406590000000001
-1.4405320000000001
-1.4405039999999998
-1.4405970000000003
-1.4406590000000001
-1.4405320000000001
-1.4405039999999998
-1.4405970000000003
-1.4406590000000001
-1.4405320000000001
-1.4405039999999998
-1.4405970000000003
-1.4406590000000001
-1.4405320000000001
-1.4405039999999998
-1.4405970000000003
-1.4406590000000001
-1.4405320000000001
-1.4405039999999998
-1.4405970000000003
-1.4406590000000001
-1.4405320000000001
-1.4405039999999998
-1.4405970000000003
-1.4406590000000001
-1.4405320000000001
-1.4405039999999998
-1.4405970000000003
-1.4406590000000001
-1.4405320000000001
-1.4405039999999998
-1.4405970000000003
-1.4406590000000001
-1.4405320000000001
-1.4405039999999998
-1.4405970000000003
-1.4406590000000001
-1.4405320000000001
-1.4405039999999998
-1.4405970000000003
-1.4406590000000001
-1.4405320000000001
-1.4405039999999998
-1.4405970000000003
-1.4406590000000001
-1.4405320000000001
-1.4405039999999998
