1.4700190000000006
1.4700190000000006
1.4700190000000006
1.4700190000000006
1.4700190000000006
1.4700190000000006
1.4700190000000006
1.4700190000000006
1.4700190000000006
1.4700190000000006
1.4700190000000006
1.4700190000000006
1.4700190000000006
1.4700190000000006
1.4700190000000006
1.4700190000000006
1.4700190000000006
1.4700190000000006
1.4700190000000006
1.4700190000000006
1.4700190000000006
1.4700190000000006
1.4700190000000006
1.4700190000000006
1.4700190000000006
1.4700190000000006
1.4700190000000006
1.4700190000000006
1.4700190000000006
1.4700190000000006
1.4700190000000006
1.4700190000000006
1.4700190000000006
1.4700190000000006
1.4700190000000006
1.4700190000000006
1.4700190000000006
1.4700190000000006
1.4700190000000006
1.4700190000000006
1.4700190000000006
1.4700190000000006
1.4700190000000006
1.4700190000000006
1.4700190000000006
1.4700190000000006
1.4700190000000006
1.4700190000000006
1.4700190000000006
1.4700190000000006
1.4700190000000006
1.4700190000000006
1.4700190000000006
1.4700190000000006
1.4700190000000006
1.4700190000000006
1.4700190000000006
1.4700190000000006
1.4700190000000006
1.4700190000000006
1.4700190000000006
1.4700190000000006
1.4700190000000006
1.4700190000000006
1.4700190000000006
1.4700190000000006
1.4700190000000006
1.4700190000000006
1.4700190000000006
1.4700190000000006
1.4700190000000006
1.4700190000000006
-1.4700189999999997
-1.4700189999999997
-1.4700189999999997
-1.4700189999999997
-1.4700189999999997
-1.4700189999999997
-1.4700189999999997
-1.4700189999999997
-1.4700189999999997
-1.4700189999999997
-1.4700189999999997
-1.4700189999999997
-1.4700189999999997
-1.4700189999999997
-1.4700189999999997
-1.4700189999999997
-1.4700189999999997
-1.4700189999999997
-1.4700189999999997
-1.4700189999999997
-1.4700189999999997
-1.4700189999999997
-1.4700189999999997
-1.4700189999999997
-1.4700189999999997
-1.4700189999999997
-1.4700189999999997
-1.4700189999999997
-1.4700189999999997
-1.4700189999999997
-1.4700189999999997
-1.4700189999999997
-1.4700189999999997
-1.4700189999999997
-1.4700189999999997
-1.4700189999999997
-1.4700189999999997
-1.4700189999999997
-1.4700189999999997
-1.4700189999999997
-1.4700189999999997
-1.4700189999999997
-1.4700189999999997
-1.4700189999999997
-1.4700189999999997
-1.4700189999999997
-1.4700189999999997
-1.4700189999999997
-1.4700189999999997
-1.4700189999999997
-1.4700189999999997
-1.4700189999999997
-1.4700189999999997
-1.4700189999999997
-1.4700189999999997
-1.4700189999999997
-1.4700189999999997
-1.4700189999999997
-1.4700189999999997
-1.4700189999999997
-1.4700189999999997
-1.4700189999999997
-1.4700189999999997
-1.4700189999999997
-1.4700189999999997
-1.4700189999999997
-1.4700189999999997
-1.4700189999999997
-1.4700189999999997
-1.4700189999999997
-1.4700189999999997
-1.4700189999999997
