1.3196600000000007
1.3108240000000002
1.3196600000000007
1.3108240000000002
1.3196600000000007
1.3108240000000002
1.3196600000000007
1.3108240000000002
1.3196600000000007
1.3108240000000002
1.3196600000000007
1.3108240000000002
1.3196600000000007
1.3108240000000002
1.3196600000000007
1.3108240000000002
1.3196600000000007
1.3108240000000002
1.3196600000000007
1.3108240000000002
1.3196600000000007
1.3108240000000002
1.3196600000000007
1.3108240000000002
1.3196600000000007
1.3108240000000002
1.3196600000000007
1.3108240000000002
1.3196600000000007
1.3108240000000002
1.3196600000000007
1.3108240000000002
1.3196600000000007
1.3108240000000002
1.3196600000000007
1.3108240000000002
1.3196600000000007
1.3108240000000002
1.3196600000000007
1.3108240000000002
1.3196600000000007
1.3108240000000002
1.3196600000000007
1.3108240000000002
1.3196600000000007
1.3108240000000002
1.3196600000000007
1.3108240000000002
1.3196600000000007
1.3108240000000002
1.3196600000000007
1.3108240000000002
1.3196600000000007
1.3108240000000002
1.3196600000000007
1.3108240000000002
1.3196600000000007
1.3108240000000002
1.3196600000000007
1.3108240000000002
1.3196600000000007
1.3108240000000002
1.3196600000000007
1.3108240000000002
1.3196600000000007
1.3108240000000002
1.3196600000000007
1.3108240000000002
1.3196600000000007
1.3108240000000002
1.3196600000000007
1.3108240000000002
1.3196600000000007
1.3108240000000002
1.3196600000000007
1.3108240000000002
1.3196600000000007
1.3108240000000002
1.3196600000000007
1.3108240000000002
1.3196600000000007
1.3108240000000002
1.3196600000000007
1.3108240000000002
1.3196600000000007
1.3108240000000002
1.3196600000000007
1.3108240000000002
1.3196600000000007
1.3108240000000002
1.3196600000000007
1.3108240000000002
1.3196600000000007
1.3108240000000002
1.3196600000000007
1.3108240000000002
1.3196600000000007
1.3108240000000002
1.3196600000000007
1.3108240000000002
1.3196600000000007
1.3108240000000002
1.3196600000000007
1.3108240000000002
1.3196600000000007
1.3108240000000002
1.3196600000000007
1.3108240000000002
1.3196600000000007
1.3108240000000002
1.3196600000000007
1.3108240000000002
1.3196600000000007
1.3108240000000002
1.3196600000000007
1.3108240000000002
1.3196600000000007
1.3108240000000002
1.3196600000000007
1.3108240000000002
-1.3182359999999997
-1.312246
-1.3182359999999997
-1.312246
-1.3182359999999997
-1.312246
-1.3182359999999997
-1.312246
-1.3182359999999997
-1.312246
-1.3182359999999997
-1.312246
-1.3182359999999997
-1.312246
-1.3182359999999997
-1.312246
-1.3182359999999997
-1.312246
-1.3182359999999997
-1.312246
-1.3182359999999997
-1.312246
-1.3182359999999997
-1.312246
-1.3182359999999997
-1.312246
-1.3182359999999997
-1.312246
-1.3182359999999997
-1.312246
-1.3182359999999997
-1.312246
-1.3182359999999997
-1.312246
-1.3182359999999997
-1.312246
-1.3182359999999997
-1.312246
-1.3182359999999997
-1.312246
-1.3182359999999997
-1.312246
-1.3182359999999997
-1.312246
-1.3182359999999997
-1.312246
-1.3182359999999997
-1.312246
-1.3182359999999997
-1.312246
-1.3182359999999997
-1.312246
-1.3182359999999997
-1.312246
-1.3182359999999997
-1.312246
-1.3182359999999997
-1.312246
-1.3182359999999997
-1.312246
-1.3182359999999997
-1.312246
-1.3182359999999997
-1.312246
-1.3182359999999997
-1.312246
-1.3182359999999997
-1.312246
-1.3182359999999997
-1.312246
-1.3182359999999997
-1.312246
-1.3182359999999997
-1.312246
-1.3182359999999997
-1.312246
-1.3182359999999997
-1.312246
-1.3182359999999997
-1.312246
-1.3182359999999997
-1.312246
-1.3182359999999997
-1.312246
-1.3182359999999997
-1.312246
-1.3182359999999997
-1.312246
-1.3182359999999997
-1.312246
-1.3182359999999997
-1.312246
-1.3182359999999997
-1.312246
-1.3182359999999997
-1.312246
-1.3182359999999997
-1.312246
-1.3182359999999997
-1.312246
-1.3182359999999997
-1.312246
-1.3182359999999997
-1.312246
-1.3182359999999997
-1.312246
-1.3182359999999997
-1.312246
-1.3182359999999997
-1.312246
-1.3182359999999997
-1.312246
-1.3182359999999997
-1.312246
-1.3182359999999997
-1.312246
-1.3182359999999997
-1.312246
-1.3182359999999997
-1.312246
