1.3754340000000003
1.3878959999999996
1.3754340000000003
1.3878959999999996
1.3754340000000003
1.3878959999999996
1.3754340000000003
1.3878959999999996
1.3754340000000003
1.3878959999999996
1.3754340000000003
1.3878959999999996
1.3754340000000003
1.3878959999999996
1.3754340000000003
1.3878959999999996
1.3754340000000003
1.3878959999999996
1.3754340000000003
1.3878959999999996
1.3754340000000003
1.3878959999999996
1.3754340000000003
1.3878959999999996
1.3754340000000003
1.3878959999999996
1.3754340000000003
1.3878959999999996
1.3754340000000003
1.3878959999999996
1.3754340000000003
1.3878959999999996
1.3754340000000003
1.3878959999999996
1.3754340000000003
1.3878959999999996
1.3754340000000003
1.3878959999999996
1.3754340000000003
1.3878959999999996
1.3754340000000003
1.3878959999999996
1.3754340000000003
1.3878959999999996
1.3754340000000003
1.3878959999999996
1.3754340000000003
1.3878959999999996
1.3754340000000003
1.3878959999999996
1.3754340000000003
1.3878959999999996
1.3754340000000003
1.3878959999999996
1.3754340000000003
1.3878959999999996
1.3754340000000003
1.3878959999999996
1.3754340000000003
1.3878959999999996
1.3754340000000003
1.3878959999999996
1.3754340000000003
1.3878959999999996
1.3754340000000003
1.3878959999999996
1.3754340000000003
1.3878959999999996
1.3754340000000003
1.3878959999999996
1.3754340000000003
1.3878959999999996
1.3754340000000003
1.3878959999999996
1.3754340000000003
1.3878959999999996
1.3754340000000003
1.3878959999999996
1.3754340000000003
1.3878959999999996
1.3754340000000003
1.3878959999999996
1.3754340000000003
1.3878959999999996
1.3754340000000003
1.3878959999999996
1.3754340000000003
1.3878959999999996
1.3754340000000003
1.3878959999999996
1.3754340000000003
1.3878959999999996
1.3754340000000003
1.3878959999999996
1.3754340000000003
1.3878959999999996
1.3754340000000003
1.3878959999999996
1.3754340000000003
1.3878959999999996
1.3754340000000003
1.3878959999999996
1.3754340000000003
1.3878959999999996
1.3754340000000003
1.3878959999999996
1.3754340000000003
1.3878959999999996
1.3754340000000003
1.3878959999999996
1.3754340000000003
1.3878959999999996
1.3754340000000003
1.3878959999999996
1.3754340000000003
1.3878959999999996
1.3754340000000003
1.3878959999999996
1.3754340000000003
1.3878959999999996
-1.3789610000000003
-1.3843670000000001
-1.3789610000000003
-1.3843670000000001
-1.3789610000000003
-1.3843670000000001
-1.3789610000000003
-1.3843670000000001
-1.3789610000000003
-1.3843670000000001
-1.3789610000000003
-1.3843670000000001
-1.3789610000000003
-1.3843670000000001
-1.3789610000000003
-1.3843670000000001
-1.3789610000000003
-1.3843670000000001
-1.3789610000000003
-1.3843670000000001
-1.3789610000000003
-1.3843670000000001
-1.3789610000000003
-1.3843670000000001
-1.3789610000000003
-1.3843670000000001
-1.3789610000000003
-1.3843670000000001
-1.3789610000000003
-1.3843670000000001
-1.3789610000000003
-1.3843670000000001
-1.3789610000000003
-1.3843670000000001
-1.3789610000000003
-1.3843670000000001
-1.3789610000000003
-1.3843670000000001
-1.3789610000000003
-1.3843670000000001
-1.3789610000000003
-1.3843670000000001
-1.3789610000000003
-1.3843670000000001
-1.3789610000000003
-1.3843670000000001
-1.3789610000000003
-1.3843670000000001
-1.3789610000000003
-1.3843670000000001
-1.3789610000000003
-1.3843670000000001
-1.3789610000000003
-1.3843670000000001
-1.3789610000000003
-1.3843670000000001
-1.3789610000000003
-1.3843670000000001
-1.3789610000000003
-1.3843670000000001
-1.3789610000000003
-1.3843670000000001
-1.3789610000000003
-1.3843670000000001
-1.3789610000000003
-1.3843670000000001
-1.3789610000000003
-1.3843670000000001
-1.3789610000000003
-1.3843670000000001
-1.3789610000000003
-1.3843670000000001
-1.3789610000000003
-1.3843670000000001
-1.3789610000000003
-1.3843670000000001
-1.3789610000000003
-1.3843670000000001
-1.3789610000000003
-1.3843670000000001
-1.3789610000000003
-1.3843670000000001
-1.3789610000000003
-1.3843670000000001
-1.3789610000000003
-1.3843670000000001
-1.3789610000000003
-1.3843670000000001
-1.3789610000000003
-1.3843670000000001
-1.3789610000000003
-1.3843670000000001
-1.3789610000000003
-1.3843670000000001
-1.3789610000000003
-1.3843670000000001
-1.3789610000000003
-1.3843670000000001
-1.3789610000000003
-1.3843670000000001
-1.3789610000000003
-1.3843670000000001
-1.3789610000000003
-1.3843670000000001
-1.3789610000000003
-1.3843670000000001
-1.3789610000000003
-1.3843670000000001
-1.3789610000000003
-1.3843670000000001
-1.3789610000000003
-1.3843670000000001
-1.3789610000000003
-1.3843670000000001
-1.3789610000000003
-1.3843670000000001
-1.3789610000000003
-1.3843670000000001
-1.3789610000000003
-1.3843670000000001
