1.4697580000000006
1.4697580000000006
1.4697580000000006
1.4697580000000006
1.4697580000000006
1.4697580000000006
1.4697580000000006
1.4697580000000006
1.4697580000000006
1.4697580000000006
1.4697580000000006
1.4697580000000006
1.4697580000000006
1.4697580000000006
1.4697580000000006
1.4697580000000006
1.4697580000000006
1.4697580000000006
1.4697580000000006
1.4697580000000006
1.4697580000000006
1.4697580000000006
1.4697580000000006
1.4697580000000006
1.4697580000000006
1.4697580000000006
1.4697580000000006
1.4697580000000006
1.4697580000000006
1.4697580000000006
1.4697580000000006
1.4697580000000006
1.4697580000000006
1.4697580000000006
1.4697580000000006
1.4697580000000006
1.4697580000000006
1.4697580000000006
1.4697580000000006
1.4697580000000006
1.4697580000000006
1.4697580000000006
1.4697580000000006
1.4697580000000006
1.4697580000000006
1.4697580000000006
1.4697580000000006
1.4697580000000006
1.4697580000000006
1.4697580000000006
1.4697580000000006
1.4697580000000006
1.4697580000000006
1.4697580000000006
1.4697580000000006
1.4697580000000006
1.4697580000000006
1.4697580000000006
1.4697580000000006
1.4697580000000006
1.4697580000000006
1.4697580000000006
1.4697580000000006
1.4697580000000006
1.4697580000000006
1.4697580000000006
1.4697580000000006
1.4697580000000006
1.4697580000000006
1.4697580000000006
1.4697580000000006
1.4697580000000006
-1.4697579999999997
-1.4697579999999997
-1.4697579999999997
-1.4697579999999997
-1.4697579999999997
-1.4697579999999997
-1.4697579999999997
-1.4697579999999997
-1.4697579999999997
-1.4697579999999997
-1.4697579999999997
-1.4697579999999997
-1.4697579999999997
-1.4697579999999997
-1.4697579999999997
-1.4697579999999997
-1.4697579999999997
-1.4697579999999997
-1.4697579999999997
-1.4697579999999997
-1.4697579999999997
-1.4697579999999997
-1.4697579999999997
-1.4697579999999997
-1.4697579999999997
-1.4697579999999997
-1.4697579999999997
-1.4697579999999997
-1.4697579999999997
-1.4697579999999997
-1.4697579999999997
-1.4697579999999997
-1.4697579999999997
-1.4697579999999997
-1.4697579999999997
-1.4697579999999997
-1.4697579999999997
-1.4697579999999997
-1.4697579999999997
-1.4697579999999997
-1.4697579999999997
-1.4697579999999997
-1.4697579999999997
-1.4697579999999997
-1.4697579999999997
-1.4697579999999997
-1.4697579999999997
-1.4697579999999997
-1.4697579999999997
-1.4697579999999997
-1.4697579999999997
-1.4697579999999997
-1.4697579999999997
-1.4697579999999997
-1.4697579999999997
-1.4697579999999997
-1.4697579999999997
-1.4697579999999997
-1.4697579999999997
-1.4697579999999997
-1.4697579999999997
-1.4697579999999997
-1.4697579999999997
-1.4697579999999997
-1.4697579999999997
-1.4697579999999997
-1.4697579999999997
-1.4697579999999997
-1.4697579999999997
-1.4697579999999997
-1.4697579999999997
-1.4697579999999997
