1.4430519999999998
1.4421870000000006
1.4428169999999998
1.4428619999999999
1.4430519999999998
1.4421870000000006
1.4428169999999998
1.4428619999999999
1.4430519999999998
1.4421870000000006
1.4428169999999998
1.4428619999999999
1.4430519999999998
1.4421870000000006
1.4428169999999998
1.4428619999999999
1.4430519999999998
1.4421870000000006
1.4428169999999998
1.4428619999999999
1.4430519999999998
1.4421870000000006
1.4428169999999998
1.4428619999999999
1.4430519999999998
1.4421870000000006
1.4428169999999998
1.4428619999999999
1.4430519999999998
1.4421870000000006
1.4428169999999998
1.4428619999999999
1.4430519999999998
1.4421870000000006
1.4428169999999998
1.4428619999999999
1.4430519999999998
1.4421870000000006
1.4428169999999998
1.4428619999999999
1.4430519999999998
1.4421870000000006
1.4428169999999998
1.4428619999999999
1.4430519999999998
1.4421870000000006
1.4428169999999998
1.4428619999999999
1.4430519999999998
1.4421870000000006
1.4428169999999998
1.4428619999999999
1.4430519999999998
1.4421870000000006
1.4428169999999998
1.4428619999999999
1.4430519999999998
1.4421870000000006
1.4428169999999998
1.4428619999999999
1.4430519999999998
1.4421870000000006
1.4428169999999998
1.4428619999999999
1.4430519999999998
1.4421870000000006
1.4428169999999998
1.4428619999999999
1.4430519999999998
1.4421870000000006
1.4428169999999998
1.4428619999999999
1.4430519999999998
1.4421870000000006
1.4428169999999998
1.4428619999999999
1.4430519999999998
1.4421870000000006
1.4428169999999998
1.4428619999999999
1.4430519999999998
1.4421870000000006
1.4428169999999998
1.4428619999999999
1.4430519999999998
1.4421870000000006
1.4428169999999998
1.4428619999999999
1.4430519999999998
1.4421870000000006
1.4428169999999998
1.4428619999999999
1.4430519999999998
1.4421870000000006
1.4428169999999998
1.4428619999999999
1.4430519999999998
1.4421870000000006
1.4428169999999998
1.4428619999999999
1.4430519999999998
1.4421870000000006
1.4428169999999998
1.4428619999999999
1.4430519999999998
1.4421870000000006
1.4428169999999998
1.4428619999999999
-1.4428130000000001
-1.4427459999999996
-1.442615
-1.442748
-1.4428130000000001
-1.4427459999999996
-1.442615
-1.442748
-1.4428130000000001
-1.4427459999999996
-1.442615
-1.442748
-1.4428130000000001
-1.4427459999999996
-1.442615
-1.442748
-1.4428130000000001
-1.4427459999999996
-1.442615
-1.442748
-1.4428130000000001
-1.4427459999999996
-1.442615
-1.442748
-1.4428130000000001
-1.4427459999999996
-1.442615
-1.442748
-1.4428130000000001
-1.4427459999999996
-1.442615
-1.442748
-1.4428130000000001
-1.4427459999999996
-1.442615
-1.442748
-1.4428130000000001
-1.4427459999999996
-1.442615
-1.442748
-1.4428130000000001
-1.4427459999999996
-1.442615
-1.442748
-1.4428130000000001
-1.4427459999999996
-1.442615
-1.442748
-1.4428130000000001
-1.4427459999999996
-1.442615
-1.442748
-1.4428130000000001
-1.4427459999999996
-1.442615
-1.442748
-1.4428130000000001
-1.4427459999999996
-1.442615
-1.442748
-1.4428130000000001
-1.4427459999999996
-1.442615
-1.442748
-1.4428130000000001
-1.4427459999999996
-1.442615
-1.442748
-1.4428130000000001
-1.4427459999999996
-1.442615
-1.442748
-1.4428130000000001
-1.4427459999999996
-1.442615
-1.442748
-1.4428130000000001
-1.4427459999999996
-1.442615
-1.442748
-1.4428130000000001
-1.4427459999999996
-1.442615
-1.442748
-1.4428130000000001
-1.4427459999999996
-1.442615
-1.442748
-1.4428130000000001
-1.4427459999999996
-1.442615
-1.442748
-1.4428130000000001
-1.4427459999999996
-1.442615
-1.442748
-1.4428130000000001
-1.4427459999999996
-1.442615
-1.442748
-1.4428130000000001
-1.4427459999999996
-1.442615
-1.442748
-1.4428130000000001
-1.4427459999999996
-1.442615
-1.442748
