1.4466199999999994
1.4485240000000008
1.4482669999999995
1.4478919999999995
1.4466199999999994
1.4485240000000008
1.4482669999999995
1.4478919999999995
1.4466199999999994
1.4485240000000008
1.4482669999999995
1.4478919999999995
1.4466199999999994
1.4485240000000008
1.4482669999999995
1.4478919999999995
1.4466199999999994
1.4485240000000008
1.4482669999999995
1.4478919999999995
1.4466199999999994
1.4485240000000008
1.4482669999999995
1.4478919999999995
1.4466199999999994
1.4485240000000008
1.4482669999999995
1.4478919999999995
1.4466199999999994
1.4485240000000008
1.4482669999999995
1.4478919999999995
1.4466199999999994
1.4485240000000008
1.4482669999999995
1.4478919999999995
1.4466199999999994
1.4485240000000008
1.4482669999999995
1.4478919999999995
1.4466199999999994
1.4485240000000008
1.4482669999999995
1.4478919999999995
1.4466199999999994
1.4485240000000008
1.4482669999999995
1.4478919999999995
1.4466199999999994
1.4485240000000008
1.4482669999999995
1.4478919999999995
1.4466199999999994
1.4485240000000008
1.4482669999999995
1.4478919999999995
1.4466199999999994
1.4485240000000008
1.4482669999999995
1.4478919999999995
1.4466199999999994
1.4485240000000008
1.4482669999999995
1.4478919999999995
1.4466199999999994
1.4485240000000008
1.4482669999999995
1.4478919999999995
1.4466199999999994
1.4485240000000008
1.4482669999999995
1.4478919999999995
1.4466199999999994
1.4485240000000008
1.4482669999999995
1.4478919999999995
1.4466199999999994
1.4485240000000008
1.4482669999999995
1.4478919999999995
1.4466199999999994
1.4485240000000008
1.4482669999999995
1.4478919999999995
1.4466199999999994
1.4485240000000008
1.4482669999999995
1.4478919999999995
1.4466199999999994
1.4485240000000008
1.4482669999999995
1.4478919999999995
1.4466199999999994
1.4485240000000008
1.4482669999999995
1.4478919999999995
1.4466199999999994
1.4485240000000008
1.4482669999999995
1.4478919999999995
1.4466199999999994
1.4485240000000008
1.4482669999999995
1.4478919999999995
1.4466199999999994
1.4485240000000008
1.4482669999999995
1.4478919999999995
-1.4481039999999998
-1.4481080000000004
-1.447126
-1.4479629999999997
-1.4481039999999998
-1.4481080000000004
-1.447126
-1.4479629999999997
-1.4481039999999998
-1.4481080000000004
-1.447126
-1.4479629999999997
-1.4481039999999998
-1.4481080000000004
-1.447126
-1.4479629999999997
-1.4481039999999998
-1.4481080000000004
-1.447126
-1.4479629999999997
-1.4481039999999998
-1.4481080000000004
-1.447126
-1.4479629999999997
-1.4481039999999998
-1.4481080000000004
-1.447126
-1.4479629999999997
-1.4481039999999998
-1.4481080000000004
-1.447126
-1.4479629999999997
-1.4481039999999998
-1.4481080000000004
-1.447126
-1.4479629999999997
-1.4481039999999998
-1.4481080000000004
-1.447126
-1.4479629999999997
-1.4481039999999998
-1.4481080000000004
-1.447126
-1.4479629999999997
-1.4481039999999998
-1.4481080000000004
-1.447126
-1.4479629999999997
-1.4481039999999998
-1.4481080000000004
-1.447126
-1.4479629999999997
-1.4481039999999998
-1.4481080000000004
-1.447126
-1.4479629999999997
-1.4481039999999998
-1.4481080000000004
-1.447126
-1.4479629999999997
-1.4481039999999998
-1.4481080000000004
-1.447126
-1.4479629999999997
-1.4481039999999998
-1.4481080000000004
-1.447126
-1.4479629999999997
-1.4481039999999998
-1.4481080000000004
-1.447126
-1.4479629999999997
-1.4481039999999998
-1.4481080000000004
-1.447126
-1.4479629999999997
-1.4481039999999998
-1.4481080000000004
-1.447126
-1.4479629999999997
-1.4481039999999998
-1.4481080000000004
-1.447126
-1.4479629999999997
-1.4481039999999998
-1.4481080000000004
-1.447126
-1.4479629999999997
-1.4481039999999998
-1.4481080000000004
-1.447126
-1.4479629999999997
-1.4481039999999998
-1.4481080000000004
-1.447126
-1.4479629999999997
-1.4481039999999998
-1.4481080000000004
-1.447126
-1.4479629999999997
-1.4481039999999998
-1.4481080000000004
-1.447126
-1.4479629999999997
-1.4481039999999998
-1.4481080000000004
-1.447126
-1.4479629999999997
