1.3764140000000005
1.3346
1.3764140000000005
1.3346
1.3764140000000005
1.3346
1.3764140000000005
1.3346
1.3764140000000005
1.3346
1.3764140000000005
1.3346
1.3764140000000005
1.3346
1.3764140000000005
1.3346
1.3764140000000005
1.3346
1.3764140000000005
1.3346
1.3764140000000005
1.3346
1.3764140000000005
1.3346
1.3764140000000005
1.3346
1.3764140000000005
1.3346
1.3764140000000005
1.3346
1.3764140000000005
1.3346
1.3764140000000005
1.3346
1.3764140000000005
1.3346
1.3764140000000005
1.3346
1.3764140000000005
1.3346
1.3764140000000005
1.3346
1.3764140000000005
1.3346
1.3764140000000005
1.3346
1.3764140000000005
1.3346
1.3764140000000005
1.3346
1.3764140000000005
1.3346
1.3764140000000005
1.3346
1.3764140000000005
1.3346
1.3764140000000005
1.3346
1.3764140000000005
1.3346
1.3764140000000005
1.3346
1.3764140000000005
1.3346
1.3764140000000005
1.3346
1.3764140000000005
1.3346
1.3764140000000005
1.3346
1.3764140000000005
1.3346
1.3764140000000005
1.3346
1.3764140000000005
1.3346
1.3764140000000005
1.3346
1.3764140000000005
1.3346
1.3764140000000005
1.3346
1.3764140000000005
1.3346
1.3764140000000005
1.3346
1.3764140000000005
1.3346
1.3764140000000005
1.3346
1.3764140000000005
1.3346
1.3764140000000005
1.3346
1.3764140000000005
1.3346
1.3764140000000005
1.3346
1.3764140000000005
1.3346
1.3764140000000005
1.3346
1.3764140000000005
1.3346
1.3764140000000005
1.3346
1.3764140000000005
1.3346
1.3764140000000005
1.3346
1.3764140000000005
1.3346
1.3764140000000005
1.3346
1.3764140000000005
1.3346
1.3764140000000005
1.3346
1.3764140000000005
1.3346
-1.3434869999999997
-1.367527
-1.3434869999999997
-1.367527
-1.3434869999999997
-1.367527
-1.3434869999999997
-1.367527
-1.3434869999999997
-1.367527
-1.3434869999999997
-1.367527
-1.3434869999999997
-1.367527
-1.3434869999999997
-1.367527
-1.3434869999999997
-1.367527
-1.3434869999999997
-1.367527
-1.3434869999999997
-1.367527
-1.3434869999999997
-1.367527
-1.3434869999999997
-1.367527
-1.3434869999999997
-1.367527
-1.3434869999999997
-1.367527
-1.3434869999999997
-1.367527
-1.3434869999999997
-1.367527
-1.3434869999999997
-1.367527
-1.3434869999999997
-1.367527
-1.3434869999999997
-1.367527
-1.3434869999999997
-1.367527
-1.3434869999999997
-1.367527
-1.3434869999999997
-1.367527
-1.3434869999999997
-1.367527
-1.3434869999999997
-1.367527
-1.3434869999999997
-1.367527
-1.3434869999999997
-1.367527
-1.3434869999999997
-1.367527
-1.3434869999999997
-1.367527
-1.3434869999999997
-1.367527
-1.3434869999999997
-1.367527
-1.3434869999999997
-1.367527
-1.3434869999999997
-1.367527
-1.3434869999999997
-1.367527
-1.3434869999999997
-1.367527
-1.3434869999999997
-1.367527
-1.3434869999999997
-1.367527
-1.3434869999999997
-1.367527
-1.3434869999999997
-1.367527
-1.3434869999999997
-1.367527
-1.3434869999999997
-1.367527
-1.3434869999999997
-1.367527
-1.3434869999999997
-1.367527
-1.3434869999999997
-1.367527
-1.3434869999999997
-1.367527
-1.3434869999999997
-1.367527
-1.3434869999999997
-1.367527
-1.3434869999999997
-1.367527
-1.3434869999999997
-1.367527
-1.3434869999999997
-1.367527
-1.3434869999999997
-1.367527
-1.3434869999999997
-1.367527
-1.3434869999999997
-1.367527
-1.3434869999999997
-1.367527
-1.3434869999999997
-1.367527
-1.3434869999999997
-1.367527
-1.3434869999999997
-1.367527
-1.3434869999999997
-1.367527
-1.3434869999999997
-1.367527
-1.3434869999999997
-1.367527
