1.2222609999999996
1.216927
1.2222609999999996
1.216927
1.2222609999999996
1.216927
1.2222609999999996
1.216927
1.2222609999999996
1.216927
1.2222609999999996
1.216927
1.2222609999999996
1.216927
1.2222609999999996
1.216927
1.2222609999999996
1.216927
1.2222609999999996
1.216927
1.2222609999999996
1.216927
1.2222609999999996
1.216927
1.2222609999999996
1.216927
1.2222609999999996
1.216927
1.2222609999999996
1.216927
1.2222609999999996
1.216927
1.2222609999999996
1.216927
1.2222609999999996
1.216927
1.2222609999999996
1.216927
1.2222609999999996
1.216927
1.2222609999999996
1.216927
1.2222609999999996
1.216927
1.2222609999999996
1.216927
1.2222609999999996
1.216927
1.2222609999999996
1.216927
1.2222609999999996
1.216927
1.2222609999999996
1.216927
1.2222609999999996
1.216927
1.2222609999999996
1.216927
1.2222609999999996
1.216927
1.2222609999999996
1.216927
1.2222609999999996
1.216927
1.2222609999999996
1.216927
1.2222609999999996
1.216927
1.2222609999999996
1.216927
1.2222609999999996
1.216927
1.2222609999999996
1.216927
1.2222609999999996
1.216927
1.2222609999999996
1.216927
1.2222609999999996
1.216927
1.2222609999999996
1.216927
1.2222609999999996
1.216927
1.2222609999999996
1.216927
1.2222609999999996
1.216927
1.2222609999999996
1.216927
1.2222609999999996
1.216927
1.2222609999999996
1.216927
1.2222609999999996
1.216927
1.2222609999999996
1.216927
1.2222609999999996
1.216927
1.2222609999999996
1.216927
1.2222609999999996
1.216927
1.2222609999999996
1.216927
1.2222609999999996
1.216927
1.2222609999999996
1.216927
1.2222609999999996
1.216927
1.2222609999999996
1.216927
1.2222609999999996
1.216927
1.2222609999999996
1.216927
1.2222609999999996
1.216927
-1.2174240000000003
-1.2217640000000003
-1.2174240000000003
-1.2217640000000003
-1.2174240000000003
-1.2217640000000003
-1.2174240000000003
-1.2217640000000003
-1.2174240000000003
-1.2217640000000003
-1.2174240000000003
-1.2217640000000003
-1.2174240000000003
-1.2217640000000003
-1.2174240000000003
-1.2217640000000003
-1.2174240000000003
-1.2217640000000003
-1.2174240000000003
-1.2217640000000003
-1.2174240000000003
-1.2217640000000003
-1.2174240000000003
-1.2217640000000003
-1.2174240000000003
-1.2217640000000003
-1.2174240000000003
-1.2217640000000003
-1.2174240000000003
-1.2217640000000003
-1.2174240000000003
-1.2217640000000003
-1.2174240000000003
-1.2217640000000003
-1.2174240000000003
-1.2217640000000003
-1.2174240000000003
-1.2217640000000003
-1.2174240000000003
-1.2217640000000003
-1.2174240000000003
-1.2217640000000003
-1.2174240000000003
-1.2217640000000003
-1.2174240000000003
-1.2217640000000003
-1.2174240000000003
-1.2217640000000003
-1.2174240000000003
-1.2217640000000003
-1.2174240000000003
-1.2217640000000003
-1.2174240000000003
-1.2217640000000003
-1.2174240000000003
-1.2217640000000003
-1.2174240000000003
-1.2217640000000003
-1.2174240000000003
-1.2217640000000003
-1.2174240000000003
-1.2217640000000003
-1.2174240000000003
-1.2217640000000003
-1.2174240000000003
-1.2217640000000003
-1.2174240000000003
-1.2217640000000003
-1.2174240000000003
-1.2217640000000003
-1.2174240000000003
-1.2217640000000003
-1.2174240000000003
-1.2217640000000003
-1.2174240000000003
-1.2217640000000003
-1.2174240000000003
-1.2217640000000003
-1.2174240000000003
-1.2217640000000003
-1.2174240000000003
-1.2217640000000003
-1.2174240000000003
-1.2217640000000003
-1.2174240000000003
-1.2217640000000003
-1.2174240000000003
-1.2217640000000003
-1.2174240000000003
-1.2217640000000003
-1.2174240000000003
-1.2217640000000003
-1.2174240000000003
-1.2217640000000003
-1.2174240000000003
-1.2217640000000003
-1.2174240000000003
-1.2217640000000003
-1.2174240000000003
-1.2217640000000003
-1.2174240000000003
-1.2217640000000003
-1.2174240000000003
-1.2217640000000003
-1.2174240000000003
-1.2217640000000003
-1.2174240000000003
-1.2217640000000003
-1.2174240000000003
-1.2217640000000003
-1.2174240000000003
-1.2217640000000003
-1.2174240000000003
-1.2217640000000003
-1.2174240000000003
-1.2217640000000003
-1.2174240000000003
-1.2217640000000003
-1.2174240000000003
-1.2217640000000003
