1.3812789999999993
1.3830500000000008
1.3812789999999993
1.3830500000000008
1.3812789999999993
1.3830500000000008
1.3812789999999993
1.3830500000000008
1.3812789999999993
1.3830500000000008
1.3812789999999993
1.3830500000000008
1.3812789999999993
1.3830500000000008
1.3812789999999993
1.3830500000000008
1.3812789999999993
1.3830500000000008
1.3812789999999993
1.3830500000000008
1.3812789999999993
1.3830500000000008
1.3812789999999993
1.3830500000000008
1.3812789999999993
1.3830500000000008
1.3812789999999993
1.3830500000000008
1.3812789999999993
1.3830500000000008
1.3812789999999993
1.3830500000000008
1.3812789999999993
1.3830500000000008
1.3812789999999993
1.3830500000000008
1.3812789999999993
1.3830500000000008
1.3812789999999993
1.3830500000000008
1.3812789999999993
1.3830500000000008
1.3812789999999993
1.3830500000000008
1.3812789999999993
1.3830500000000008
1.3812789999999993
1.3830500000000008
1.3812789999999993
1.3830500000000008
1.3812789999999993
1.3830500000000008
1.3812789999999993
1.3830500000000008
1.3812789999999993
1.3830500000000008
1.3812789999999993
1.3830500000000008
1.3812789999999993
1.3830500000000008
1.3812789999999993
1.3830500000000008
1.3812789999999993
1.3830500000000008
1.3812789999999993
1.3830500000000008
1.3812789999999993
1.3830500000000008
1.3812789999999993
1.3830500000000008
1.3812789999999993
1.3830500000000008
1.3812789999999993
1.3830500000000008
1.3812789999999993
1.3830500000000008
1.3812789999999993
1.3830500000000008
1.3812789999999993
1.3830500000000008
1.3812789999999993
1.3830500000000008
1.3812789999999993
1.3830500000000008
1.3812789999999993
1.3830500000000008
1.3812789999999993
1.3830500000000008
1.3812789999999993
1.3830500000000008
1.3812789999999993
1.3830500000000008
1.3812789999999993
1.3830500000000008
1.3812789999999993
1.3830500000000008
1.3812789999999993
1.3830500000000008
1.3812789999999993
1.3830500000000008
1.3812789999999993
1.3830500000000008
1.3812789999999993
1.3830500000000008
1.3812789999999993
1.3830500000000008
1.3812789999999993
1.3830500000000008
1.3812789999999993
1.3830500000000008
1.3812789999999993
1.3830500000000008
1.3812789999999993
1.3830500000000008
1.3812789999999993
1.3830500000000008
1.3812789999999993
1.3830500000000008
1.3812789999999993
1.3830500000000008
-1.3813240000000002
-1.383006
-1.3813240000000002
-1.383006
-1.3813240000000002
-1.383006
-1.3813240000000002
-1.383006
-1.3813240000000002
-1.383006
-1.3813240000000002
-1.383006
-1.3813240000000002
-1.383006
-1.3813240000000002
-1.383006
-1.3813240000000002
-1.383006
-1.3813240000000002
-1.383006
-1.3813240000000002
-1.383006
-1.3813240000000002
-1.383006
-1.3813240000000002
-1.383006
-1.3813240000000002
-1.383006
-1.3813240000000002
-1.383006
-1.3813240000000002
-1.383006
-1.3813240000000002
-1.383006
-1.3813240000000002
-1.383006
-1.3813240000000002
-1.383006
-1.3813240000000002
-1.383006
-1.3813240000000002
-1.383006
-1.3813240000000002
-1.383006
-1.3813240000000002
-1.383006
-1.3813240000000002
-1.383006
-1.3813240000000002
-1.383006
-1.3813240000000002
-1.383006
-1.3813240000000002
-1.383006
-1.3813240000000002
-1.383006
-1.3813240000000002
-1.383006
-1.3813240000000002
-1.383006
-1.3813240000000002
-1.383006
-1.3813240000000002
-1.383006
-1.3813240000000002
-1.383006
-1.3813240000000002
-1.383006
-1.3813240000000002
-1.383006
-1.3813240000000002
-1.383006
-1.3813240000000002
-1.383006
-1.3813240000000002
-1.383006
-1.3813240000000002
-1.383006
-1.3813240000000002
-1.383006
-1.3813240000000002
-1.383006
-1.3813240000000002
-1.383006
-1.3813240000000002
-1.383006
-1.3813240000000002
-1.383006
-1.3813240000000002
-1.383006
-1.3813240000000002
-1.383006
-1.3813240000000002
-1.383006
-1.3813240000000002
-1.383006
-1.3813240000000002
-1.383006
-1.3813240000000002
-1.383006
-1.3813240000000002
-1.383006
-1.3813240000000002
-1.383006
-1.3813240000000002
-1.383006
-1.3813240000000002
-1.383006
-1.3813240000000002
-1.383006
-1.3813240000000002
-1.383006
-1.3813240000000002
-1.383006
-1.3813240000000002
-1.383006
-1.3813240000000002
-1.383006
-1.3813240000000002
-1.383006
