0.7460920000000009
0.7460920000000009
0.7460920000000009
0.7460920000000009
0.7460920000000009
0.7460920000000009
0.7460920000000009
0.7460920000000009
0.7460920000000009
0.7460920000000009
0.7460920000000009
0.7460920000000009
0.7460920000000009
0.7460920000000009
0.7460920000000009
0.7460920000000009
0.7460920000000009
0.7460920000000009
0.7460920000000009
0.7460920000000009
0.7460920000000009
0.7460920000000009
0.7460920000000009
0.7460920000000009
0.7460920000000009
0.7460920000000009
0.7460920000000009
0.7460920000000009
0.7460920000000009
0.7460920000000009
0.7460920000000009
0.7460920000000009
0.7460920000000009
0.7460920000000009
0.7460920000000009
0.7460920000000009
0.7460920000000009
0.7460920000000009
0.7460920000000009
0.7460920000000009
0.7460920000000009
0.7460920000000009
0.7460920000000009
0.7460920000000009
0.7460920000000009
0.7460920000000009
0.7460920000000009
0.7460920000000009
0.7460920000000009
0.7460920000000009
0.7460920000000009
0.7460920000000009
0.7460920000000009
0.7460920000000009
0.7460920000000009
0.7460920000000009
0.7460920000000009
0.7460920000000009
0.7460920000000009
0.7460920000000009
0.7460920000000009
0.7460920000000009
0.7460920000000009
0.7460920000000009
-0.7460930000000001
-0.7460930000000001
-0.7460930000000001
-0.7460930000000001
-0.7460930000000001
-0.7460930000000001
-0.7460930000000001
-0.7460930000000001
-0.7460930000000001
-0.7460930000000001
-0.7460930000000001
-0.7460930000000001
-0.7460930000000001
-0.7460930000000001
-0.7460930000000001
-0.7460930000000001
-0.7460930000000001
-0.7460930000000001
-0.7460930000000001
-0.7460930000000001
-0.7460930000000001
-0.7460930000000001
-0.7460930000000001
-0.7460930000000001
-0.7460930000000001
-0.7460930000000001
-0.7460930000000001
-0.7460930000000001
-0.7460930000000001
-0.7460930000000001
-0.7460930000000001
-0.7460930000000001
-0.7460930000000001
-0.7460930000000001
-0.7460930000000001
-0.7460930000000001
-0.7460930000000001
-0.7460930000000001
-0.7460930000000001
-0.7460930000000001
-0.7460930000000001
-0.7460930000000001
-0.7460930000000001
-0.7460930000000001
-0.7460930000000001
-0.7460930000000001
-0.7460930000000001
-0.7460930000000001
-0.7460930000000001
-0.7460930000000001
-0.7460930000000001
-0.7460930000000001
-0.7460930000000001
-0.7460930000000001
-0.7460930000000001
-0.7460930000000001
-0.7460930000000001
-0.7460930000000001
-0.7460930000000001
-0.7460930000000001
-0.7460930000000001
-0.7460930000000001
-0.7460930000000001
-0.7460930000000001
