1.4467999999999996
1.44679
1.4460859999999993
1.4437160000000002
1.4467999999999996
1.44679
1.4460859999999993
1.4437160000000002
1.4467999999999996
1.44679
1.4460859999999993
1.4437160000000002
1.4467999999999996
1.44679
1.4460859999999993
1.4437160000000002
1.4467999999999996
1.44679
1.4460859999999993
1.4437160000000002
1.4467999999999996
1.44679
1.4460859999999993
1.4437160000000002
1.4467999999999996
1.44679
1.4460859999999993
1.4437160000000002
1.4467999999999996
1.44679
1.4460859999999993
1.4437160000000002
1.4467999999999996
1.44679
1.4460859999999993
1.4437160000000002
1.4467999999999996
1.44679
1.4460859999999993
1.4437160000000002
1.4467999999999996
1.44679
1.4460859999999993
1.4437160000000002
1.4467999999999996
1.44679
1.4460859999999993
1.4437160000000002
1.4467999999999996
1.44679
1.4460859999999993
1.4437160000000002
1.4467999999999996
1.44679
1.4460859999999993
1.4437160000000002
1.4467999999999996
1.44679
1.4460859999999993
1.4437160000000002
1.4467999999999996
1.44679
1.4460859999999993
1.4437160000000002
1.4467999999999996
1.44679
1.4460859999999993
1.4437160000000002
1.4467999999999996
1.44679
1.4460859999999993
1.4437160000000002
1.4467999999999996
1.44679
1.4460859999999993
1.4437160000000002
1.4467999999999996
1.44679
1.4460859999999993
1.4437160000000002
1.4467999999999996
1.44679
1.4460859999999993
1.4437160000000002
1.4467999999999996
1.44679
1.4460859999999993
1.4437160000000002
1.4467999999999996
1.44679
1.4460859999999993
1.4437160000000002
1.4467999999999996
1.44679
1.4460859999999993
1.4437160000000002
1.4467999999999996
1.44679
1.4460859999999993
1.4437160000000002
1.4467999999999996
1.44679
1.4460859999999993
1.4437160000000002
1.4467999999999996
1.44679
1.4460859999999993
1.4437160000000002
-1.4459790000000003
-1.446351
-1.445824
-1.4452360000000004
-1.4459790000000003
-1.446351
-1.445824
-1.4452360000000004
-1.4459790000000003
-1.446351
-1.445824
-1.4452360000000004
-1.4459790000000003
-1.446351
-1.445824
-1.4452360000000004
-1.4459790000000003
-1.446351
-1.445824
-1.4452360000000004
-1.4459790000000003
-1.446351
-1.445824
-1.4452360000000004
-1.4459790000000003
-1.446351
-1.445824
-1.4452360000000004
-1.4459790000000003
-1.446351
-1.445824
-1.4452360000000004
-1.4459790000000003
-1.446351
-1.445824
-1.4452360000000004
-1.4459790000000003
-1.446351
-1.445824
-1.4452360000000004
-1.4459790000000003
-1.446351
-1.445824
-1.4452360000000004
-1.4459790000000003
-1.446351
-1.445824
-1.4452360000000004
-1.4459790000000003
-1.446351
-1.445824
-1.4452360000000004
-1.4459790000000003
-1.446351
-1.445824
-1.4452360000000004
-1.4459790000000003
-1.446351
-1.445824
-1.4452360000000004
-1.4459790000000003
-1.446351
-1.445824
-1.4452360000000004
-1.4459790000000003
-1.446351
-1.445824
-1.4452360000000004
-1.4459790000000003
-1.446351
-1.445824
-1.4452360000000004
-1.4459790000000003
-1.446351
-1.445824
-1.4452360000000004
-1.4459790000000003
-1.446351
-1.445824
-1.4452360000000004
-1.4459790000000003
-1.446351
-1.445824
-1.4452360000000004
-1.4459790000000003
-1.446351
-1.445824
-1.4452360000000004
-1.4459790000000003
-1.446351
-1.445824
-1.4452360000000004
-1.4459790000000003
-1.446351
-1.445824
-1.4452360000000004
-1.4459790000000003
-1.446351
-1.445824
-1.4452360000000004
-1.4459790000000003
-1.446351
-1.445824
-1.4452360000000004
-1.4459790000000003
-1.446351
-1.445824
-1.4452360000000004
