1.3631410000000006
1.3704870000000007
1.3631410000000006
1.3704870000000007
1.3631410000000006
1.3704870000000007
1.3631410000000006
1.3704870000000007
1.3631410000000006
1.3704870000000007
1.3631410000000006
1.3704870000000007
1.3631410000000006
1.3704870000000007
1.3631410000000006
1.3704870000000007
1.3631410000000006
1.3704870000000007
1.3631410000000006
1.3704870000000007
1.3631410000000006
1.3704870000000007
1.3631410000000006
1.3704870000000007
1.3631410000000006
1.3704870000000007
1.3631410000000006
1.3704870000000007
1.3631410000000006
1.3704870000000007
1.3631410000000006
1.3704870000000007
1.3631410000000006
1.3704870000000007
1.3631410000000006
1.3704870000000007
1.3631410000000006
1.3704870000000007
1.3631410000000006
1.3704870000000007
1.3631410000000006
1.3704870000000007
1.3631410000000006
1.3704870000000007
1.3631410000000006
1.3704870000000007
1.3631410000000006
1.3704870000000007
1.3631410000000006
1.3704870000000007
1.3631410000000006
1.3704870000000007
1.3631410000000006
1.3704870000000007
1.3631410000000006
1.3704870000000007
1.3631410000000006
1.3704870000000007
1.3631410000000006
1.3704870000000007
1.3631410000000006
1.3704870000000007
1.3631410000000006
1.3704870000000007
1.3631410000000006
1.3704870000000007
1.3631410000000006
1.3704870000000007
1.3631410000000006
1.3704870000000007
1.3631410000000006
1.3704870000000007
1.3631410000000006
1.3704870000000007
1.3631410000000006
1.3704870000000007
1.3631410000000006
1.3704870000000007
1.3631410000000006
1.3704870000000007
1.3631410000000006
1.3704870000000007
1.3631410000000006
1.3704870000000007
1.3631410000000006
1.3704870000000007
1.3631410000000006
1.3704870000000007
1.3631410000000006
1.3704870000000007
1.3631410000000006
1.3704870000000007
1.3631410000000006
1.3704870000000007
1.3631410000000006
1.3704870000000007
1.3631410000000006
1.3704870000000007
1.3631410000000006
1.3704870000000007
1.3631410000000006
1.3704870000000007
1.3631410000000006
1.3704870000000007
1.3631410000000006
1.3704870000000007
1.3631410000000006
1.3704870000000007
1.3631410000000006
1.3704870000000007
1.3631410000000006
1.3704870000000007
1.3631410000000006
1.3704870000000007
1.3631410000000006
1.3704870000000007
1.3631410000000006
1.3704870000000007
1.3631410000000006
1.3704870000000007
-1.3636980000000003
-1.3699320000000004
-1.3636980000000003
-1.3699320000000004
-1.3636980000000003
-1.3699320000000004
-1.3636980000000003
-1.3699320000000004
-1.3636980000000003
-1.3699320000000004
-1.3636980000000003
-1.3699320000000004
-1.3636980000000003
-1.3699320000000004
-1.3636980000000003
-1.3699320000000004
-1.3636980000000003
-1.3699320000000004
-1.3636980000000003
-1.3699320000000004
-1.3636980000000003
-1.3699320000000004
-1.3636980000000003
-1.3699320000000004
-1.3636980000000003
-1.3699320000000004
-1.3636980000000003
-1.3699320000000004
-1.3636980000000003
-1.3699320000000004
-1.3636980000000003
-1.3699320000000004
-1.3636980000000003
-1.3699320000000004
-1.3636980000000003
-1.3699320000000004
-1.3636980000000003
-1.3699320000000004
-1.3636980000000003
-1.3699320000000004
-1.3636980000000003
-1.3699320000000004
-1.3636980000000003
-1.3699320000000004
-1.3636980000000003
-1.3699320000000004
-1.3636980000000003
-1.3699320000000004
-1.3636980000000003
-1.3699320000000004
-1.3636980000000003
-1.3699320000000004
-1.3636980000000003
-1.3699320000000004
-1.3636980000000003
-1.3699320000000004
-1.3636980000000003
-1.3699320000000004
-1.3636980000000003
-1.3699320000000004
-1.3636980000000003
-1.3699320000000004
-1.3636980000000003
-1.3699320000000004
-1.3636980000000003
-1.3699320000000004
-1.3636980000000003
-1.3699320000000004
-1.3636980000000003
-1.3699320000000004
-1.3636980000000003
-1.3699320000000004
-1.3636980000000003
-1.3699320000000004
-1.3636980000000003
-1.3699320000000004
-1.3636980000000003
-1.3699320000000004
-1.3636980000000003
-1.3699320000000004
-1.3636980000000003
-1.3699320000000004
-1.3636980000000003
-1.3699320000000004
-1.3636980000000003
-1.3699320000000004
-1.3636980000000003
-1.3699320000000004
-1.3636980000000003
-1.3699320000000004
-1.3636980000000003
-1.3699320000000004
-1.3636980000000003
-1.3699320000000004
-1.3636980000000003
-1.3699320000000004
-1.3636980000000003
-1.3699320000000004
-1.3636980000000003
-1.3699320000000004
-1.3636980000000003
-1.3699320000000004
-1.3636980000000003
-1.3699320000000004
-1.3636980000000003
-1.3699320000000004
-1.3636980000000003
-1.3699320000000004
-1.3636980000000003
-1.3699320000000004
-1.3636980000000003
-1.3699320000000004
-1.3636980000000003
-1.3699320000000004
-1.3636980000000003
-1.3699320000000004
-1.3636980000000003
-1.3699320000000004
-1.3636980000000003
-1.3699320000000004
