1.3968399999999992
1.3968399999999992
1.3968399999999992
1.3968399999999992
1.3968399999999992
1.3968399999999992
1.3968399999999992
1.3968399999999992
1.3968399999999992
1.3968399999999992
1.3968399999999992
1.3968399999999992
1.3968399999999992
1.3968399999999992
1.3968399999999992
1.3968399999999992
1.3968399999999992
1.3968399999999992
1.3968399999999992
1.3968399999999992
1.3968399999999992
1.3968399999999992
1.3968399999999992
1.3968399999999992
1.3968399999999992
1.3968399999999992
1.3968399999999992
1.3968399999999992
1.3968399999999992
1.3968399999999992
1.3968399999999992
1.3968399999999992
1.3968399999999992
1.3968399999999992
1.3968399999999992
1.3968399999999992
1.3968399999999992
1.3968399999999992
1.3968399999999992
1.3968399999999992
1.3968399999999992
1.3968399999999992
1.3968399999999992
1.3968399999999992
1.3968399999999992
1.3968399999999992
1.3968399999999992
1.3968399999999992
1.3968399999999992
1.3968399999999992
1.3968399999999992
1.3968399999999992
1.3968399999999992
1.3968399999999992
-1.396839
-1.396839
-1.396839
-1.396839
-1.396839
-1.396839
-1.396839
-1.396839
-1.396839
-1.396839
-1.396839
-1.396839
-1.396839
-1.396839
-1.396839
-1.396839
-1.396839
-1.396839
-1.396839
-1.396839
-1.396839
-1.396839
-1.396839
-1.396839
-1.396839
-1.396839
-1.396839
-1.396839
-1.396839
-1.396839
-1.396839
-1.396839
-1.396839
-1.396839
-1.396839
-1.396839
-1.396839
-1.396839
-1.396839
-1.396839
-1.396839
-1.396839
-1.396839
-1.396839
-1.396839
-1.396839
-1.396839
-1.396839
-1.396839
-1.396839
-1.396839
-1.396839
-1.396839
-1.396839
