1.4387880000000006
1.4406040000000004
1.4392200000000006
1.4397260000000003
1.4387880000000006
1.4406040000000004
1.4392200000000006
1.4397260000000003
1.4387880000000006
1.4406040000000004
1.4392200000000006
1.4397260000000003
1.4387880000000006
1.4406040000000004
1.4392200000000006
1.4397260000000003
1.4387880000000006
1.4406040000000004
1.4392200000000006
1.4397260000000003
1.4387880000000006
1.4406040000000004
1.4392200000000006
1.4397260000000003
1.4387880000000006
1.4406040000000004
1.4392200000000006
1.4397260000000003
1.4387880000000006
1.4406040000000004
1.4392200000000006
1.4397260000000003
1.4387880000000006
1.4406040000000004
1.4392200000000006
1.4397260000000003
1.4387880000000006
1.4406040000000004
1.4392200000000006
1.4397260000000003
1.4387880000000006
1.4406040000000004
1.4392200000000006
1.4397260000000003
1.4387880000000006
1.4406040000000004
1.4392200000000006
1.4397260000000003
1.4387880000000006
1.4406040000000004
1.4392200000000006
1.4397260000000003
1.4387880000000006
1.4406040000000004
1.4392200000000006
1.4397260000000003
1.4387880000000006
1.4406040000000004
1.4392200000000006
1.4397260000000003
1.4387880000000006
1.4406040000000004
1.4392200000000006
1.4397260000000003
1.4387880000000006
1.4406040000000004
1.4392200000000006
1.4397260000000003
1.4387880000000006
1.4406040000000004
1.4392200000000006
1.4397260000000003
1.4387880000000006
1.4406040000000004
1.4392200000000006
1.4397260000000003
1.4387880000000006
1.4406040000000004
1.4392200000000006
1.4397260000000003
1.4387880000000006
1.4406040000000004
1.4392200000000006
1.4397260000000003
1.4387880000000006
1.4406040000000004
1.4392200000000006
1.4397260000000003
1.4387880000000006
1.4406040000000004
1.4392200000000006
1.4397260000000003
1.4387880000000006
1.4406040000000004
1.4392200000000006
1.4397260000000003
1.4387880000000006
1.4406040000000004
1.4392200000000006
1.4397260000000003
1.4387880000000006
1.4406040000000004
1.4392200000000006
1.4397260000000003
1.4387880000000006
1.4406040000000004
1.4392200000000006
1.4397260000000003
1.4387880000000006
1.4406040000000004
1.4392200000000006
1.4397260000000003
1.4387880000000006
1.4406040000000004
1.4392200000000006
1.4397260000000003
1.4387880000000006
1.4406040000000004
1.4392200000000006
1.4397260000000003
1.4387880000000006
1.4406040000000004
1.4392200000000006
1.4397260000000003
1.4387880000000006
1.4406040000000004
1.4392200000000006
1.4397260000000003
1.4387880000000006
1.4406040000000004
1.4392200000000006
1.4397260000000003
1.4387880000000006
1.4406040000000004
1.4392200000000006
1.4397260000000003
1.4387880000000006
1.4406040000000004
1.4392200000000006
1.4397260000000003
1.4387880000000006
1.4406040000000004
1.4392200000000006
1.4397260000000003
-1.4395290000000003
-1.4391360000000004
-1.4400279999999999
-1.4396490000000002
-1.4395290000000003
-1.4391360000000004
-1.4400279999999999
-1.4396490000000002
-1.4395290000000003
-1.4391360000000004
-1.4400279999999999
-1.4396490000000002
-1.4395290000000003
-1.4391360000000004
-1.4400279999999999
-1.4396490000000002
-1.4395290000000003
-1.4391360000000004
-1.4400279999999999
-1.4396490000000002
-1.4395290000000003
-1.4391360000000004
-1.4400279999999999
-1.4396490000000002
-1.4395290000000003
-1.4391360000000004
-1.4400279999999999
-1.4396490000000002
-1.4395290000000003
-1.4391360000000004
-1.4400279999999999
-1.4396490000000002
-1.4395290000000003
-1.4391360000000004
-1.4400279999999999
-1.4396490000000002
-1.4395290000000003
-1.4391360000000004
-1.4400279999999999
-1.4396490000000002
-1.4395290000000003
-1.4391360000000004
-1.4400279999999999
-1.4396490000000002
-1.4395290000000003
-1.4391360000000004
-1.4400279999999999
-1.4396490000000002
-1.4395290000000003
-1.4391360000000004
-1.4400279999999999
-1.4396490000000002
-1.4395290000000003
-1.4391360000000004
-1.4400279999999999
-1.4396490000000002
-1.4395290000000003
-1.4391360000000004
-1.4400279999999999
-1.4396490000000002
-1.4395290000000003
-1.4391360000000004
-1.4400279999999999
-1.4396490000000002
-1.4395290000000003
-1.4391360000000004
-1.4400279999999999
-1.4396490000000002
-1.4395290000000003
-1.4391360000000004
-1.4400279999999999
-1.4396490000000002
-1.4395290000000003
-1.4391360000000004
-1.4400279999999999
-1.4396490000000002
-1.4395290000000003
-1.4391360000000004
-1.4400279999999999
-1.4396490000000002
-1.4395290000000003
-1.4391360000000004
-1.4400279999999999
-1.4396490000000002
-1.4395290000000003
-1.4391360000000004
-1.4400279999999999
-1.4396490000000002
-1.4395290000000003
-1.4391360000000004
-1.4400279999999999
-1.4396490000000002
-1.4395290000000003
-1.4391360000000004
-1.4400279999999999
-1.4396490000000002
-1.4395290000000003
-1.4391360000000004
-1.4400279999999999
-1.4396490000000002
-1.4395290000000003
-1.4391360000000004
-1.4400279999999999
-1.4396490000000002
-1.4395290000000003
-1.4391360000000004
-1.4400279999999999
-1.4396490000000002
-1.4395290000000003
-1.4391360000000004
-1.4400279999999999
-1.4396490000000002
-1.4395290000000003
-1.4391360000000004
-1.4400279999999999
-1.4396490000000002
-1.4395290000000003
-1.4391360000000004
-1.4400279999999999
-1.4396490000000002
-1.4395290000000003
-1.4391360000000004
-1.4400279999999999
-1.4396490000000002
-1.4395290000000003
-1.4391360000000004
-1.4400279999999999
-1.4396490000000002
-1.4395290000000003
-1.4391360000000004
-1.4400279999999999
-1.4396490000000002
-1.4395290000000003
-1.4391360000000004
-1.4400279999999999
-1.4396490000000002
-1.4395290000000003
-1.4391360000000004
-1.4400279999999999
-1.4396490000000002
-1.4395290000000003
-1.4391360000000004
-1.4400279999999999
-1.4396490000000002
