1.4270320000000005
1.4292049999999996
1.4290020000000005
1.42877
1.4270320000000005
1.4292049999999996
1.4290020000000005
1.42877
1.4270320000000005
1.4292049999999996
1.4290020000000005
1.42877
1.4270320000000005
1.4292049999999996
1.4290020000000005
1.42877
1.4270320000000005
1.4292049999999996
1.4290020000000005
1.42877
1.4270320000000005
1.4292049999999996
1.4290020000000005
1.42877
1.4270320000000005
1.4292049999999996
1.4290020000000005
1.42877
1.4270320000000005
1.4292049999999996
1.4290020000000005
1.42877
1.4270320000000005
1.4292049999999996
1.4290020000000005
1.42877
1.4270320000000005
1.4292049999999996
1.4290020000000005
1.42877
1.4270320000000005
1.4292049999999996
1.4290020000000005
1.42877
1.4270320000000005
1.4292049999999996
1.4290020000000005
1.42877
1.4270320000000005
1.4292049999999996
1.4290020000000005
1.42877
1.4270320000000005
1.4292049999999996
1.4290020000000005
1.42877
1.4270320000000005
1.4292049999999996
1.4290020000000005
1.42877
1.4270320000000005
1.4292049999999996
1.4290020000000005
1.42877
1.4270320000000005
1.4292049999999996
1.4290020000000005
1.42877
1.4270320000000005
1.4292049999999996
1.4290020000000005
1.42877
1.4270320000000005
1.4292049999999996
1.4290020000000005
1.42877
1.4270320000000005
1.4292049999999996
1.4290020000000005
1.42877
1.4270320000000005
1.4292049999999996
1.4290020000000005
1.42877
1.4270320000000005
1.4292049999999996
1.4290020000000005
1.42877
1.4270320000000005
1.4292049999999996
1.4290020000000005
1.42877
1.4270320000000005
1.4292049999999996
1.4290020000000005
1.42877
1.4270320000000005
1.4292049999999996
1.4290020000000005
1.42877
1.4270320000000005
1.4292049999999996
1.4290020000000005
1.42877
1.4270320000000005
1.4292049999999996
1.4290020000000005
1.42877
1.4270320000000005
1.4292049999999996
1.4290020000000005
1.42877
1.4270320000000005
1.4292049999999996
1.4290020000000005
1.42877
1.4270320000000005
1.4292049999999996
1.4290020000000005
1.42877
1.4270320000000005
1.4292049999999996
1.4290020000000005
1.42877
1.4270320000000005
1.4292049999999996
1.4290020000000005
1.42877
1.4270320000000005
1.4292049999999996
1.4290020000000005
1.42877
1.4270320000000005
1.4292049999999996
1.4290020000000005
1.42877
1.4270320000000005
1.4292049999999996
1.4290020000000005
1.42877
1.4270320000000005
1.4292049999999996
1.4290020000000005
1.42877
-1.4290890000000003
-1.4287869999999998
-1.4277420000000003
-1.4283910000000004
-1.4290890000000003
-1.4287869999999998
-1.4277420000000003
-1.4283910000000004
-1.4290890000000003
-1.4287869999999998
-1.4277420000000003
-1.4283910000000004
-1.4290890000000003
-1.4287869999999998
-1.4277420000000003
-1.4283910000000004
-1.4290890000000003
-1.4287869999999998
-1.4277420000000003
-1.4283910000000004
-1.4290890000000003
-1.4287869999999998
-1.4277420000000003
-1.4283910000000004
-1.4290890000000003
-1.4287869999999998
-1.4277420000000003
-1.4283910000000004
-1.4290890000000003
-1.4287869999999998
-1.4277420000000003
-1.4283910000000004
-1.4290890000000003
-1.4287869999999998
-1.4277420000000003
-1.4283910000000004
-1.4290890000000003
-1.4287869999999998
-1.4277420000000003
-1.4283910000000004
-1.4290890000000003
-1.4287869999999998
-1.4277420000000003
-1.4283910000000004
-1.4290890000000003
-1.4287869999999998
-1.4277420000000003
-1.4283910000000004
-1.4290890000000003
-1.4287869999999998
-1.4277420000000003
-1.4283910000000004
-1.4290890000000003
-1.4287869999999998
-1.4277420000000003
-1.4283910000000004
-1.4290890000000003
-1.4287869999999998
-1.4277420000000003
-1.4283910000000004
-1.4290890000000003
-1.4287869999999998
-1.4277420000000003
-1.4283910000000004
-1.4290890000000003
-1.4287869999999998
-1.4277420000000003
-1.4283910000000004
-1.4290890000000003
-1.4287869999999998
-1.4277420000000003
-1.4283910000000004
-1.4290890000000003
-1.4287869999999998
-1.4277420000000003
-1.4283910000000004
-1.4290890000000003
-1.4287869999999998
-1.4277420000000003
-1.4283910000000004
-1.4290890000000003
-1.4287869999999998
-1.4277420000000003
-1.4283910000000004
-1.4290890000000003
-1.4287869999999998
-1.4277420000000003
-1.4283910000000004
-1.4290890000000003
-1.4287869999999998
-1.4277420000000003
-1.4283910000000004
-1.4290890000000003
-1.4287869999999998
-1.4277420000000003
-1.4283910000000004
-1.4290890000000003
-1.4287869999999998
-1.4277420000000003
-1.4283910000000004
-1.4290890000000003
-1.4287869999999998
-1.4277420000000003
-1.4283910000000004
-1.4290890000000003
-1.4287869999999998
-1.4277420000000003
-1.4283910000000004
-1.4290890000000003
-1.4287869999999998
-1.4277420000000003
-1.4283910000000004
-1.4290890000000003
-1.4287869999999998
-1.4277420000000003
-1.4283910000000004
-1.4290890000000003
-1.4287869999999998
-1.4277420000000003
-1.4283910000000004
-1.4290890000000003
-1.4287869999999998
-1.4277420000000003
-1.4283910000000004
-1.4290890000000003
-1.4287869999999998
-1.4277420000000003
-1.4283910000000004
-1.4290890000000003
-1.4287869999999998
-1.4277420000000003
-1.4283910000000004
-1.4290890000000003
-1.4287869999999998
-1.4277420000000003
-1.4283910000000004
-1.4290890000000003
-1.4287869999999998
-1.4277420000000003
-1.4283910000000004
-1.4290890000000003
-1.4287869999999998
-1.4277420000000003
-1.4283910000000004
