1.4634099999999997
1.4634099999999997
1.4634099999999997
1.4634099999999997
1.4634099999999997
1.4634099999999997
1.4634099999999997
1.4634099999999997
1.4634099999999997
1.4634099999999997
1.4634099999999997
1.4634099999999997
1.4634099999999997
1.4634099999999997
1.4634099999999997
1.4634099999999997
1.4634099999999997
1.4634099999999997
1.4634099999999997
1.4634099999999997
1.4634099999999997
1.4634099999999997
1.4634099999999997
1.4634099999999997
1.4634099999999997
1.4634099999999997
1.4634099999999997
1.4634099999999997
1.4634099999999997
1.4634099999999997
1.4634099999999997
1.4634099999999997
1.4634099999999997
1.4634099999999997
1.4634099999999997
1.4634099999999997
1.4634099999999997
1.4634099999999997
1.4634099999999997
1.4634099999999997
1.4634099999999997
1.4634099999999997
1.4634099999999997
1.4634099999999997
1.4634099999999997
1.4634099999999997
1.4634099999999997
1.4634099999999997
1.4634099999999997
1.4634099999999997
1.4634099999999997
1.4634099999999997
1.4634099999999997
1.4634099999999997
1.4634099999999997
1.4634099999999997
1.4634099999999997
1.4634099999999997
1.4634099999999997
1.4634099999999997
1.4634099999999997
1.4634099999999997
1.4634099999999997
1.4634099999999997
-1.4634099999999997
-1.4634099999999997
-1.4634099999999997
-1.4634099999999997
-1.4634099999999997
-1.4634099999999997
-1.4634099999999997
-1.4634099999999997
-1.4634099999999997
-1.4634099999999997
-1.4634099999999997
-1.4634099999999997
-1.4634099999999997
-1.4634099999999997
-1.4634099999999997
-1.4634099999999997
-1.4634099999999997
-1.4634099999999997
-1.4634099999999997
-1.4634099999999997
-1.4634099999999997
-1.4634099999999997
-1.4634099999999997
-1.4634099999999997
-1.4634099999999997
-1.4634099999999997
-1.4634099999999997
-1.4634099999999997
-1.4634099999999997
-1.4634099999999997
-1.4634099999999997
-1.4634099999999997
-1.4634099999999997
-1.4634099999999997
-1.4634099999999997
-1.4634099999999997
-1.4634099999999997
-1.4634099999999997
-1.4634099999999997
-1.4634099999999997
-1.4634099999999997
-1.4634099999999997
-1.4634099999999997
-1.4634099999999997
-1.4634099999999997
-1.4634099999999997
-1.4634099999999997
-1.4634099999999997
-1.4634099999999997
-1.4634099999999997
-1.4634099999999997
-1.4634099999999997
-1.4634099999999997
-1.4634099999999997
-1.4634099999999997
-1.4634099999999997
-1.4634099999999997
-1.4634099999999997
-1.4634099999999997
-1.4634099999999997
-1.4634099999999997
-1.4634099999999997
-1.4634099999999997
-1.4634099999999997
