1.408932
1.357253
1.408932
1.357253
1.408932
1.357253
1.408932
1.357253
1.408932
1.357253
1.408932
1.357253
1.408932
1.357253
1.408932
1.357253
1.408932
1.357253
1.408932
1.357253
1.408932
1.357253
1.408932
1.357253
1.408932
1.357253
1.408932
1.357253
1.408932
1.357253
1.408932
1.357253
1.408932
1.357253
1.408932
1.357253
1.408932
1.357253
1.408932
1.357253
1.408932
1.357253
1.408932
1.357253
1.408932
1.357253
1.408932
1.357253
1.408932
1.357253
1.408932
1.357253
1.408932
1.357253
1.408932
1.357253
1.408932
1.357253
1.408932
1.357253
1.408932
1.357253
1.408932
1.357253
1.408932
1.357253
1.408932
1.357253
1.408932
1.357253
1.408932
1.357253
1.408932
1.357253
1.408932
1.357253
1.408932
1.357253
1.408932
1.357253
1.408932
1.357253
1.408932
1.357253
1.408932
1.357253
1.408932
1.357253
1.408932
1.357253
1.408932
1.357253
1.408932
1.357253
1.408932
1.357253
1.408932
1.357253
1.408932
1.357253
1.408932
1.357253
1.408932
1.357253
1.408932
1.357253
1.408932
1.357253
1.408932
1.357253
1.408932
1.357253
1.408932
1.357253
1.408932
1.357253
1.408932
1.357253
1.408932
1.357253
-1.3944089999999996
-1.3717750000000004
-1.3944089999999996
-1.3717750000000004
-1.3944089999999996
-1.3717750000000004
-1.3944089999999996
-1.3717750000000004
-1.3944089999999996
-1.3717750000000004
-1.3944089999999996
-1.3717750000000004
-1.3944089999999996
-1.3717750000000004
-1.3944089999999996
-1.3717750000000004
-1.3944089999999996
-1.3717750000000004
-1.3944089999999996
-1.3717750000000004
-1.3944089999999996
-1.3717750000000004
-1.3944089999999996
-1.3717750000000004
-1.3944089999999996
-1.3717750000000004
-1.3944089999999996
-1.3717750000000004
-1.3944089999999996
-1.3717750000000004
-1.3944089999999996
-1.3717750000000004
-1.3944089999999996
-1.3717750000000004
-1.3944089999999996
-1.3717750000000004
-1.3944089999999996
-1.3717750000000004
-1.3944089999999996
-1.3717750000000004
-1.3944089999999996
-1.3717750000000004
-1.3944089999999996
-1.3717750000000004
-1.3944089999999996
-1.3717750000000004
-1.3944089999999996
-1.3717750000000004
-1.3944089999999996
-1.3717750000000004
-1.3944089999999996
-1.3717750000000004
-1.3944089999999996
-1.3717750000000004
-1.3944089999999996
-1.3717750000000004
-1.3944089999999996
-1.3717750000000004
-1.3944089999999996
-1.3717750000000004
-1.3944089999999996
-1.3717750000000004
-1.3944089999999996
-1.3717750000000004
-1.3944089999999996
-1.3717750000000004
-1.3944089999999996
-1.3717750000000004
-1.3944089999999996
-1.3717750000000004
-1.3944089999999996
-1.3717750000000004
-1.3944089999999996
-1.3717750000000004
-1.3944089999999996
-1.3717750000000004
-1.3944089999999996
-1.3717750000000004
-1.3944089999999996
-1.3717750000000004
-1.3944089999999996
-1.3717750000000004
-1.3944089999999996
-1.3717750000000004
-1.3944089999999996
-1.3717750000000004
-1.3944089999999996
-1.3717750000000004
-1.3944089999999996
-1.3717750000000004
-1.3944089999999996
-1.3717750000000004
-1.3944089999999996
-1.3717750000000004
-1.3944089999999996
-1.3717750000000004
-1.3944089999999996
-1.3717750000000004
-1.3944089999999996
-1.3717750000000004
-1.3944089999999996
-1.3717750000000004
-1.3944089999999996
-1.3717750000000004
-1.3944089999999996
-1.3717750000000004
-1.3944089999999996
-1.3717750000000004
-1.3944089999999996
-1.3717750000000004
-1.3944089999999996
-1.3717750000000004
-1.3944089999999996
-1.3717750000000004
-1.3944089999999996
-1.3717750000000004
-1.3944089999999996
-1.3717750000000004
-1.3944089999999996
-1.3717750000000004
