1.0369530000000005
1.0369530000000005
1.0369530000000005
1.0369530000000005
1.0369530000000005
1.0369530000000005
1.0369530000000005
1.0369530000000005
1.0369530000000005
1.0369530000000005
1.0369530000000005
1.0369530000000005
1.0369530000000005
1.0369530000000005
1.0369530000000005
1.0369530000000005
1.0369530000000005
1.0369530000000005
1.0369530000000005
1.0369530000000005
1.0369530000000005
1.0369530000000005
1.0369530000000005
1.0369530000000005
1.0369530000000005
1.0369530000000005
1.0369530000000005
-1.0369520000000003
-1.0369520000000003
-1.0369520000000003
-1.0369520000000003
-1.0369520000000003
-1.0369520000000003
-1.0369520000000003
-1.0369520000000003
-1.0369520000000003
-1.0369520000000003
-1.0369520000000003
-1.0369520000000003
-1.0369520000000003
-1.0369520000000003
-1.0369520000000003
-1.0369520000000003
-1.0369520000000003
-1.0369520000000003
-1.0369520000000003
-1.0369520000000003
-1.0369520000000003
-1.0369520000000003
-1.0369520000000003
-1.0369520000000003
-1.0369520000000003
-1.0369520000000003
-1.0369520000000003
