1.4398560000000007
1.439273
1.439648
1.4390099999999997
1.4398560000000007
1.439273
1.439648
1.4390099999999997
1.4398560000000007
1.439273
1.439648
1.4390099999999997
1.4398560000000007
1.439273
1.439648
1.4390099999999997
1.4398560000000007
1.439273
1.439648
1.4390099999999997
1.4398560000000007
1.439273
1.439648
1.4390099999999997
1.4398560000000007
1.439273
1.439648
1.4390099999999997
1.4398560000000007
1.439273
1.439648
1.4390099999999997
1.4398560000000007
1.439273
1.439648
1.4390099999999997
1.4398560000000007
1.439273
1.439648
1.4390099999999997
1.4398560000000007
1.439273
1.439648
1.4390099999999997
1.4398560000000007
1.439273
1.439648
1.4390099999999997
1.4398560000000007
1.439273
1.439648
1.4390099999999997
1.4398560000000007
1.439273
1.439648
1.4390099999999997
1.4398560000000007
1.439273
1.439648
1.4390099999999997
1.4398560000000007
1.439273
1.439648
1.4390099999999997
1.4398560000000007
1.439273
1.439648
1.4390099999999997
1.4398560000000007
1.439273
1.439648
1.4390099999999997
1.4398560000000007
1.439273
1.439648
1.4390099999999997
1.4398560000000007
1.439273
1.439648
1.4390099999999997
1.4398560000000007
1.439273
1.439648
1.4390099999999997
1.4398560000000007
1.439273
1.439648
1.4390099999999997
1.4398560000000007
1.439273
1.439648
1.4390099999999997
1.4398560000000007
1.439273
1.439648
1.4390099999999997
1.4398560000000007
1.439273
1.439648
1.4390099999999997
1.4398560000000007
1.439273
1.439648
1.4390099999999997
1.4398560000000007
1.439273
1.439648
1.4390099999999997
-1.4393479999999998
-1.4395920000000002
-1.439482
-1.4393649999999996
-1.4393479999999998
-1.4395920000000002
-1.439482
-1.4393649999999996
-1.4393479999999998
-1.4395920000000002
-1.439482
-1.4393649999999996
-1.4393479999999998
-1.4395920000000002
-1.439482
-1.4393649999999996
-1.4393479999999998
-1.4395920000000002
-1.439482
-1.4393649999999996
-1.4393479999999998
-1.4395920000000002
-1.439482
-1.4393649999999996
-1.4393479999999998
-1.4395920000000002
-1.439482
-1.4393649999999996
-1.4393479999999998
-1.4395920000000002
-1.439482
-1.4393649999999996
-1.4393479999999998
-1.4395920000000002
-1.439482
-1.4393649999999996
-1.4393479999999998
-1.4395920000000002
-1.439482
-1.4393649999999996
-1.4393479999999998
-1.4395920000000002
-1.439482
-1.4393649999999996
-1.4393479999999998
-1.4395920000000002
-1.439482
-1.4393649999999996
-1.4393479999999998
-1.4395920000000002
-1.439482
-1.4393649999999996
-1.4393479999999998
-1.4395920000000002
-1.439482
-1.4393649999999996
-1.4393479999999998
-1.4395920000000002
-1.439482
-1.4393649999999996
-1.4393479999999998
-1.4395920000000002
-1.439482
-1.4393649999999996
-1.4393479999999998
-1.4395920000000002
-1.439482
-1.4393649999999996
-1.4393479999999998
-1.4395920000000002
-1.439482
-1.4393649999999996
-1.4393479999999998
-1.4395920000000002
-1.439482
-1.4393649999999996
-1.4393479999999998
-1.4395920000000002
-1.439482
-1.4393649999999996
-1.4393479999999998
-1.4395920000000002
-1.439482
-1.4393649999999996
-1.4393479999999998
-1.4395920000000002
-1.439482
-1.4393649999999996
-1.4393479999999998
-1.4395920000000002
-1.439482
-1.4393649999999996
-1.4393479999999998
-1.4395920000000002
-1.439482
-1.4393649999999996
-1.4393479999999998
-1.4395920000000002
-1.439482
-1.4393649999999996
-1.4393479999999998
-1.4395920000000002
-1.439482
-1.4393649999999996
-1.4393479999999998
-1.4395920000000002
-1.439482
-1.4393649999999996
