0.6597449999999991
0.6597449999999991
0.6597449999999991
0.6597449999999991
0.6597449999999991
0.6597449999999991
0.6597449999999991
0.6597449999999991
0.6597449999999991
0.6597449999999991
0.6597449999999991
0.6597449999999991
0.6597449999999991
0.6597449999999991
0.6597449999999991
0.6597449999999991
0.6597449999999991
0.6597449999999991
0.6597449999999991
0.6597449999999991
0.6597449999999991
0.6597449999999991
0.6597449999999991
0.6597449999999991
0.6597449999999991
0.6597449999999991
0.6597449999999991
0.6597449999999991
0.6597449999999991
0.6597449999999991
0.6597449999999991
0.6597449999999991
0.6597449999999991
0.6597449999999991
0.6597449999999991
0.6597449999999991
0.6597449999999991
0.6597449999999991
0.6597449999999991
0.6597449999999991
0.6597449999999991
0.6597449999999991
0.6597449999999991
0.6597449999999991
0.6597449999999991
0.6597449999999991
0.6597449999999991
0.6597449999999991
0.6597449999999991
0.6597449999999991
0.6597449999999991
0.6597449999999991
0.6597449999999991
0.6597449999999991
0.6597449999999991
0.6597449999999991
0.6597449999999991
0.6597449999999991
0.6597449999999991
0.6597449999999991
0.6597449999999991
0.6597449999999991
0.6597449999999991
0.6597449999999991
-0.6597439999999999
-0.6597439999999999
-0.6597439999999999
-0.6597439999999999
-0.6597439999999999
-0.6597439999999999
-0.6597439999999999
-0.6597439999999999
-0.6597439999999999
-0.6597439999999999
-0.6597439999999999
-0.6597439999999999
-0.6597439999999999
-0.6597439999999999
-0.6597439999999999
-0.6597439999999999
-0.6597439999999999
-0.6597439999999999
-0.6597439999999999
-0.6597439999999999
-0.6597439999999999
-0.6597439999999999
-0.6597439999999999
-0.6597439999999999
-0.6597439999999999
-0.6597439999999999
-0.6597439999999999
-0.6597439999999999
-0.6597439999999999
-0.6597439999999999
-0.6597439999999999
-0.6597439999999999
-0.6597439999999999
-0.6597439999999999
-0.6597439999999999
-0.6597439999999999
-0.6597439999999999
-0.6597439999999999
-0.6597439999999999
-0.6597439999999999
-0.6597439999999999
-0.6597439999999999
-0.6597439999999999
-0.6597439999999999
-0.6597439999999999
-0.6597439999999999
-0.6597439999999999
-0.6597439999999999
-0.6597439999999999
-0.6597439999999999
-0.6597439999999999
-0.6597439999999999
-0.6597439999999999
-0.6597439999999999
-0.6597439999999999
-0.6597439999999999
-0.6597439999999999
-0.6597439999999999
-0.6597439999999999
-0.6597439999999999
-0.6597439999999999
-0.6597439999999999
-0.6597439999999999
-0.6597439999999999
