1.3978029999999997
1.3770159999999994
1.3882069999999995
1.4028200000000002
1.3978029999999997
1.3770159999999994
1.3882069999999995
1.4028200000000002
1.3978029999999997
1.3770159999999994
1.3882069999999995
1.4028200000000002
1.3978029999999997
1.3770159999999994
1.3882069999999995
1.4028200000000002
1.3978029999999997
1.3770159999999994
1.3882069999999995
1.4028200000000002
1.3978029999999997
1.3770159999999994
1.3882069999999995
1.4028200000000002
1.3978029999999997
1.3770159999999994
1.3882069999999995
1.4028200000000002
1.3978029999999997
1.3770159999999994
1.3882069999999995
1.4028200000000002
1.3978029999999997
1.3770159999999994
1.3882069999999995
1.4028200000000002
1.3978029999999997
1.3770159999999994
1.3882069999999995
1.4028200000000002
1.3978029999999997
1.3770159999999994
1.3882069999999995
1.4028200000000002
1.3978029999999997
1.3770159999999994
1.3882069999999995
1.4028200000000002
1.3978029999999997
1.3770159999999994
1.3882069999999995
1.4028200000000002
1.3978029999999997
1.3770159999999994
1.3882069999999995
1.4028200000000002
1.3978029999999997
1.3770159999999994
1.3882069999999995
1.4028200000000002
1.3978029999999997
1.3770159999999994
1.3882069999999995
1.4028200000000002
1.3978029999999997
1.3770159999999994
1.3882069999999995
1.4028200000000002
1.3978029999999997
1.3770159999999994
1.3882069999999995
1.4028200000000002
1.3978029999999997
1.3770159999999994
1.3882069999999995
1.4028200000000002
1.3978029999999997
1.3770159999999994
1.3882069999999995
1.4028200000000002
1.3978029999999997
1.3770159999999994
1.3882069999999995
1.4028200000000002
1.3978029999999997
1.3770159999999994
1.3882069999999995
1.4028200000000002
1.3978029999999997
1.3770159999999994
1.3882069999999995
1.4028200000000002
1.3978029999999997
1.3770159999999994
1.3882069999999995
1.4028200000000002
1.3978029999999997
1.3770159999999994
1.3882069999999995
1.4028200000000002
1.3978029999999997
1.3770159999999994
1.3882069999999995
1.4028200000000002
1.3978029999999997
1.3770159999999994
1.3882069999999995
1.4028200000000002
1.3978029999999997
1.3770159999999994
1.3882069999999995
1.4028200000000002
1.3978029999999997
1.3770159999999994
1.3882069999999995
1.4028200000000002
1.3978029999999997
1.3770159999999994
1.3882069999999995
1.4028200000000002
1.3978029999999997
1.3770159999999994
1.3882069999999995
1.4028200000000002
1.3978029999999997
1.3770159999999994
1.3882069999999995
1.4028200000000002
1.3978029999999997
1.3770159999999994
1.3882069999999995
1.4028200000000002
1.3978029999999997
1.3770159999999994
1.3882069999999995
1.4028200000000002
1.3978029999999997
1.3770159999999994
1.3882069999999995
1.4028200000000002
1.3978029999999997
1.3770159999999994
1.3882069999999995
1.4028200000000002
-1.3885639999999997
-1.395353
-1.391635
-1.3902970000000003
-1.3885639999999997
-1.395353
-1.391635
-1.3902970000000003
-1.3885639999999997
-1.395353
-1.391635
-1.3902970000000003
-1.3885639999999997
-1.395353
-1.391635
-1.3902970000000003
-1.3885639999999997
-1.395353
-1.391635
-1.3902970000000003
-1.3885639999999997
-1.395353
-1.391635
-1.3902970000000003
-1.3885639999999997
-1.395353
-1.391635
-1.3902970000000003
-1.3885639999999997
-1.395353
-1.391635
-1.3902970000000003
-1.3885639999999997
-1.395353
-1.391635
-1.3902970000000003
-1.3885639999999997
-1.395353
-1.391635
-1.3902970000000003
-1.3885639999999997
-1.395353
-1.391635
-1.3902970000000003
-1.3885639999999997
-1.395353
-1.391635
-1.3902970000000003
-1.3885639999999997
-1.395353
-1.391635
-1.3902970000000003
-1.3885639999999997
-1.395353
-1.391635
-1.3902970000000003
-1.3885639999999997
-1.395353
-1.391635
-1.3902970000000003
-1.3885639999999997
-1.395353
-1.391635
-1.3902970000000003
-1.3885639999999997
-1.395353
-1.391635
-1.3902970000000003
-1.3885639999999997
-1.395353
-1.391635
-1.3902970000000003
-1.3885639999999997
-1.395353
-1.391635
-1.3902970000000003
-1.3885639999999997
-1.395353
-1.391635
-1.3902970000000003
-1.3885639999999997
-1.395353
-1.391635
-1.3902970000000003
-1.3885639999999997
-1.395353
-1.391635
-1.3902970000000003
-1.3885639999999997
-1.395353
-1.391635
-1.3902970000000003
-1.3885639999999997
-1.395353
-1.391635
-1.3902970000000003
-1.3885639999999997
-1.395353
-1.391635
-1.3902970000000003
-1.3885639999999997
-1.395353
-1.391635
-1.3902970000000003
-1.3885639999999997
-1.395353
-1.391635
-1.3902970000000003
-1.3885639999999997
-1.395353
-1.391635
-1.3902970000000003
-1.3885639999999997
-1.395353
-1.391635
-1.3902970000000003
-1.3885639999999997
-1.395353
-1.391635
-1.3902970000000003
-1.3885639999999997
-1.395353
-1.391635
-1.3902970000000003
-1.3885639999999997
-1.395353
-1.391635
-1.3902970000000003
-1.3885639999999997
-1.395353
-1.391635
-1.3902970000000003
-1.3885639999999997
-1.395353
-1.391635
-1.3902970000000003
-1.3885639999999997
-1.395353
-1.391635
-1.3902970000000003
-1.3885639999999997
-1.395353
-1.391635
-1.3902970000000003
