1.251868
1.251868
1.251868
1.251868
1.251868
1.251868
1.251868
1.251868
1.251868
1.251868
1.251868
1.251868
1.251868
1.251868
1.251868
1.251868
1.251868
1.251868
1.251868
1.251868
1.251868
1.251868
1.251868
1.251868
1.251868
1.251868
1.251868
-1.251868
-1.251868
-1.251868
-1.251868
-1.251868
-1.251868
-1.251868
-1.251868
-1.251868
-1.251868
-1.251868
-1.251868
-1.251868
-1.251868
-1.251868
-1.251868
-1.251868
-1.251868
-1.251868
-1.251868
-1.251868
-1.251868
-1.251868
-1.251868
-1.251868
-1.251868
-1.251868
