1.441001
1.4414739999999995
1.4433129999999998
1.443612
1.441001
1.4414739999999995
1.4433129999999998
1.443612
1.441001
1.4414739999999995
1.4433129999999998
1.443612
1.441001
1.4414739999999995
1.4433129999999998
1.443612
1.441001
1.4414739999999995
1.4433129999999998
1.443612
1.441001
1.4414739999999995
1.4433129999999998
1.443612
1.441001
1.4414739999999995
1.4433129999999998
1.443612
1.441001
1.4414739999999995
1.4433129999999998
1.443612
1.441001
1.4414739999999995
1.4433129999999998
1.443612
1.441001
1.4414739999999995
1.4433129999999998
1.443612
1.441001
1.4414739999999995
1.4433129999999998
1.443612
1.441001
1.4414739999999995
1.4433129999999998
1.443612
1.441001
1.4414739999999995
1.4433129999999998
1.443612
1.441001
1.4414739999999995
1.4433129999999998
1.443612
1.441001
1.4414739999999995
1.4433129999999998
1.443612
1.441001
1.4414739999999995
1.4433129999999998
1.443612
1.441001
1.4414739999999995
1.4433129999999998
1.443612
1.441001
1.4414739999999995
1.4433129999999998
1.443612
1.441001
1.4414739999999995
1.4433129999999998
1.443612
1.441001
1.4414739999999995
1.4433129999999998
1.443612
1.441001
1.4414739999999995
1.4433129999999998
1.443612
1.441001
1.4414739999999995
1.4433129999999998
1.443612
1.441001
1.4414739999999995
1.4433129999999998
1.443612
1.441001
1.4414739999999995
1.4433129999999998
1.443612
1.441001
1.4414739999999995
1.4433129999999998
1.443612
1.441001
1.4414739999999995
1.4433129999999998
1.443612
1.441001
1.4414739999999995
1.4433129999999998
1.443612
-1.4429889999999999
-1.4418189999999997
-1.4416890000000002
-1.4429030000000003
-1.4429889999999999
-1.4418189999999997
-1.4416890000000002
-1.4429030000000003
-1.4429889999999999
-1.4418189999999997
-1.4416890000000002
-1.4429030000000003
-1.4429889999999999
-1.4418189999999997
-1.4416890000000002
-1.4429030000000003
-1.4429889999999999
-1.4418189999999997
-1.4416890000000002
-1.4429030000000003
-1.4429889999999999
-1.4418189999999997
-1.4416890000000002
-1.4429030000000003
-1.4429889999999999
-1.4418189999999997
-1.4416890000000002
-1.4429030000000003
-1.4429889999999999
-1.4418189999999997
-1.4416890000000002
-1.4429030000000003
-1.4429889999999999
-1.4418189999999997
-1.4416890000000002
-1.4429030000000003
-1.4429889999999999
-1.4418189999999997
-1.4416890000000002
-1.4429030000000003
-1.4429889999999999
-1.4418189999999997
-1.4416890000000002
-1.4429030000000003
-1.4429889999999999
-1.4418189999999997
-1.4416890000000002
-1.4429030000000003
-1.4429889999999999
-1.4418189999999997
-1.4416890000000002
-1.4429030000000003
-1.4429889999999999
-1.4418189999999997
-1.4416890000000002
-1.4429030000000003
-1.4429889999999999
-1.4418189999999997
-1.4416890000000002
-1.4429030000000003
-1.4429889999999999
-1.4418189999999997
-1.4416890000000002
-1.4429030000000003
-1.4429889999999999
-1.4418189999999997
-1.4416890000000002
-1.4429030000000003
-1.4429889999999999
-1.4418189999999997
-1.4416890000000002
-1.4429030000000003
-1.4429889999999999
-1.4418189999999997
-1.4416890000000002
-1.4429030000000003
-1.4429889999999999
-1.4418189999999997
-1.4416890000000002
-1.4429030000000003
-1.4429889999999999
-1.4418189999999997
-1.4416890000000002
-1.4429030000000003
-1.4429889999999999
-1.4418189999999997
-1.4416890000000002
-1.4429030000000003
-1.4429889999999999
-1.4418189999999997
-1.4416890000000002
-1.4429030000000003
-1.4429889999999999
-1.4418189999999997
-1.4416890000000002
-1.4429030000000003
-1.4429889999999999
-1.4418189999999997
-1.4416890000000002
-1.4429030000000003
-1.4429889999999999
-1.4418189999999997
-1.4416890000000002
-1.4429030000000003
-1.4429889999999999
-1.4418189999999997
-1.4416890000000002
-1.4429030000000003
