1.3445529999999994
1.3445529999999994
1.3445529999999994
1.3445529999999994
1.3445529999999994
1.3445529999999994
1.3445529999999994
1.3445529999999994
1.3445529999999994
1.3445529999999994
1.3445529999999994
1.3445529999999994
1.3445529999999994
1.3445529999999994
1.3445529999999994
1.3445529999999994
1.3445529999999994
1.3445529999999994
1.3445529999999994
1.3445529999999994
1.3445529999999994
1.3445529999999994
1.3445529999999994
1.3445529999999994
1.3445529999999994
1.3445529999999994
1.3445529999999994
1.3445529999999994
1.3445529999999994
1.3445529999999994
1.3445529999999994
1.3445529999999994
1.3445529999999994
1.3445529999999994
1.3445529999999994
1.3445529999999994
1.3445529999999994
1.3445529999999994
1.3445529999999994
1.3445529999999994
1.3445529999999994
1.3445529999999994
1.3445529999999994
1.3445529999999994
1.3445529999999994
1.3445529999999994
1.3445529999999994
1.3445529999999994
1.3445529999999994
1.3445529999999994
1.3445529999999994
1.3445529999999994
1.3445529999999994
1.3445529999999994
-1.3445549999999997
-1.3445549999999997
-1.3445549999999997
-1.3445549999999997
-1.3445549999999997
-1.3445549999999997
-1.3445549999999997
-1.3445549999999997
-1.3445549999999997
-1.3445549999999997
-1.3445549999999997
-1.3445549999999997
-1.3445549999999997
-1.3445549999999997
-1.3445549999999997
-1.3445549999999997
-1.3445549999999997
-1.3445549999999997
-1.3445549999999997
-1.3445549999999997
-1.3445549999999997
-1.3445549999999997
-1.3445549999999997
-1.3445549999999997
-1.3445549999999997
-1.3445549999999997
-1.3445549999999997
-1.3445549999999997
-1.3445549999999997
-1.3445549999999997
-1.3445549999999997
-1.3445549999999997
-1.3445549999999997
-1.3445549999999997
-1.3445549999999997
-1.3445549999999997
-1.3445549999999997
-1.3445549999999997
-1.3445549999999997
-1.3445549999999997
-1.3445549999999997
-1.3445549999999997
-1.3445549999999997
-1.3445549999999997
-1.3445549999999997
-1.3445549999999997
-1.3445549999999997
-1.3445549999999997
-1.3445549999999997
-1.3445549999999997
-1.3445549999999997
-1.3445549999999997
-1.3445549999999997
-1.3445549999999997
