1.4060380000000006
1.3893129999999996
1.4060380000000006
1.3893129999999996
1.4060380000000006
1.3893129999999996
1.4060380000000006
1.3893129999999996
1.4060380000000006
1.3893129999999996
1.4060380000000006
1.3893129999999996
1.4060380000000006
1.3893129999999996
1.4060380000000006
1.3893129999999996
1.4060380000000006
1.3893129999999996
1.4060380000000006
1.3893129999999996
1.4060380000000006
1.3893129999999996
1.4060380000000006
1.3893129999999996
1.4060380000000006
1.3893129999999996
1.4060380000000006
1.3893129999999996
1.4060380000000006
1.3893129999999996
1.4060380000000006
1.3893129999999996
1.4060380000000006
1.3893129999999996
1.4060380000000006
1.3893129999999996
1.4060380000000006
1.3893129999999996
1.4060380000000006
1.3893129999999996
1.4060380000000006
1.3893129999999996
1.4060380000000006
1.3893129999999996
1.4060380000000006
1.3893129999999996
1.4060380000000006
1.3893129999999996
1.4060380000000006
1.3893129999999996
1.4060380000000006
1.3893129999999996
1.4060380000000006
1.3893129999999996
1.4060380000000006
1.3893129999999996
1.4060380000000006
1.3893129999999996
1.4060380000000006
1.3893129999999996
1.4060380000000006
1.3893129999999996
1.4060380000000006
1.3893129999999996
1.4060380000000006
1.3893129999999996
1.4060380000000006
1.3893129999999996
1.4060380000000006
1.3893129999999996
1.4060380000000006
1.3893129999999996
1.4060380000000006
1.3893129999999996
1.4060380000000006
1.3893129999999996
1.4060380000000006
1.3893129999999996
1.4060380000000006
1.3893129999999996
1.4060380000000006
1.3893129999999996
1.4060380000000006
1.3893129999999996
1.4060380000000006
1.3893129999999996
1.4060380000000006
1.3893129999999996
1.4060380000000006
1.3893129999999996
1.4060380000000006
1.3893129999999996
1.4060380000000006
1.3893129999999996
1.4060380000000006
1.3893129999999996
1.4060380000000006
1.3893129999999996
1.4060380000000006
1.3893129999999996
1.4060380000000006
1.3893129999999996
1.4060380000000006
1.3893129999999996
1.4060380000000006
1.3893129999999996
1.4060380000000006
1.3893129999999996
1.4060380000000006
1.3893129999999996
1.4060380000000006
1.3893129999999996
1.4060380000000006
1.3893129999999996
1.4060380000000006
1.3893129999999996
1.4060380000000006
1.3893129999999996
1.4060380000000006
1.3893129999999996
-1.3945040000000004
-1.4008520000000004
-1.3945040000000004
-1.4008520000000004
-1.3945040000000004
-1.4008520000000004
-1.3945040000000004
-1.4008520000000004
-1.3945040000000004
-1.4008520000000004
-1.3945040000000004
-1.4008520000000004
-1.3945040000000004
-1.4008520000000004
-1.3945040000000004
-1.4008520000000004
-1.3945040000000004
-1.4008520000000004
-1.3945040000000004
-1.4008520000000004
-1.3945040000000004
-1.4008520000000004
-1.3945040000000004
-1.4008520000000004
-1.3945040000000004
-1.4008520000000004
-1.3945040000000004
-1.4008520000000004
-1.3945040000000004
-1.4008520000000004
-1.3945040000000004
-1.4008520000000004
-1.3945040000000004
-1.4008520000000004
-1.3945040000000004
-1.4008520000000004
-1.3945040000000004
-1.4008520000000004
-1.3945040000000004
-1.4008520000000004
-1.3945040000000004
-1.4008520000000004
-1.3945040000000004
-1.4008520000000004
-1.3945040000000004
-1.4008520000000004
-1.3945040000000004
-1.4008520000000004
-1.3945040000000004
-1.4008520000000004
-1.3945040000000004
-1.4008520000000004
-1.3945040000000004
-1.4008520000000004
-1.3945040000000004
-1.4008520000000004
-1.3945040000000004
-1.4008520000000004
-1.3945040000000004
-1.4008520000000004
-1.3945040000000004
-1.4008520000000004
-1.3945040000000004
-1.4008520000000004
-1.3945040000000004
-1.4008520000000004
-1.3945040000000004
-1.4008520000000004
-1.3945040000000004
-1.4008520000000004
-1.3945040000000004
-1.4008520000000004
-1.3945040000000004
-1.4008520000000004
-1.3945040000000004
-1.4008520000000004
-1.3945040000000004
-1.4008520000000004
-1.3945040000000004
-1.4008520000000004
-1.3945040000000004
-1.4008520000000004
-1.3945040000000004
-1.4008520000000004
-1.3945040000000004
-1.4008520000000004
-1.3945040000000004
-1.4008520000000004
-1.3945040000000004
-1.4008520000000004
-1.3945040000000004
-1.4008520000000004
-1.3945040000000004
-1.4008520000000004
-1.3945040000000004
-1.4008520000000004
-1.3945040000000004
-1.4008520000000004
-1.3945040000000004
-1.4008520000000004
-1.3945040000000004
-1.4008520000000004
-1.3945040000000004
-1.4008520000000004
-1.3945040000000004
-1.4008520000000004
-1.3945040000000004
-1.4008520000000004
-1.3945040000000004
-1.4008520000000004
-1.3945040000000004
-1.4008520000000004
-1.3945040000000004
-1.4008520000000004
-1.3945040000000004
-1.4008520000000004
-1.3945040000000004
-1.4008520000000004
-1.3945040000000004
-1.4008520000000004
