1.4410559999999997
1.441122
1.4402530000000002
1.4402880000000007
1.4410559999999997
1.441122
1.4402530000000002
1.4402880000000007
1.4410559999999997
1.441122
1.4402530000000002
1.4402880000000007
1.4410559999999997
1.441122
1.4402530000000002
1.4402880000000007
1.4410559999999997
1.441122
1.4402530000000002
1.4402880000000007
1.4410559999999997
1.441122
1.4402530000000002
1.4402880000000007
1.4410559999999997
1.441122
1.4402530000000002
1.4402880000000007
1.4410559999999997
1.441122
1.4402530000000002
1.4402880000000007
1.4410559999999997
1.441122
1.4402530000000002
1.4402880000000007
1.4410559999999997
1.441122
1.4402530000000002
1.4402880000000007
1.4410559999999997
1.441122
1.4402530000000002
1.4402880000000007
1.4410559999999997
1.441122
1.4402530000000002
1.4402880000000007
1.4410559999999997
1.441122
1.4402530000000002
1.4402880000000007
1.4410559999999997
1.441122
1.4402530000000002
1.4402880000000007
1.4410559999999997
1.441122
1.4402530000000002
1.4402880000000007
1.4410559999999997
1.441122
1.4402530000000002
1.4402880000000007
1.4410559999999997
1.441122
1.4402530000000002
1.4402880000000007
1.4410559999999997
1.441122
1.4402530000000002
1.4402880000000007
1.4410559999999997
1.441122
1.4402530000000002
1.4402880000000007
1.4410559999999997
1.441122
1.4402530000000002
1.4402880000000007
1.4410559999999997
1.441122
1.4402530000000002
1.4402880000000007
1.4410559999999997
1.441122
1.4402530000000002
1.4402880000000007
1.4410559999999997
1.441122
1.4402530000000002
1.4402880000000007
1.4410559999999997
1.441122
1.4402530000000002
1.4402880000000007
1.4410559999999997
1.441122
1.4402530000000002
1.4402880000000007
1.4410559999999997
1.441122
1.4402530000000002
1.4402880000000007
1.4410559999999997
1.441122
1.4402530000000002
1.4402880000000007
1.4410559999999997
1.441122
1.4402530000000002
1.4402880000000007
1.4410559999999997
1.441122
1.4402530000000002
1.4402880000000007
1.4410559999999997
1.441122
1.4402530000000002
1.4402880000000007
1.4410559999999997
1.441122
1.4402530000000002
1.4402880000000007
1.4410559999999997
1.441122
1.4402530000000002
1.4402880000000007
1.4410559999999997
1.441122
1.4402530000000002
1.4402880000000007
1.4410559999999997
1.441122
1.4402530000000002
1.4402880000000007
1.4410559999999997
1.441122
1.4402530000000002
1.4402880000000007
1.4410559999999997
1.441122
1.4402530000000002
1.4402880000000007
-1.4405279999999996
-1.44097
-1.4405599999999996
-1.4406600000000003
-1.4405279999999996
-1.44097
-1.4405599999999996
-1.4406600000000003
-1.4405279999999996
-1.44097
-1.4405599999999996
-1.4406600000000003
-1.4405279999999996
-1.44097
-1.4405599999999996
-1.4406600000000003
-1.4405279999999996
-1.44097
-1.4405599999999996
-1.4406600000000003
-1.4405279999999996
-1.44097
-1.4405599999999996
-1.4406600000000003
-1.4405279999999996
-1.44097
-1.4405599999999996
-1.4406600000000003
-1.4405279999999996
-1.44097
-1.4405599999999996
-1.4406600000000003
-1.4405279999999996
-1.44097
-1.4405599999999996
-1.4406600000000003
-1.4405279999999996
-1.44097
-1.4405599999999996
-1.4406600000000003
-1.4405279999999996
-1.44097
-1.4405599999999996
-1.4406600000000003
-1.4405279999999996
-1.44097
-1.4405599999999996
-1.4406600000000003
-1.4405279999999996
-1.44097
-1.4405599999999996
-1.4406600000000003
-1.4405279999999996
-1.44097
-1.4405599999999996
-1.4406600000000003
-1.4405279999999996
-1.44097
-1.4405599999999996
-1.4406600000000003
-1.4405279999999996
-1.44097
-1.4405599999999996
-1.4406600000000003
-1.4405279999999996
-1.44097
-1.4405599999999996
-1.4406600000000003
-1.4405279999999996
-1.44097
-1.4405599999999996
-1.4406600000000003
-1.4405279999999996
-1.44097
-1.4405599999999996
-1.4406600000000003
-1.4405279999999996
-1.44097
-1.4405599999999996
-1.4406600000000003
-1.4405279999999996
-1.44097
-1.4405599999999996
-1.4406600000000003
-1.4405279999999996
-1.44097
-1.4405599999999996
-1.4406600000000003
-1.4405279999999996
-1.44097
-1.4405599999999996
-1.4406600000000003
-1.4405279999999996
-1.44097
-1.4405599999999996
-1.4406600000000003
-1.4405279999999996
-1.44097
-1.4405599999999996
-1.4406600000000003
-1.4405279999999996
-1.44097
-1.4405599999999996
-1.4406600000000003
-1.4405279999999996
-1.44097
-1.4405599999999996
-1.4406600000000003
-1.4405279999999996
-1.44097
-1.4405599999999996
-1.4406600000000003
-1.4405279999999996
-1.44097
-1.4405599999999996
-1.4406600000000003
-1.4405279999999996
-1.44097
-1.4405599999999996
-1.4406600000000003
-1.4405279999999996
-1.44097
-1.4405599999999996
-1.4406600000000003
-1.4405279999999996
-1.44097
-1.4405599999999996
-1.4406600000000003
-1.4405279999999996
-1.44097
-1.4405599999999996
-1.4406600000000003
-1.4405279999999996
-1.44097
-1.4405599999999996
-1.4406600000000003
-1.4405279999999996
-1.44097
-1.4405599999999996
-1.4406600000000003
-1.4405279999999996
-1.44097
-1.4405599999999996
-1.4406600000000003
