1.3550629999999995
1.3550629999999995
1.3550629999999995
1.3550629999999995
1.3550629999999995
1.3550629999999995
1.3550629999999995
1.3550629999999995
1.3550629999999995
1.3550629999999995
1.3550629999999995
1.3550629999999995
1.3550629999999995
1.3550629999999995
1.3550629999999995
1.3550629999999995
1.3550629999999995
1.3550629999999995
1.3550629999999995
1.3550629999999995
1.3550629999999995
1.3550629999999995
1.3550629999999995
1.3550629999999995
1.3550629999999995
1.3550629999999995
1.3550629999999995
1.3550629999999995
1.3550629999999995
1.3550629999999995
1.3550629999999995
1.3550629999999995
1.3550629999999995
1.3550629999999995
1.3550629999999995
1.3550629999999995
1.3550629999999995
1.3550629999999995
1.3550629999999995
1.3550629999999995
1.3550629999999995
1.3550629999999995
1.3550629999999995
1.3550629999999995
1.3550629999999995
1.3550629999999995
1.3550629999999995
1.3550629999999995
1.3550629999999995
1.3550629999999995
1.3550629999999995
1.3550629999999995
1.3550629999999995
1.3550629999999995
1.3550629999999995
1.3550629999999995
1.3550629999999995
1.3550629999999995
1.3550629999999995
1.3550629999999995
1.3550629999999995
1.3550629999999995
1.3550629999999995
1.3550629999999995
1.3550629999999995
1.3550629999999995
1.3550629999999995
1.3550629999999995
1.3550629999999995
1.3550629999999995
1.3550629999999995
1.3550629999999995
1.3550629999999995
1.3550629999999995
1.3550629999999995
1.3550629999999995
1.3550629999999995
1.3550629999999995
1.3550629999999995
1.3550629999999995
1.3550629999999995
1.3550629999999995
1.3550629999999995
1.3550629999999995
1.3550629999999995
1.3550629999999995
1.3550629999999995
1.3550629999999995
1.3550629999999995
1.3550629999999995
-1.355061
-1.3550620000000002
-1.355061
-1.3550620000000002
-1.355061
-1.3550620000000002
-1.355061
-1.3550620000000002
-1.355061
-1.3550620000000002
-1.355061
-1.3550620000000002
-1.355061
-1.3550620000000002
-1.355061
-1.3550620000000002
-1.355061
-1.3550620000000002
-1.355061
-1.3550620000000002
-1.355061
-1.3550620000000002
-1.355061
-1.3550620000000002
-1.355061
-1.3550620000000002
-1.355061
-1.3550620000000002
-1.355061
-1.3550620000000002
-1.355061
-1.3550620000000002
-1.355061
-1.3550620000000002
-1.355061
-1.3550620000000002
-1.355061
-1.3550620000000002
-1.355061
-1.3550620000000002
-1.355061
-1.3550620000000002
-1.355061
-1.3550620000000002
-1.355061
-1.3550620000000002
-1.355061
-1.3550620000000002
-1.355061
-1.3550620000000002
-1.355061
-1.3550620000000002
-1.355061
-1.3550620000000002
-1.355061
-1.3550620000000002
-1.355061
-1.3550620000000002
-1.355061
-1.3550620000000002
-1.355061
-1.3550620000000002
-1.355061
-1.3550620000000002
-1.355061
-1.3550620000000002
-1.355061
-1.3550620000000002
-1.355061
-1.3550620000000002
-1.355061
-1.3550620000000002
-1.355061
-1.3550620000000002
-1.355061
-1.3550620000000002
-1.355061
-1.3550620000000002
-1.355061
-1.3550620000000002
-1.355061
-1.3550620000000002
-1.355061
-1.3550620000000002
-1.355061
-1.3550620000000002
-1.355061
-1.3550620000000002
-1.355061
-1.3550620000000002
