1.3026499999999999
1.31414
1.3026499999999999
1.31414
1.3026499999999999
1.31414
1.3026499999999999
1.31414
1.3026499999999999
1.31414
1.3026499999999999
1.31414
1.3026499999999999
1.31414
1.3026499999999999
1.31414
1.3026499999999999
1.31414
1.3026499999999999
1.31414
1.3026499999999999
1.31414
1.3026499999999999
1.31414
1.3026499999999999
1.31414
1.3026499999999999
1.31414
1.3026499999999999
1.31414
1.3026499999999999
1.31414
1.3026499999999999
1.31414
1.3026499999999999
1.31414
1.3026499999999999
1.31414
1.3026499999999999
1.31414
1.3026499999999999
1.31414
1.3026499999999999
1.31414
1.3026499999999999
1.31414
1.3026499999999999
1.31414
1.3026499999999999
1.31414
1.3026499999999999
1.31414
1.3026499999999999
1.31414
1.3026499999999999
1.31414
1.3026499999999999
1.31414
1.3026499999999999
1.31414
1.3026499999999999
1.31414
1.3026499999999999
1.31414
1.3026499999999999
1.31414
1.3026499999999999
1.31414
1.3026499999999999
1.31414
1.3026499999999999
1.31414
1.3026499999999999
1.31414
1.3026499999999999
1.31414
1.3026499999999999
1.31414
1.3026499999999999
1.31414
1.3026499999999999
1.31414
1.3026499999999999
1.31414
1.3026499999999999
1.31414
1.3026499999999999
1.31414
1.3026499999999999
1.31414
1.3026499999999999
1.31414
1.3026499999999999
1.31414
1.3026499999999999
1.31414
1.3026499999999999
1.31414
1.3026499999999999
1.31414
1.3026499999999999
1.31414
1.3026499999999999
1.31414
1.3026499999999999
1.31414
1.3026499999999999
1.31414
1.3026499999999999
1.31414
1.3026499999999999
1.31414
1.3026499999999999
1.31414
1.3026499999999999
1.31414
1.3026499999999999
1.31414
1.3026499999999999
1.31414
-1.3090549999999999
-1.3077360000000002
-1.3090549999999999
-1.3077360000000002
-1.3090549999999999
-1.3077360000000002
-1.3090549999999999
-1.3077360000000002
-1.3090549999999999
-1.3077360000000002
-1.3090549999999999
-1.3077360000000002
-1.3090549999999999
-1.3077360000000002
-1.3090549999999999
-1.3077360000000002
-1.3090549999999999
-1.3077360000000002
-1.3090549999999999
-1.3077360000000002
-1.3090549999999999
-1.3077360000000002
-1.3090549999999999
-1.3077360000000002
-1.3090549999999999
-1.3077360000000002
-1.3090549999999999
-1.3077360000000002
-1.3090549999999999
-1.3077360000000002
-1.3090549999999999
-1.3077360000000002
-1.3090549999999999
-1.3077360000000002
-1.3090549999999999
-1.3077360000000002
-1.3090549999999999
-1.3077360000000002
-1.3090549999999999
-1.3077360000000002
-1.3090549999999999
-1.3077360000000002
-1.3090549999999999
-1.3077360000000002
-1.3090549999999999
-1.3077360000000002
-1.3090549999999999
-1.3077360000000002
-1.3090549999999999
-1.3077360000000002
-1.3090549999999999
-1.3077360000000002
-1.3090549999999999
-1.3077360000000002
-1.3090549999999999
-1.3077360000000002
-1.3090549999999999
-1.3077360000000002
-1.3090549999999999
-1.3077360000000002
-1.3090549999999999
-1.3077360000000002
-1.3090549999999999
-1.3077360000000002
-1.3090549999999999
-1.3077360000000002
-1.3090549999999999
-1.3077360000000002
-1.3090549999999999
-1.3077360000000002
-1.3090549999999999
-1.3077360000000002
-1.3090549999999999
-1.3077360000000002
-1.3090549999999999
-1.3077360000000002
-1.3090549999999999
-1.3077360000000002
-1.3090549999999999
-1.3077360000000002
-1.3090549999999999
-1.3077360000000002
-1.3090549999999999
-1.3077360000000002
-1.3090549999999999
-1.3077360000000002
-1.3090549999999999
-1.3077360000000002
-1.3090549999999999
-1.3077360000000002
-1.3090549999999999
-1.3077360000000002
-1.3090549999999999
-1.3077360000000002
-1.3090549999999999
-1.3077360000000002
-1.3090549999999999
-1.3077360000000002
-1.3090549999999999
-1.3077360000000002
-1.3090549999999999
-1.3077360000000002
-1.3090549999999999
-1.3077360000000002
-1.3090549999999999
-1.3077360000000002
-1.3090549999999999
-1.3077360000000002
-1.3090549999999999
-1.3077360000000002
-1.3090549999999999
-1.3077360000000002
-1.3090549999999999
-1.3077360000000002
-1.3090549999999999
-1.3077360000000002
-1.3090549999999999
-1.3077360000000002
-1.3090549999999999
-1.3077360000000002
