1.2983820000000001
1.3301189999999998
1.2983820000000001
1.3301189999999998
1.2983820000000001
1.3301189999999998
1.2983820000000001
1.3301189999999998
1.2983820000000001
1.3301189999999998
1.2983820000000001
1.3301189999999998
1.2983820000000001
1.3301189999999998
1.2983820000000001
1.3301189999999998
1.2983820000000001
1.3301189999999998
1.2983820000000001
1.3301189999999998
1.2983820000000001
1.3301189999999998
1.2983820000000001
1.3301189999999998
1.2983820000000001
1.3301189999999998
1.2983820000000001
1.3301189999999998
1.2983820000000001
1.3301189999999998
1.2983820000000001
1.3301189999999998
1.2983820000000001
1.3301189999999998
1.2983820000000001
1.3301189999999998
1.2983820000000001
1.3301189999999998
1.2983820000000001
1.3301189999999998
1.2983820000000001
1.3301189999999998
1.2983820000000001
1.3301189999999998
1.2983820000000001
1.3301189999999998
1.2983820000000001
1.3301189999999998
1.2983820000000001
1.3301189999999998
1.2983820000000001
1.3301189999999998
1.2983820000000001
1.3301189999999998
1.2983820000000001
1.3301189999999998
1.2983820000000001
1.3301189999999998
1.2983820000000001
1.3301189999999998
1.2983820000000001
1.3301189999999998
1.2983820000000001
1.3301189999999998
1.2983820000000001
1.3301189999999998
1.2983820000000001
1.3301189999999998
1.2983820000000001
1.3301189999999998
1.2983820000000001
1.3301189999999998
1.2983820000000001
1.3301189999999998
1.2983820000000001
1.3301189999999998
1.2983820000000001
1.3301189999999998
1.2983820000000001
1.3301189999999998
1.2983820000000001
1.3301189999999998
1.2983820000000001
1.3301189999999998
1.2983820000000001
1.3301189999999998
1.2983820000000001
1.3301189999999998
1.2983820000000001
1.3301189999999998
1.2983820000000001
1.3301189999999998
1.2983820000000001
1.3301189999999998
1.2983820000000001
1.3301189999999998
1.2983820000000001
1.3301189999999998
1.2983820000000001
1.3301189999999998
1.2983820000000001
1.3301189999999998
1.2983820000000001
1.3301189999999998
1.2983820000000001
1.3301189999999998
1.2983820000000001
1.3301189999999998
1.2983820000000001
1.3301189999999998
1.2983820000000001
1.3301189999999998
1.2983820000000001
1.3301189999999998
1.2983820000000001
1.3301189999999998
1.2983820000000001
1.3301189999999998
1.2983820000000001
1.3301189999999998
-1.3195290000000002
-1.3089709999999997
-1.3195290000000002
-1.3089709999999997
-1.3195290000000002
-1.3089709999999997
-1.3195290000000002
-1.3089709999999997
-1.3195290000000002
-1.3089709999999997
-1.3195290000000002
-1.3089709999999997
-1.3195290000000002
-1.3089709999999997
-1.3195290000000002
-1.3089709999999997
-1.3195290000000002
-1.3089709999999997
-1.3195290000000002
-1.3089709999999997
-1.3195290000000002
-1.3089709999999997
-1.3195290000000002
-1.3089709999999997
-1.3195290000000002
-1.3089709999999997
-1.3195290000000002
-1.3089709999999997
-1.3195290000000002
-1.3089709999999997
-1.3195290000000002
-1.3089709999999997
-1.3195290000000002
-1.3089709999999997
-1.3195290000000002
-1.3089709999999997
-1.3195290000000002
-1.3089709999999997
-1.3195290000000002
-1.3089709999999997
-1.3195290000000002
-1.3089709999999997
-1.3195290000000002
-1.3089709999999997
-1.3195290000000002
-1.3089709999999997
-1.3195290000000002
-1.3089709999999997
-1.3195290000000002
-1.3089709999999997
-1.3195290000000002
-1.3089709999999997
-1.3195290000000002
-1.3089709999999997
-1.3195290000000002
-1.3089709999999997
-1.3195290000000002
-1.3089709999999997
-1.3195290000000002
-1.3089709999999997
-1.3195290000000002
-1.3089709999999997
-1.3195290000000002
-1.3089709999999997
-1.3195290000000002
-1.3089709999999997
-1.3195290000000002
-1.3089709999999997
-1.3195290000000002
-1.3089709999999997
-1.3195290000000002
-1.3089709999999997
-1.3195290000000002
-1.3089709999999997
-1.3195290000000002
-1.3089709999999997
-1.3195290000000002
-1.3089709999999997
-1.3195290000000002
-1.3089709999999997
-1.3195290000000002
-1.3089709999999997
-1.3195290000000002
-1.3089709999999997
-1.3195290000000002
-1.3089709999999997
-1.3195290000000002
-1.3089709999999997
-1.3195290000000002
-1.3089709999999997
-1.3195290000000002
-1.3089709999999997
-1.3195290000000002
-1.3089709999999997
-1.3195290000000002
-1.3089709999999997
-1.3195290000000002
-1.3089709999999997
-1.3195290000000002
-1.3089709999999997
-1.3195290000000002
-1.3089709999999997
-1.3195290000000002
-1.3089709999999997
-1.3195290000000002
-1.3089709999999997
-1.3195290000000002
-1.3089709999999997
-1.3195290000000002
-1.3089709999999997
-1.3195290000000002
-1.3089709999999997
-1.3195290000000002
-1.3089709999999997
-1.3195290000000002
-1.3089709999999997
-1.3195290000000002
-1.3089709999999997
-1.3195290000000002
-1.3089709999999997
