1.4226960000000002
1.4134069999999994
1.4194460000000007
1.4201460000000008
1.4226960000000002
1.4134069999999994
1.4194460000000007
1.4201460000000008
1.4226960000000002
1.4134069999999994
1.4194460000000007
1.4201460000000008
1.4226960000000002
1.4134069999999994
1.4194460000000007
1.4201460000000008
1.4226960000000002
1.4134069999999994
1.4194460000000007
1.4201460000000008
1.4226960000000002
1.4134069999999994
1.4194460000000007
1.4201460000000008
1.4226960000000002
1.4134069999999994
1.4194460000000007
1.4201460000000008
1.4226960000000002
1.4134069999999994
1.4194460000000007
1.4201460000000008
1.4226960000000002
1.4134069999999994
1.4194460000000007
1.4201460000000008
1.4226960000000002
1.4134069999999994
1.4194460000000007
1.4201460000000008
1.4226960000000002
1.4134069999999994
1.4194460000000007
1.4201460000000008
1.4226960000000002
1.4134069999999994
1.4194460000000007
1.4201460000000008
1.4226960000000002
1.4134069999999994
1.4194460000000007
1.4201460000000008
1.4226960000000002
1.4134069999999994
1.4194460000000007
1.4201460000000008
1.4226960000000002
1.4134069999999994
1.4194460000000007
1.4201460000000008
1.4226960000000002
1.4134069999999994
1.4194460000000007
1.4201460000000008
1.4226960000000002
1.4134069999999994
1.4194460000000007
1.4201460000000008
1.4226960000000002
1.4134069999999994
1.4194460000000007
1.4201460000000008
1.4226960000000002
1.4134069999999994
1.4194460000000007
1.4201460000000008
1.4226960000000002
1.4134069999999994
1.4194460000000007
1.4201460000000008
1.4226960000000002
1.4134069999999994
1.4194460000000007
1.4201460000000008
1.4226960000000002
1.4134069999999994
1.4194460000000007
1.4201460000000008
1.4226960000000002
1.4134069999999994
1.4194460000000007
1.4201460000000008
1.4226960000000002
1.4134069999999994
1.4194460000000007
1.4201460000000008
1.4226960000000002
1.4134069999999994
1.4194460000000007
1.4201460000000008
1.4226960000000002
1.4134069999999994
1.4194460000000007
1.4201460000000008
1.4226960000000002
1.4134069999999994
1.4194460000000007
1.4201460000000008
1.4226960000000002
1.4134069999999994
1.4194460000000007
1.4201460000000008
1.4226960000000002
1.4134069999999994
1.4194460000000007
1.4201460000000008
1.4226960000000002
1.4134069999999994
1.4194460000000007
1.4201460000000008
1.4226960000000002
1.4134069999999994
1.4194460000000007
1.4201460000000008
1.4226960000000002
1.4134069999999994
1.4194460000000007
1.4201460000000008
1.4226960000000002
1.4134069999999994
1.4194460000000007
1.4201460000000008
1.4226960000000002
1.4134069999999994
1.4194460000000007
1.4201460000000008
1.4226960000000002
1.4134069999999994
1.4194460000000007
1.4201460000000008
1.4226960000000002
1.4134069999999994
1.4194460000000007
1.4201460000000008
1.4226960000000002
1.4134069999999994
1.4194460000000007
1.4201460000000008
1.4226960000000002
1.4134069999999994
1.4194460000000007
1.4201460000000008
1.4226960000000002
1.4134069999999994
1.4194460000000007
1.4201460000000008
1.4226960000000002
1.4134069999999994
1.4194460000000007
1.4201460000000008
1.4226960000000002
1.4134069999999994
1.4194460000000007
1.4201460000000008
1.4226960000000002
1.4134069999999994
1.4194460000000007
1.4201460000000008
1.4226960000000002
1.4134069999999994
1.4194460000000007
1.4201460000000008
1.4226960000000002
1.4134069999999994
1.4194460000000007
1.4201460000000008
1.4226960000000002
1.4134069999999994
1.4194460000000007
1.4201460000000008
1.4226960000000002
1.4134069999999994
1.4194460000000007
1.4201460000000008
1.4226960000000002
1.4134069999999994
1.4194460000000007
1.4201460000000008
1.4226960000000002
1.4134069999999994
1.4194460000000007
1.4201460000000008
-1.417377
-1.4182329999999999
-1.4228360000000002
-1.4172440000000002
-1.417377
-1.4182329999999999
-1.4228360000000002
-1.4172440000000002
-1.417377
-1.4182329999999999
-1.4228360000000002
-1.4172440000000002
-1.417377
-1.4182329999999999
-1.4228360000000002
-1.4172440000000002
-1.417377
-1.4182329999999999
-1.4228360000000002
-1.4172440000000002
-1.417377
-1.4182329999999999
-1.4228360000000002
-1.4172440000000002
-1.417377
-1.4182329999999999
-1.4228360000000002
-1.4172440000000002
-1.417377
-1.4182329999999999
-1.4228360000000002
-1.4172440000000002
-1.417377
-1.4182329999999999
-1.4228360000000002
-1.4172440000000002
-1.417377
-1.4182329999999999
-1.4228360000000002
-1.4172440000000002
-1.417377
-1.4182329999999999
-1.4228360000000002
-1.4172440000000002
-1.417377
-1.4182329999999999
-1.4228360000000002
-1.4172440000000002
-1.417377
-1.4182329999999999
-1.4228360000000002
-1.4172440000000002
-1.417377
-1.4182329999999999
-1.4228360000000002
-1.4172440000000002
-1.417377
-1.4182329999999999
-1.4228360000000002
-1.4172440000000002
-1.417377
-1.4182329999999999
-1.4228360000000002
-1.4172440000000002
-1.417377
-1.4182329999999999
-1.4228360000000002
-1.4172440000000002
-1.417377
-1.4182329999999999
-1.4228360000000002
-1.4172440000000002
-1.417377
-1.4182329999999999
-1.4228360000000002
-1.4172440000000002
-1.417377
-1.4182329999999999
-1.4228360000000002
-1.4172440000000002
-1.417377
-1.4182329999999999
-1.4228360000000002
-1.4172440000000002
-1.417377
-1.4182329999999999
-1.4228360000000002
-1.4172440000000002
-1.417377
-1.4182329999999999
-1.4228360000000002
-1.4172440000000002
-1.417377
-1.4182329999999999
-1.4228360000000002
-1.4172440000000002
-1.417377
-1.4182329999999999
-1.4228360000000002
-1.4172440000000002
-1.417377
-1.4182329999999999
-1.4228360000000002
-1.4172440000000002
-1.417377
-1.4182329999999999
-1.4228360000000002
-1.4172440000000002
-1.417377
-1.4182329999999999
-1.4228360000000002
-1.4172440000000002
-1.417377
-1.4182329999999999
-1.4228360000000002
-1.4172440000000002
-1.417377
-1.4182329999999999
-1.4228360000000002
-1.4172440000000002
-1.417377
-1.4182329999999999
-1.4228360000000002
-1.4172440000000002
-1.417377
-1.4182329999999999
-1.4228360000000002
-1.4172440000000002
-1.417377
-1.4182329999999999
-1.4228360000000002
-1.4172440000000002
-1.417377
-1.4182329999999999
-1.4228360000000002
-1.4172440000000002
-1.417377
-1.4182329999999999
-1.4228360000000002
-1.4172440000000002
-1.417377
-1.4182329999999999
-1.4228360000000002
-1.4172440000000002
-1.417377
-1.4182329999999999
-1.4228360000000002
-1.4172440000000002
-1.417377
-1.4182329999999999
-1.4228360000000002
-1.4172440000000002
-1.417377
-1.4182329999999999
-1.4228360000000002
-1.4172440000000002
-1.417377
-1.4182329999999999
-1.4228360000000002
-1.4172440000000002
-1.417377
-1.4182329999999999
-1.4228360000000002
-1.4172440000000002
-1.417377
-1.4182329999999999
-1.4228360000000002
-1.4172440000000002
-1.417377
-1.4182329999999999
-1.4228360000000002
-1.4172440000000002
-1.417377
-1.4182329999999999
-1.4228360000000002
-1.4172440000000002
-1.417377
-1.4182329999999999
-1.4228360000000002
-1.4172440000000002
-1.417377
-1.4182329999999999
-1.4228360000000002
-1.4172440000000002
-1.417377
-1.4182329999999999
-1.4228360000000002
-1.4172440000000002
-1.417377
-1.4182329999999999
-1.4228360000000002
-1.4172440000000002
