1.3222439999999995
1.3222439999999995
1.3222439999999995
1.3222439999999995
1.3222439999999995
1.3222439999999995
1.3222439999999995
1.3222439999999995
1.3222439999999995
1.3222439999999995
1.3222439999999995
1.3222439999999995
1.3222439999999995
1.3222439999999995
1.3222439999999995
1.3222439999999995
1.3222439999999995
1.3222439999999995
1.3222439999999995
1.3222439999999995
1.3222439999999995
1.3222439999999995
1.3222439999999995
1.3222439999999995
1.3222439999999995
1.3222439999999995
1.3222439999999995
1.3222439999999995
1.3222439999999995
1.3222439999999995
1.3222439999999995
1.3222439999999995
1.3222439999999995
1.3222439999999995
1.3222439999999995
1.3222439999999995
1.3222439999999995
1.3222439999999995
1.3222439999999995
1.3222439999999995
1.3222439999999995
1.3222439999999995
1.3222439999999995
1.3222439999999995
1.3222439999999995
1.3222439999999995
1.3222439999999995
1.3222439999999995
1.3222439999999995
1.3222439999999995
1.3222439999999995
1.3222439999999995
1.3222439999999995
1.3222439999999995
-1.322247
-1.322247
-1.322247
-1.322247
-1.322247
-1.322247
-1.322247
-1.322247
-1.322247
-1.322247
-1.322247
-1.322247
-1.322247
-1.322247
-1.322247
-1.322247
-1.322247
-1.322247
-1.322247
-1.322247
-1.322247
-1.322247
-1.322247
-1.322247
-1.322247
-1.322247
-1.322247
-1.322247
-1.322247
-1.322247
-1.322247
-1.322247
-1.322247
-1.322247
-1.322247
-1.322247
-1.322247
-1.322247
-1.322247
-1.322247
-1.322247
-1.322247
-1.322247
-1.322247
-1.322247
-1.322247
-1.322247
-1.322247
-1.322247
-1.322247
-1.322247
-1.322247
-1.322247
-1.322247
