1.3786850000000008
1.3773890000000009
1.3786850000000008
1.3773890000000009
1.3786850000000008
1.3773890000000009
1.3786850000000008
1.3773890000000009
1.3786850000000008
1.3773890000000009
1.3786850000000008
1.3773890000000009
1.3786850000000008
1.3773890000000009
1.3786850000000008
1.3773890000000009
1.3786850000000008
1.3773890000000009
1.3786850000000008
1.3773890000000009
1.3786850000000008
1.3773890000000009
1.3786850000000008
1.3773890000000009
1.3786850000000008
1.3773890000000009
1.3786850000000008
1.3773890000000009
1.3786850000000008
1.3773890000000009
1.3786850000000008
1.3773890000000009
1.3786850000000008
1.3773890000000009
1.3786850000000008
1.3773890000000009
1.3786850000000008
1.3773890000000009
1.3786850000000008
1.3773890000000009
1.3786850000000008
1.3773890000000009
1.3786850000000008
1.3773890000000009
1.3786850000000008
1.3773890000000009
1.3786850000000008
1.3773890000000009
1.3786850000000008
1.3773890000000009
1.3786850000000008
1.3773890000000009
1.3786850000000008
1.3773890000000009
1.3786850000000008
1.3773890000000009
1.3786850000000008
1.3773890000000009
1.3786850000000008
1.3773890000000009
1.3786850000000008
1.3773890000000009
1.3786850000000008
1.3773890000000009
1.3786850000000008
1.3773890000000009
1.3786850000000008
1.3773890000000009
1.3786850000000008
1.3773890000000009
1.3786850000000008
1.3773890000000009
1.3786850000000008
1.3773890000000009
1.3786850000000008
1.3773890000000009
1.3786850000000008
1.3773890000000009
1.3786850000000008
1.3773890000000009
1.3786850000000008
1.3773890000000009
1.3786850000000008
1.3773890000000009
1.3786850000000008
1.3773890000000009
1.3786850000000008
1.3773890000000009
1.3786850000000008
1.3773890000000009
1.3786850000000008
1.3773890000000009
1.3786850000000008
1.3773890000000009
1.3786850000000008
1.3773890000000009
1.3786850000000008
1.3773890000000009
1.3786850000000008
1.3773890000000009
1.3786850000000008
1.3773890000000009
1.3786850000000008
1.3773890000000009
1.3786850000000008
1.3773890000000009
1.3786850000000008
1.3773890000000009
1.3786850000000008
1.3773890000000009
1.3786850000000008
1.3773890000000009
1.3786850000000008
1.3773890000000009
1.3786850000000008
1.3773890000000009
1.3786850000000008
1.3773890000000009
1.3786850000000008
1.3773890000000009
-1.3730190000000002
-1.3830559999999998
-1.3730190000000002
-1.3830559999999998
-1.3730190000000002
-1.3830559999999998
-1.3730190000000002
-1.3830559999999998
-1.3730190000000002
-1.3830559999999998
-1.3730190000000002
-1.3830559999999998
-1.3730190000000002
-1.3830559999999998
-1.3730190000000002
-1.3830559999999998
-1.3730190000000002
-1.3830559999999998
-1.3730190000000002
-1.3830559999999998
-1.3730190000000002
-1.3830559999999998
-1.3730190000000002
-1.3830559999999998
-1.3730190000000002
-1.3830559999999998
-1.3730190000000002
-1.3830559999999998
-1.3730190000000002
-1.3830559999999998
-1.3730190000000002
-1.3830559999999998
-1.3730190000000002
-1.3830559999999998
-1.3730190000000002
-1.3830559999999998
-1.3730190000000002
-1.3830559999999998
-1.3730190000000002
-1.3830559999999998
-1.3730190000000002
-1.3830559999999998
-1.3730190000000002
-1.3830559999999998
-1.3730190000000002
-1.3830559999999998
-1.3730190000000002
-1.3830559999999998
-1.3730190000000002
-1.3830559999999998
-1.3730190000000002
-1.3830559999999998
-1.3730190000000002
-1.3830559999999998
-1.3730190000000002
-1.3830559999999998
-1.3730190000000002
-1.3830559999999998
-1.3730190000000002
-1.3830559999999998
-1.3730190000000002
-1.3830559999999998
-1.3730190000000002
-1.3830559999999998
-1.3730190000000002
-1.3830559999999998
-1.3730190000000002
-1.3830559999999998
-1.3730190000000002
-1.3830559999999998
-1.3730190000000002
-1.3830559999999998
-1.3730190000000002
-1.3830559999999998
-1.3730190000000002
-1.3830559999999998
-1.3730190000000002
-1.3830559999999998
-1.3730190000000002
-1.3830559999999998
-1.3730190000000002
-1.3830559999999998
-1.3730190000000002
-1.3830559999999998
-1.3730190000000002
-1.3830559999999998
-1.3730190000000002
-1.3830559999999998
-1.3730190000000002
-1.3830559999999998
-1.3730190000000002
-1.3830559999999998
-1.3730190000000002
-1.3830559999999998
-1.3730190000000002
-1.3830559999999998
-1.3730190000000002
-1.3830559999999998
-1.3730190000000002
-1.3830559999999998
-1.3730190000000002
-1.3830559999999998
-1.3730190000000002
-1.3830559999999998
-1.3730190000000002
-1.3830559999999998
-1.3730190000000002
-1.3830559999999998
-1.3730190000000002
-1.3830559999999998
-1.3730190000000002
-1.3830559999999998
-1.3730190000000002
-1.3830559999999998
-1.3730190000000002
-1.3830559999999998
-1.3730190000000002
-1.3830559999999998
-1.3730190000000002
-1.3830559999999998
