1.4358959999999996
1.4353920000000002
1.434927
1.436496
1.4358959999999996
1.4353920000000002
1.434927
1.436496
1.4358959999999996
1.4353920000000002
1.434927
1.436496
1.4358959999999996
1.4353920000000002
1.434927
1.436496
1.4358959999999996
1.4353920000000002
1.434927
1.436496
1.4358959999999996
1.4353920000000002
1.434927
1.436496
1.4358959999999996
1.4353920000000002
1.434927
1.436496
1.4358959999999996
1.4353920000000002
1.434927
1.436496
1.4358959999999996
1.4353920000000002
1.434927
1.436496
1.4358959999999996
1.4353920000000002
1.434927
1.436496
1.4358959999999996
1.4353920000000002
1.434927
1.436496
1.4358959999999996
1.4353920000000002
1.434927
1.436496
1.4358959999999996
1.4353920000000002
1.434927
1.436496
1.4358959999999996
1.4353920000000002
1.434927
1.436496
1.4358959999999996
1.4353920000000002
1.434927
1.436496
1.4358959999999996
1.4353920000000002
1.434927
1.436496
1.4358959999999996
1.4353920000000002
1.434927
1.436496
1.4358959999999996
1.4353920000000002
1.434927
1.436496
1.4358959999999996
1.4353920000000002
1.434927
1.436496
1.4358959999999996
1.4353920000000002
1.434927
1.436496
1.4358959999999996
1.4353920000000002
1.434927
1.436496
1.4358959999999996
1.4353920000000002
1.434927
1.436496
1.4358959999999996
1.4353920000000002
1.434927
1.436496
1.4358959999999996
1.4353920000000002
1.434927
1.436496
1.4358959999999996
1.4353920000000002
1.434927
1.436496
1.4358959999999996
1.4353920000000002
1.434927
1.436496
1.4358959999999996
1.4353920000000002
1.434927
1.436496
1.4358959999999996
1.4353920000000002
1.434927
1.436496
1.4358959999999996
1.4353920000000002
1.434927
1.436496
1.4358959999999996
1.4353920000000002
1.434927
1.436496
1.4358959999999996
1.4353920000000002
1.434927
1.436496
1.4358959999999996
1.4353920000000002
1.434927
1.436496
1.4358959999999996
1.4353920000000002
1.434927
1.436496
1.4358959999999996
1.4353920000000002
1.434927
1.436496
1.4358959999999996
1.4353920000000002
1.434927
1.436496
1.4358959999999996
1.4353920000000002
1.434927
1.436496
-1.4364879999999998
-1.4361490000000003
-1.4359270000000004
-1.4341429999999997
-1.4364879999999998
-1.4361490000000003
-1.4359270000000004
-1.4341429999999997
-1.4364879999999998
-1.4361490000000003
-1.4359270000000004
-1.4341429999999997
-1.4364879999999998
-1.4361490000000003
-1.4359270000000004
-1.4341429999999997
-1.4364879999999998
-1.4361490000000003
-1.4359270000000004
-1.4341429999999997
-1.4364879999999998
-1.4361490000000003
-1.4359270000000004
-1.4341429999999997
-1.4364879999999998
-1.4361490000000003
-1.4359270000000004
-1.4341429999999997
-1.4364879999999998
-1.4361490000000003
-1.4359270000000004
-1.4341429999999997
-1.4364879999999998
-1.4361490000000003
-1.4359270000000004
-1.4341429999999997
-1.4364879999999998
-1.4361490000000003
-1.4359270000000004
-1.4341429999999997
-1.4364879999999998
-1.4361490000000003
-1.4359270000000004
-1.4341429999999997
-1.4364879999999998
-1.4361490000000003
-1.4359270000000004
-1.4341429999999997
-1.4364879999999998
-1.4361490000000003
-1.4359270000000004
-1.4341429999999997
-1.4364879999999998
-1.4361490000000003
-1.4359270000000004
-1.4341429999999997
-1.4364879999999998
-1.4361490000000003
-1.4359270000000004
-1.4341429999999997
-1.4364879999999998
-1.4361490000000003
-1.4359270000000004
-1.4341429999999997
-1.4364879999999998
-1.4361490000000003
-1.4359270000000004
-1.4341429999999997
-1.4364879999999998
-1.4361490000000003
-1.4359270000000004
-1.4341429999999997
-1.4364879999999998
-1.4361490000000003
-1.4359270000000004
-1.4341429999999997
-1.4364879999999998
-1.4361490000000003
-1.4359270000000004
-1.4341429999999997
-1.4364879999999998
-1.4361490000000003
-1.4359270000000004
-1.4341429999999997
-1.4364879999999998
-1.4361490000000003
-1.4359270000000004
-1.4341429999999997
-1.4364879999999998
-1.4361490000000003
-1.4359270000000004
-1.4341429999999997
-1.4364879999999998
-1.4361490000000003
-1.4359270000000004
-1.4341429999999997
-1.4364879999999998
-1.4361490000000003
-1.4359270000000004
-1.4341429999999997
-1.4364879999999998
-1.4361490000000003
-1.4359270000000004
-1.4341429999999997
-1.4364879999999998
-1.4361490000000003
-1.4359270000000004
-1.4341429999999997
-1.4364879999999998
-1.4361490000000003
-1.4359270000000004
-1.4341429999999997
-1.4364879999999998
-1.4361490000000003
-1.4359270000000004
-1.4341429999999997
-1.4364879999999998
-1.4361490000000003
-1.4359270000000004
-1.4341429999999997
-1.4364879999999998
-1.4361490000000003
-1.4359270000000004
-1.4341429999999997
-1.4364879999999998
-1.4361490000000003
-1.4359270000000004
-1.4341429999999997
-1.4364879999999998
-1.4361490000000003
-1.4359270000000004
-1.4341429999999997
-1.4364879999999998
-1.4361490000000003
-1.4359270000000004
-1.4341429999999997
-1.4364879999999998
-1.4361490000000003
-1.4359270000000004
-1.4341429999999997
-1.4364879999999998
-1.4361490000000003
-1.4359270000000004
-1.4341429999999997
