1.4352099999999997
1.4316870000000002
1.4341840000000001
1.4306479999999997
1.4352099999999997
1.4316870000000002
1.4341840000000001
1.4306479999999997
1.4352099999999997
1.4316870000000002
1.4341840000000001
1.4306479999999997
1.4352099999999997
1.4316870000000002
1.4341840000000001
1.4306479999999997
1.4352099999999997
1.4316870000000002
1.4341840000000001
1.4306479999999997
1.4352099999999997
1.4316870000000002
1.4341840000000001
1.4306479999999997
1.4352099999999997
1.4316870000000002
1.4341840000000001
1.4306479999999997
1.4352099999999997
1.4316870000000002
1.4341840000000001
1.4306479999999997
1.4352099999999997
1.4316870000000002
1.4341840000000001
1.4306479999999997
1.4352099999999997
1.4316870000000002
1.4341840000000001
1.4306479999999997
1.4352099999999997
1.4316870000000002
1.4341840000000001
1.4306479999999997
1.4352099999999997
1.4316870000000002
1.4341840000000001
1.4306479999999997
1.4352099999999997
1.4316870000000002
1.4341840000000001
1.4306479999999997
1.4352099999999997
1.4316870000000002
1.4341840000000001
1.4306479999999997
1.4352099999999997
1.4316870000000002
1.4341840000000001
1.4306479999999997
1.4352099999999997
1.4316870000000002
1.4341840000000001
1.4306479999999997
1.4352099999999997
1.4316870000000002
1.4341840000000001
1.4306479999999997
1.4352099999999997
1.4316870000000002
1.4341840000000001
1.4306479999999997
1.4352099999999997
1.4316870000000002
1.4341840000000001
1.4306479999999997
1.4352099999999997
1.4316870000000002
1.4341840000000001
1.4306479999999997
1.4352099999999997
1.4316870000000002
1.4341840000000001
1.4306479999999997
1.4352099999999997
1.4316870000000002
1.4341840000000001
1.4306479999999997
1.4352099999999997
1.4316870000000002
1.4341840000000001
1.4306479999999997
1.4352099999999997
1.4316870000000002
1.4341840000000001
1.4306479999999997
1.4352099999999997
1.4316870000000002
1.4341840000000001
1.4306479999999997
1.4352099999999997
1.4316870000000002
1.4341840000000001
1.4306479999999997
1.4352099999999997
1.4316870000000002
1.4341840000000001
1.4306479999999997
1.4352099999999997
1.4316870000000002
1.4341840000000001
1.4306479999999997
1.4352099999999997
1.4316870000000002
1.4341840000000001
1.4306479999999997
1.4352099999999997
1.4316870000000002
1.4341840000000001
1.4306479999999997
1.4352099999999997
1.4316870000000002
1.4341840000000001
1.4306479999999997
1.4352099999999997
1.4316870000000002
1.4341840000000001
1.4306479999999997
1.4352099999999997
1.4316870000000002
1.4341840000000001
1.4306479999999997
1.4352099999999997
1.4316870000000002
1.4341840000000001
1.4306479999999997
1.4352099999999997
1.4316870000000002
1.4341840000000001
1.4306479999999997
1.4352099999999997
1.4316870000000002
1.4341840000000001
1.4306479999999997
-1.433115
-1.4302320000000002
-1.43546
-1.4329219999999996
-1.433115
-1.4302320000000002
-1.43546
-1.4329219999999996
-1.433115
-1.4302320000000002
-1.43546
-1.4329219999999996
-1.433115
-1.4302320000000002
-1.43546
-1.4329219999999996
-1.433115
-1.4302320000000002
-1.43546
-1.4329219999999996
-1.433115
-1.4302320000000002
-1.43546
-1.4329219999999996
-1.433115
-1.4302320000000002
-1.43546
-1.4329219999999996
-1.433115
-1.4302320000000002
-1.43546
-1.4329219999999996
-1.433115
-1.4302320000000002
-1.43546
-1.4329219999999996
-1.433115
-1.4302320000000002
-1.43546
-1.4329219999999996
-1.433115
-1.4302320000000002
-1.43546
-1.4329219999999996
-1.433115
-1.4302320000000002
-1.43546
-1.4329219999999996
-1.433115
-1.4302320000000002
-1.43546
-1.4329219999999996
-1.433115
-1.4302320000000002
-1.43546
-1.4329219999999996
-1.433115
-1.4302320000000002
-1.43546
-1.4329219999999996
-1.433115
-1.4302320000000002
-1.43546
-1.4329219999999996
-1.433115
-1.4302320000000002
-1.43546
-1.4329219999999996
-1.433115
-1.4302320000000002
-1.43546
-1.4329219999999996
-1.433115
-1.4302320000000002
-1.43546
-1.4329219999999996
-1.433115
-1.4302320000000002
-1.43546
-1.4329219999999996
-1.433115
-1.4302320000000002
-1.43546
-1.4329219999999996
-1.433115
-1.4302320000000002
-1.43546
-1.4329219999999996
-1.433115
-1.4302320000000002
-1.43546
-1.4329219999999996
-1.433115
-1.4302320000000002
-1.43546
-1.4329219999999996
-1.433115
-1.4302320000000002
-1.43546
-1.4329219999999996
-1.433115
-1.4302320000000002
-1.43546
-1.4329219999999996
-1.433115
-1.4302320000000002
-1.43546
-1.4329219999999996
-1.433115
-1.4302320000000002
-1.43546
-1.4329219999999996
-1.433115
-1.4302320000000002
-1.43546
-1.4329219999999996
-1.433115
-1.4302320000000002
-1.43546
-1.4329219999999996
-1.433115
-1.4302320000000002
-1.43546
-1.4329219999999996
-1.433115
-1.4302320000000002
-1.43546
-1.4329219999999996
-1.433115
-1.4302320000000002
-1.43546
-1.4329219999999996
-1.433115
-1.4302320000000002
-1.43546
-1.4329219999999996
-1.433115
-1.4302320000000002
-1.43546
-1.4329219999999996
-1.433115
-1.4302320000000002
-1.43546
-1.4329219999999996
