1.4212889999999998
1.4244880000000002
1.4255779999999998
1.4150960000000001
1.4212889999999998
1.4244880000000002
1.4255779999999998
1.4150960000000001
1.4212889999999998
1.4244880000000002
1.4255779999999998
1.4150960000000001
1.4212889999999998
1.4244880000000002
1.4255779999999998
1.4150960000000001
1.4212889999999998
1.4244880000000002
1.4255779999999998
1.4150960000000001
1.4212889999999998
1.4244880000000002
1.4255779999999998
1.4150960000000001
1.4212889999999998
1.4244880000000002
1.4255779999999998
1.4150960000000001
1.4212889999999998
1.4244880000000002
1.4255779999999998
1.4150960000000001
1.4212889999999998
1.4244880000000002
1.4255779999999998
1.4150960000000001
1.4212889999999998
1.4244880000000002
1.4255779999999998
1.4150960000000001
1.4212889999999998
1.4244880000000002
1.4255779999999998
1.4150960000000001
1.4212889999999998
1.4244880000000002
1.4255779999999998
1.4150960000000001
1.4212889999999998
1.4244880000000002
1.4255779999999998
1.4150960000000001
1.4212889999999998
1.4244880000000002
1.4255779999999998
1.4150960000000001
1.4212889999999998
1.4244880000000002
1.4255779999999998
1.4150960000000001
1.4212889999999998
1.4244880000000002
1.4255779999999998
1.4150960000000001
1.4212889999999998
1.4244880000000002
1.4255779999999998
1.4150960000000001
1.4212889999999998
1.4244880000000002
1.4255779999999998
1.4150960000000001
1.4212889999999998
1.4244880000000002
1.4255779999999998
1.4150960000000001
1.4212889999999998
1.4244880000000002
1.4255779999999998
1.4150960000000001
1.4212889999999998
1.4244880000000002
1.4255779999999998
1.4150960000000001
1.4212889999999998
1.4244880000000002
1.4255779999999998
1.4150960000000001
1.4212889999999998
1.4244880000000002
1.4255779999999998
1.4150960000000001
1.4212889999999998
1.4244880000000002
1.4255779999999998
1.4150960000000001
1.4212889999999998
1.4244880000000002
1.4255779999999998
1.4150960000000001
1.4212889999999998
1.4244880000000002
1.4255779999999998
1.4150960000000001
1.4212889999999998
1.4244880000000002
1.4255779999999998
1.4150960000000001
1.4212889999999998
1.4244880000000002
1.4255779999999998
1.4150960000000001
1.4212889999999998
1.4244880000000002
1.4255779999999998
1.4150960000000001
1.4212889999999998
1.4244880000000002
1.4255779999999998
1.4150960000000001
1.4212889999999998
1.4244880000000002
1.4255779999999998
1.4150960000000001
1.4212889999999998
1.4244880000000002
1.4255779999999998
1.4150960000000001
1.4212889999999998
1.4244880000000002
1.4255779999999998
1.4150960000000001
1.4212889999999998
1.4244880000000002
1.4255779999999998
1.4150960000000001
1.4212889999999998
1.4244880000000002
1.4255779999999998
1.4150960000000001
1.4212889999999998
1.4244880000000002
1.4255779999999998
1.4150960000000001
-1.4179969999999997
-1.4208800000000004
-1.4256719999999996
-1.4219030000000004
-1.4179969999999997
-1.4208800000000004
-1.4256719999999996
-1.4219030000000004
-1.4179969999999997
-1.4208800000000004
-1.4256719999999996
-1.4219030000000004
-1.4179969999999997
-1.4208800000000004
-1.4256719999999996
-1.4219030000000004
-1.4179969999999997
-1.4208800000000004
-1.4256719999999996
-1.4219030000000004
-1.4179969999999997
-1.4208800000000004
-1.4256719999999996
-1.4219030000000004
-1.4179969999999997
-1.4208800000000004
-1.4256719999999996
-1.4219030000000004
-1.4179969999999997
-1.4208800000000004
-1.4256719999999996
-1.4219030000000004
-1.4179969999999997
-1.4208800000000004
-1.4256719999999996
-1.4219030000000004
-1.4179969999999997
-1.4208800000000004
-1.4256719999999996
-1.4219030000000004
-1.4179969999999997
-1.4208800000000004
-1.4256719999999996
-1.4219030000000004
-1.4179969999999997
-1.4208800000000004
-1.4256719999999996
-1.4219030000000004
-1.4179969999999997
-1.4208800000000004
-1.4256719999999996
-1.4219030000000004
-1.4179969999999997
-1.4208800000000004
-1.4256719999999996
-1.4219030000000004
-1.4179969999999997
-1.4208800000000004
-1.4256719999999996
-1.4219030000000004
-1.4179969999999997
-1.4208800000000004
-1.4256719999999996
-1.4219030000000004
-1.4179969999999997
-1.4208800000000004
-1.4256719999999996
-1.4219030000000004
-1.4179969999999997
-1.4208800000000004
-1.4256719999999996
-1.4219030000000004
-1.4179969999999997
-1.4208800000000004
-1.4256719999999996
-1.4219030000000004
-1.4179969999999997
-1.4208800000000004
-1.4256719999999996
-1.4219030000000004
-1.4179969999999997
-1.4208800000000004
-1.4256719999999996
-1.4219030000000004
-1.4179969999999997
-1.4208800000000004
-1.4256719999999996
-1.4219030000000004
-1.4179969999999997
-1.4208800000000004
-1.4256719999999996
-1.4219030000000004
-1.4179969999999997
-1.4208800000000004
-1.4256719999999996
-1.4219030000000004
-1.4179969999999997
-1.4208800000000004
-1.4256719999999996
-1.4219030000000004
-1.4179969999999997
-1.4208800000000004
-1.4256719999999996
-1.4219030000000004
-1.4179969999999997
-1.4208800000000004
-1.4256719999999996
-1.4219030000000004
-1.4179969999999997
-1.4208800000000004
-1.4256719999999996
-1.4219030000000004
-1.4179969999999997
-1.4208800000000004
-1.4256719999999996
-1.4219030000000004
-1.4179969999999997
-1.4208800000000004
-1.4256719999999996
-1.4219030000000004
-1.4179969999999997
-1.4208800000000004
-1.4256719999999996
-1.4219030000000004
-1.4179969999999997
-1.4208800000000004
-1.4256719999999996
-1.4219030000000004
-1.4179969999999997
-1.4208800000000004
-1.4256719999999996
-1.4219030000000004
-1.4179969999999997
-1.4208800000000004
-1.4256719999999996
-1.4219030000000004
-1.4179969999999997
-1.4208800000000004
-1.4256719999999996
-1.4219030000000004
-1.4179969999999997
-1.4208800000000004
-1.4256719999999996
-1.4219030000000004
