1.4450579999999995
1.4420140000000004
1.4384809999999995
1.4448209999999992
1.4450579999999995
1.4420140000000004
1.4384809999999995
1.4448209999999992
1.4450579999999995
1.4420140000000004
1.4384809999999995
1.4448209999999992
1.4450579999999995
1.4420140000000004
1.4384809999999995
1.4448209999999992
1.4450579999999995
1.4420140000000004
1.4384809999999995
1.4448209999999992
1.4450579999999995
1.4420140000000004
1.4384809999999995
1.4448209999999992
1.4450579999999995
1.4420140000000004
1.4384809999999995
1.4448209999999992
1.4450579999999995
1.4420140000000004
1.4384809999999995
1.4448209999999992
1.4450579999999995
1.4420140000000004
1.4384809999999995
1.4448209999999992
1.4450579999999995
1.4420140000000004
1.4384809999999995
1.4448209999999992
1.4450579999999995
1.4420140000000004
1.4384809999999995
1.4448209999999992
1.4450579999999995
1.4420140000000004
1.4384809999999995
1.4448209999999992
1.4450579999999995
1.4420140000000004
1.4384809999999995
1.4448209999999992
1.4450579999999995
1.4420140000000004
1.4384809999999995
1.4448209999999992
1.4450579999999995
1.4420140000000004
1.4384809999999995
1.4448209999999992
1.4450579999999995
1.4420140000000004
1.4384809999999995
1.4448209999999992
1.4450579999999995
1.4420140000000004
1.4384809999999995
1.4448209999999992
1.4450579999999995
1.4420140000000004
1.4384809999999995
1.4448209999999992
1.4450579999999995
1.4420140000000004
1.4384809999999995
1.4448209999999992
1.4450579999999995
1.4420140000000004
1.4384809999999995
1.4448209999999992
1.4450579999999995
1.4420140000000004
1.4384809999999995
1.4448209999999992
1.4450579999999995
1.4420140000000004
1.4384809999999995
1.4448209999999992
1.4450579999999995
1.4420140000000004
1.4384809999999995
1.4448209999999992
1.4450579999999995
1.4420140000000004
1.4384809999999995
1.4448209999999992
1.4450579999999995
1.4420140000000004
1.4384809999999995
1.4448209999999992
1.4450579999999995
1.4420140000000004
1.4384809999999995
1.4448209999999992
1.4450579999999995
1.4420140000000004
1.4384809999999995
1.4448209999999992
-1.4419389999999996
-1.4449370000000004
-1.4445889999999997
-1.4389089999999998
-1.4419389999999996
-1.4449370000000004
-1.4445889999999997
-1.4389089999999998
-1.4419389999999996
-1.4449370000000004
-1.4445889999999997
-1.4389089999999998
-1.4419389999999996
-1.4449370000000004
-1.4445889999999997
-1.4389089999999998
-1.4419389999999996
-1.4449370000000004
-1.4445889999999997
-1.4389089999999998
-1.4419389999999996
-1.4449370000000004
-1.4445889999999997
-1.4389089999999998
-1.4419389999999996
-1.4449370000000004
-1.4445889999999997
-1.4389089999999998
-1.4419389999999996
-1.4449370000000004
-1.4445889999999997
-1.4389089999999998
-1.4419389999999996
-1.4449370000000004
-1.4445889999999997
-1.4389089999999998
-1.4419389999999996
-1.4449370000000004
-1.4445889999999997
-1.4389089999999998
-1.4419389999999996
-1.4449370000000004
-1.4445889999999997
-1.4389089999999998
-1.4419389999999996
-1.4449370000000004
-1.4445889999999997
-1.4389089999999998
-1.4419389999999996
-1.4449370000000004
-1.4445889999999997
-1.4389089999999998
-1.4419389999999996
-1.4449370000000004
-1.4445889999999997
-1.4389089999999998
-1.4419389999999996
-1.4449370000000004
-1.4445889999999997
-1.4389089999999998
-1.4419389999999996
-1.4449370000000004
-1.4445889999999997
-1.4389089999999998
-1.4419389999999996
-1.4449370000000004
-1.4445889999999997
-1.4389089999999998
-1.4419389999999996
-1.4449370000000004
-1.4445889999999997
-1.4389089999999998
-1.4419389999999996
-1.4449370000000004
-1.4445889999999997
-1.4389089999999998
-1.4419389999999996
-1.4449370000000004
-1.4445889999999997
-1.4389089999999998
-1.4419389999999996
-1.4449370000000004
-1.4445889999999997
-1.4389089999999998
-1.4419389999999996
-1.4449370000000004
-1.4445889999999997
-1.4389089999999998
-1.4419389999999996
-1.4449370000000004
-1.4445889999999997
-1.4389089999999998
-1.4419389999999996
-1.4449370000000004
-1.4445889999999997
-1.4389089999999998
-1.4419389999999996
-1.4449370000000004
-1.4445889999999997
-1.4389089999999998
-1.4419389999999996
-1.4449370000000004
-1.4445889999999997
-1.4389089999999998
-1.4419389999999996
-1.4449370000000004
-1.4445889999999997
-1.4389089999999998
