1.3920379999999994
1.364732
1.3920379999999994
1.364732
1.3920379999999994
1.364732
1.3920379999999994
1.364732
1.3920379999999994
1.364732
1.3920379999999994
1.364732
1.3920379999999994
1.364732
1.3920379999999994
1.364732
1.3920379999999994
1.364732
1.3920379999999994
1.364732
1.3920379999999994
1.364732
1.3920379999999994
1.364732
1.3920379999999994
1.364732
1.3920379999999994
1.364732
1.3920379999999994
1.364732
1.3920379999999994
1.364732
1.3920379999999994
1.364732
1.3920379999999994
1.364732
1.3920379999999994
1.364732
1.3920379999999994
1.364732
1.3920379999999994
1.364732
1.3920379999999994
1.364732
1.3920379999999994
1.364732
1.3920379999999994
1.364732
1.3920379999999994
1.364732
1.3920379999999994
1.364732
1.3920379999999994
1.364732
1.3920379999999994
1.364732
1.3920379999999994
1.364732
1.3920379999999994
1.364732
1.3920379999999994
1.364732
1.3920379999999994
1.364732
1.3920379999999994
1.364732
1.3920379999999994
1.364732
1.3920379999999994
1.364732
1.3920379999999994
1.364732
1.3920379999999994
1.364732
1.3920379999999994
1.364732
1.3920379999999994
1.364732
1.3920379999999994
1.364732
1.3920379999999994
1.364732
1.3920379999999994
1.364732
1.3920379999999994
1.364732
1.3920379999999994
1.364732
1.3920379999999994
1.364732
1.3920379999999994
1.364732
1.3920379999999994
1.364732
1.3920379999999994
1.364732
-1.3839569999999997
-1.3728129999999998
-1.3839569999999997
-1.3728129999999998
-1.3839569999999997
-1.3728129999999998
-1.3839569999999997
-1.3728129999999998
-1.3839569999999997
-1.3728129999999998
-1.3839569999999997
-1.3728129999999998
-1.3839569999999997
-1.3728129999999998
-1.3839569999999997
-1.3728129999999998
-1.3839569999999997
-1.3728129999999998
-1.3839569999999997
-1.3728129999999998
-1.3839569999999997
-1.3728129999999998
-1.3839569999999997
-1.3728129999999998
-1.3839569999999997
-1.3728129999999998
-1.3839569999999997
-1.3728129999999998
-1.3839569999999997
-1.3728129999999998
-1.3839569999999997
-1.3728129999999998
-1.3839569999999997
-1.3728129999999998
-1.3839569999999997
-1.3728129999999998
-1.3839569999999997
-1.3728129999999998
-1.3839569999999997
-1.3728129999999998
-1.3839569999999997
-1.3728129999999998
-1.3839569999999997
-1.3728129999999998
-1.3839569999999997
-1.3728129999999998
-1.3839569999999997
-1.3728129999999998
-1.3839569999999997
-1.3728129999999998
-1.3839569999999997
-1.3728129999999998
-1.3839569999999997
-1.3728129999999998
-1.3839569999999997
-1.3728129999999998
-1.3839569999999997
-1.3728129999999998
-1.3839569999999997
-1.3728129999999998
-1.3839569999999997
-1.3728129999999998
-1.3839569999999997
-1.3728129999999998
-1.3839569999999997
-1.3728129999999998
-1.3839569999999997
-1.3728129999999998
-1.3839569999999997
-1.3728129999999998
-1.3839569999999997
-1.3728129999999998
-1.3839569999999997
-1.3728129999999998
-1.3839569999999997
-1.3728129999999998
-1.3839569999999997
-1.3728129999999998
-1.3839569999999997
-1.3728129999999998
-1.3839569999999997
-1.3728129999999998
-1.3839569999999997
-1.3728129999999998
-1.3839569999999997
-1.3728129999999998
-1.3839569999999997
-1.3728129999999998
-1.3839569999999997
-1.3728129999999998
-1.3839569999999997
-1.3728129999999998
-1.3839569999999997
-1.3728129999999998
-1.3839569999999997
-1.3728129999999998
