1.3917149999999996
1.3602530000000002
1.3917149999999996
1.3602530000000002
1.3917149999999996
1.3602530000000002
1.3917149999999996
1.3602530000000002
1.3917149999999996
1.3602530000000002
1.3917149999999996
1.3602530000000002
1.3917149999999996
1.3602530000000002
1.3917149999999996
1.3602530000000002
1.3917149999999996
1.3602530000000002
1.3917149999999996
1.3602530000000002
1.3917149999999996
1.3602530000000002
1.3917149999999996
1.3602530000000002
1.3917149999999996
1.3602530000000002
1.3917149999999996
1.3602530000000002
1.3917149999999996
1.3602530000000002
1.3917149999999996
1.3602530000000002
1.3917149999999996
1.3602530000000002
1.3917149999999996
1.3602530000000002
1.3917149999999996
1.3602530000000002
1.3917149999999996
1.3602530000000002
1.3917149999999996
1.3602530000000002
1.3917149999999996
1.3602530000000002
1.3917149999999996
1.3602530000000002
1.3917149999999996
1.3602530000000002
1.3917149999999996
1.3602530000000002
1.3917149999999996
1.3602530000000002
1.3917149999999996
1.3602530000000002
1.3917149999999996
1.3602530000000002
1.3917149999999996
1.3602530000000002
1.3917149999999996
1.3602530000000002
1.3917149999999996
1.3602530000000002
1.3917149999999996
1.3602530000000002
1.3917149999999996
1.3602530000000002
1.3917149999999996
1.3602530000000002
1.3917149999999996
1.3602530000000002
1.3917149999999996
1.3602530000000002
1.3917149999999996
1.3602530000000002
1.3917149999999996
1.3602530000000002
1.3917149999999996
1.3602530000000002
1.3917149999999996
1.3602530000000002
1.3917149999999996
1.3602530000000002
1.3917149999999996
1.3602530000000002
1.3917149999999996
1.3602530000000002
1.3917149999999996
1.3602530000000002
1.3917149999999996
1.3602530000000002
1.3917149999999996
1.3602530000000002
1.3917149999999996
1.3602530000000002
1.3917149999999996
1.3602530000000002
1.3917149999999996
1.3602530000000002
1.3917149999999996
1.3602530000000002
1.3917149999999996
1.3602530000000002
1.3917149999999996
1.3602530000000002
1.3917149999999996
1.3602530000000002
1.3917149999999996
1.3602530000000002
1.3917149999999996
1.3602530000000002
1.3917149999999996
1.3602530000000002
1.3917149999999996
1.3602530000000002
1.3917149999999996
1.3602530000000002
1.3917149999999996
1.3602530000000002
1.3917149999999996
1.3602530000000002
-1.3662840000000003
-1.385682
-1.3662840000000003
-1.385682
-1.3662840000000003
-1.385682
-1.3662840000000003
-1.385682
-1.3662840000000003
-1.385682
-1.3662840000000003
-1.385682
-1.3662840000000003
-1.385682
-1.3662840000000003
-1.385682
-1.3662840000000003
-1.385682
-1.3662840000000003
-1.385682
-1.3662840000000003
-1.385682
-1.3662840000000003
-1.385682
-1.3662840000000003
-1.385682
-1.3662840000000003
-1.385682
-1.3662840000000003
-1.385682
-1.3662840000000003
-1.385682
-1.3662840000000003
-1.385682
-1.3662840000000003
-1.385682
-1.3662840000000003
-1.385682
-1.3662840000000003
-1.385682
-1.3662840000000003
-1.385682
-1.3662840000000003
-1.385682
-1.3662840000000003
-1.385682
-1.3662840000000003
-1.385682
-1.3662840000000003
-1.385682
-1.3662840000000003
-1.385682
-1.3662840000000003
-1.385682
-1.3662840000000003
-1.385682
-1.3662840000000003
-1.385682
-1.3662840000000003
-1.385682
-1.3662840000000003
-1.385682
-1.3662840000000003
-1.385682
-1.3662840000000003
-1.385682
-1.3662840000000003
-1.385682
-1.3662840000000003
-1.385682
-1.3662840000000003
-1.385682
-1.3662840000000003
-1.385682
-1.3662840000000003
-1.385682
-1.3662840000000003
-1.385682
-1.3662840000000003
-1.385682
-1.3662840000000003
-1.385682
-1.3662840000000003
-1.385682
-1.3662840000000003
-1.385682
-1.3662840000000003
-1.385682
-1.3662840000000003
-1.385682
-1.3662840000000003
-1.385682
-1.3662840000000003
-1.385682
-1.3662840000000003
-1.385682
-1.3662840000000003
-1.385682
-1.3662840000000003
-1.385682
-1.3662840000000003
-1.385682
-1.3662840000000003
-1.385682
-1.3662840000000003
-1.385682
-1.3662840000000003
-1.385682
-1.3662840000000003
-1.385682
-1.3662840000000003
-1.385682
-1.3662840000000003
-1.385682
-1.3662840000000003
-1.385682
-1.3662840000000003
-1.385682
-1.3662840000000003
-1.385682
