1.3308009999999992
1.3308009999999992
1.3308009999999992
1.3308009999999992
1.3308009999999992
1.3308009999999992
1.3308009999999992
1.3308009999999992
1.3308009999999992
1.3308009999999992
1.3308009999999992
1.3308009999999992
1.3308009999999992
1.3308009999999992
1.3308009999999992
1.3308009999999992
1.3308009999999992
1.3308009999999992
1.3308009999999992
1.3308009999999992
1.3308009999999992
1.3308009999999992
1.3308009999999992
1.3308009999999992
1.3308009999999992
1.3308009999999992
1.3308009999999992
1.3308009999999992
1.3308009999999992
1.3308009999999992
1.3308009999999992
1.3308009999999992
1.3308009999999992
1.3308009999999992
1.3308009999999992
1.3308009999999992
1.3308009999999992
1.3308009999999992
1.3308009999999992
1.3308009999999992
1.3308009999999992
1.3308009999999992
1.3308009999999992
1.3308009999999992
1.3308009999999992
1.3308009999999992
1.3308009999999992
1.3308009999999992
1.3308009999999992
1.3308009999999992
1.3308009999999992
1.3308009999999992
1.3308009999999992
1.3308009999999992
1.3308009999999992
1.3308009999999992
1.3308009999999992
1.3308009999999992
1.3308009999999992
1.3308009999999992
1.3308009999999992
1.3308009999999992
1.3308009999999992
1.3308009999999992
1.3308009999999992
1.3308009999999992
1.3308009999999992
1.3308009999999992
1.3308009999999992
1.3308009999999992
1.3308009999999992
1.3308009999999992
1.3308009999999992
1.3308009999999992
1.3308009999999992
1.3308009999999992
1.3308009999999992
1.3308009999999992
1.3308009999999992
1.3308009999999992
1.3308009999999992
1.3308009999999992
1.3308009999999992
1.3308009999999992
1.3308009999999992
1.3308009999999992
1.3308009999999992
1.3308009999999992
1.3308009999999992
1.3308009999999992
1.3308009999999992
1.3308009999999992
1.3308009999999992
1.3308009999999992
1.3308009999999992
1.3308009999999992
-1.3307989999999998
-1.330807
-1.3307989999999998
-1.330807
-1.3307989999999998
-1.330807
-1.3307989999999998
-1.330807
-1.3307989999999998
-1.330807
-1.3307989999999998
-1.330807
-1.3307989999999998
-1.330807
-1.3307989999999998
-1.330807
-1.3307989999999998
-1.330807
-1.3307989999999998
-1.330807
-1.3307989999999998
-1.330807
-1.3307989999999998
-1.330807
-1.3307989999999998
-1.330807
-1.3307989999999998
-1.330807
-1.3307989999999998
-1.330807
-1.3307989999999998
-1.330807
-1.3307989999999998
-1.330807
-1.3307989999999998
-1.330807
-1.3307989999999998
-1.330807
-1.3307989999999998
-1.330807
-1.3307989999999998
-1.330807
-1.3307989999999998
-1.330807
-1.3307989999999998
-1.330807
-1.3307989999999998
-1.330807
-1.3307989999999998
-1.330807
-1.3307989999999998
-1.330807
-1.3307989999999998
-1.330807
-1.3307989999999998
-1.330807
-1.3307989999999998
-1.330807
-1.3307989999999998
-1.330807
-1.3307989999999998
-1.330807
-1.3307989999999998
-1.330807
-1.3307989999999998
-1.330807
-1.3307989999999998
-1.330807
-1.3307989999999998
-1.330807
-1.3307989999999998
-1.330807
-1.3307989999999998
-1.330807
-1.3307989999999998
-1.330807
-1.3307989999999998
-1.330807
-1.3307989999999998
-1.330807
-1.3307989999999998
-1.330807
-1.3307989999999998
-1.330807
-1.3307989999999998
-1.330807
-1.3307989999999998
-1.330807
-1.3307989999999998
-1.330807
-1.3307989999999998
-1.330807
-1.3307989999999998
-1.330807
-1.3307989999999998
-1.330807
