1.3404469999999993
1.3404469999999993
1.3404469999999993
1.3404469999999993
1.3404469999999993
1.3404469999999993
1.3404469999999993
1.3404469999999993
1.3404469999999993
1.3404469999999993
1.3404469999999993
1.3404469999999993
1.3404469999999993
1.3404469999999993
1.3404469999999993
1.3404469999999993
1.3404469999999993
1.3404469999999993
1.3404469999999993
1.3404469999999993
1.3404469999999993
1.3404469999999993
1.3404469999999993
1.3404469999999993
1.3404469999999993
1.3404469999999993
1.3404469999999993
1.3404469999999993
1.3404469999999993
1.3404469999999993
1.3404469999999993
1.3404469999999993
1.3404469999999993
1.3404469999999993
1.3404469999999993
1.3404469999999993
1.3404469999999993
1.3404469999999993
1.3404469999999993
1.3404469999999993
1.3404469999999993
1.3404469999999993
1.3404469999999993
1.3404469999999993
1.3404469999999993
1.3404469999999993
1.3404469999999993
1.3404469999999993
1.3404469999999993
1.3404469999999993
1.3404469999999993
1.3404469999999993
1.3404469999999993
1.3404469999999993
1.3404469999999993
1.3404469999999993
1.3404469999999993
1.3404469999999993
1.3404469999999993
1.3404469999999993
1.3404469999999993
1.3404469999999993
1.3404469999999993
1.3404469999999993
1.3404469999999993
1.3404469999999993
1.3404469999999993
1.3404469999999993
1.3404469999999993
1.3404469999999993
1.3404469999999993
1.3404469999999993
1.3404469999999993
1.3404469999999993
1.3404469999999993
1.3404469999999993
1.3404469999999993
1.3404469999999993
1.3404469999999993
1.3404469999999993
1.3404469999999993
1.3404469999999993
1.3404469999999993
1.3404469999999993
1.3404469999999993
1.3404469999999993
1.3404469999999993
1.3404469999999993
1.3404469999999993
1.3404469999999993
-1.3404439999999997
-1.340446
-1.3404439999999997
-1.340446
-1.3404439999999997
-1.340446
-1.3404439999999997
-1.340446
-1.3404439999999997
-1.340446
-1.3404439999999997
-1.340446
-1.3404439999999997
-1.340446
-1.3404439999999997
-1.340446
-1.3404439999999997
-1.340446
-1.3404439999999997
-1.340446
-1.3404439999999997
-1.340446
-1.3404439999999997
-1.340446
-1.3404439999999997
-1.340446
-1.3404439999999997
-1.340446
-1.3404439999999997
-1.340446
-1.3404439999999997
-1.340446
-1.3404439999999997
-1.340446
-1.3404439999999997
-1.340446
-1.3404439999999997
-1.340446
-1.3404439999999997
-1.340446
-1.3404439999999997
-1.340446
-1.3404439999999997
-1.340446
-1.3404439999999997
-1.340446
-1.3404439999999997
-1.340446
-1.3404439999999997
-1.340446
-1.3404439999999997
-1.340446
-1.3404439999999997
-1.340446
-1.3404439999999997
-1.340446
-1.3404439999999997
-1.340446
-1.3404439999999997
-1.340446
-1.3404439999999997
-1.340446
-1.3404439999999997
-1.340446
-1.3404439999999997
-1.340446
-1.3404439999999997
-1.340446
-1.3404439999999997
-1.340446
-1.3404439999999997
-1.340446
-1.3404439999999997
-1.340446
-1.3404439999999997
-1.340446
-1.3404439999999997
-1.340446
-1.3404439999999997
-1.340446
-1.3404439999999997
-1.340446
-1.3404439999999997
-1.340446
-1.3404439999999997
-1.340446
-1.3404439999999997
-1.340446
-1.3404439999999997
-1.340446
