1.1822269999999993
1.1822269999999993
1.1822269999999993
1.1822269999999993
1.1822269999999993
1.1822269999999993
1.1822269999999993
1.1822269999999993
1.1822269999999993
1.1822269999999993
1.1822269999999993
1.1822269999999993
1.1822269999999993
1.1822269999999993
1.1822269999999993
1.1822269999999993
1.1822269999999993
1.1822269999999993
1.1822269999999993
1.1822269999999993
1.1822269999999993
1.1822269999999993
1.1822269999999993
1.1822269999999993
1.1822269999999993
1.1822269999999993
1.1822269999999993
-1.1822280000000003
-1.1822280000000003
-1.1822280000000003
-1.1822280000000003
-1.1822280000000003
-1.1822280000000003
-1.1822280000000003
-1.1822280000000003
-1.1822280000000003
-1.1822280000000003
-1.1822280000000003
-1.1822280000000003
-1.1822280000000003
-1.1822280000000003
-1.1822280000000003
-1.1822280000000003
-1.1822280000000003
-1.1822280000000003
-1.1822280000000003
-1.1822280000000003
-1.1822280000000003
-1.1822280000000003
-1.1822280000000003
-1.1822280000000003
-1.1822280000000003
-1.1822280000000003
-1.1822280000000003
