1.3874700000000004
1.3985369999999993
1.3874700000000004
1.3985369999999993
1.3874700000000004
1.3985369999999993
1.3874700000000004
1.3985369999999993
1.3874700000000004
1.3985369999999993
1.3874700000000004
1.3985369999999993
1.3874700000000004
1.3985369999999993
1.3874700000000004
1.3985369999999993
1.3874700000000004
1.3985369999999993
1.3874700000000004
1.3985369999999993
1.3874700000000004
1.3985369999999993
1.3874700000000004
1.3985369999999993
1.3874700000000004
1.3985369999999993
1.3874700000000004
1.3985369999999993
1.3874700000000004
1.3985369999999993
1.3874700000000004
1.3985369999999993
1.3874700000000004
1.3985369999999993
1.3874700000000004
1.3985369999999993
1.3874700000000004
1.3985369999999993
1.3874700000000004
1.3985369999999993
1.3874700000000004
1.3985369999999993
1.3874700000000004
1.3985369999999993
1.3874700000000004
1.3985369999999993
1.3874700000000004
1.3985369999999993
1.3874700000000004
1.3985369999999993
1.3874700000000004
1.3985369999999993
1.3874700000000004
1.3985369999999993
1.3874700000000004
1.3985369999999993
1.3874700000000004
1.3985369999999993
1.3874700000000004
1.3985369999999993
1.3874700000000004
1.3985369999999993
1.3874700000000004
1.3985369999999993
1.3874700000000004
1.3985369999999993
1.3874700000000004
1.3985369999999993
1.3874700000000004
1.3985369999999993
1.3874700000000004
1.3985369999999993
1.3874700000000004
1.3985369999999993
1.3874700000000004
1.3985369999999993
1.3874700000000004
1.3985369999999993
1.3874700000000004
1.3985369999999993
1.3874700000000004
1.3985369999999993
1.3874700000000004
1.3985369999999993
1.3874700000000004
1.3985369999999993
1.3874700000000004
1.3985369999999993
1.3874700000000004
1.3985369999999993
1.3874700000000004
1.3985369999999993
1.3874700000000004
1.3985369999999993
1.3874700000000004
1.3985369999999993
-1.3946740000000002
-1.3913330000000004
-1.3946740000000002
-1.3913330000000004
-1.3946740000000002
-1.3913330000000004
-1.3946740000000002
-1.3913330000000004
-1.3946740000000002
-1.3913330000000004
-1.3946740000000002
-1.3913330000000004
-1.3946740000000002
-1.3913330000000004
-1.3946740000000002
-1.3913330000000004
-1.3946740000000002
-1.3913330000000004
-1.3946740000000002
-1.3913330000000004
-1.3946740000000002
-1.3913330000000004
-1.3946740000000002
-1.3913330000000004
-1.3946740000000002
-1.3913330000000004
-1.3946740000000002
-1.3913330000000004
-1.3946740000000002
-1.3913330000000004
-1.3946740000000002
-1.3913330000000004
-1.3946740000000002
-1.3913330000000004
-1.3946740000000002
-1.3913330000000004
-1.3946740000000002
-1.3913330000000004
-1.3946740000000002
-1.3913330000000004
-1.3946740000000002
-1.3913330000000004
-1.3946740000000002
-1.3913330000000004
-1.3946740000000002
-1.3913330000000004
-1.3946740000000002
-1.3913330000000004
-1.3946740000000002
-1.3913330000000004
-1.3946740000000002
-1.3913330000000004
-1.3946740000000002
-1.3913330000000004
-1.3946740000000002
-1.3913330000000004
-1.3946740000000002
-1.3913330000000004
-1.3946740000000002
-1.3913330000000004
-1.3946740000000002
-1.3913330000000004
-1.3946740000000002
-1.3913330000000004
-1.3946740000000002
-1.3913330000000004
-1.3946740000000002
-1.3913330000000004
-1.3946740000000002
-1.3913330000000004
-1.3946740000000002
-1.3913330000000004
-1.3946740000000002
-1.3913330000000004
-1.3946740000000002
-1.3913330000000004
-1.3946740000000002
-1.3913330000000004
-1.3946740000000002
-1.3913330000000004
-1.3946740000000002
-1.3913330000000004
-1.3946740000000002
-1.3913330000000004
-1.3946740000000002
-1.3913330000000004
-1.3946740000000002
-1.3913330000000004
-1.3946740000000002
-1.3913330000000004
-1.3946740000000002
-1.3913330000000004
-1.3946740000000002
-1.3913330000000004
-1.3946740000000002
-1.3913330000000004
