1.4390129999999992
1.4405970000000003
1.4398420000000005
1.43975
1.4390129999999992
1.4405970000000003
1.4398420000000005
1.43975
1.4390129999999992
1.4405970000000003
1.4398420000000005
1.43975
1.4390129999999992
1.4405970000000003
1.4398420000000005
1.43975
1.4390129999999992
1.4405970000000003
1.4398420000000005
1.43975
1.4390129999999992
1.4405970000000003
1.4398420000000005
1.43975
1.4390129999999992
1.4405970000000003
1.4398420000000005
1.43975
1.4390129999999992
1.4405970000000003
1.4398420000000005
1.43975
1.4390129999999992
1.4405970000000003
1.4398420000000005
1.43975
1.4390129999999992
1.4405970000000003
1.4398420000000005
1.43975
1.4390129999999992
1.4405970000000003
1.4398420000000005
1.43975
1.4390129999999992
1.4405970000000003
1.4398420000000005
1.43975
1.4390129999999992
1.4405970000000003
1.4398420000000005
1.43975
1.4390129999999992
1.4405970000000003
1.4398420000000005
1.43975
1.4390129999999992
1.4405970000000003
1.4398420000000005
1.43975
1.4390129999999992
1.4405970000000003
1.4398420000000005
1.43975
1.4390129999999992
1.4405970000000003
1.4398420000000005
1.43975
1.4390129999999992
1.4405970000000003
1.4398420000000005
1.43975
1.4390129999999992
1.4405970000000003
1.4398420000000005
1.43975
1.4390129999999992
1.4405970000000003
1.4398420000000005
1.43975
1.4390129999999992
1.4405970000000003
1.4398420000000005
1.43975
1.4390129999999992
1.4405970000000003
1.4398420000000005
1.43975
1.4390129999999992
1.4405970000000003
1.4398420000000005
1.43975
1.4390129999999992
1.4405970000000003
1.4398420000000005
1.43975
1.4390129999999992
1.4405970000000003
1.4398420000000005
1.43975
1.4390129999999992
1.4405970000000003
1.4398420000000005
1.43975
1.4390129999999992
1.4405970000000003
1.4398420000000005
1.43975
-1.4391800000000003
-1.4394400000000003
-1.440645
-1.4399379999999997
-1.4391800000000003
-1.4394400000000003
-1.440645
-1.4399379999999997
-1.4391800000000003
-1.4394400000000003
-1.440645
-1.4399379999999997
-1.4391800000000003
-1.4394400000000003
-1.440645
-1.4399379999999997
-1.4391800000000003
-1.4394400000000003
-1.440645
-1.4399379999999997
-1.4391800000000003
-1.4394400000000003
-1.440645
-1.4399379999999997
-1.4391800000000003
-1.4394400000000003
-1.440645
-1.4399379999999997
-1.4391800000000003
-1.4394400000000003
-1.440645
-1.4399379999999997
-1.4391800000000003
-1.4394400000000003
-1.440645
-1.4399379999999997
-1.4391800000000003
-1.4394400000000003
-1.440645
-1.4399379999999997
-1.4391800000000003
-1.4394400000000003
-1.440645
-1.4399379999999997
-1.4391800000000003
-1.4394400000000003
-1.440645
-1.4399379999999997
-1.4391800000000003
-1.4394400000000003
-1.440645
-1.4399379999999997
-1.4391800000000003
-1.4394400000000003
-1.440645
-1.4399379999999997
-1.4391800000000003
-1.4394400000000003
-1.440645
-1.4399379999999997
-1.4391800000000003
-1.4394400000000003
-1.440645
-1.4399379999999997
-1.4391800000000003
-1.4394400000000003
-1.440645
-1.4399379999999997
-1.4391800000000003
-1.4394400000000003
-1.440645
-1.4399379999999997
-1.4391800000000003
-1.4394400000000003
-1.440645
-1.4399379999999997
-1.4391800000000003
-1.4394400000000003
-1.440645
-1.4399379999999997
-1.4391800000000003
-1.4394400000000003
-1.440645
-1.4399379999999997
-1.4391800000000003
-1.4394400000000003
-1.440645
-1.4399379999999997
-1.4391800000000003
-1.4394400000000003
-1.440645
-1.4399379999999997
-1.4391800000000003
-1.4394400000000003
-1.440645
-1.4399379999999997
-1.4391800000000003
-1.4394400000000003
-1.440645
-1.4399379999999997
-1.4391800000000003
-1.4394400000000003
-1.440645
-1.4399379999999997
-1.4391800000000003
-1.4394400000000003
-1.440645
-1.4399379999999997
