1.3977249999999994
1.4014589999999991
1.3927300000000002
1.371276
1.3977249999999994
1.4014589999999991
1.3927300000000002
1.371276
1.3977249999999994
1.4014589999999991
1.3927300000000002
1.371276
1.3977249999999994
1.4014589999999991
1.3927300000000002
1.371276
1.3977249999999994
1.4014589999999991
1.3927300000000002
1.371276
1.3977249999999994
1.4014589999999991
1.3927300000000002
1.371276
1.3977249999999994
1.4014589999999991
1.3927300000000002
1.371276
1.3977249999999994
1.4014589999999991
1.3927300000000002
1.371276
1.3977249999999994
1.4014589999999991
1.3927300000000002
1.371276
1.3977249999999994
1.4014589999999991
1.3927300000000002
1.371276
1.3977249999999994
1.4014589999999991
1.3927300000000002
1.371276
1.3977249999999994
1.4014589999999991
1.3927300000000002
1.371276
1.3977249999999994
1.4014589999999991
1.3927300000000002
1.371276
1.3977249999999994
1.4014589999999991
1.3927300000000002
1.371276
1.3977249999999994
1.4014589999999991
1.3927300000000002
1.371276
1.3977249999999994
1.4014589999999991
1.3927300000000002
1.371276
1.3977249999999994
1.4014589999999991
1.3927300000000002
1.371276
1.3977249999999994
1.4014589999999991
1.3927300000000002
1.371276
1.3977249999999994
1.4014589999999991
1.3927300000000002
1.371276
1.3977249999999994
1.4014589999999991
1.3927300000000002
1.371276
1.3977249999999994
1.4014589999999991
1.3927300000000002
1.371276
1.3977249999999994
1.4014589999999991
1.3927300000000002
1.371276
1.3977249999999994
1.4014589999999991
1.3927300000000002
1.371276
1.3977249999999994
1.4014589999999991
1.3927300000000002
1.371276
1.3977249999999994
1.4014589999999991
1.3927300000000002
1.371276
1.3977249999999994
1.4014589999999991
1.3927300000000002
1.371276
1.3977249999999994
1.4014589999999991
1.3927300000000002
1.371276
1.3977249999999994
1.4014589999999991
1.3927300000000002
1.371276
1.3977249999999994
1.4014589999999991
1.3927300000000002
1.371276
1.3977249999999994
1.4014589999999991
1.3927300000000002
1.371276
1.3977249999999994
1.4014589999999991
1.3927300000000002
1.371276
1.3977249999999994
1.4014589999999991
1.3927300000000002
1.371276
1.3977249999999994
1.4014589999999991
1.3927300000000002
1.371276
1.3977249999999994
1.4014589999999991
1.3927300000000002
1.371276
1.3977249999999994
1.4014589999999991
1.3927300000000002
1.371276
1.3977249999999994
1.4014589999999991
1.3927300000000002
1.371276
1.3977249999999994
1.4014589999999991
1.3927300000000002
1.371276
1.3977249999999994
1.4014589999999991
1.3927300000000002
1.371276
1.3977249999999994
1.4014589999999991
1.3927300000000002
1.371276
1.3977249999999994
1.4014589999999991
1.3927300000000002
1.371276
1.3977249999999994
1.4014589999999991
1.3927300000000002
1.371276
1.3977249999999994
1.4014589999999991
1.3927300000000002
1.371276
1.3977249999999994
1.4014589999999991
1.3927300000000002
1.371276
1.3977249999999994
1.4014589999999991
1.3927300000000002
1.371276
1.3977249999999994
1.4014589999999991
1.3927300000000002
1.371276
1.3977249999999994
1.4014589999999991
1.3927300000000002
1.371276
1.3977249999999994
1.4014589999999991
1.3927300000000002
1.371276
1.3977249999999994
1.4014589999999991
1.3927300000000002
1.371276
-1.3912019999999998
-1.3898380000000001
-1.39837
-1.3837789999999996
-1.3912019999999998
-1.3898380000000001
-1.39837
-1.3837789999999996
-1.3912019999999998
-1.3898380000000001
-1.39837
-1.3837789999999996
-1.3912019999999998
-1.3898380000000001
-1.39837
-1.3837789999999996
-1.3912019999999998
-1.3898380000000001
-1.39837
-1.3837789999999996
-1.3912019999999998
-1.3898380000000001
-1.39837
-1.3837789999999996
-1.3912019999999998
-1.3898380000000001
-1.39837
-1.3837789999999996
-1.3912019999999998
-1.3898380000000001
-1.39837
-1.3837789999999996
-1.3912019999999998
-1.3898380000000001
-1.39837
-1.3837789999999996
-1.3912019999999998
-1.3898380000000001
-1.39837
-1.3837789999999996
-1.3912019999999998
-1.3898380000000001
-1.39837
-1.3837789999999996
-1.3912019999999998
-1.3898380000000001
-1.39837
-1.3837789999999996
-1.3912019999999998
-1.3898380000000001
-1.39837
-1.3837789999999996
-1.3912019999999998
-1.3898380000000001
-1.39837
-1.3837789999999996
-1.3912019999999998
-1.3898380000000001
-1.39837
-1.3837789999999996
-1.3912019999999998
-1.3898380000000001
-1.39837
-1.3837789999999996
-1.3912019999999998
-1.3898380000000001
-1.39837
-1.3837789999999996
-1.3912019999999998
-1.3898380000000001
-1.39837
-1.3837789999999996
-1.3912019999999998
-1.3898380000000001
-1.39837
-1.3837789999999996
-1.3912019999999998
-1.3898380000000001
-1.39837
-1.3837789999999996
-1.3912019999999998
-1.3898380000000001
-1.39837
-1.3837789999999996
-1.3912019999999998
-1.3898380000000001
-1.39837
-1.3837789999999996
-1.3912019999999998
-1.3898380000000001
-1.39837
-1.3837789999999996
-1.3912019999999998
-1.3898380000000001
-1.39837
-1.3837789999999996
-1.3912019999999998
-1.3898380000000001
-1.39837
-1.3837789999999996
-1.3912019999999998
-1.3898380000000001
-1.39837
-1.3837789999999996
-1.3912019999999998
-1.3898380000000001
-1.39837
-1.3837789999999996
-1.3912019999999998
-1.3898380000000001
-1.39837
-1.3837789999999996
-1.3912019999999998
-1.3898380000000001
-1.39837
-1.3837789999999996
-1.3912019999999998
-1.3898380000000001
-1.39837
-1.3837789999999996
-1.3912019999999998
-1.3898380000000001
-1.39837
-1.3837789999999996
-1.3912019999999998
-1.3898380000000001
-1.39837
-1.3837789999999996
-1.3912019999999998
-1.3898380000000001
-1.39837
-1.3837789999999996
-1.3912019999999998
-1.3898380000000001
-1.39837
-1.3837789999999996
-1.3912019999999998
-1.3898380000000001
-1.39837
-1.3837789999999996
-1.3912019999999998
-1.3898380000000001
-1.39837
-1.3837789999999996
-1.3912019999999998
-1.3898380000000001
-1.39837
-1.3837789999999996
-1.3912019999999998
-1.3898380000000001
-1.39837
-1.3837789999999996
-1.3912019999999998
-1.3898380000000001
-1.39837
-1.3837789999999996
-1.3912019999999998
-1.3898380000000001
-1.39837
-1.3837789999999996
-1.3912019999999998
-1.3898380000000001
-1.39837
-1.3837789999999996
-1.3912019999999998
-1.3898380000000001
-1.39837
-1.3837789999999996
-1.3912019999999998
-1.3898380000000001
-1.39837
-1.3837789999999996
-1.3912019999999998
-1.3898380000000001
-1.39837
-1.3837789999999996
-1.3912019999999998
-1.3898380000000001
-1.39837
-1.3837789999999996
-1.3912019999999998
-1.3898380000000001
-1.39837
-1.3837789999999996
-1.3912019999999998
-1.3898380000000001
-1.39837
-1.3837789999999996
-1.3912019999999998
-1.3898380000000001
-1.39837
-1.3837789999999996
