1.4057910000000007
1.4104969999999994
1.4057910000000007
1.4104969999999994
1.4057910000000007
1.4104969999999994
1.4057910000000007
1.4104969999999994
1.4057910000000007
1.4104969999999994
1.4057910000000007
1.4104969999999994
1.4057910000000007
1.4104969999999994
1.4057910000000007
1.4104969999999994
1.4057910000000007
1.4104969999999994
1.4057910000000007
1.4104969999999994
1.4057910000000007
1.4104969999999994
1.4057910000000007
1.4104969999999994
1.4057910000000007
1.4104969999999994
1.4057910000000007
1.4104969999999994
1.4057910000000007
1.4104969999999994
1.4057910000000007
1.4104969999999994
1.4057910000000007
1.4104969999999994
1.4057910000000007
1.4104969999999994
1.4057910000000007
1.4104969999999994
1.4057910000000007
1.4104969999999994
1.4057910000000007
1.4104969999999994
1.4057910000000007
1.4104969999999994
1.4057910000000007
1.4104969999999994
1.4057910000000007
1.4104969999999994
1.4057910000000007
1.4104969999999994
1.4057910000000007
1.4104969999999994
1.4057910000000007
1.4104969999999994
1.4057910000000007
1.4104969999999994
1.4057910000000007
1.4104969999999994
1.4057910000000007
1.4104969999999994
1.4057910000000007
1.4104969999999994
1.4057910000000007
1.4104969999999994
1.4057910000000007
1.4104969999999994
1.4057910000000007
1.4104969999999994
1.4057910000000007
1.4104969999999994
1.4057910000000007
1.4104969999999994
1.4057910000000007
1.4104969999999994
1.4057910000000007
1.4104969999999994
1.4057910000000007
1.4104969999999994
1.4057910000000007
1.4104969999999994
1.4057910000000007
1.4104969999999994
1.4057910000000007
1.4104969999999994
1.4057910000000007
1.4104969999999994
1.4057910000000007
1.4104969999999994
1.4057910000000007
1.4104969999999994
1.4057910000000007
1.4104969999999994
1.4057910000000007
1.4104969999999994
1.4057910000000007
1.4104969999999994
1.4057910000000007
1.4104969999999994
1.4057910000000007
1.4104969999999994
1.4057910000000007
1.4104969999999994
1.4057910000000007
1.4104969999999994
1.4057910000000007
1.4104969999999994
1.4057910000000007
1.4104969999999994
1.4057910000000007
1.4104969999999994
1.4057910000000007
1.4104969999999994
1.4057910000000007
1.4104969999999994
1.4057910000000007
1.4104969999999994
1.4057910000000007
1.4104969999999994
1.4057910000000007
1.4104969999999994
-1.407655
-1.4086319999999999
-1.407655
-1.4086319999999999
-1.407655
-1.4086319999999999
-1.407655
-1.4086319999999999
-1.407655
-1.4086319999999999
-1.407655
-1.4086319999999999
-1.407655
-1.4086319999999999
-1.407655
-1.4086319999999999
-1.407655
-1.4086319999999999
-1.407655
-1.4086319999999999
-1.407655
-1.4086319999999999
-1.407655
-1.4086319999999999
-1.407655
-1.4086319999999999
-1.407655
-1.4086319999999999
-1.407655
-1.4086319999999999
-1.407655
-1.4086319999999999
-1.407655
-1.4086319999999999
-1.407655
-1.4086319999999999
-1.407655
-1.4086319999999999
-1.407655
-1.4086319999999999
-1.407655
-1.4086319999999999
-1.407655
-1.4086319999999999
-1.407655
-1.4086319999999999
-1.407655
-1.4086319999999999
-1.407655
-1.4086319999999999
-1.407655
-1.4086319999999999
-1.407655
-1.4086319999999999
-1.407655
-1.4086319999999999
-1.407655
-1.4086319999999999
-1.407655
-1.4086319999999999
-1.407655
-1.4086319999999999
-1.407655
-1.4086319999999999
-1.407655
-1.4086319999999999
-1.407655
-1.4086319999999999
-1.407655
-1.4086319999999999
-1.407655
-1.4086319999999999
-1.407655
-1.4086319999999999
-1.407655
-1.4086319999999999
-1.407655
-1.4086319999999999
-1.407655
-1.4086319999999999
-1.407655
-1.4086319999999999
-1.407655
-1.4086319999999999
-1.407655
-1.4086319999999999
-1.407655
-1.4086319999999999
-1.407655
-1.4086319999999999
-1.407655
-1.4086319999999999
-1.407655
-1.4086319999999999
-1.407655
-1.4086319999999999
-1.407655
-1.4086319999999999
-1.407655
-1.4086319999999999
-1.407655
-1.4086319999999999
-1.407655
-1.4086319999999999
-1.407655
-1.4086319999999999
-1.407655
-1.4086319999999999
-1.407655
-1.4086319999999999
-1.407655
-1.4086319999999999
-1.407655
-1.4086319999999999
-1.407655
-1.4086319999999999
-1.407655
-1.4086319999999999
-1.407655
-1.4086319999999999
