1.2287099999999995
1.2370140000000003
1.2287099999999995
1.2370140000000003
1.2287099999999995
1.2370140000000003
1.2287099999999995
1.2370140000000003
1.2287099999999995
1.2370140000000003
1.2287099999999995
1.2370140000000003
1.2287099999999995
1.2370140000000003
1.2287099999999995
1.2370140000000003
1.2287099999999995
1.2370140000000003
1.2287099999999995
1.2370140000000003
1.2287099999999995
1.2370140000000003
1.2287099999999995
1.2370140000000003
1.2287099999999995
1.2370140000000003
1.2287099999999995
1.2370140000000003
1.2287099999999995
1.2370140000000003
1.2287099999999995
1.2370140000000003
1.2287099999999995
1.2370140000000003
1.2287099999999995
1.2370140000000003
1.2287099999999995
1.2370140000000003
1.2287099999999995
1.2370140000000003
1.2287099999999995
1.2370140000000003
1.2287099999999995
1.2370140000000003
1.2287099999999995
1.2370140000000003
1.2287099999999995
1.2370140000000003
1.2287099999999995
1.2370140000000003
1.2287099999999995
1.2370140000000003
1.2287099999999995
1.2370140000000003
1.2287099999999995
1.2370140000000003
1.2287099999999995
1.2370140000000003
1.2287099999999995
1.2370140000000003
1.2287099999999995
1.2370140000000003
1.2287099999999995
1.2370140000000003
1.2287099999999995
1.2370140000000003
1.2287099999999995
1.2370140000000003
1.2287099999999995
1.2370140000000003
1.2287099999999995
1.2370140000000003
1.2287099999999995
1.2370140000000003
1.2287099999999995
1.2370140000000003
1.2287099999999995
1.2370140000000003
1.2287099999999995
1.2370140000000003
1.2287099999999995
1.2370140000000003
1.2287099999999995
1.2370140000000003
1.2287099999999995
1.2370140000000003
1.2287099999999995
1.2370140000000003
1.2287099999999995
1.2370140000000003
1.2287099999999995
1.2370140000000003
1.2287099999999995
1.2370140000000003
1.2287099999999995
1.2370140000000003
1.2287099999999995
1.2370140000000003
1.2287099999999995
1.2370140000000003
1.2287099999999995
1.2370140000000003
1.2287099999999995
1.2370140000000003
1.2287099999999995
1.2370140000000003
1.2287099999999995
1.2370140000000003
1.2287099999999995
1.2370140000000003
1.2287099999999995
1.2370140000000003
1.2287099999999995
1.2370140000000003
1.2287099999999995
1.2370140000000003
1.2287099999999995
1.2370140000000003
1.2287099999999995
1.2370140000000003
-1.2253319999999999
-1.2403940000000002
-1.2253319999999999
-1.2403940000000002
-1.2253319999999999
-1.2403940000000002
-1.2253319999999999
-1.2403940000000002
-1.2253319999999999
-1.2403940000000002
-1.2253319999999999
-1.2403940000000002
-1.2253319999999999
-1.2403940000000002
-1.2253319999999999
-1.2403940000000002
-1.2253319999999999
-1.2403940000000002
-1.2253319999999999
-1.2403940000000002
-1.2253319999999999
-1.2403940000000002
-1.2253319999999999
-1.2403940000000002
-1.2253319999999999
-1.2403940000000002
-1.2253319999999999
-1.2403940000000002
-1.2253319999999999
-1.2403940000000002
-1.2253319999999999
-1.2403940000000002
-1.2253319999999999
-1.2403940000000002
-1.2253319999999999
-1.2403940000000002
-1.2253319999999999
-1.2403940000000002
-1.2253319999999999
-1.2403940000000002
-1.2253319999999999
-1.2403940000000002
-1.2253319999999999
-1.2403940000000002
-1.2253319999999999
-1.2403940000000002
-1.2253319999999999
-1.2403940000000002
-1.2253319999999999
-1.2403940000000002
-1.2253319999999999
-1.2403940000000002
-1.2253319999999999
-1.2403940000000002
-1.2253319999999999
-1.2403940000000002
-1.2253319999999999
-1.2403940000000002
-1.2253319999999999
-1.2403940000000002
-1.2253319999999999
-1.2403940000000002
-1.2253319999999999
-1.2403940000000002
-1.2253319999999999
-1.2403940000000002
-1.2253319999999999
-1.2403940000000002
-1.2253319999999999
-1.2403940000000002
-1.2253319999999999
-1.2403940000000002
-1.2253319999999999
-1.2403940000000002
-1.2253319999999999
-1.2403940000000002
-1.2253319999999999
-1.2403940000000002
-1.2253319999999999
-1.2403940000000002
-1.2253319999999999
-1.2403940000000002
-1.2253319999999999
-1.2403940000000002
-1.2253319999999999
-1.2403940000000002
-1.2253319999999999
-1.2403940000000002
-1.2253319999999999
-1.2403940000000002
-1.2253319999999999
-1.2403940000000002
-1.2253319999999999
-1.2403940000000002
-1.2253319999999999
-1.2403940000000002
-1.2253319999999999
-1.2403940000000002
-1.2253319999999999
-1.2403940000000002
-1.2253319999999999
-1.2403940000000002
-1.2253319999999999
-1.2403940000000002
-1.2253319999999999
-1.2403940000000002
-1.2253319999999999
-1.2403940000000002
-1.2253319999999999
-1.2403940000000002
-1.2253319999999999
-1.2403940000000002
-1.2253319999999999
-1.2403940000000002
-1.2253319999999999
-1.2403940000000002
-1.2253319999999999
-1.2403940000000002
-1.2253319999999999
-1.2403940000000002
