1.0181170000000002
1.0181170000000002
1.0181170000000002
1.0181170000000002
1.0181170000000002
1.0181170000000002
1.0181170000000002
1.0181170000000002
1.0181170000000002
1.0181170000000002
1.0181170000000002
1.0181170000000002
1.0181170000000002
1.0181170000000002
1.0181170000000002
1.0181170000000002
1.0181170000000002
1.0181170000000002
1.0181170000000002
1.0181170000000002
1.0181170000000002
1.0181170000000002
1.0181170000000002
1.0181170000000002
1.0181170000000002
1.0181170000000002
1.0181170000000002
-1.0181170000000002
-1.0181170000000002
-1.0181170000000002
-1.0181170000000002
-1.0181170000000002
-1.0181170000000002
-1.0181170000000002
-1.0181170000000002
-1.0181170000000002
-1.0181170000000002
-1.0181170000000002
-1.0181170000000002
-1.0181170000000002
-1.0181170000000002
-1.0181170000000002
-1.0181170000000002
-1.0181170000000002
-1.0181170000000002
-1.0181170000000002
-1.0181170000000002
-1.0181170000000002
-1.0181170000000002
-1.0181170000000002
-1.0181170000000002
-1.0181170000000002
-1.0181170000000002
-1.0181170000000002
