1.431635
1.4360750000000007
1.431635
1.4360750000000007
1.431635
1.4360750000000007
1.431635
1.4360750000000007
1.431635
1.4360750000000007
1.431635
1.4360750000000007
1.431635
1.4360750000000007
1.431635
1.4360750000000007
1.431635
1.4360750000000007
1.431635
1.4360750000000007
1.431635
1.4360750000000007
1.431635
1.4360750000000007
1.431635
1.4360750000000007
1.431635
1.4360750000000007
1.431635
1.4360750000000007
1.431635
1.4360750000000007
1.431635
1.4360750000000007
1.431635
1.4360750000000007
1.431635
1.4360750000000007
1.431635
1.4360750000000007
1.431635
1.4360750000000007
1.431635
1.4360750000000007
1.431635
1.4360750000000007
1.431635
1.4360750000000007
1.431635
1.4360750000000007
1.431635
1.4360750000000007
1.431635
1.4360750000000007
1.431635
1.4360750000000007
1.431635
1.4360750000000007
1.431635
1.4360750000000007
1.431635
1.4360750000000007
1.431635
1.4360750000000007
1.431635
1.4360750000000007
1.431635
1.4360750000000007
1.431635
1.4360750000000007
1.431635
1.4360750000000007
1.431635
1.4360750000000007
1.431635
1.4360750000000007
1.431635
1.4360750000000007
1.431635
1.4360750000000007
1.431635
1.4360750000000007
1.431635
1.4360750000000007
1.431635
1.4360750000000007
1.431635
1.4360750000000007
1.431635
1.4360750000000007
1.431635
1.4360750000000007
1.431635
1.4360750000000007
1.431635
1.4360750000000007
-1.4330509999999999
-1.4346629999999996
-1.4330509999999999
-1.4346629999999996
-1.4330509999999999
-1.4346629999999996
-1.4330509999999999
-1.4346629999999996
-1.4330509999999999
-1.4346629999999996
-1.4330509999999999
-1.4346629999999996
-1.4330509999999999
-1.4346629999999996
-1.4330509999999999
-1.4346629999999996
-1.4330509999999999
-1.4346629999999996
-1.4330509999999999
-1.4346629999999996
-1.4330509999999999
-1.4346629999999996
-1.4330509999999999
-1.4346629999999996
-1.4330509999999999
-1.4346629999999996
-1.4330509999999999
-1.4346629999999996
-1.4330509999999999
-1.4346629999999996
-1.4330509999999999
-1.4346629999999996
-1.4330509999999999
-1.4346629999999996
-1.4330509999999999
-1.4346629999999996
-1.4330509999999999
-1.4346629999999996
-1.4330509999999999
-1.4346629999999996
-1.4330509999999999
-1.4346629999999996
-1.4330509999999999
-1.4346629999999996
-1.4330509999999999
-1.4346629999999996
-1.4330509999999999
-1.4346629999999996
-1.4330509999999999
-1.4346629999999996
-1.4330509999999999
-1.4346629999999996
-1.4330509999999999
-1.4346629999999996
-1.4330509999999999
-1.4346629999999996
-1.4330509999999999
-1.4346629999999996
-1.4330509999999999
-1.4346629999999996
-1.4330509999999999
-1.4346629999999996
-1.4330509999999999
-1.4346629999999996
-1.4330509999999999
-1.4346629999999996
-1.4330509999999999
-1.4346629999999996
-1.4330509999999999
-1.4346629999999996
-1.4330509999999999
-1.4346629999999996
-1.4330509999999999
-1.4346629999999996
-1.4330509999999999
-1.4346629999999996
-1.4330509999999999
-1.4346629999999996
-1.4330509999999999
-1.4346629999999996
-1.4330509999999999
-1.4346629999999996
-1.4330509999999999
-1.4346629999999996
-1.4330509999999999
-1.4346629999999996
-1.4330509999999999
-1.4346629999999996
-1.4330509999999999
-1.4346629999999996
-1.4330509999999999
-1.4346629999999996
-1.4330509999999999
-1.4346629999999996
-1.4330509999999999
-1.4346629999999996
