1.3543789999999998
1.3690680000000004
1.3543789999999998
1.3690680000000004
1.3543789999999998
1.3690680000000004
1.3543789999999998
1.3690680000000004
1.3543789999999998
1.3690680000000004
1.3543789999999998
1.3690680000000004
1.3543789999999998
1.3690680000000004
1.3543789999999998
1.3690680000000004
1.3543789999999998
1.3690680000000004
1.3543789999999998
1.3690680000000004
1.3543789999999998
1.3690680000000004
1.3543789999999998
1.3690680000000004
1.3543789999999998
1.3690680000000004
1.3543789999999998
1.3690680000000004
1.3543789999999998
1.3690680000000004
1.3543789999999998
1.3690680000000004
1.3543789999999998
1.3690680000000004
1.3543789999999998
1.3690680000000004
1.3543789999999998
1.3690680000000004
1.3543789999999998
1.3690680000000004
1.3543789999999998
1.3690680000000004
1.3543789999999998
1.3690680000000004
1.3543789999999998
1.3690680000000004
1.3543789999999998
1.3690680000000004
1.3543789999999998
1.3690680000000004
1.3543789999999998
1.3690680000000004
1.3543789999999998
1.3690680000000004
1.3543789999999998
1.3690680000000004
1.3543789999999998
1.3690680000000004
1.3543789999999998
1.3690680000000004
1.3543789999999998
1.3690680000000004
1.3543789999999998
1.3690680000000004
1.3543789999999998
1.3690680000000004
1.3543789999999998
1.3690680000000004
1.3543789999999998
1.3690680000000004
1.3543789999999998
1.3690680000000004
1.3543789999999998
1.3690680000000004
1.3543789999999998
1.3690680000000004
1.3543789999999998
1.3690680000000004
1.3543789999999998
1.3690680000000004
1.3543789999999998
1.3690680000000004
1.3543789999999998
1.3690680000000004
1.3543789999999998
1.3690680000000004
1.3543789999999998
1.3690680000000004
1.3543789999999998
1.3690680000000004
1.3543789999999998
1.3690680000000004
1.3543789999999998
1.3690680000000004
1.3543789999999998
1.3690680000000004
1.3543789999999998
1.3690680000000004
1.3543789999999998
1.3690680000000004
1.3543789999999998
1.3690680000000004
1.3543789999999998
1.3690680000000004
1.3543789999999998
1.3690680000000004
1.3543789999999998
1.3690680000000004
1.3543789999999998
1.3690680000000004
1.3543789999999998
1.3690680000000004
1.3543789999999998
1.3690680000000004
1.3543789999999998
1.3690680000000004
1.3543789999999998
1.3690680000000004
1.3543789999999998
1.3690680000000004
-1.3667699999999998
-1.3566770000000004
-1.3667699999999998
-1.3566770000000004
-1.3667699999999998
-1.3566770000000004
-1.3667699999999998
-1.3566770000000004
-1.3667699999999998
-1.3566770000000004
-1.3667699999999998
-1.3566770000000004
-1.3667699999999998
-1.3566770000000004
-1.3667699999999998
-1.3566770000000004
-1.3667699999999998
-1.3566770000000004
-1.3667699999999998
-1.3566770000000004
-1.3667699999999998
-1.3566770000000004
-1.3667699999999998
-1.3566770000000004
-1.3667699999999998
-1.3566770000000004
-1.3667699999999998
-1.3566770000000004
-1.3667699999999998
-1.3566770000000004
-1.3667699999999998
-1.3566770000000004
-1.3667699999999998
-1.3566770000000004
-1.3667699999999998
-1.3566770000000004
-1.3667699999999998
-1.3566770000000004
-1.3667699999999998
-1.3566770000000004
-1.3667699999999998
-1.3566770000000004
-1.3667699999999998
-1.3566770000000004
-1.3667699999999998
-1.3566770000000004
-1.3667699999999998
-1.3566770000000004
-1.3667699999999998
-1.3566770000000004
-1.3667699999999998
-1.3566770000000004
-1.3667699999999998
-1.3566770000000004
-1.3667699999999998
-1.3566770000000004
-1.3667699999999998
-1.3566770000000004
-1.3667699999999998
-1.3566770000000004
-1.3667699999999998
-1.3566770000000004
-1.3667699999999998
-1.3566770000000004
-1.3667699999999998
-1.3566770000000004
-1.3667699999999998
-1.3566770000000004
-1.3667699999999998
-1.3566770000000004
-1.3667699999999998
-1.3566770000000004
-1.3667699999999998
-1.3566770000000004
-1.3667699999999998
-1.3566770000000004
-1.3667699999999998
-1.3566770000000004
-1.3667699999999998
-1.3566770000000004
-1.3667699999999998
-1.3566770000000004
-1.3667699999999998
-1.3566770000000004
-1.3667699999999998
-1.3566770000000004
-1.3667699999999998
-1.3566770000000004
-1.3667699999999998
-1.3566770000000004
-1.3667699999999998
-1.3566770000000004
-1.3667699999999998
-1.3566770000000004
-1.3667699999999998
-1.3566770000000004
-1.3667699999999998
-1.3566770000000004
-1.3667699999999998
-1.3566770000000004
-1.3667699999999998
-1.3566770000000004
-1.3667699999999998
-1.3566770000000004
-1.3667699999999998
-1.3566770000000004
-1.3667699999999998
-1.3566770000000004
-1.3667699999999998
-1.3566770000000004
-1.3667699999999998
-1.3566770000000004
-1.3667699999999998
-1.3566770000000004
-1.3667699999999998
-1.3566770000000004
-1.3667699999999998
-1.3566770000000004
-1.3667699999999998
-1.3566770000000004
