1.4087150000000008
1.4049219999999991
1.4087150000000008
1.4049219999999991
1.4087150000000008
1.4049219999999991
1.4087150000000008
1.4049219999999991
1.4087150000000008
1.4049219999999991
1.4087150000000008
1.4049219999999991
1.4087150000000008
1.4049219999999991
1.4087150000000008
1.4049219999999991
1.4087150000000008
1.4049219999999991
1.4087150000000008
1.4049219999999991
1.4087150000000008
1.4049219999999991
1.4087150000000008
1.4049219999999991
1.4087150000000008
1.4049219999999991
1.4087150000000008
1.4049219999999991
1.4087150000000008
1.4049219999999991
1.4087150000000008
1.4049219999999991
1.4087150000000008
1.4049219999999991
1.4087150000000008
1.4049219999999991
1.4087150000000008
1.4049219999999991
1.4087150000000008
1.4049219999999991
1.4087150000000008
1.4049219999999991
1.4087150000000008
1.4049219999999991
1.4087150000000008
1.4049219999999991
1.4087150000000008
1.4049219999999991
1.4087150000000008
1.4049219999999991
1.4087150000000008
1.4049219999999991
1.4087150000000008
1.4049219999999991
1.4087150000000008
1.4049219999999991
1.4087150000000008
1.4049219999999991
1.4087150000000008
1.4049219999999991
1.4087150000000008
1.4049219999999991
1.4087150000000008
1.4049219999999991
1.4087150000000008
1.4049219999999991
1.4087150000000008
1.4049219999999991
1.4087150000000008
1.4049219999999991
1.4087150000000008
1.4049219999999991
1.4087150000000008
1.4049219999999991
1.4087150000000008
1.4049219999999991
1.4087150000000008
1.4049219999999991
1.4087150000000008
1.4049219999999991
1.4087150000000008
1.4049219999999991
1.4087150000000008
1.4049219999999991
1.4087150000000008
1.4049219999999991
1.4087150000000008
1.4049219999999991
1.4087150000000008
1.4049219999999991
1.4087150000000008
1.4049219999999991
1.4087150000000008
1.4049219999999991
1.4087150000000008
1.4049219999999991
1.4087150000000008
1.4049219999999991
1.4087150000000008
1.4049219999999991
1.4087150000000008
1.4049219999999991
1.4087150000000008
1.4049219999999991
1.4087150000000008
1.4049219999999991
1.4087150000000008
1.4049219999999991
1.4087150000000008
1.4049219999999991
1.4087150000000008
1.4049219999999991
1.4087150000000008
1.4049219999999991
1.4087150000000008
1.4049219999999991
1.4087150000000008
1.4049219999999991
1.4087150000000008
1.4049219999999991
-1.40918
-1.4044559999999997
-1.40918
-1.4044559999999997
-1.40918
-1.4044559999999997
-1.40918
-1.4044559999999997
-1.40918
-1.4044559999999997
-1.40918
-1.4044559999999997
-1.40918
-1.4044559999999997
-1.40918
-1.4044559999999997
-1.40918
-1.4044559999999997
-1.40918
-1.4044559999999997
-1.40918
-1.4044559999999997
-1.40918
-1.4044559999999997
-1.40918
-1.4044559999999997
-1.40918
-1.4044559999999997
-1.40918
-1.4044559999999997
-1.40918
-1.4044559999999997
-1.40918
-1.4044559999999997
-1.40918
-1.4044559999999997
-1.40918
-1.4044559999999997
-1.40918
-1.4044559999999997
-1.40918
-1.4044559999999997
-1.40918
-1.4044559999999997
-1.40918
-1.4044559999999997
-1.40918
-1.4044559999999997
-1.40918
-1.4044559999999997
-1.40918
-1.4044559999999997
-1.40918
-1.4044559999999997
-1.40918
-1.4044559999999997
-1.40918
-1.4044559999999997
-1.40918
-1.4044559999999997
-1.40918
-1.4044559999999997
-1.40918
-1.4044559999999997
-1.40918
-1.4044559999999997
-1.40918
-1.4044559999999997
-1.40918
-1.4044559999999997
-1.40918
-1.4044559999999997
-1.40918
-1.4044559999999997
-1.40918
-1.4044559999999997
-1.40918
-1.4044559999999997
-1.40918
-1.4044559999999997
-1.40918
-1.4044559999999997
-1.40918
-1.4044559999999997
-1.40918
-1.4044559999999997
-1.40918
-1.4044559999999997
-1.40918
-1.4044559999999997
-1.40918
-1.4044559999999997
-1.40918
-1.4044559999999997
-1.40918
-1.4044559999999997
-1.40918
-1.4044559999999997
-1.40918
-1.4044559999999997
-1.40918
-1.4044559999999997
-1.40918
-1.4044559999999997
-1.40918
-1.4044559999999997
-1.40918
-1.4044559999999997
-1.40918
-1.4044559999999997
-1.40918
-1.4044559999999997
-1.40918
-1.4044559999999997
-1.40918
-1.4044559999999997
-1.40918
-1.4044559999999997
-1.40918
-1.4044559999999997
