1.3087800000000005
1.256869
1.2625240000000009
1.2998860000000008
1.3087800000000005
1.256869
1.2625240000000009
1.2998860000000008
1.3087800000000005
1.256869
1.2625240000000009
1.2998860000000008
1.3087800000000005
1.256869
1.2625240000000009
1.2998860000000008
1.3087800000000005
1.256869
1.2625240000000009
1.2998860000000008
1.3087800000000005
1.256869
1.2625240000000009
1.2998860000000008
1.3087800000000005
1.256869
1.2625240000000009
1.2998860000000008
1.3087800000000005
1.256869
1.2625240000000009
1.2998860000000008
1.3087800000000005
1.256869
1.2625240000000009
1.2998860000000008
1.3087800000000005
1.256869
1.2625240000000009
1.2998860000000008
1.3087800000000005
1.256869
1.2625240000000009
1.2998860000000008
1.3087800000000005
1.256869
1.2625240000000009
1.2998860000000008
1.3087800000000005
1.256869
1.2625240000000009
1.2998860000000008
1.3087800000000005
1.256869
1.2625240000000009
1.2998860000000008
1.3087800000000005
1.256869
1.2625240000000009
1.2998860000000008
1.3087800000000005
1.256869
1.2625240000000009
1.2998860000000008
1.3087800000000005
1.256869
1.2625240000000009
1.2998860000000008
1.3087800000000005
1.256869
1.2625240000000009
1.2998860000000008
1.3087800000000005
1.256869
1.2625240000000009
1.2998860000000008
1.3087800000000005
1.256869
1.2625240000000009
1.2998860000000008
1.3087800000000005
1.256869
1.2625240000000009
1.2998860000000008
1.3087800000000005
1.256869
1.2625240000000009
1.2998860000000008
1.3087800000000005
1.256869
1.2625240000000009
1.2998860000000008
1.3087800000000005
1.256869
1.2625240000000009
1.2998860000000008
1.3087800000000005
1.256869
1.2625240000000009
1.2998860000000008
1.3087800000000005
1.256869
1.2625240000000009
1.2998860000000008
1.3087800000000005
1.256869
1.2625240000000009
1.2998860000000008
1.3087800000000005
1.256869
1.2625240000000009
1.2998860000000008
1.3087800000000005
1.256869
1.2625240000000009
1.2998860000000008
1.3087800000000005
1.256869
1.2625240000000009
1.2998860000000008
-1.268598
-1.3259860000000003
-1.2950670000000004
-1.2384079999999997
-1.268598
-1.3259860000000003
-1.2950670000000004
-1.2384079999999997
-1.268598
-1.3259860000000003
-1.2950670000000004
-1.2384079999999997
-1.268598
-1.3259860000000003
-1.2950670000000004
-1.2384079999999997
-1.268598
-1.3259860000000003
-1.2950670000000004
-1.2384079999999997
-1.268598
-1.3259860000000003
-1.2950670000000004
-1.2384079999999997
-1.268598
-1.3259860000000003
-1.2950670000000004
-1.2384079999999997
-1.268598
-1.3259860000000003
-1.2950670000000004
-1.2384079999999997
-1.268598
-1.3259860000000003
-1.2950670000000004
-1.2384079999999997
-1.268598
-1.3259860000000003
-1.2950670000000004
-1.2384079999999997
-1.268598
-1.3259860000000003
-1.2950670000000004
-1.2384079999999997
-1.268598
-1.3259860000000003
-1.2950670000000004
-1.2384079999999997
-1.268598
-1.3259860000000003
-1.2950670000000004
-1.2384079999999997
-1.268598
-1.3259860000000003
-1.2950670000000004
-1.2384079999999997
-1.268598
-1.3259860000000003
-1.2950670000000004
-1.2384079999999997
-1.268598
-1.3259860000000003
-1.2950670000000004
-1.2384079999999997
-1.268598
-1.3259860000000003
-1.2950670000000004
-1.2384079999999997
-1.268598
-1.3259860000000003
-1.2950670000000004
-1.2384079999999997
-1.268598
-1.3259860000000003
-1.2950670000000004
-1.2384079999999997
-1.268598
-1.3259860000000003
-1.2950670000000004
-1.2384079999999997
-1.268598
-1.3259860000000003
-1.2950670000000004
-1.2384079999999997
-1.268598
-1.3259860000000003
-1.2950670000000004
-1.2384079999999997
-1.268598
-1.3259860000000003
-1.2950670000000004
-1.2384079999999997
-1.268598
-1.3259860000000003
-1.2950670000000004
-1.2384079999999997
-1.268598
-1.3259860000000003
-1.2950670000000004
-1.2384079999999997
-1.268598
-1.3259860000000003
-1.2950670000000004
-1.2384079999999997
-1.268598
-1.3259860000000003
-1.2950670000000004
-1.2384079999999997
-1.268598
-1.3259860000000003
-1.2950670000000004
-1.2384079999999997
-1.268598
-1.3259860000000003
-1.2950670000000004
-1.2384079999999997
-1.268598
-1.3259860000000003
-1.2950670000000004
-1.2384079999999997
