1.4520429999999998
1.4514379999999996
1.4534830000000003
1.451651
1.4520429999999998
1.4514379999999996
1.4534830000000003
1.451651
1.4520429999999998
1.4514379999999996
1.4534830000000003
1.451651
1.4520429999999998
1.4514379999999996
1.4534830000000003
1.451651
1.4520429999999998
1.4514379999999996
1.4534830000000003
1.451651
1.4520429999999998
1.4514379999999996
1.4534830000000003
1.451651
1.4520429999999998
1.4514379999999996
1.4534830000000003
1.451651
1.4520429999999998
1.4514379999999996
1.4534830000000003
1.451651
1.4520429999999998
1.4514379999999996
1.4534830000000003
1.451651
1.4520429999999998
1.4514379999999996
1.4534830000000003
1.451651
1.4520429999999998
1.4514379999999996
1.4534830000000003
1.451651
1.4520429999999998
1.4514379999999996
1.4534830000000003
1.451651
1.4520429999999998
1.4514379999999996
1.4534830000000003
1.451651
1.4520429999999998
1.4514379999999996
1.4534830000000003
1.451651
1.4520429999999998
1.4514379999999996
1.4534830000000003
1.451651
1.4520429999999998
1.4514379999999996
1.4534830000000003
1.451651
1.4520429999999998
1.4514379999999996
1.4534830000000003
1.451651
1.4520429999999998
1.4514379999999996
1.4534830000000003
1.451651
1.4520429999999998
1.4514379999999996
1.4534830000000003
1.451651
1.4520429999999998
1.4514379999999996
1.4534830000000003
1.451651
1.4520429999999998
1.4514379999999996
1.4534830000000003
1.451651
1.4520429999999998
1.4514379999999996
1.4534830000000003
1.451651
1.4520429999999998
1.4514379999999996
1.4534830000000003
1.451651
1.4520429999999998
1.4514379999999996
1.4534830000000003
1.451651
1.4520429999999998
1.4514379999999996
1.4534830000000003
1.451651
1.4520429999999998
1.4514379999999996
1.4534830000000003
1.451651
1.4520429999999998
1.4514379999999996
1.4534830000000003
1.451651
-1.4529930000000002
-1.4511279999999998
-1.4530919999999998
-1.4514019999999999
-1.4529930000000002
-1.4511279999999998
-1.4530919999999998
-1.4514019999999999
-1.4529930000000002
-1.4511279999999998
-1.4530919999999998
-1.4514019999999999
-1.4529930000000002
-1.4511279999999998
-1.4530919999999998
-1.4514019999999999
-1.4529930000000002
-1.4511279999999998
-1.4530919999999998
-1.4514019999999999
-1.4529930000000002
-1.4511279999999998
-1.4530919999999998
-1.4514019999999999
-1.4529930000000002
-1.4511279999999998
-1.4530919999999998
-1.4514019999999999
-1.4529930000000002
-1.4511279999999998
-1.4530919999999998
-1.4514019999999999
-1.4529930000000002
-1.4511279999999998
-1.4530919999999998
-1.4514019999999999
-1.4529930000000002
-1.4511279999999998
-1.4530919999999998
-1.4514019999999999
-1.4529930000000002
-1.4511279999999998
-1.4530919999999998
-1.4514019999999999
-1.4529930000000002
-1.4511279999999998
-1.4530919999999998
-1.4514019999999999
-1.4529930000000002
-1.4511279999999998
-1.4530919999999998
-1.4514019999999999
-1.4529930000000002
-1.4511279999999998
-1.4530919999999998
-1.4514019999999999
-1.4529930000000002
-1.4511279999999998
-1.4530919999999998
-1.4514019999999999
-1.4529930000000002
-1.4511279999999998
-1.4530919999999998
-1.4514019999999999
-1.4529930000000002
-1.4511279999999998
-1.4530919999999998
-1.4514019999999999
-1.4529930000000002
-1.4511279999999998
-1.4530919999999998
-1.4514019999999999
-1.4529930000000002
-1.4511279999999998
-1.4530919999999998
-1.4514019999999999
-1.4529930000000002
-1.4511279999999998
-1.4530919999999998
-1.4514019999999999
-1.4529930000000002
-1.4511279999999998
-1.4530919999999998
-1.4514019999999999
-1.4529930000000002
-1.4511279999999998
-1.4530919999999998
-1.4514019999999999
-1.4529930000000002
-1.4511279999999998
-1.4530919999999998
-1.4514019999999999
-1.4529930000000002
-1.4511279999999998
-1.4530919999999998
-1.4514019999999999
-1.4529930000000002
-1.4511279999999998
-1.4530919999999998
-1.4514019999999999
-1.4529930000000002
-1.4511279999999998
-1.4530919999999998
-1.4514019999999999
-1.4529930000000002
-1.4511279999999998
-1.4530919999999998
-1.4514019999999999
