1.3729929999999992
1.3587070000000008
1.3258039999999998
1.3418759999999992
1.3729929999999992
1.3587070000000008
1.3258039999999998
1.3418759999999992
1.3729929999999992
1.3587070000000008
1.3258039999999998
1.3418759999999992
1.3729929999999992
1.3587070000000008
1.3258039999999998
1.3418759999999992
1.3729929999999992
1.3587070000000008
1.3258039999999998
1.3418759999999992
1.3729929999999992
1.3587070000000008
1.3258039999999998
1.3418759999999992
1.3729929999999992
1.3587070000000008
1.3258039999999998
1.3418759999999992
1.3729929999999992
1.3587070000000008
1.3258039999999998
1.3418759999999992
1.3729929999999992
1.3587070000000008
1.3258039999999998
1.3418759999999992
1.3729929999999992
1.3587070000000008
1.3258039999999998
1.3418759999999992
1.3729929999999992
1.3587070000000008
1.3258039999999998
1.3418759999999992
1.3729929999999992
1.3587070000000008
1.3258039999999998
1.3418759999999992
1.3729929999999992
1.3587070000000008
1.3258039999999998
1.3418759999999992
1.3729929999999992
1.3587070000000008
1.3258039999999998
1.3418759999999992
1.3729929999999992
1.3587070000000008
1.3258039999999998
1.3418759999999992
1.3729929999999992
1.3587070000000008
1.3258039999999998
1.3418759999999992
1.3729929999999992
1.3587070000000008
1.3258039999999998
1.3418759999999992
1.3729929999999992
1.3587070000000008
1.3258039999999998
1.3418759999999992
1.3729929999999992
1.3587070000000008
1.3258039999999998
1.3418759999999992
1.3729929999999992
1.3587070000000008
1.3258039999999998
1.3418759999999992
1.3729929999999992
1.3587070000000008
1.3258039999999998
1.3418759999999992
1.3729929999999992
1.3587070000000008
1.3258039999999998
1.3418759999999992
1.3729929999999992
1.3587070000000008
1.3258039999999998
1.3418759999999992
1.3729929999999992
1.3587070000000008
1.3258039999999998
1.3418759999999992
1.3729929999999992
1.3587070000000008
1.3258039999999998
1.3418759999999992
1.3729929999999992
1.3587070000000008
1.3258039999999998
1.3418759999999992
1.3729929999999992
1.3587070000000008
1.3258039999999998
1.3418759999999992
1.3729929999999992
1.3587070000000008
1.3258039999999998
1.3418759999999992
1.3729929999999992
1.3587070000000008
1.3258039999999998
1.3418759999999992
1.3729929999999992
1.3587070000000008
1.3258039999999998
1.3418759999999992
1.3729929999999992
1.3587070000000008
1.3258039999999998
1.3418759999999992
1.3729929999999992
1.3587070000000008
1.3258039999999998
1.3418759999999992
1.3729929999999992
1.3587070000000008
1.3258039999999998
1.3418759999999992
1.3729929999999992
1.3587070000000008
1.3258039999999998
1.3418759999999992
1.3729929999999992
1.3587070000000008
1.3258039999999998
1.3418759999999992
1.3729929999999992
1.3587070000000008
1.3258039999999998
1.3418759999999992
-1.3085930000000001
-1.3722500000000002
-1.3554050000000002
-1.3631320000000002
-1.3085930000000001
-1.3722500000000002
-1.3554050000000002
-1.3631320000000002
-1.3085930000000001
-1.3722500000000002
-1.3554050000000002
-1.3631320000000002
-1.3085930000000001
-1.3722500000000002
-1.3554050000000002
-1.3631320000000002
-1.3085930000000001
-1.3722500000000002
-1.3554050000000002
-1.3631320000000002
-1.3085930000000001
-1.3722500000000002
-1.3554050000000002
-1.3631320000000002
-1.3085930000000001
-1.3722500000000002
-1.3554050000000002
-1.3631320000000002
-1.3085930000000001
-1.3722500000000002
-1.3554050000000002
-1.3631320000000002
-1.3085930000000001
-1.3722500000000002
-1.3554050000000002
-1.3631320000000002
-1.3085930000000001
-1.3722500000000002
-1.3554050000000002
-1.3631320000000002
-1.3085930000000001
-1.3722500000000002
-1.3554050000000002
-1.3631320000000002
-1.3085930000000001
-1.3722500000000002
-1.3554050000000002
-1.3631320000000002
-1.3085930000000001
-1.3722500000000002
-1.3554050000000002
-1.3631320000000002
-1.3085930000000001
-1.3722500000000002
-1.3554050000000002
-1.3631320000000002
-1.3085930000000001
-1.3722500000000002
-1.3554050000000002
-1.3631320000000002
-1.3085930000000001
-1.3722500000000002
-1.3554050000000002
-1.3631320000000002
-1.3085930000000001
-1.3722500000000002
-1.3554050000000002
-1.3631320000000002
-1.3085930000000001
-1.3722500000000002
-1.3554050000000002
-1.3631320000000002
-1.3085930000000001
-1.3722500000000002
-1.3554050000000002
-1.3631320000000002
-1.3085930000000001
-1.3722500000000002
-1.3554050000000002
-1.3631320000000002
-1.3085930000000001
-1.3722500000000002
-1.3554050000000002
-1.3631320000000002
-1.3085930000000001
-1.3722500000000002
-1.3554050000000002
-1.3631320000000002
-1.3085930000000001
-1.3722500000000002
-1.3554050000000002
-1.3631320000000002
-1.3085930000000001
-1.3722500000000002
-1.3554050000000002
-1.3631320000000002
-1.3085930000000001
-1.3722500000000002
-1.3554050000000002
-1.3631320000000002
-1.3085930000000001
-1.3722500000000002
-1.3554050000000002
-1.3631320000000002
-1.3085930000000001
-1.3722500000000002
-1.3554050000000002
-1.3631320000000002
-1.3085930000000001
-1.3722500000000002
-1.3554050000000002
-1.3631320000000002
-1.3085930000000001
-1.3722500000000002
-1.3554050000000002
-1.3631320000000002
-1.3085930000000001
-1.3722500000000002
-1.3554050000000002
-1.3631320000000002
-1.3085930000000001
-1.3722500000000002
-1.3554050000000002
-1.3631320000000002
-1.3085930000000001
-1.3722500000000002
-1.3554050000000002
-1.3631320000000002
-1.3085930000000001
-1.3722500000000002
-1.3554050000000002
-1.3631320000000002
-1.3085930000000001
-1.3722500000000002
-1.3554050000000002
-1.3631320000000002
-1.3085930000000001
-1.3722500000000002
-1.3554050000000002
-1.3631320000000002
-1.3085930000000001
-1.3722500000000002
-1.3554050000000002
-1.3631320000000002
