1.3578600000000005
1.3444909999999997
1.3578600000000005
1.3444909999999997
1.3578600000000005
1.3444909999999997
1.3578600000000005
1.3444909999999997
1.3578600000000005
1.3444909999999997
1.3578600000000005
1.3444909999999997
1.3578600000000005
1.3444909999999997
1.3578600000000005
1.3444909999999997
1.3578600000000005
1.3444909999999997
1.3578600000000005
1.3444909999999997
1.3578600000000005
1.3444909999999997
1.3578600000000005
1.3444909999999997
1.3578600000000005
1.3444909999999997
1.3578600000000005
1.3444909999999997
1.3578600000000005
1.3444909999999997
1.3578600000000005
1.3444909999999997
1.3578600000000005
1.3444909999999997
1.3578600000000005
1.3444909999999997
1.3578600000000005
1.3444909999999997
1.3578600000000005
1.3444909999999997
1.3578600000000005
1.3444909999999997
1.3578600000000005
1.3444909999999997
1.3578600000000005
1.3444909999999997
1.3578600000000005
1.3444909999999997
1.3578600000000005
1.3444909999999997
1.3578600000000005
1.3444909999999997
1.3578600000000005
1.3444909999999997
1.3578600000000005
1.3444909999999997
1.3578600000000005
1.3444909999999997
1.3578600000000005
1.3444909999999997
1.3578600000000005
1.3444909999999997
1.3578600000000005
1.3444909999999997
1.3578600000000005
1.3444909999999997
1.3578600000000005
1.3444909999999997
1.3578600000000005
1.3444909999999997
1.3578600000000005
1.3444909999999997
1.3578600000000005
1.3444909999999997
1.3578600000000005
1.3444909999999997
1.3578600000000005
1.3444909999999997
1.3578600000000005
1.3444909999999997
1.3578600000000005
1.3444909999999997
1.3578600000000005
1.3444909999999997
1.3578600000000005
1.3444909999999997
1.3578600000000005
1.3444909999999997
1.3578600000000005
1.3444909999999997
-1.3495020000000002
-1.352849
-1.3495020000000002
-1.352849
-1.3495020000000002
-1.352849
-1.3495020000000002
-1.352849
-1.3495020000000002
-1.352849
-1.3495020000000002
-1.352849
-1.3495020000000002
-1.352849
-1.3495020000000002
-1.352849
-1.3495020000000002
-1.352849
-1.3495020000000002
-1.352849
-1.3495020000000002
-1.352849
-1.3495020000000002
-1.352849
-1.3495020000000002
-1.352849
-1.3495020000000002
-1.352849
-1.3495020000000002
-1.352849
-1.3495020000000002
-1.352849
-1.3495020000000002
-1.352849
-1.3495020000000002
-1.352849
-1.3495020000000002
-1.352849
-1.3495020000000002
-1.352849
-1.3495020000000002
-1.352849
-1.3495020000000002
-1.352849
-1.3495020000000002
-1.352849
-1.3495020000000002
-1.352849
-1.3495020000000002
-1.352849
-1.3495020000000002
-1.352849
-1.3495020000000002
-1.352849
-1.3495020000000002
-1.352849
-1.3495020000000002
-1.352849
-1.3495020000000002
-1.352849
-1.3495020000000002
-1.352849
-1.3495020000000002
-1.352849
-1.3495020000000002
-1.352849
-1.3495020000000002
-1.352849
-1.3495020000000002
-1.352849
-1.3495020000000002
-1.352849
-1.3495020000000002
-1.352849
-1.3495020000000002
-1.352849
-1.3495020000000002
-1.352849
-1.3495020000000002
-1.352849
-1.3495020000000002
-1.352849
-1.3495020000000002
-1.352849
-1.3495020000000002
-1.352849
-1.3495020000000002
-1.352849
-1.3495020000000002
-1.352849
