0.9798439999999999
0.9798439999999999
0.9798439999999999
0.9798439999999999
0.9798439999999999
0.9798439999999999
0.9798439999999999
0.9798439999999999
0.9798439999999999
0.9798439999999999
0.9798439999999999
0.9798439999999999
0.9798439999999999
0.9798439999999999
0.9798439999999999
0.9798439999999999
0.9798439999999999
0.9798439999999999
0.9798439999999999
0.9798439999999999
0.9798439999999999
0.9798439999999999
0.9798439999999999
0.9798439999999999
0.9798439999999999
0.9798439999999999
0.9798439999999999
-0.9798450000000001
-0.9798450000000001
-0.9798450000000001
-0.9798450000000001
-0.9798450000000001
-0.9798450000000001
-0.9798450000000001
-0.9798450000000001
-0.9798450000000001
-0.9798450000000001
-0.9798450000000001
-0.9798450000000001
-0.9798450000000001
-0.9798450000000001
-0.9798450000000001
-0.9798450000000001
-0.9798450000000001
-0.9798450000000001
-0.9798450000000001
-0.9798450000000001
-0.9798450000000001
-0.9798450000000001
-0.9798450000000001
-0.9798450000000001
-0.9798450000000001
-0.9798450000000001
-0.9798450000000001
