1.4164359999999991
1.419753
1.4164359999999991
1.419753
1.4164359999999991
1.419753
1.4164359999999991
1.419753
1.4164359999999991
1.419753
1.4164359999999991
1.419753
1.4164359999999991
1.419753
1.4164359999999991
1.419753
1.4164359999999991
1.419753
1.4164359999999991
1.419753
1.4164359999999991
1.419753
1.4164359999999991
1.419753
1.4164359999999991
1.419753
1.4164359999999991
1.419753
1.4164359999999991
1.419753
1.4164359999999991
1.419753
1.4164359999999991
1.419753
1.4164359999999991
1.419753
1.4164359999999991
1.419753
1.4164359999999991
1.419753
1.4164359999999991
1.419753
1.4164359999999991
1.419753
1.4164359999999991
1.419753
1.4164359999999991
1.419753
1.4164359999999991
1.419753
1.4164359999999991
1.419753
1.4164359999999991
1.419753
1.4164359999999991
1.419753
1.4164359999999991
1.419753
1.4164359999999991
1.419753
1.4164359999999991
1.419753
1.4164359999999991
1.419753
1.4164359999999991
1.419753
1.4164359999999991
1.419753
1.4164359999999991
1.419753
1.4164359999999991
1.419753
1.4164359999999991
1.419753
1.4164359999999991
1.419753
1.4164359999999991
1.419753
1.4164359999999991
1.419753
1.4164359999999991
1.419753
1.4164359999999991
1.419753
1.4164359999999991
1.419753
1.4164359999999991
1.419753
1.4164359999999991
1.419753
1.4164359999999991
1.419753
1.4164359999999991
1.419753
1.4164359999999991
1.419753
1.4164359999999991
1.419753
1.4164359999999991
1.419753
1.4164359999999991
1.419753
1.4164359999999991
1.419753
1.4164359999999991
1.419753
1.4164359999999991
1.419753
1.4164359999999991
1.419753
1.4164359999999991
1.419753
1.4164359999999991
1.419753
1.4164359999999991
1.419753
1.4164359999999991
1.419753
1.4164359999999991
1.419753
-1.41819
-1.417999
-1.41819
-1.417999
-1.41819
-1.417999
-1.41819
-1.417999
-1.41819
-1.417999
-1.41819
-1.417999
-1.41819
-1.417999
-1.41819
-1.417999
-1.41819
-1.417999
-1.41819
-1.417999
-1.41819
-1.417999
-1.41819
-1.417999
-1.41819
-1.417999
-1.41819
-1.417999
-1.41819
-1.417999
-1.41819
-1.417999
-1.41819
-1.417999
-1.41819
-1.417999
-1.41819
-1.417999
-1.41819
-1.417999
-1.41819
-1.417999
-1.41819
-1.417999
-1.41819
-1.417999
-1.41819
-1.417999
-1.41819
-1.417999
-1.41819
-1.417999
-1.41819
-1.417999
-1.41819
-1.417999
-1.41819
-1.417999
-1.41819
-1.417999
-1.41819
-1.417999
-1.41819
-1.417999
-1.41819
-1.417999
-1.41819
-1.417999
-1.41819
-1.417999
-1.41819
-1.417999
-1.41819
-1.417999
-1.41819
-1.417999
-1.41819
-1.417999
-1.41819
-1.417999
-1.41819
-1.417999
-1.41819
-1.417999
-1.41819
-1.417999
-1.41819
-1.417999
-1.41819
-1.417999
-1.41819
-1.417999
-1.41819
-1.417999
-1.41819
-1.417999
-1.41819
-1.417999
-1.41819
-1.417999
-1.41819
-1.417999
-1.41819
-1.417999
-1.41819
-1.417999
-1.41819
-1.417999
-1.41819
-1.417999
-1.41819
-1.417999
-1.41819
-1.417999
-1.41819
-1.417999
-1.41819
-1.417999
-1.41819
-1.417999
