1.3261579999999995
1.3261579999999995
1.3261579999999995
1.3261579999999995
1.3261579999999995
1.3261579999999995
1.3261579999999995
1.3261579999999995
1.3261579999999995
1.3261579999999995
1.3261579999999995
1.3261579999999995
1.3261579999999995
1.3261579999999995
1.3261579999999995
1.3261579999999995
1.3261579999999995
1.3261579999999995
1.3261579999999995
1.3261579999999995
1.3261579999999995
1.3261579999999995
1.3261579999999995
1.3261579999999995
1.3261579999999995
1.3261579999999995
1.3261579999999995
1.3261579999999995
1.3261579999999995
1.3261579999999995
1.3261579999999995
1.3261579999999995
1.3261579999999995
1.3261579999999995
1.3261579999999995
1.3261579999999995
1.3261579999999995
1.3261579999999995
1.3261579999999995
1.3261579999999995
1.3261579999999995
1.3261579999999995
1.3261579999999995
1.3261579999999995
1.3261579999999995
1.3261579999999995
1.3261579999999995
1.3261579999999995
1.3261579999999995
1.3261579999999995
1.3261579999999995
1.3261579999999995
1.3261579999999995
1.3261579999999995
1.3261579999999995
1.3261579999999995
1.3261579999999995
1.3261579999999995
1.3261579999999995
1.3261579999999995
1.3261579999999995
1.3261579999999995
1.3261579999999995
1.3261579999999995
1.3261579999999995
1.3261579999999995
1.3261579999999995
1.3261579999999995
1.3261579999999995
1.3261579999999995
1.3261579999999995
1.3261579999999995
1.3261579999999995
1.3261579999999995
1.3261579999999995
1.3261579999999995
1.3261579999999995
1.3261579999999995
1.3261579999999995
1.3261579999999995
1.3261579999999995
1.3261579999999995
1.3261579999999995
1.3261579999999995
1.3261579999999995
1.3261579999999995
1.3261579999999995
1.3261579999999995
1.3261579999999995
1.3261579999999995
1.3261579999999995
1.3261579999999995
1.3261579999999995
1.3261579999999995
1.3261579999999995
1.3261579999999995
-1.3261539999999998
-1.3261630000000002
-1.3261539999999998
-1.3261630000000002
-1.3261539999999998
-1.3261630000000002
-1.3261539999999998
-1.3261630000000002
-1.3261539999999998
-1.3261630000000002
-1.3261539999999998
-1.3261630000000002
-1.3261539999999998
-1.3261630000000002
-1.3261539999999998
-1.3261630000000002
-1.3261539999999998
-1.3261630000000002
-1.3261539999999998
-1.3261630000000002
-1.3261539999999998
-1.3261630000000002
-1.3261539999999998
-1.3261630000000002
-1.3261539999999998
-1.3261630000000002
-1.3261539999999998
-1.3261630000000002
-1.3261539999999998
-1.3261630000000002
-1.3261539999999998
-1.3261630000000002
-1.3261539999999998
-1.3261630000000002
-1.3261539999999998
-1.3261630000000002
-1.3261539999999998
-1.3261630000000002
-1.3261539999999998
-1.3261630000000002
-1.3261539999999998
-1.3261630000000002
-1.3261539999999998
-1.3261630000000002
-1.3261539999999998
-1.3261630000000002
-1.3261539999999998
-1.3261630000000002
-1.3261539999999998
-1.3261630000000002
-1.3261539999999998
-1.3261630000000002
-1.3261539999999998
-1.3261630000000002
-1.3261539999999998
-1.3261630000000002
-1.3261539999999998
-1.3261630000000002
-1.3261539999999998
-1.3261630000000002
-1.3261539999999998
-1.3261630000000002
-1.3261539999999998
-1.3261630000000002
-1.3261539999999998
-1.3261630000000002
-1.3261539999999998
-1.3261630000000002
-1.3261539999999998
-1.3261630000000002
-1.3261539999999998
-1.3261630000000002
-1.3261539999999998
-1.3261630000000002
-1.3261539999999998
-1.3261630000000002
-1.3261539999999998
-1.3261630000000002
-1.3261539999999998
-1.3261630000000002
-1.3261539999999998
-1.3261630000000002
-1.3261539999999998
-1.3261630000000002
-1.3261539999999998
-1.3261630000000002
-1.3261539999999998
-1.3261630000000002
-1.3261539999999998
-1.3261630000000002
-1.3261539999999998
-1.3261630000000002
-1.3261539999999998
-1.3261630000000002
-1.3261539999999998
-1.3261630000000002
