1.3970040000000008
1.3970040000000008
1.3970040000000008
1.3970040000000008
1.3970040000000008
1.3970040000000008
1.3970040000000008
1.3970040000000008
1.3970040000000008
1.3970040000000008
1.3970040000000008
1.3970040000000008
1.3970040000000008
1.3970040000000008
1.3970040000000008
1.3970040000000008
1.3970040000000008
1.3970040000000008
1.3970040000000008
1.3970040000000008
1.3970040000000008
1.3970040000000008
1.3970040000000008
1.3970040000000008
1.3970040000000008
1.3970040000000008
1.3970040000000008
1.3970040000000008
1.3970040000000008
1.3970040000000008
1.3970040000000008
1.3970040000000008
1.3970040000000008
1.3970040000000008
1.3970040000000008
1.3970040000000008
1.3970040000000008
1.3970040000000008
1.3970040000000008
1.3970040000000008
1.3970040000000008
1.3970040000000008
1.3970040000000008
1.3970040000000008
1.3970040000000008
1.3970040000000008
1.3970040000000008
1.3970040000000008
1.3970040000000008
1.3970040000000008
1.3970040000000008
1.3970040000000008
1.3970040000000008
1.3970040000000008
1.3970040000000008
1.3970040000000008
1.3970040000000008
1.3970040000000008
1.3970040000000008
1.3970040000000008
1.3970040000000008
1.3970040000000008
1.3970040000000008
1.3970040000000008
-1.3970070000000003
-1.3970070000000003
-1.3970070000000003
-1.3970070000000003
-1.3970070000000003
-1.3970070000000003
-1.3970070000000003
-1.3970070000000003
-1.3970070000000003
-1.3970070000000003
-1.3970070000000003
-1.3970070000000003
-1.3970070000000003
-1.3970070000000003
-1.3970070000000003
-1.3970070000000003
-1.3970070000000003
-1.3970070000000003
-1.3970070000000003
-1.3970070000000003
-1.3970070000000003
-1.3970070000000003
-1.3970070000000003
-1.3970070000000003
-1.3970070000000003
-1.3970070000000003
-1.3970070000000003
-1.3970070000000003
-1.3970070000000003
-1.3970070000000003
-1.3970070000000003
-1.3970070000000003
-1.3970070000000003
-1.3970070000000003
-1.3970070000000003
-1.3970070000000003
-1.3970070000000003
-1.3970070000000003
-1.3970070000000003
-1.3970070000000003
-1.3970070000000003
-1.3970070000000003
-1.3970070000000003
-1.3970070000000003
-1.3970070000000003
-1.3970070000000003
-1.3970070000000003
-1.3970070000000003
-1.3970070000000003
-1.3970070000000003
-1.3970070000000003
-1.3970070000000003
-1.3970070000000003
-1.3970070000000003
-1.3970070000000003
-1.3970070000000003
-1.3970070000000003
-1.3970070000000003
-1.3970070000000003
-1.3970070000000003
-1.3970070000000003
-1.3970070000000003
-1.3970070000000003
-1.3970070000000003
