1.4332060000000002
1.4287670000000006
1.4250869999999995
1.4327699999999997
1.4332060000000002
1.4287670000000006
1.4250869999999995
1.4327699999999997
1.4332060000000002
1.4287670000000006
1.4250869999999995
1.4327699999999997
1.4332060000000002
1.4287670000000006
1.4250869999999995
1.4327699999999997
1.4332060000000002
1.4287670000000006
1.4250869999999995
1.4327699999999997
1.4332060000000002
1.4287670000000006
1.4250869999999995
1.4327699999999997
1.4332060000000002
1.4287670000000006
1.4250869999999995
1.4327699999999997
1.4332060000000002
1.4287670000000006
1.4250869999999995
1.4327699999999997
1.4332060000000002
1.4287670000000006
1.4250869999999995
1.4327699999999997
1.4332060000000002
1.4287670000000006
1.4250869999999995
1.4327699999999997
1.4332060000000002
1.4287670000000006
1.4250869999999995
1.4327699999999997
1.4332060000000002
1.4287670000000006
1.4250869999999995
1.4327699999999997
1.4332060000000002
1.4287670000000006
1.4250869999999995
1.4327699999999997
1.4332060000000002
1.4287670000000006
1.4250869999999995
1.4327699999999997
1.4332060000000002
1.4287670000000006
1.4250869999999995
1.4327699999999997
1.4332060000000002
1.4287670000000006
1.4250869999999995
1.4327699999999997
1.4332060000000002
1.4287670000000006
1.4250869999999995
1.4327699999999997
1.4332060000000002
1.4287670000000006
1.4250869999999995
1.4327699999999997
1.4332060000000002
1.4287670000000006
1.4250869999999995
1.4327699999999997
1.4332060000000002
1.4287670000000006
1.4250869999999995
1.4327699999999997
1.4332060000000002
1.4287670000000006
1.4250869999999995
1.4327699999999997
1.4332060000000002
1.4287670000000006
1.4250869999999995
1.4327699999999997
1.4332060000000002
1.4287670000000006
1.4250869999999995
1.4327699999999997
1.4332060000000002
1.4287670000000006
1.4250869999999995
1.4327699999999997
1.4332060000000002
1.4287670000000006
1.4250869999999995
1.4327699999999997
1.4332060000000002
1.4287670000000006
1.4250869999999995
1.4327699999999997
1.4332060000000002
1.4287670000000006
1.4250869999999995
1.4327699999999997
1.4332060000000002
1.4287670000000006
1.4250869999999995
1.4327699999999997
1.4332060000000002
1.4287670000000006
1.4250869999999995
1.4327699999999997
1.4332060000000002
1.4287670000000006
1.4250869999999995
1.4327699999999997
1.4332060000000002
1.4287670000000006
1.4250869999999995
1.4327699999999997
1.4332060000000002
1.4287670000000006
1.4250869999999995
1.4327699999999997
1.4332060000000002
1.4287670000000006
1.4250869999999995
1.4327699999999997
1.4332060000000002
1.4287670000000006
1.4250869999999995
1.4327699999999997
1.4332060000000002
1.4287670000000006
1.4250869999999995
1.4327699999999997
1.4332060000000002
1.4287670000000006
1.4250869999999995
1.4327699999999997
-1.4310460000000003
-1.4302599999999996
-1.4290500000000002
-1.429475
-1.4310460000000003
-1.4302599999999996
-1.4290500000000002
-1.429475
-1.4310460000000003
-1.4302599999999996
-1.4290500000000002
-1.429475
-1.4310460000000003
-1.4302599999999996
-1.4290500000000002
-1.429475
-1.4310460000000003
-1.4302599999999996
-1.4290500000000002
-1.429475
-1.4310460000000003
-1.4302599999999996
-1.4290500000000002
-1.429475
-1.4310460000000003
-1.4302599999999996
-1.4290500000000002
-1.429475
-1.4310460000000003
-1.4302599999999996
-1.4290500000000002
-1.429475
-1.4310460000000003
-1.4302599999999996
-1.4290500000000002
-1.429475
-1.4310460000000003
-1.4302599999999996
-1.4290500000000002
-1.429475
-1.4310460000000003
-1.4302599999999996
-1.4290500000000002
-1.429475
-1.4310460000000003
-1.4302599999999996
-1.4290500000000002
-1.429475
-1.4310460000000003
-1.4302599999999996
-1.4290500000000002
-1.429475
-1.4310460000000003
-1.4302599999999996
-1.4290500000000002
-1.429475
-1.4310460000000003
-1.4302599999999996
-1.4290500000000002
-1.429475
-1.4310460000000003
-1.4302599999999996
-1.4290500000000002
-1.429475
-1.4310460000000003
-1.4302599999999996
-1.4290500000000002
-1.429475
-1.4310460000000003
-1.4302599999999996
-1.4290500000000002
-1.429475
-1.4310460000000003
-1.4302599999999996
-1.4290500000000002
-1.429475
-1.4310460000000003
-1.4302599999999996
-1.4290500000000002
-1.429475
-1.4310460000000003
-1.4302599999999996
-1.4290500000000002
-1.429475
-1.4310460000000003
-1.4302599999999996
-1.4290500000000002
-1.429475
-1.4310460000000003
-1.4302599999999996
-1.4290500000000002
-1.429475
-1.4310460000000003
-1.4302599999999996
-1.4290500000000002
-1.429475
-1.4310460000000003
-1.4302599999999996
-1.4290500000000002
-1.429475
-1.4310460000000003
-1.4302599999999996
-1.4290500000000002
-1.429475
-1.4310460000000003
-1.4302599999999996
-1.4290500000000002
-1.429475
-1.4310460000000003
-1.4302599999999996
-1.4290500000000002
-1.429475
-1.4310460000000003
-1.4302599999999996
-1.4290500000000002
-1.429475
-1.4310460000000003
-1.4302599999999996
-1.4290500000000002
-1.429475
-1.4310460000000003
-1.4302599999999996
-1.4290500000000002
-1.429475
-1.4310460000000003
-1.4302599999999996
-1.4290500000000002
-1.429475
-1.4310460000000003
-1.4302599999999996
-1.4290500000000002
-1.429475
-1.4310460000000003
-1.4302599999999996
-1.4290500000000002
-1.429475
-1.4310460000000003
-1.4302599999999996
-1.4290500000000002
-1.429475
-1.4310460000000003
-1.4302599999999996
-1.4290500000000002
-1.429475
