1.3190080000000002
1.3794900000000005
1.3796549999999996
1.3785059999999998
1.3190080000000002
1.3794900000000005
1.3796549999999996
1.3785059999999998
1.3190080000000002
1.3794900000000005
1.3796549999999996
1.3785059999999998
1.3190080000000002
1.3794900000000005
1.3796549999999996
1.3785059999999998
1.3190080000000002
1.3794900000000005
1.3796549999999996
1.3785059999999998
1.3190080000000002
1.3794900000000005
1.3796549999999996
1.3785059999999998
1.3190080000000002
1.3794900000000005
1.3796549999999996
1.3785059999999998
1.3190080000000002
1.3794900000000005
1.3796549999999996
1.3785059999999998
1.3190080000000002
1.3794900000000005
1.3796549999999996
1.3785059999999998
1.3190080000000002
1.3794900000000005
1.3796549999999996
1.3785059999999998
1.3190080000000002
1.3794900000000005
1.3796549999999996
1.3785059999999998
1.3190080000000002
1.3794900000000005
1.3796549999999996
1.3785059999999998
1.3190080000000002
1.3794900000000005
1.3796549999999996
1.3785059999999998
1.3190080000000002
1.3794900000000005
1.3796549999999996
1.3785059999999998
1.3190080000000002
1.3794900000000005
1.3796549999999996
1.3785059999999998
1.3190080000000002
1.3794900000000005
1.3796549999999996
1.3785059999999998
1.3190080000000002
1.3794900000000005
1.3796549999999996
1.3785059999999998
1.3190080000000002
1.3794900000000005
1.3796549999999996
1.3785059999999998
1.3190080000000002
1.3794900000000005
1.3796549999999996
1.3785059999999998
1.3190080000000002
1.3794900000000005
1.3796549999999996
1.3785059999999998
1.3190080000000002
1.3794900000000005
1.3796549999999996
1.3785059999999998
1.3190080000000002
1.3794900000000005
1.3796549999999996
1.3785059999999998
1.3190080000000002
1.3794900000000005
1.3796549999999996
1.3785059999999998
1.3190080000000002
1.3794900000000005
1.3796549999999996
1.3785059999999998
1.3190080000000002
1.3794900000000005
1.3796549999999996
1.3785059999999998
1.3190080000000002
1.3794900000000005
1.3796549999999996
1.3785059999999998
1.3190080000000002
1.3794900000000005
1.3796549999999996
1.3785059999999998
1.3190080000000002
1.3794900000000005
1.3796549999999996
1.3785059999999998
1.3190080000000002
1.3794900000000005
1.3796549999999996
1.3785059999999998
1.3190080000000002
1.3794900000000005
1.3796549999999996
1.3785059999999998
1.3190080000000002
1.3794900000000005
1.3796549999999996
1.3785059999999998
1.3190080000000002
1.3794900000000005
1.3796549999999996
1.3785059999999998
1.3190080000000002
1.3794900000000005
1.3796549999999996
1.3785059999999998
1.3190080000000002
1.3794900000000005
1.3796549999999996
1.3785059999999998
1.3190080000000002
1.3794900000000005
1.3796549999999996
1.3785059999999998
1.3190080000000002
1.3794900000000005
1.3796549999999996
1.3785059999999998
-1.322712
-1.381469
-1.379131
-1.3733500000000003
-1.322712
-1.381469
-1.379131
-1.3733500000000003
-1.322712
-1.381469
-1.379131
-1.3733500000000003
-1.322712
-1.381469
-1.379131
-1.3733500000000003
-1.322712
-1.381469
-1.379131
-1.3733500000000003
-1.322712
-1.381469
-1.379131
-1.3733500000000003
-1.322712
-1.381469
-1.379131
-1.3733500000000003
-1.322712
-1.381469
-1.379131
-1.3733500000000003
-1.322712
-1.381469
-1.379131
-1.3733500000000003
-1.322712
-1.381469
-1.379131
-1.3733500000000003
-1.322712
-1.381469
-1.379131
-1.3733500000000003
-1.322712
-1.381469
-1.379131
-1.3733500000000003
-1.322712
-1.381469
-1.379131
-1.3733500000000003
-1.322712
-1.381469
-1.379131
-1.3733500000000003
-1.322712
-1.381469
-1.379131
-1.3733500000000003
-1.322712
-1.381469
-1.379131
-1.3733500000000003
-1.322712
-1.381469
-1.379131
-1.3733500000000003
-1.322712
-1.381469
-1.379131
-1.3733500000000003
-1.322712
-1.381469
-1.379131
-1.3733500000000003
-1.322712
-1.381469
-1.379131
-1.3733500000000003
-1.322712
-1.381469
-1.379131
-1.3733500000000003
-1.322712
-1.381469
-1.379131
-1.3733500000000003
-1.322712
-1.381469
-1.379131
-1.3733500000000003
-1.322712
-1.381469
-1.379131
-1.3733500000000003
-1.322712
-1.381469
-1.379131
-1.3733500000000003
-1.322712
-1.381469
-1.379131
-1.3733500000000003
-1.322712
-1.381469
-1.379131
-1.3733500000000003
-1.322712
-1.381469
-1.379131
-1.3733500000000003
-1.322712
-1.381469
-1.379131
-1.3733500000000003
-1.322712
-1.381469
-1.379131
-1.3733500000000003
-1.322712
-1.381469
-1.379131
-1.3733500000000003
-1.322712
-1.381469
-1.379131
-1.3733500000000003
-1.322712
-1.381469
-1.379131
-1.3733500000000003
-1.322712
-1.381469
-1.379131
-1.3733500000000003
-1.322712
-1.381469
-1.379131
-1.3733500000000003
-1.322712
-1.381469
-1.379131
-1.3733500000000003
