1.3466120000000004
1.3539080000000006
1.3470250000000004
1.3669829999999994
1.3466120000000004
1.3539080000000006
1.3470250000000004
1.3669829999999994
1.3466120000000004
1.3539080000000006
1.3470250000000004
1.3669829999999994
1.3466120000000004
1.3539080000000006
1.3470250000000004
1.3669829999999994
1.3466120000000004
1.3539080000000006
1.3470250000000004
1.3669829999999994
1.3466120000000004
1.3539080000000006
1.3470250000000004
1.3669829999999994
1.3466120000000004
1.3539080000000006
1.3470250000000004
1.3669829999999994
1.3466120000000004
1.3539080000000006
1.3470250000000004
1.3669829999999994
1.3466120000000004
1.3539080000000006
1.3470250000000004
1.3669829999999994
1.3466120000000004
1.3539080000000006
1.3470250000000004
1.3669829999999994
1.3466120000000004
1.3539080000000006
1.3470250000000004
1.3669829999999994
1.3466120000000004
1.3539080000000006
1.3470250000000004
1.3669829999999994
1.3466120000000004
1.3539080000000006
1.3470250000000004
1.3669829999999994
1.3466120000000004
1.3539080000000006
1.3470250000000004
1.3669829999999994
1.3466120000000004
1.3539080000000006
1.3470250000000004
1.3669829999999994
1.3466120000000004
1.3539080000000006
1.3470250000000004
1.3669829999999994
1.3466120000000004
1.3539080000000006
1.3470250000000004
1.3669829999999994
1.3466120000000004
1.3539080000000006
1.3470250000000004
1.3669829999999994
1.3466120000000004
1.3539080000000006
1.3470250000000004
1.3669829999999994
1.3466120000000004
1.3539080000000006
1.3470250000000004
1.3669829999999994
1.3466120000000004
1.3539080000000006
1.3470250000000004
1.3669829999999994
1.3466120000000004
1.3539080000000006
1.3470250000000004
1.3669829999999994
1.3466120000000004
1.3539080000000006
1.3470250000000004
1.3669829999999994
1.3466120000000004
1.3539080000000006
1.3470250000000004
1.3669829999999994
1.3466120000000004
1.3539080000000006
1.3470250000000004
1.3669829999999994
1.3466120000000004
1.3539080000000006
1.3470250000000004
1.3669829999999994
1.3466120000000004
1.3539080000000006
1.3470250000000004
1.3669829999999994
1.3466120000000004
1.3539080000000006
1.3470250000000004
1.3669829999999994
1.3466120000000004
1.3539080000000006
1.3470250000000004
1.3669829999999994
1.3466120000000004
1.3539080000000006
1.3470250000000004
1.3669829999999994
1.3466120000000004
1.3539080000000006
1.3470250000000004
1.3669829999999994
1.3466120000000004
1.3539080000000006
1.3470250000000004
1.3669829999999994
1.3466120000000004
1.3539080000000006
1.3470250000000004
1.3669829999999994
1.3466120000000004
1.3539080000000006
1.3470250000000004
1.3669829999999994
1.3466120000000004
1.3539080000000006
1.3470250000000004
1.3669829999999994
1.3466120000000004
1.3539080000000006
1.3470250000000004
1.3669829999999994
-1.363359
-1.3650450000000003
-1.3349140000000004
-1.3512110000000002
-1.363359
-1.3650450000000003
-1.3349140000000004
-1.3512110000000002
-1.363359
-1.3650450000000003
-1.3349140000000004
-1.3512110000000002
-1.363359
-1.3650450000000003
-1.3349140000000004
-1.3512110000000002
-1.363359
-1.3650450000000003
-1.3349140000000004
-1.3512110000000002
-1.363359
-1.3650450000000003
-1.3349140000000004
-1.3512110000000002
-1.363359
-1.3650450000000003
-1.3349140000000004
-1.3512110000000002
-1.363359
-1.3650450000000003
-1.3349140000000004
-1.3512110000000002
-1.363359
-1.3650450000000003
-1.3349140000000004
-1.3512110000000002
-1.363359
-1.3650450000000003
-1.3349140000000004
-1.3512110000000002
-1.363359
-1.3650450000000003
-1.3349140000000004
-1.3512110000000002
-1.363359
-1.3650450000000003
-1.3349140000000004
-1.3512110000000002
-1.363359
-1.3650450000000003
-1.3349140000000004
-1.3512110000000002
-1.363359
-1.3650450000000003
-1.3349140000000004
-1.3512110000000002
-1.363359
-1.3650450000000003
-1.3349140000000004
-1.3512110000000002
-1.363359
-1.3650450000000003
-1.3349140000000004
-1.3512110000000002
-1.363359
-1.3650450000000003
-1.3349140000000004
-1.3512110000000002
-1.363359
-1.3650450000000003
-1.3349140000000004
-1.3512110000000002
-1.363359
-1.3650450000000003
-1.3349140000000004
-1.3512110000000002
-1.363359
-1.3650450000000003
-1.3349140000000004
-1.3512110000000002
-1.363359
-1.3650450000000003
-1.3349140000000004
-1.3512110000000002
-1.363359
-1.3650450000000003
-1.3349140000000004
-1.3512110000000002
-1.363359
-1.3650450000000003
-1.3349140000000004
-1.3512110000000002
-1.363359
-1.3650450000000003
-1.3349140000000004
-1.3512110000000002
-1.363359
-1.3650450000000003
-1.3349140000000004
-1.3512110000000002
-1.363359
-1.3650450000000003
-1.3349140000000004
-1.3512110000000002
-1.363359
-1.3650450000000003
-1.3349140000000004
-1.3512110000000002
-1.363359
-1.3650450000000003
-1.3349140000000004
-1.3512110000000002
-1.363359
-1.3650450000000003
-1.3349140000000004
-1.3512110000000002
-1.363359
-1.3650450000000003
-1.3349140000000004
-1.3512110000000002
-1.363359
-1.3650450000000003
-1.3349140000000004
-1.3512110000000002
-1.363359
-1.3650450000000003
-1.3349140000000004
-1.3512110000000002
-1.363359
-1.3650450000000003
-1.3349140000000004
-1.3512110000000002
-1.363359
-1.3650450000000003
-1.3349140000000004
-1.3512110000000002
-1.363359
-1.3650450000000003
-1.3349140000000004
-1.3512110000000002
-1.363359
-1.3650450000000003
-1.3349140000000004
-1.3512110000000002
