1.4520780000000002
1.4507250000000003
1.4478240000000007
1.4487930000000002
1.4520780000000002
1.4507250000000003
1.4478240000000007
1.4487930000000002
1.4520780000000002
1.4507250000000003
1.4478240000000007
1.4487930000000002
1.4520780000000002
1.4507250000000003
1.4478240000000007
1.4487930000000002
1.4520780000000002
1.4507250000000003
1.4478240000000007
1.4487930000000002
1.4520780000000002
1.4507250000000003
1.4478240000000007
1.4487930000000002
1.4520780000000002
1.4507250000000003
1.4478240000000007
1.4487930000000002
1.4520780000000002
1.4507250000000003
1.4478240000000007
1.4487930000000002
1.4520780000000002
1.4507250000000003
1.4478240000000007
1.4487930000000002
1.4520780000000002
1.4507250000000003
1.4478240000000007
1.4487930000000002
1.4520780000000002
1.4507250000000003
1.4478240000000007
1.4487930000000002
1.4520780000000002
1.4507250000000003
1.4478240000000007
1.4487930000000002
1.4520780000000002
1.4507250000000003
1.4478240000000007
1.4487930000000002
1.4520780000000002
1.4507250000000003
1.4478240000000007
1.4487930000000002
1.4520780000000002
1.4507250000000003
1.4478240000000007
1.4487930000000002
1.4520780000000002
1.4507250000000003
1.4478240000000007
1.4487930000000002
1.4520780000000002
1.4507250000000003
1.4478240000000007
1.4487930000000002
1.4520780000000002
1.4507250000000003
1.4478240000000007
1.4487930000000002
1.4520780000000002
1.4507250000000003
1.4478240000000007
1.4487930000000002
1.4520780000000002
1.4507250000000003
1.4478240000000007
1.4487930000000002
1.4520780000000002
1.4507250000000003
1.4478240000000007
1.4487930000000002
1.4520780000000002
1.4507250000000003
1.4478240000000007
1.4487930000000002
1.4520780000000002
1.4507250000000003
1.4478240000000007
1.4487930000000002
1.4520780000000002
1.4507250000000003
1.4478240000000007
1.4487930000000002
1.4520780000000002
1.4507250000000003
1.4478240000000007
1.4487930000000002
1.4520780000000002
1.4507250000000003
1.4478240000000007
1.4487930000000002
1.4520780000000002
1.4507250000000003
1.4478240000000007
1.4487930000000002
-1.4499779999999998
-1.4504450000000002
-1.449471
-1.4495250000000004
-1.4499779999999998
-1.4504450000000002
-1.449471
-1.4495250000000004
-1.4499779999999998
-1.4504450000000002
-1.449471
-1.4495250000000004
-1.4499779999999998
-1.4504450000000002
-1.449471
-1.4495250000000004
-1.4499779999999998
-1.4504450000000002
-1.449471
-1.4495250000000004
-1.4499779999999998
-1.4504450000000002
-1.449471
-1.4495250000000004
-1.4499779999999998
-1.4504450000000002
-1.449471
-1.4495250000000004
-1.4499779999999998
-1.4504450000000002
-1.449471
-1.4495250000000004
-1.4499779999999998
-1.4504450000000002
-1.449471
-1.4495250000000004
-1.4499779999999998
-1.4504450000000002
-1.449471
-1.4495250000000004
-1.4499779999999998
-1.4504450000000002
-1.449471
-1.4495250000000004
-1.4499779999999998
-1.4504450000000002
-1.449471
-1.4495250000000004
-1.4499779999999998
-1.4504450000000002
-1.449471
-1.4495250000000004
-1.4499779999999998
-1.4504450000000002
-1.449471
-1.4495250000000004
-1.4499779999999998
-1.4504450000000002
-1.449471
-1.4495250000000004
-1.4499779999999998
-1.4504450000000002
-1.449471
-1.4495250000000004
-1.4499779999999998
-1.4504450000000002
-1.449471
-1.4495250000000004
-1.4499779999999998
-1.4504450000000002
-1.449471
-1.4495250000000004
-1.4499779999999998
-1.4504450000000002
-1.449471
-1.4495250000000004
-1.4499779999999998
-1.4504450000000002
-1.449471
-1.4495250000000004
-1.4499779999999998
-1.4504450000000002
-1.449471
-1.4495250000000004
-1.4499779999999998
-1.4504450000000002
-1.449471
-1.4495250000000004
-1.4499779999999998
-1.4504450000000002
-1.449471
-1.4495250000000004
-1.4499779999999998
-1.4504450000000002
-1.449471
-1.4495250000000004
-1.4499779999999998
-1.4504450000000002
-1.449471
-1.4495250000000004
-1.4499779999999998
-1.4504450000000002
-1.449471
-1.4495250000000004
-1.4499779999999998
-1.4504450000000002
-1.449471
-1.4495250000000004
