1.4021419999999996
1.3879610000000007
1.4021419999999996
1.3879610000000007
1.4021419999999996
1.3879610000000007
1.4021419999999996
1.3879610000000007
1.4021419999999996
1.3879610000000007
1.4021419999999996
1.3879610000000007
1.4021419999999996
1.3879610000000007
1.4021419999999996
1.3879610000000007
1.4021419999999996
1.3879610000000007
1.4021419999999996
1.3879610000000007
1.4021419999999996
1.3879610000000007
1.4021419999999996
1.3879610000000007
1.4021419999999996
1.3879610000000007
1.4021419999999996
1.3879610000000007
1.4021419999999996
1.3879610000000007
1.4021419999999996
1.3879610000000007
1.4021419999999996
1.3879610000000007
1.4021419999999996
1.3879610000000007
1.4021419999999996
1.3879610000000007
1.4021419999999996
1.3879610000000007
1.4021419999999996
1.3879610000000007
1.4021419999999996
1.3879610000000007
1.4021419999999996
1.3879610000000007
1.4021419999999996
1.3879610000000007
1.4021419999999996
1.3879610000000007
1.4021419999999996
1.3879610000000007
1.4021419999999996
1.3879610000000007
1.4021419999999996
1.3879610000000007
1.4021419999999996
1.3879610000000007
1.4021419999999996
1.3879610000000007
1.4021419999999996
1.3879610000000007
1.4021419999999996
1.3879610000000007
1.4021419999999996
1.3879610000000007
1.4021419999999996
1.3879610000000007
1.4021419999999996
1.3879610000000007
1.4021419999999996
1.3879610000000007
1.4021419999999996
1.3879610000000007
1.4021419999999996
1.3879610000000007
1.4021419999999996
1.3879610000000007
1.4021419999999996
1.3879610000000007
1.4021419999999996
1.3879610000000007
1.4021419999999996
1.3879610000000007
1.4021419999999996
1.3879610000000007
1.4021419999999996
1.3879610000000007
1.4021419999999996
1.3879610000000007
1.4021419999999996
1.3879610000000007
1.4021419999999996
1.3879610000000007
1.4021419999999996
1.3879610000000007
1.4021419999999996
1.3879610000000007
1.4021419999999996
1.3879610000000007
1.4021419999999996
1.3879610000000007
1.4021419999999996
1.3879610000000007
1.4021419999999996
1.3879610000000007
1.4021419999999996
1.3879610000000007
1.4021419999999996
1.3879610000000007
1.4021419999999996
1.3879610000000007
1.4021419999999996
1.3879610000000007
1.4021419999999996
1.3879610000000007
1.4021419999999996
1.3879610000000007
1.4021419999999996
1.3879610000000007
-1.3932510000000002
-1.3968540000000003
-1.3932510000000002
-1.3968540000000003
-1.3932510000000002
-1.3968540000000003
-1.3932510000000002
-1.3968540000000003
-1.3932510000000002
-1.3968540000000003
-1.3932510000000002
-1.3968540000000003
-1.3932510000000002
-1.3968540000000003
-1.3932510000000002
-1.3968540000000003
-1.3932510000000002
-1.3968540000000003
-1.3932510000000002
-1.3968540000000003
-1.3932510000000002
-1.3968540000000003
-1.3932510000000002
-1.3968540000000003
-1.3932510000000002
-1.3968540000000003
-1.3932510000000002
-1.3968540000000003
-1.3932510000000002
-1.3968540000000003
-1.3932510000000002
-1.3968540000000003
-1.3932510000000002
-1.3968540000000003
-1.3932510000000002
-1.3968540000000003
-1.3932510000000002
-1.3968540000000003
-1.3932510000000002
-1.3968540000000003
-1.3932510000000002
-1.3968540000000003
-1.3932510000000002
-1.3968540000000003
-1.3932510000000002
-1.3968540000000003
-1.3932510000000002
-1.3968540000000003
-1.3932510000000002
-1.3968540000000003
-1.3932510000000002
-1.3968540000000003
-1.3932510000000002
-1.3968540000000003
-1.3932510000000002
-1.3968540000000003
-1.3932510000000002
-1.3968540000000003
-1.3932510000000002
-1.3968540000000003
-1.3932510000000002
-1.3968540000000003
-1.3932510000000002
-1.3968540000000003
-1.3932510000000002
-1.3968540000000003
-1.3932510000000002
-1.3968540000000003
-1.3932510000000002
-1.3968540000000003
-1.3932510000000002
-1.3968540000000003
-1.3932510000000002
-1.3968540000000003
-1.3932510000000002
-1.3968540000000003
-1.3932510000000002
-1.3968540000000003
-1.3932510000000002
-1.3968540000000003
-1.3932510000000002
-1.3968540000000003
-1.3932510000000002
-1.3968540000000003
-1.3932510000000002
-1.3968540000000003
-1.3932510000000002
-1.3968540000000003
-1.3932510000000002
-1.3968540000000003
-1.3932510000000002
-1.3968540000000003
-1.3932510000000002
-1.3968540000000003
-1.3932510000000002
-1.3968540000000003
-1.3932510000000002
-1.3968540000000003
-1.3932510000000002
-1.3968540000000003
-1.3932510000000002
-1.3968540000000003
-1.3932510000000002
-1.3968540000000003
-1.3932510000000002
-1.3968540000000003
-1.3932510000000002
-1.3968540000000003
-1.3932510000000002
-1.3968540000000003
-1.3932510000000002
-1.3968540000000003
-1.3932510000000002
-1.3968540000000003
-1.3932510000000002
-1.3968540000000003
-1.3932510000000002
-1.3968540000000003
-1.3932510000000002
-1.3968540000000003
