1.4217390000000005
1.4269079999999992
1.4294320000000003
1.423546
1.4217390000000005
1.4269079999999992
1.4294320000000003
1.423546
1.4217390000000005
1.4269079999999992
1.4294320000000003
1.423546
1.4217390000000005
1.4269079999999992
1.4294320000000003
1.423546
1.4217390000000005
1.4269079999999992
1.4294320000000003
1.423546
1.4217390000000005
1.4269079999999992
1.4294320000000003
1.423546
1.4217390000000005
1.4269079999999992
1.4294320000000003
1.423546
1.4217390000000005
1.4269079999999992
1.4294320000000003
1.423546
1.4217390000000005
1.4269079999999992
1.4294320000000003
1.423546
1.4217390000000005
1.4269079999999992
1.4294320000000003
1.423546
1.4217390000000005
1.4269079999999992
1.4294320000000003
1.423546
1.4217390000000005
1.4269079999999992
1.4294320000000003
1.423546
1.4217390000000005
1.4269079999999992
1.4294320000000003
1.423546
1.4217390000000005
1.4269079999999992
1.4294320000000003
1.423546
1.4217390000000005
1.4269079999999992
1.4294320000000003
1.423546
1.4217390000000005
1.4269079999999992
1.4294320000000003
1.423546
1.4217390000000005
1.4269079999999992
1.4294320000000003
1.423546
1.4217390000000005
1.4269079999999992
1.4294320000000003
1.423546
1.4217390000000005
1.4269079999999992
1.4294320000000003
1.423546
1.4217390000000005
1.4269079999999992
1.4294320000000003
1.423546
1.4217390000000005
1.4269079999999992
1.4294320000000003
1.423546
1.4217390000000005
1.4269079999999992
1.4294320000000003
1.423546
1.4217390000000005
1.4269079999999992
1.4294320000000003
1.423546
1.4217390000000005
1.4269079999999992
1.4294320000000003
1.423546
1.4217390000000005
1.4269079999999992
1.4294320000000003
1.423546
1.4217390000000005
1.4269079999999992
1.4294320000000003
1.423546
1.4217390000000005
1.4269079999999992
1.4294320000000003
1.423546
1.4217390000000005
1.4269079999999992
1.4294320000000003
1.423546
1.4217390000000005
1.4269079999999992
1.4294320000000003
1.423546
1.4217390000000005
1.4269079999999992
1.4294320000000003
1.423546
1.4217390000000005
1.4269079999999992
1.4294320000000003
1.423546
1.4217390000000005
1.4269079999999992
1.4294320000000003
1.423546
1.4217390000000005
1.4269079999999992
1.4294320000000003
1.423546
1.4217390000000005
1.4269079999999992
1.4294320000000003
1.423546
1.4217390000000005
1.4269079999999992
1.4294320000000003
1.423546
1.4217390000000005
1.4269079999999992
1.4294320000000003
1.423546
-1.4236899999999997
-1.4238939999999998
-1.4272210000000003
-1.4268229999999997
-1.4236899999999997
-1.4238939999999998
-1.4272210000000003
-1.4268229999999997
-1.4236899999999997
-1.4238939999999998
-1.4272210000000003
-1.4268229999999997
-1.4236899999999997
-1.4238939999999998
-1.4272210000000003
-1.4268229999999997
-1.4236899999999997
-1.4238939999999998
-1.4272210000000003
-1.4268229999999997
-1.4236899999999997
-1.4238939999999998
-1.4272210000000003
-1.4268229999999997
-1.4236899999999997
-1.4238939999999998
-1.4272210000000003
-1.4268229999999997
-1.4236899999999997
-1.4238939999999998
-1.4272210000000003
-1.4268229999999997
-1.4236899999999997
-1.4238939999999998
-1.4272210000000003
-1.4268229999999997
-1.4236899999999997
-1.4238939999999998
-1.4272210000000003
-1.4268229999999997
-1.4236899999999997
-1.4238939999999998
-1.4272210000000003
-1.4268229999999997
-1.4236899999999997
-1.4238939999999998
-1.4272210000000003
-1.4268229999999997
-1.4236899999999997
-1.4238939999999998
-1.4272210000000003
-1.4268229999999997
-1.4236899999999997
-1.4238939999999998
-1.4272210000000003
-1.4268229999999997
-1.4236899999999997
-1.4238939999999998
-1.4272210000000003
-1.4268229999999997
-1.4236899999999997
-1.4238939999999998
-1.4272210000000003
-1.4268229999999997
-1.4236899999999997
-1.4238939999999998
-1.4272210000000003
-1.4268229999999997
-1.4236899999999997
-1.4238939999999998
-1.4272210000000003
-1.4268229999999997
-1.4236899999999997
-1.4238939999999998
-1.4272210000000003
-1.4268229999999997
-1.4236899999999997
-1.4238939999999998
-1.4272210000000003
-1.4268229999999997
-1.4236899999999997
-1.4238939999999998
-1.4272210000000003
-1.4268229999999997
-1.4236899999999997
-1.4238939999999998
-1.4272210000000003
-1.4268229999999997
-1.4236899999999997
-1.4238939999999998
-1.4272210000000003
-1.4268229999999997
-1.4236899999999997
-1.4238939999999998
-1.4272210000000003
-1.4268229999999997
-1.4236899999999997
-1.4238939999999998
-1.4272210000000003
-1.4268229999999997
-1.4236899999999997
-1.4238939999999998
-1.4272210000000003
-1.4268229999999997
-1.4236899999999997
-1.4238939999999998
-1.4272210000000003
-1.4268229999999997
-1.4236899999999997
-1.4238939999999998
-1.4272210000000003
-1.4268229999999997
-1.4236899999999997
-1.4238939999999998
-1.4272210000000003
-1.4268229999999997
-1.4236899999999997
-1.4238939999999998
-1.4272210000000003
-1.4268229999999997
-1.4236899999999997
-1.4238939999999998
-1.4272210000000003
-1.4268229999999997
-1.4236899999999997
-1.4238939999999998
-1.4272210000000003
-1.4268229999999997
-1.4236899999999997
-1.4238939999999998
-1.4272210000000003
-1.4268229999999997
-1.4236899999999997
-1.4238939999999998
-1.4272210000000003
-1.4268229999999997
-1.4236899999999997
-1.4238939999999998
-1.4272210000000003
-1.4268229999999997
-1.4236899999999997
-1.4238939999999998
-1.4272210000000003
-1.4268229999999997
