1.4033280000000001
1.4112380000000009
1.4033280000000001
1.4112380000000009
1.4033280000000001
1.4112380000000009
1.4033280000000001
1.4112380000000009
1.4033280000000001
1.4112380000000009
1.4033280000000001
1.4112380000000009
1.4033280000000001
1.4112380000000009
1.4033280000000001
1.4112380000000009
1.4033280000000001
1.4112380000000009
1.4033280000000001
1.4112380000000009
1.4033280000000001
1.4112380000000009
1.4033280000000001
1.4112380000000009
1.4033280000000001
1.4112380000000009
1.4033280000000001
1.4112380000000009
1.4033280000000001
1.4112380000000009
1.4033280000000001
1.4112380000000009
1.4033280000000001
1.4112380000000009
1.4033280000000001
1.4112380000000009
1.4033280000000001
1.4112380000000009
1.4033280000000001
1.4112380000000009
1.4033280000000001
1.4112380000000009
1.4033280000000001
1.4112380000000009
1.4033280000000001
1.4112380000000009
1.4033280000000001
1.4112380000000009
1.4033280000000001
1.4112380000000009
1.4033280000000001
1.4112380000000009
1.4033280000000001
1.4112380000000009
1.4033280000000001
1.4112380000000009
1.4033280000000001
1.4112380000000009
1.4033280000000001
1.4112380000000009
1.4033280000000001
1.4112380000000009
1.4033280000000001
1.4112380000000009
1.4033280000000001
1.4112380000000009
1.4033280000000001
1.4112380000000009
1.4033280000000001
1.4112380000000009
1.4033280000000001
1.4112380000000009
1.4033280000000001
1.4112380000000009
1.4033280000000001
1.4112380000000009
1.4033280000000001
1.4112380000000009
1.4033280000000001
1.4112380000000009
1.4033280000000001
1.4112380000000009
1.4033280000000001
1.4112380000000009
1.4033280000000001
1.4112380000000009
1.4033280000000001
1.4112380000000009
1.4033280000000001
1.4112380000000009
1.4033280000000001
1.4112380000000009
1.4033280000000001
1.4112380000000009
1.4033280000000001
1.4112380000000009
1.4033280000000001
1.4112380000000009
1.4033280000000001
1.4112380000000009
1.4033280000000001
1.4112380000000009
1.4033280000000001
1.4112380000000009
1.4033280000000001
1.4112380000000009
1.4033280000000001
1.4112380000000009
1.4033280000000001
1.4112380000000009
1.4033280000000001
1.4112380000000009
1.4033280000000001
1.4112380000000009
1.4033280000000001
1.4112380000000009
1.4033280000000001
1.4112380000000009
1.4033280000000001
1.4112380000000009
-1.4081070000000002
-1.40646
-1.4081070000000002
-1.40646
-1.4081070000000002
-1.40646
-1.4081070000000002
-1.40646
-1.4081070000000002
-1.40646
-1.4081070000000002
-1.40646
-1.4081070000000002
-1.40646
-1.4081070000000002
-1.40646
-1.4081070000000002
-1.40646
-1.4081070000000002
-1.40646
-1.4081070000000002
-1.40646
-1.4081070000000002
-1.40646
-1.4081070000000002
-1.40646
-1.4081070000000002
-1.40646
-1.4081070000000002
-1.40646
-1.4081070000000002
-1.40646
-1.4081070000000002
-1.40646
-1.4081070000000002
-1.40646
-1.4081070000000002
-1.40646
-1.4081070000000002
-1.40646
-1.4081070000000002
-1.40646
-1.4081070000000002
-1.40646
-1.4081070000000002
-1.40646
-1.4081070000000002
-1.40646
-1.4081070000000002
-1.40646
-1.4081070000000002
-1.40646
-1.4081070000000002
-1.40646
-1.4081070000000002
-1.40646
-1.4081070000000002
-1.40646
-1.4081070000000002
-1.40646
-1.4081070000000002
-1.40646
-1.4081070000000002
-1.40646
-1.4081070000000002
-1.40646
-1.4081070000000002
-1.40646
-1.4081070000000002
-1.40646
-1.4081070000000002
-1.40646
-1.4081070000000002
-1.40646
-1.4081070000000002
-1.40646
-1.4081070000000002
-1.40646
-1.4081070000000002
-1.40646
-1.4081070000000002
-1.40646
-1.4081070000000002
-1.40646
-1.4081070000000002
-1.40646
-1.4081070000000002
-1.40646
-1.4081070000000002
-1.40646
-1.4081070000000002
-1.40646
-1.4081070000000002
-1.40646
-1.4081070000000002
-1.40646
-1.4081070000000002
-1.40646
-1.4081070000000002
-1.40646
-1.4081070000000002
-1.40646
-1.4081070000000002
-1.40646
-1.4081070000000002
-1.40646
-1.4081070000000002
-1.40646
-1.4081070000000002
-1.40646
-1.4081070000000002
-1.40646
-1.4081070000000002
-1.40646
-1.4081070000000002
-1.40646
-1.4081070000000002
-1.40646
-1.4081070000000002
-1.40646
