1.4396880000000003
1.439743
1.4399940000000004
1.439914
1.4396880000000003
1.439743
1.4399940000000004
1.439914
1.4396880000000003
1.439743
1.4399940000000004
1.439914
1.4396880000000003
1.439743
1.4399940000000004
1.439914
1.4396880000000003
1.439743
1.4399940000000004
1.439914
1.4396880000000003
1.439743
1.4399940000000004
1.439914
1.4396880000000003
1.439743
1.4399940000000004
1.439914
1.4396880000000003
1.439743
1.4399940000000004
1.439914
1.4396880000000003
1.439743
1.4399940000000004
1.439914
1.4396880000000003
1.439743
1.4399940000000004
1.439914
1.4396880000000003
1.439743
1.4399940000000004
1.439914
1.4396880000000003
1.439743
1.4399940000000004
1.439914
1.4396880000000003
1.439743
1.4399940000000004
1.439914
1.4396880000000003
1.439743
1.4399940000000004
1.439914
1.4396880000000003
1.439743
1.4399940000000004
1.439914
1.4396880000000003
1.439743
1.4399940000000004
1.439914
1.4396880000000003
1.439743
1.4399940000000004
1.439914
1.4396880000000003
1.439743
1.4399940000000004
1.439914
1.4396880000000003
1.439743
1.4399940000000004
1.439914
1.4396880000000003
1.439743
1.4399940000000004
1.439914
1.4396880000000003
1.439743
1.4399940000000004
1.439914
1.4396880000000003
1.439743
1.4399940000000004
1.439914
1.4396880000000003
1.439743
1.4399940000000004
1.439914
1.4396880000000003
1.439743
1.4399940000000004
1.439914
1.4396880000000003
1.439743
1.4399940000000004
1.439914
1.4396880000000003
1.439743
1.4399940000000004
1.439914
1.4396880000000003
1.439743
1.4399940000000004
1.439914
-1.4399040000000003
-1.4398679999999997
-1.4395569999999998
-1.4400110000000002
-1.4399040000000003
-1.4398679999999997
-1.4395569999999998
-1.4400110000000002
-1.4399040000000003
-1.4398679999999997
-1.4395569999999998
-1.4400110000000002
-1.4399040000000003
-1.4398679999999997
-1.4395569999999998
-1.4400110000000002
-1.4399040000000003
-1.4398679999999997
-1.4395569999999998
-1.4400110000000002
-1.4399040000000003
-1.4398679999999997
-1.4395569999999998
-1.4400110000000002
-1.4399040000000003
-1.4398679999999997
-1.4395569999999998
-1.4400110000000002
-1.4399040000000003
-1.4398679999999997
-1.4395569999999998
-1.4400110000000002
-1.4399040000000003
-1.4398679999999997
-1.4395569999999998
-1.4400110000000002
-1.4399040000000003
-1.4398679999999997
-1.4395569999999998
-1.4400110000000002
-1.4399040000000003
-1.4398679999999997
-1.4395569999999998
-1.4400110000000002
-1.4399040000000003
-1.4398679999999997
-1.4395569999999998
-1.4400110000000002
-1.4399040000000003
-1.4398679999999997
-1.4395569999999998
-1.4400110000000002
-1.4399040000000003
-1.4398679999999997
-1.4395569999999998
-1.4400110000000002
-1.4399040000000003
-1.4398679999999997
-1.4395569999999998
-1.4400110000000002
-1.4399040000000003
-1.4398679999999997
-1.4395569999999998
-1.4400110000000002
-1.4399040000000003
-1.4398679999999997
-1.4395569999999998
-1.4400110000000002
-1.4399040000000003
-1.4398679999999997
-1.4395569999999998
-1.4400110000000002
-1.4399040000000003
-1.4398679999999997
-1.4395569999999998
-1.4400110000000002
-1.4399040000000003
-1.4398679999999997
-1.4395569999999998
-1.4400110000000002
-1.4399040000000003
-1.4398679999999997
-1.4395569999999998
-1.4400110000000002
-1.4399040000000003
-1.4398679999999997
-1.4395569999999998
-1.4400110000000002
-1.4399040000000003
-1.4398679999999997
-1.4395569999999998
-1.4400110000000002
-1.4399040000000003
-1.4398679999999997
-1.4395569999999998
-1.4400110000000002
-1.4399040000000003
-1.4398679999999997
-1.4395569999999998
-1.4400110000000002
-1.4399040000000003
-1.4398679999999997
-1.4395569999999998
-1.4400110000000002
-1.4399040000000003
-1.4398679999999997
-1.4395569999999998
-1.4400110000000002
