1.3993819999999992
1.3998910000000002
1.3993819999999992
1.3998910000000002
1.3993819999999992
1.3998910000000002
1.3993819999999992
1.3998910000000002
1.3993819999999992
1.3998910000000002
1.3993819999999992
1.3998910000000002
1.3993819999999992
1.3998910000000002
1.3993819999999992
1.3998910000000002
1.3993819999999992
1.3998910000000002
1.3993819999999992
1.3998910000000002
1.3993819999999992
1.3998910000000002
1.3993819999999992
1.3998910000000002
1.3993819999999992
1.3998910000000002
1.3993819999999992
1.3998910000000002
1.3993819999999992
1.3998910000000002
1.3993819999999992
1.3998910000000002
1.3993819999999992
1.3998910000000002
1.3993819999999992
1.3998910000000002
1.3993819999999992
1.3998910000000002
1.3993819999999992
1.3998910000000002
1.3993819999999992
1.3998910000000002
1.3993819999999992
1.3998910000000002
1.3993819999999992
1.3998910000000002
1.3993819999999992
1.3998910000000002
1.3993819999999992
1.3998910000000002
1.3993819999999992
1.3998910000000002
1.3993819999999992
1.3998910000000002
1.3993819999999992
1.3998910000000002
1.3993819999999992
1.3998910000000002
1.3993819999999992
1.3998910000000002
1.3993819999999992
1.3998910000000002
1.3993819999999992
1.3998910000000002
1.3993819999999992
1.3998910000000002
1.3993819999999992
1.3998910000000002
1.3993819999999992
1.3998910000000002
1.3993819999999992
1.3998910000000002
1.3993819999999992
1.3998910000000002
1.3993819999999992
1.3998910000000002
1.3993819999999992
1.3998910000000002
1.3993819999999992
1.3998910000000002
1.3993819999999992
1.3998910000000002
1.3993819999999992
1.3998910000000002
1.3993819999999992
1.3998910000000002
1.3993819999999992
1.3998910000000002
1.3993819999999992
1.3998910000000002
1.3993819999999992
1.3998910000000002
1.3993819999999992
1.3998910000000002
1.3993819999999992
1.3998910000000002
1.3993819999999992
1.3998910000000002
1.3993819999999992
1.3998910000000002
1.3993819999999992
1.3998910000000002
1.3993819999999992
1.3998910000000002
1.3993819999999992
1.3998910000000002
1.3993819999999992
1.3998910000000002
1.3993819999999992
1.3998910000000002
1.3993819999999992
1.3998910000000002
1.3993819999999992
1.3998910000000002
1.3993819999999992
1.3998910000000002
1.3993819999999992
1.3998910000000002
1.3993819999999992
1.3998910000000002
-1.398993
-1.4002809999999997
-1.398993
-1.4002809999999997
-1.398993
-1.4002809999999997
-1.398993
-1.4002809999999997
-1.398993
-1.4002809999999997
-1.398993
-1.4002809999999997
-1.398993
-1.4002809999999997
-1.398993
-1.4002809999999997
-1.398993
-1.4002809999999997
-1.398993
-1.4002809999999997
-1.398993
-1.4002809999999997
-1.398993
-1.4002809999999997
-1.398993
-1.4002809999999997
-1.398993
-1.4002809999999997
-1.398993
-1.4002809999999997
-1.398993
-1.4002809999999997
-1.398993
-1.4002809999999997
-1.398993
-1.4002809999999997
-1.398993
-1.4002809999999997
-1.398993
-1.4002809999999997
-1.398993
-1.4002809999999997
-1.398993
-1.4002809999999997
-1.398993
-1.4002809999999997
-1.398993
-1.4002809999999997
-1.398993
-1.4002809999999997
-1.398993
-1.4002809999999997
-1.398993
-1.4002809999999997
-1.398993
-1.4002809999999997
-1.398993
-1.4002809999999997
-1.398993
-1.4002809999999997
-1.398993
-1.4002809999999997
-1.398993
-1.4002809999999997
-1.398993
-1.4002809999999997
-1.398993
-1.4002809999999997
-1.398993
-1.4002809999999997
-1.398993
-1.4002809999999997
-1.398993
-1.4002809999999997
-1.398993
-1.4002809999999997
-1.398993
-1.4002809999999997
-1.398993
-1.4002809999999997
-1.398993
-1.4002809999999997
-1.398993
-1.4002809999999997
-1.398993
-1.4002809999999997
-1.398993
-1.4002809999999997
-1.398993
-1.4002809999999997
-1.398993
-1.4002809999999997
-1.398993
-1.4002809999999997
-1.398993
-1.4002809999999997
-1.398993
-1.4002809999999997
-1.398993
-1.4002809999999997
-1.398993
-1.4002809999999997
-1.398993
-1.4002809999999997
-1.398993
-1.4002809999999997
-1.398993
-1.4002809999999997
-1.398993
-1.4002809999999997
-1.398993
-1.4002809999999997
-1.398993
-1.4002809999999997
-1.398993
-1.4002809999999997
-1.398993
-1.4002809999999997
-1.398993
-1.4002809999999997
