1.3752940000000002
1.3770609999999994
1.3752940000000002
1.3770609999999994
1.3752940000000002
1.3770609999999994
1.3752940000000002
1.3770609999999994
1.3752940000000002
1.3770609999999994
1.3752940000000002
1.3770609999999994
1.3752940000000002
1.3770609999999994
1.3752940000000002
1.3770609999999994
1.3752940000000002
1.3770609999999994
1.3752940000000002
1.3770609999999994
1.3752940000000002
1.3770609999999994
1.3752940000000002
1.3770609999999994
1.3752940000000002
1.3770609999999994
1.3752940000000002
1.3770609999999994
1.3752940000000002
1.3770609999999994
1.3752940000000002
1.3770609999999994
1.3752940000000002
1.3770609999999994
1.3752940000000002
1.3770609999999994
1.3752940000000002
1.3770609999999994
1.3752940000000002
1.3770609999999994
1.3752940000000002
1.3770609999999994
1.3752940000000002
1.3770609999999994
1.3752940000000002
1.3770609999999994
1.3752940000000002
1.3770609999999994
1.3752940000000002
1.3770609999999994
1.3752940000000002
1.3770609999999994
1.3752940000000002
1.3770609999999994
1.3752940000000002
1.3770609999999994
1.3752940000000002
1.3770609999999994
1.3752940000000002
1.3770609999999994
1.3752940000000002
1.3770609999999994
1.3752940000000002
1.3770609999999994
1.3752940000000002
1.3770609999999994
1.3752940000000002
1.3770609999999994
1.3752940000000002
1.3770609999999994
1.3752940000000002
1.3770609999999994
1.3752940000000002
1.3770609999999994
1.3752940000000002
1.3770609999999994
1.3752940000000002
1.3770609999999994
1.3752940000000002
1.3770609999999994
1.3752940000000002
1.3770609999999994
1.3752940000000002
1.3770609999999994
1.3752940000000002
1.3770609999999994
1.3752940000000002
1.3770609999999994
1.3752940000000002
1.3770609999999994
1.3752940000000002
1.3770609999999994
1.3752940000000002
1.3770609999999994
1.3752940000000002
1.3770609999999994
1.3752940000000002
1.3770609999999994
1.3752940000000002
1.3770609999999994
1.3752940000000002
1.3770609999999994
1.3752940000000002
1.3770609999999994
1.3752940000000002
1.3770609999999994
1.3752940000000002
1.3770609999999994
1.3752940000000002
1.3770609999999994
1.3752940000000002
1.3770609999999994
1.3752940000000002
1.3770609999999994
1.3752940000000002
1.3770609999999994
1.3752940000000002
1.3770609999999994
1.3752940000000002
1.3770609999999994
-1.3744459999999998
-1.3779089999999998
-1.3744459999999998
-1.3779089999999998
-1.3744459999999998
-1.3779089999999998
-1.3744459999999998
-1.3779089999999998
-1.3744459999999998
-1.3779089999999998
-1.3744459999999998
-1.3779089999999998
-1.3744459999999998
-1.3779089999999998
-1.3744459999999998
-1.3779089999999998
-1.3744459999999998
-1.3779089999999998
-1.3744459999999998
-1.3779089999999998
-1.3744459999999998
-1.3779089999999998
-1.3744459999999998
-1.3779089999999998
-1.3744459999999998
-1.3779089999999998
-1.3744459999999998
-1.3779089999999998
-1.3744459999999998
-1.3779089999999998
-1.3744459999999998
-1.3779089999999998
-1.3744459999999998
-1.3779089999999998
-1.3744459999999998
-1.3779089999999998
-1.3744459999999998
-1.3779089999999998
-1.3744459999999998
-1.3779089999999998
-1.3744459999999998
-1.3779089999999998
-1.3744459999999998
-1.3779089999999998
-1.3744459999999998
-1.3779089999999998
-1.3744459999999998
-1.3779089999999998
-1.3744459999999998
-1.3779089999999998
-1.3744459999999998
-1.3779089999999998
-1.3744459999999998
-1.3779089999999998
-1.3744459999999998
-1.3779089999999998
-1.3744459999999998
-1.3779089999999998
-1.3744459999999998
-1.3779089999999998
-1.3744459999999998
-1.3779089999999998
-1.3744459999999998
-1.3779089999999998
-1.3744459999999998
-1.3779089999999998
-1.3744459999999998
-1.3779089999999998
-1.3744459999999998
-1.3779089999999998
-1.3744459999999998
-1.3779089999999998
-1.3744459999999998
-1.3779089999999998
-1.3744459999999998
-1.3779089999999998
-1.3744459999999998
-1.3779089999999998
-1.3744459999999998
-1.3779089999999998
-1.3744459999999998
-1.3779089999999998
-1.3744459999999998
-1.3779089999999998
-1.3744459999999998
-1.3779089999999998
-1.3744459999999998
-1.3779089999999998
-1.3744459999999998
-1.3779089999999998
-1.3744459999999998
-1.3779089999999998
-1.3744459999999998
-1.3779089999999998
-1.3744459999999998
-1.3779089999999998
-1.3744459999999998
-1.3779089999999998
-1.3744459999999998
-1.3779089999999998
-1.3744459999999998
-1.3779089999999998
-1.3744459999999998
-1.3779089999999998
-1.3744459999999998
-1.3779089999999998
-1.3744459999999998
-1.3779089999999998
-1.3744459999999998
-1.3779089999999998
-1.3744459999999998
-1.3779089999999998
-1.3744459999999998
-1.3779089999999998
-1.3744459999999998
-1.3779089999999998
-1.3744459999999998
-1.3779089999999998
-1.3744459999999998
-1.3779089999999998
