1.3734249999999992
1.3737359999999992
1.3734249999999992
1.3737359999999992
1.3734249999999992
1.3737359999999992
1.3734249999999992
1.3737359999999992
1.3734249999999992
1.3737359999999992
1.3734249999999992
1.3737359999999992
1.3734249999999992
1.3737359999999992
1.3734249999999992
1.3737359999999992
1.3734249999999992
1.3737359999999992
1.3734249999999992
1.3737359999999992
1.3734249999999992
1.3737359999999992
1.3734249999999992
1.3737359999999992
1.3734249999999992
1.3737359999999992
1.3734249999999992
1.3737359999999992
1.3734249999999992
1.3737359999999992
1.3734249999999992
1.3737359999999992
1.3734249999999992
1.3737359999999992
1.3734249999999992
1.3737359999999992
1.3734249999999992
1.3737359999999992
1.3734249999999992
1.3737359999999992
1.3734249999999992
1.3737359999999992
1.3734249999999992
1.3737359999999992
1.3734249999999992
1.3737359999999992
1.3734249999999992
1.3737359999999992
1.3734249999999992
1.3737359999999992
1.3734249999999992
1.3737359999999992
1.3734249999999992
1.3737359999999992
1.3734249999999992
1.3737359999999992
1.3734249999999992
1.3737359999999992
1.3734249999999992
1.3737359999999992
1.3734249999999992
1.3737359999999992
1.3734249999999992
1.3737359999999992
1.3734249999999992
1.3737359999999992
1.3734249999999992
1.3737359999999992
1.3734249999999992
1.3737359999999992
1.3734249999999992
1.3737359999999992
1.3734249999999992
1.3737359999999992
1.3734249999999992
1.3737359999999992
1.3734249999999992
1.3737359999999992
1.3734249999999992
1.3737359999999992
1.3734249999999992
1.3737359999999992
1.3734249999999992
1.3737359999999992
1.3734249999999992
1.3737359999999992
1.3734249999999992
1.3737359999999992
1.3734249999999992
1.3737359999999992
1.3734249999999992
1.3737359999999992
1.3734249999999992
1.3737359999999992
1.3734249999999992
1.3737359999999992
1.3734249999999992
1.3737359999999992
1.3734249999999992
1.3737359999999992
1.3734249999999992
1.3737359999999992
1.3734249999999992
1.3737359999999992
1.3734249999999992
1.3737359999999992
1.3734249999999992
1.3737359999999992
1.3734249999999992
1.3737359999999992
1.3734249999999992
1.3737359999999992
1.3734249999999992
1.3737359999999992
1.3734249999999992
1.3737359999999992
1.3734249999999992
1.3737359999999992
1.3734249999999992
1.3737359999999992
-1.3773030000000004
-1.3698569999999997
-1.3773030000000004
-1.3698569999999997
-1.3773030000000004
-1.3698569999999997
-1.3773030000000004
-1.3698569999999997
-1.3773030000000004
-1.3698569999999997
-1.3773030000000004
-1.3698569999999997
-1.3773030000000004
-1.3698569999999997
-1.3773030000000004
-1.3698569999999997
-1.3773030000000004
-1.3698569999999997
-1.3773030000000004
-1.3698569999999997
-1.3773030000000004
-1.3698569999999997
-1.3773030000000004
-1.3698569999999997
-1.3773030000000004
-1.3698569999999997
-1.3773030000000004
-1.3698569999999997
-1.3773030000000004
-1.3698569999999997
-1.3773030000000004
-1.3698569999999997
-1.3773030000000004
-1.3698569999999997
-1.3773030000000004
-1.3698569999999997
-1.3773030000000004
-1.3698569999999997
-1.3773030000000004
-1.3698569999999997
-1.3773030000000004
-1.3698569999999997
-1.3773030000000004
-1.3698569999999997
-1.3773030000000004
-1.3698569999999997
-1.3773030000000004
-1.3698569999999997
-1.3773030000000004
-1.3698569999999997
-1.3773030000000004
-1.3698569999999997
-1.3773030000000004
-1.3698569999999997
-1.3773030000000004
-1.3698569999999997
-1.3773030000000004
-1.3698569999999997
-1.3773030000000004
-1.3698569999999997
-1.3773030000000004
-1.3698569999999997
-1.3773030000000004
-1.3698569999999997
-1.3773030000000004
-1.3698569999999997
-1.3773030000000004
-1.3698569999999997
-1.3773030000000004
-1.3698569999999997
-1.3773030000000004
-1.3698569999999997
-1.3773030000000004
-1.3698569999999997
-1.3773030000000004
-1.3698569999999997
-1.3773030000000004
-1.3698569999999997
-1.3773030000000004
-1.3698569999999997
-1.3773030000000004
-1.3698569999999997
-1.3773030000000004
-1.3698569999999997
-1.3773030000000004
-1.3698569999999997
-1.3773030000000004
-1.3698569999999997
-1.3773030000000004
-1.3698569999999997
-1.3773030000000004
-1.3698569999999997
-1.3773030000000004
-1.3698569999999997
-1.3773030000000004
-1.3698569999999997
-1.3773030000000004
-1.3698569999999997
-1.3773030000000004
-1.3698569999999997
-1.3773030000000004
-1.3698569999999997
-1.3773030000000004
-1.3698569999999997
-1.3773030000000004
-1.3698569999999997
-1.3773030000000004
-1.3698569999999997
-1.3773030000000004
-1.3698569999999997
-1.3773030000000004
-1.3698569999999997
-1.3773030000000004
-1.3698569999999997
-1.3773030000000004
-1.3698569999999997
-1.3773030000000004
-1.3698569999999997
-1.3773030000000004
-1.3698569999999997
