1.4048309999999997
1.433852
1.4048309999999997
1.433852
1.4048309999999997
1.433852
1.4048309999999997
1.433852
1.4048309999999997
1.433852
1.4048309999999997
1.433852
1.4048309999999997
1.433852
1.4048309999999997
1.433852
1.4048309999999997
1.433852
1.4048309999999997
1.433852
1.4048309999999997
1.433852
1.4048309999999997
1.433852
1.4048309999999997
1.433852
1.4048309999999997
1.433852
1.4048309999999997
1.433852
1.4048309999999997
1.433852
1.4048309999999997
1.433852
1.4048309999999997
1.433852
1.4048309999999997
1.433852
1.4048309999999997
1.433852
1.4048309999999997
1.433852
1.4048309999999997
1.433852
1.4048309999999997
1.433852
1.4048309999999997
1.433852
1.4048309999999997
1.433852
1.4048309999999997
1.433852
1.4048309999999997
1.433852
1.4048309999999997
1.433852
1.4048309999999997
1.433852
1.4048309999999997
1.433852
1.4048309999999997
1.433852
1.4048309999999997
1.433852
1.4048309999999997
1.433852
1.4048309999999997
1.433852
1.4048309999999997
1.433852
1.4048309999999997
1.433852
1.4048309999999997
1.433852
1.4048309999999997
1.433852
1.4048309999999997
1.433852
1.4048309999999997
1.433852
1.4048309999999997
1.433852
1.4048309999999997
1.433852
1.4048309999999997
1.433852
1.4048309999999997
1.433852
1.4048309999999997
1.433852
1.4048309999999997
1.433852
1.4048309999999997
1.433852
1.4048309999999997
1.433852
1.4048309999999997
1.433852
1.4048309999999997
1.433852
1.4048309999999997
1.433852
1.4048309999999997
1.433852
1.4048309999999997
1.433852
1.4048309999999997
1.433852
1.4048309999999997
1.433852
1.4048309999999997
1.433852
1.4048309999999997
1.433852
1.4048309999999997
1.433852
1.4048309999999997
1.433852
1.4048309999999997
1.433852
-1.4189819999999997
-1.419702
-1.4189819999999997
-1.419702
-1.4189819999999997
-1.419702
-1.4189819999999997
-1.419702
-1.4189819999999997
-1.419702
-1.4189819999999997
-1.419702
-1.4189819999999997
-1.419702
-1.4189819999999997
-1.419702
-1.4189819999999997
-1.419702
-1.4189819999999997
-1.419702
-1.4189819999999997
-1.419702
-1.4189819999999997
-1.419702
-1.4189819999999997
-1.419702
-1.4189819999999997
-1.419702
-1.4189819999999997
-1.419702
-1.4189819999999997
-1.419702
-1.4189819999999997
-1.419702
-1.4189819999999997
-1.419702
-1.4189819999999997
-1.419702
-1.4189819999999997
-1.419702
-1.4189819999999997
-1.419702
-1.4189819999999997
-1.419702
-1.4189819999999997
-1.419702
-1.4189819999999997
-1.419702
-1.4189819999999997
-1.419702
-1.4189819999999997
-1.419702
-1.4189819999999997
-1.419702
-1.4189819999999997
-1.419702
-1.4189819999999997
-1.419702
-1.4189819999999997
-1.419702
-1.4189819999999997
-1.419702
-1.4189819999999997
-1.419702
-1.4189819999999997
-1.419702
-1.4189819999999997
-1.419702
-1.4189819999999997
-1.419702
-1.4189819999999997
-1.419702
-1.4189819999999997
-1.419702
-1.4189819999999997
-1.419702
-1.4189819999999997
-1.419702
-1.4189819999999997
-1.419702
-1.4189819999999997
-1.419702
-1.4189819999999997
-1.419702
-1.4189819999999997
-1.419702
-1.4189819999999997
-1.419702
-1.4189819999999997
-1.419702
-1.4189819999999997
-1.419702
-1.4189819999999997
-1.419702
-1.4189819999999997
-1.419702
-1.4189819999999997
-1.419702
-1.4189819999999997
-1.419702
-1.4189819999999997
-1.419702
-1.4189819999999997
-1.419702
-1.4189819999999997
-1.419702
-1.4189819999999997
-1.419702
-1.4189819999999997
-1.419702
-1.4189819999999997
-1.419702
-1.4189819999999997
-1.419702
-1.4189819999999997
-1.419702
-1.4189819999999997
-1.419702
-1.4189819999999997
-1.419702
