1.3954260000000005
1.3881350000000001
1.3954260000000005
1.3881350000000001
1.3954260000000005
1.3881350000000001
1.3954260000000005
1.3881350000000001
1.3954260000000005
1.3881350000000001
1.3954260000000005
1.3881350000000001
1.3954260000000005
1.3881350000000001
1.3954260000000005
1.3881350000000001
1.3954260000000005
1.3881350000000001
1.3954260000000005
1.3881350000000001
1.3954260000000005
1.3881350000000001
1.3954260000000005
1.3881350000000001
1.3954260000000005
1.3881350000000001
1.3954260000000005
1.3881350000000001
1.3954260000000005
1.3881350000000001
1.3954260000000005
1.3881350000000001
1.3954260000000005
1.3881350000000001
1.3954260000000005
1.3881350000000001
1.3954260000000005
1.3881350000000001
1.3954260000000005
1.3881350000000001
1.3954260000000005
1.3881350000000001
1.3954260000000005
1.3881350000000001
1.3954260000000005
1.3881350000000001
1.3954260000000005
1.3881350000000001
1.3954260000000005
1.3881350000000001
1.3954260000000005
1.3881350000000001
1.3954260000000005
1.3881350000000001
1.3954260000000005
1.3881350000000001
1.3954260000000005
1.3881350000000001
1.3954260000000005
1.3881350000000001
1.3954260000000005
1.3881350000000001
1.3954260000000005
1.3881350000000001
1.3954260000000005
1.3881350000000001
1.3954260000000005
1.3881350000000001
1.3954260000000005
1.3881350000000001
1.3954260000000005
1.3881350000000001
1.3954260000000005
1.3881350000000001
1.3954260000000005
1.3881350000000001
1.3954260000000005
1.3881350000000001
1.3954260000000005
1.3881350000000001
1.3954260000000005
1.3881350000000001
1.3954260000000005
1.3881350000000001
1.3954260000000005
1.3881350000000001
1.3954260000000005
1.3881350000000001
1.3954260000000005
1.3881350000000001
1.3954260000000005
1.3881350000000001
1.3954260000000005
1.3881350000000001
1.3954260000000005
1.3881350000000001
-1.3912399999999998
-1.392321
-1.3912399999999998
-1.392321
-1.3912399999999998
-1.392321
-1.3912399999999998
-1.392321
-1.3912399999999998
-1.392321
-1.3912399999999998
-1.392321
-1.3912399999999998
-1.392321
-1.3912399999999998
-1.392321
-1.3912399999999998
-1.392321
-1.3912399999999998
-1.392321
-1.3912399999999998
-1.392321
-1.3912399999999998
-1.392321
-1.3912399999999998
-1.392321
-1.3912399999999998
-1.392321
-1.3912399999999998
-1.392321
-1.3912399999999998
-1.392321
-1.3912399999999998
-1.392321
-1.3912399999999998
-1.392321
-1.3912399999999998
-1.392321
-1.3912399999999998
-1.392321
-1.3912399999999998
-1.392321
-1.3912399999999998
-1.392321
-1.3912399999999998
-1.392321
-1.3912399999999998
-1.392321
-1.3912399999999998
-1.392321
-1.3912399999999998
-1.392321
-1.3912399999999998
-1.392321
-1.3912399999999998
-1.392321
-1.3912399999999998
-1.392321
-1.3912399999999998
-1.392321
-1.3912399999999998
-1.392321
-1.3912399999999998
-1.392321
-1.3912399999999998
-1.392321
-1.3912399999999998
-1.392321
-1.3912399999999998
-1.392321
-1.3912399999999998
-1.392321
-1.3912399999999998
-1.392321
-1.3912399999999998
-1.392321
-1.3912399999999998
-1.392321
-1.3912399999999998
-1.392321
-1.3912399999999998
-1.392321
-1.3912399999999998
-1.392321
-1.3912399999999998
-1.392321
-1.3912399999999998
-1.392321
-1.3912399999999998
-1.392321
-1.3912399999999998
-1.392321
-1.3912399999999998
-1.392321
-1.3912399999999998
-1.392321
