1.3064929999999997
1.3286979999999993
1.3064929999999997
1.3286979999999993
1.3064929999999997
1.3286979999999993
1.3064929999999997
1.3286979999999993
1.3064929999999997
1.3286979999999993
1.3064929999999997
1.3286979999999993
1.3064929999999997
1.3286979999999993
1.3064929999999997
1.3286979999999993
1.3064929999999997
1.3286979999999993
1.3064929999999997
1.3286979999999993
1.3064929999999997
1.3286979999999993
1.3064929999999997
1.3286979999999993
1.3064929999999997
1.3286979999999993
1.3064929999999997
1.3286979999999993
1.3064929999999997
1.3286979999999993
1.3064929999999997
1.3286979999999993
1.3064929999999997
1.3286979999999993
1.3064929999999997
1.3286979999999993
1.3064929999999997
1.3286979999999993
1.3064929999999997
1.3286979999999993
1.3064929999999997
1.3286979999999993
1.3064929999999997
1.3286979999999993
1.3064929999999997
1.3286979999999993
1.3064929999999997
1.3286979999999993
1.3064929999999997
1.3286979999999993
1.3064929999999997
1.3286979999999993
1.3064929999999997
1.3286979999999993
1.3064929999999997
1.3286979999999993
1.3064929999999997
1.3286979999999993
1.3064929999999997
1.3286979999999993
1.3064929999999997
1.3286979999999993
1.3064929999999997
1.3286979999999993
1.3064929999999997
1.3286979999999993
1.3064929999999997
1.3286979999999993
1.3064929999999997
1.3286979999999993
1.3064929999999997
1.3286979999999993
1.3064929999999997
1.3286979999999993
1.3064929999999997
1.3286979999999993
1.3064929999999997
1.3286979999999993
1.3064929999999997
1.3286979999999993
1.3064929999999997
1.3286979999999993
1.3064929999999997
1.3286979999999993
1.3064929999999997
1.3286979999999993
1.3064929999999997
1.3286979999999993
1.3064929999999997
1.3286979999999993
1.3064929999999997
1.3286979999999993
1.3064929999999997
1.3286979999999993
1.3064929999999997
1.3286979999999993
1.3064929999999997
1.3286979999999993
1.3064929999999997
1.3286979999999993
1.3064929999999997
1.3286979999999993
1.3064929999999997
1.3286979999999993
1.3064929999999997
1.3286979999999993
1.3064929999999997
1.3286979999999993
1.3064929999999997
1.3286979999999993
1.3064929999999997
1.3286979999999993
1.3064929999999997
1.3286979999999993
1.3064929999999997
1.3286979999999993
1.3064929999999997
1.3286979999999993
1.3064929999999997
1.3286979999999993
-1.312272
-1.3229189999999997
-1.312272
-1.3229189999999997
-1.312272
-1.3229189999999997
-1.312272
-1.3229189999999997
-1.312272
-1.3229189999999997
-1.312272
-1.3229189999999997
-1.312272
-1.3229189999999997
-1.312272
-1.3229189999999997
-1.312272
-1.3229189999999997
-1.312272
-1.3229189999999997
-1.312272
-1.3229189999999997
-1.312272
-1.3229189999999997
-1.312272
-1.3229189999999997
-1.312272
-1.3229189999999997
-1.312272
-1.3229189999999997
-1.312272
-1.3229189999999997
-1.312272
-1.3229189999999997
-1.312272
-1.3229189999999997
-1.312272
-1.3229189999999997
-1.312272
-1.3229189999999997
-1.312272
-1.3229189999999997
-1.312272
-1.3229189999999997
-1.312272
-1.3229189999999997
-1.312272
-1.3229189999999997
-1.312272
-1.3229189999999997
-1.312272
-1.3229189999999997
-1.312272
-1.3229189999999997
-1.312272
-1.3229189999999997
-1.312272
-1.3229189999999997
-1.312272
-1.3229189999999997
-1.312272
-1.3229189999999997
-1.312272
-1.3229189999999997
-1.312272
-1.3229189999999997
-1.312272
-1.3229189999999997
-1.312272
-1.3229189999999997
-1.312272
-1.3229189999999997
-1.312272
-1.3229189999999997
-1.312272
-1.3229189999999997
-1.312272
-1.3229189999999997
-1.312272
-1.3229189999999997
-1.312272
-1.3229189999999997
-1.312272
-1.3229189999999997
-1.312272
-1.3229189999999997
-1.312272
-1.3229189999999997
-1.312272
-1.3229189999999997
-1.312272
-1.3229189999999997
-1.312272
-1.3229189999999997
-1.312272
-1.3229189999999997
-1.312272
-1.3229189999999997
-1.312272
-1.3229189999999997
-1.312272
-1.3229189999999997
-1.312272
-1.3229189999999997
-1.312272
-1.3229189999999997
-1.312272
-1.3229189999999997
-1.312272
-1.3229189999999997
-1.312272
-1.3229189999999997
-1.312272
-1.3229189999999997
-1.312272
-1.3229189999999997
-1.312272
-1.3229189999999997
-1.312272
-1.3229189999999997
