1.4227190000000007
1.3943250000000003
1.4227190000000007
1.3943250000000003
1.4227190000000007
1.3943250000000003
1.4227190000000007
1.3943250000000003
1.4227190000000007
1.3943250000000003
1.4227190000000007
1.3943250000000003
1.4227190000000007
1.3943250000000003
1.4227190000000007
1.3943250000000003
1.4227190000000007
1.3943250000000003
1.4227190000000007
1.3943250000000003
1.4227190000000007
1.3943250000000003
1.4227190000000007
1.3943250000000003
1.4227190000000007
1.3943250000000003
1.4227190000000007
1.3943250000000003
1.4227190000000007
1.3943250000000003
1.4227190000000007
1.3943250000000003
1.4227190000000007
1.3943250000000003
1.4227190000000007
1.3943250000000003
1.4227190000000007
1.3943250000000003
1.4227190000000007
1.3943250000000003
1.4227190000000007
1.3943250000000003
1.4227190000000007
1.3943250000000003
1.4227190000000007
1.3943250000000003
1.4227190000000007
1.3943250000000003
1.4227190000000007
1.3943250000000003
1.4227190000000007
1.3943250000000003
1.4227190000000007
1.3943250000000003
1.4227190000000007
1.3943250000000003
1.4227190000000007
1.3943250000000003
1.4227190000000007
1.3943250000000003
1.4227190000000007
1.3943250000000003
1.4227190000000007
1.3943250000000003
1.4227190000000007
1.3943250000000003
1.4227190000000007
1.3943250000000003
1.4227190000000007
1.3943250000000003
1.4227190000000007
1.3943250000000003
1.4227190000000007
1.3943250000000003
1.4227190000000007
1.3943250000000003
1.4227190000000007
1.3943250000000003
1.4227190000000007
1.3943250000000003
1.4227190000000007
1.3943250000000003
1.4227190000000007
1.3943250000000003
1.4227190000000007
1.3943250000000003
1.4227190000000007
1.3943250000000003
1.4227190000000007
1.3943250000000003
1.4227190000000007
1.3943250000000003
1.4227190000000007
1.3943250000000003
1.4227190000000007
1.3943250000000003
1.4227190000000007
1.3943250000000003
1.4227190000000007
1.3943250000000003
1.4227190000000007
1.3943250000000003
1.4227190000000007
1.3943250000000003
1.4227190000000007
1.3943250000000003
1.4227190000000007
1.3943250000000003
1.4227190000000007
1.3943250000000003
1.4227190000000007
1.3943250000000003
1.4227190000000007
1.3943250000000003
1.4227190000000007
1.3943250000000003
1.4227190000000007
1.3943250000000003
1.4227190000000007
1.3943250000000003
-1.4076589999999998
-1.4093850000000003
-1.4076589999999998
-1.4093850000000003
-1.4076589999999998
-1.4093850000000003
-1.4076589999999998
-1.4093850000000003
-1.4076589999999998
-1.4093850000000003
-1.4076589999999998
-1.4093850000000003
-1.4076589999999998
-1.4093850000000003
-1.4076589999999998
-1.4093850000000003
-1.4076589999999998
-1.4093850000000003
-1.4076589999999998
-1.4093850000000003
-1.4076589999999998
-1.4093850000000003
-1.4076589999999998
-1.4093850000000003
-1.4076589999999998
-1.4093850000000003
-1.4076589999999998
-1.4093850000000003
-1.4076589999999998
-1.4093850000000003
-1.4076589999999998
-1.4093850000000003
-1.4076589999999998
-1.4093850000000003
-1.4076589999999998
-1.4093850000000003
-1.4076589999999998
-1.4093850000000003
-1.4076589999999998
-1.4093850000000003
-1.4076589999999998
-1.4093850000000003
-1.4076589999999998
-1.4093850000000003
-1.4076589999999998
-1.4093850000000003
-1.4076589999999998
-1.4093850000000003
-1.4076589999999998
-1.4093850000000003
-1.4076589999999998
-1.4093850000000003
-1.4076589999999998
-1.4093850000000003
-1.4076589999999998
-1.4093850000000003
-1.4076589999999998
-1.4093850000000003
-1.4076589999999998
-1.4093850000000003
-1.4076589999999998
-1.4093850000000003
-1.4076589999999998
-1.4093850000000003
-1.4076589999999998
-1.4093850000000003
-1.4076589999999998
-1.4093850000000003
-1.4076589999999998
-1.4093850000000003
-1.4076589999999998
-1.4093850000000003
-1.4076589999999998
-1.4093850000000003
-1.4076589999999998
-1.4093850000000003
-1.4076589999999998
-1.4093850000000003
-1.4076589999999998
-1.4093850000000003
-1.4076589999999998
-1.4093850000000003
-1.4076589999999998
-1.4093850000000003
-1.4076589999999998
-1.4093850000000003
-1.4076589999999998
-1.4093850000000003
-1.4076589999999998
-1.4093850000000003
-1.4076589999999998
-1.4093850000000003
-1.4076589999999998
-1.4093850000000003
-1.4076589999999998
-1.4093850000000003
-1.4076589999999998
-1.4093850000000003
-1.4076589999999998
-1.4093850000000003
-1.4076589999999998
-1.4093850000000003
-1.4076589999999998
-1.4093850000000003
-1.4076589999999998
-1.4093850000000003
-1.4076589999999998
-1.4093850000000003
-1.4076589999999998
-1.4093850000000003
-1.4076589999999998
-1.4093850000000003
-1.4076589999999998
-1.4093850000000003
-1.4076589999999998
-1.4093850000000003
-1.4076589999999998
-1.4093850000000003
-1.4076589999999998
-1.4093850000000003
