1.2838460000000005
1.2632980000000007
1.2838460000000005
1.2632980000000007
1.2838460000000005
1.2632980000000007
1.2838460000000005
1.2632980000000007
1.2838460000000005
1.2632980000000007
1.2838460000000005
1.2632980000000007
1.2838460000000005
1.2632980000000007
1.2838460000000005
1.2632980000000007
1.2838460000000005
1.2632980000000007
1.2838460000000005
1.2632980000000007
1.2838460000000005
1.2632980000000007
1.2838460000000005
1.2632980000000007
1.2838460000000005
1.2632980000000007
1.2838460000000005
1.2632980000000007
1.2838460000000005
1.2632980000000007
1.2838460000000005
1.2632980000000007
1.2838460000000005
1.2632980000000007
1.2838460000000005
1.2632980000000007
1.2838460000000005
1.2632980000000007
1.2838460000000005
1.2632980000000007
1.2838460000000005
1.2632980000000007
1.2838460000000005
1.2632980000000007
1.2838460000000005
1.2632980000000007
1.2838460000000005
1.2632980000000007
1.2838460000000005
1.2632980000000007
1.2838460000000005
1.2632980000000007
1.2838460000000005
1.2632980000000007
1.2838460000000005
1.2632980000000007
1.2838460000000005
1.2632980000000007
1.2838460000000005
1.2632980000000007
1.2838460000000005
1.2632980000000007
1.2838460000000005
1.2632980000000007
1.2838460000000005
1.2632980000000007
1.2838460000000005
1.2632980000000007
1.2838460000000005
1.2632980000000007
1.2838460000000005
1.2632980000000007
1.2838460000000005
1.2632980000000007
1.2838460000000005
1.2632980000000007
1.2838460000000005
1.2632980000000007
1.2838460000000005
1.2632980000000007
1.2838460000000005
1.2632980000000007
1.2838460000000005
1.2632980000000007
1.2838460000000005
1.2632980000000007
1.2838460000000005
1.2632980000000007
1.2838460000000005
1.2632980000000007
1.2838460000000005
1.2632980000000007
1.2838460000000005
1.2632980000000007
1.2838460000000005
1.2632980000000007
1.2838460000000005
1.2632980000000007
1.2838460000000005
1.2632980000000007
1.2838460000000005
1.2632980000000007
1.2838460000000005
1.2632980000000007
1.2838460000000005
1.2632980000000007
1.2838460000000005
1.2632980000000007
1.2838460000000005
1.2632980000000007
1.2838460000000005
1.2632980000000007
1.2838460000000005
1.2632980000000007
1.2838460000000005
1.2632980000000007
1.2838460000000005
1.2632980000000007
1.2838460000000005
1.2632980000000007
-1.2675239999999999
-1.2796200000000004
-1.2675239999999999
-1.2796200000000004
-1.2675239999999999
-1.2796200000000004
-1.2675239999999999
-1.2796200000000004
-1.2675239999999999
-1.2796200000000004
-1.2675239999999999
-1.2796200000000004
-1.2675239999999999
-1.2796200000000004
-1.2675239999999999
-1.2796200000000004
-1.2675239999999999
-1.2796200000000004
-1.2675239999999999
-1.2796200000000004
-1.2675239999999999
-1.2796200000000004
-1.2675239999999999
-1.2796200000000004
-1.2675239999999999
-1.2796200000000004
-1.2675239999999999
-1.2796200000000004
-1.2675239999999999
-1.2796200000000004
-1.2675239999999999
-1.2796200000000004
-1.2675239999999999
-1.2796200000000004
-1.2675239999999999
-1.2796200000000004
-1.2675239999999999
-1.2796200000000004
-1.2675239999999999
-1.2796200000000004
-1.2675239999999999
-1.2796200000000004
-1.2675239999999999
-1.2796200000000004
-1.2675239999999999
-1.2796200000000004
-1.2675239999999999
-1.2796200000000004
-1.2675239999999999
-1.2796200000000004
-1.2675239999999999
-1.2796200000000004
-1.2675239999999999
-1.2796200000000004
-1.2675239999999999
-1.2796200000000004
-1.2675239999999999
-1.2796200000000004
-1.2675239999999999
-1.2796200000000004
-1.2675239999999999
-1.2796200000000004
-1.2675239999999999
-1.2796200000000004
-1.2675239999999999
-1.2796200000000004
-1.2675239999999999
-1.2796200000000004
-1.2675239999999999
-1.2796200000000004
-1.2675239999999999
-1.2796200000000004
-1.2675239999999999
-1.2796200000000004
-1.2675239999999999
-1.2796200000000004
-1.2675239999999999
-1.2796200000000004
-1.2675239999999999
-1.2796200000000004
-1.2675239999999999
-1.2796200000000004
-1.2675239999999999
-1.2796200000000004
-1.2675239999999999
-1.2796200000000004
-1.2675239999999999
-1.2796200000000004
-1.2675239999999999
-1.2796200000000004
-1.2675239999999999
-1.2796200000000004
-1.2675239999999999
-1.2796200000000004
-1.2675239999999999
-1.2796200000000004
-1.2675239999999999
-1.2796200000000004
-1.2675239999999999
-1.2796200000000004
-1.2675239999999999
-1.2796200000000004
-1.2675239999999999
-1.2796200000000004
-1.2675239999999999
-1.2796200000000004
-1.2675239999999999
-1.2796200000000004
-1.2675239999999999
-1.2796200000000004
-1.2675239999999999
-1.2796200000000004
-1.2675239999999999
-1.2796200000000004
-1.2675239999999999
-1.2796200000000004
-1.2675239999999999
-1.2796200000000004
-1.2675239999999999
-1.2796200000000004
