0.7996169999999996
0.7996169999999996
0.7996169999999996
0.7996169999999996
0.7996169999999996
0.7996169999999996
0.7996169999999996
0.7996169999999996
0.7996169999999996
0.7996169999999996
0.7996169999999996
0.7996169999999996
0.7996169999999996
0.7996169999999996
0.7996169999999996
0.7996169999999996
0.7996169999999996
0.7996169999999996
0.7996169999999996
0.7996169999999996
0.7996169999999996
0.7996169999999996
0.7996169999999996
0.7996169999999996
0.7996169999999996
0.7996169999999996
0.7996169999999996
0.7996169999999996
0.7996169999999996
0.7996169999999996
0.7996169999999996
0.7996169999999996
0.7996169999999996
0.7996169999999996
0.7996169999999996
0.7996169999999996
0.7996169999999996
0.7996169999999996
0.7996169999999996
0.7996169999999996
0.7996169999999996
0.7996169999999996
0.7996169999999996
0.7996169999999996
0.7996169999999996
0.7996169999999996
0.7996169999999996
0.7996169999999996
0.7996169999999996
0.7996169999999996
0.7996169999999996
0.7996169999999996
0.7996169999999996
0.7996169999999996
0.7996169999999996
0.7996169999999996
0.7996169999999996
0.7996169999999996
0.7996169999999996
0.7996169999999996
0.7996169999999996
0.7996169999999996
0.7996169999999996
0.7996169999999996
-0.7996160000000003
-0.7996160000000003
-0.7996160000000003
-0.7996160000000003
-0.7996160000000003
-0.7996160000000003
-0.7996160000000003
-0.7996160000000003
-0.7996160000000003
-0.7996160000000003
-0.7996160000000003
-0.7996160000000003
-0.7996160000000003
-0.7996160000000003
-0.7996160000000003
-0.7996160000000003
-0.7996160000000003
-0.7996160000000003
-0.7996160000000003
-0.7996160000000003
-0.7996160000000003
-0.7996160000000003
-0.7996160000000003
-0.7996160000000003
-0.7996160000000003
-0.7996160000000003
-0.7996160000000003
-0.7996160000000003
-0.7996160000000003
-0.7996160000000003
-0.7996160000000003
-0.7996160000000003
-0.7996160000000003
-0.7996160000000003
-0.7996160000000003
-0.7996160000000003
-0.7996160000000003
-0.7996160000000003
-0.7996160000000003
-0.7996160000000003
-0.7996160000000003
-0.7996160000000003
-0.7996160000000003
-0.7996160000000003
-0.7996160000000003
-0.7996160000000003
-0.7996160000000003
-0.7996160000000003
-0.7996160000000003
-0.7996160000000003
-0.7996160000000003
-0.7996160000000003
-0.7996160000000003
-0.7996160000000003
-0.7996160000000003
-0.7996160000000003
-0.7996160000000003
-0.7996160000000003
-0.7996160000000003
-0.7996160000000003
-0.7996160000000003
-0.7996160000000003
-0.7996160000000003
-0.7996160000000003
