1.4711359999999996
1.4711359999999996
1.4711359999999996
1.4711359999999996
1.4711359999999996
1.4711359999999996
1.4711359999999996
1.4711359999999996
1.4711359999999996
1.4711359999999996
1.4711359999999996
1.4711359999999996
1.4711359999999996
1.4711359999999996
1.4711359999999996
1.4711359999999996
1.4711359999999996
1.4711359999999996
1.4711359999999996
1.4711359999999996
1.4711359999999996
1.4711359999999996
1.4711359999999996
1.4711359999999996
1.4711359999999996
1.4711359999999996
1.4711359999999996
1.4711359999999996
1.4711359999999996
1.4711359999999996
1.4711359999999996
1.4711359999999996
1.4711359999999996
1.4711359999999996
1.4711359999999996
1.4711359999999996
1.4711359999999996
1.4711359999999996
1.4711359999999996
1.4711359999999996
1.4711359999999996
1.4711359999999996
1.4711359999999996
1.4711359999999996
1.4711359999999996
1.4711359999999996
1.4711359999999996
1.4711359999999996
1.4711359999999996
1.4711359999999996
1.4711359999999996
1.4711359999999996
1.4711359999999996
1.4711359999999996
1.4711359999999996
1.4711359999999996
1.4711359999999996
1.4711359999999996
1.4711359999999996
1.4711359999999996
1.4711359999999996
1.4711359999999996
1.4711359999999996
1.4711359999999996
1.4711359999999996
1.4711359999999996
1.4711359999999996
1.4711359999999996
1.4711359999999996
1.4711359999999996
1.4711359999999996
1.4711359999999996
-1.4711350000000003
-1.4711350000000003
-1.4711350000000003
-1.4711350000000003
-1.4711350000000003
-1.4711350000000003
-1.4711350000000003
-1.4711350000000003
-1.4711350000000003
-1.4711350000000003
-1.4711350000000003
-1.4711350000000003
-1.4711350000000003
-1.4711350000000003
-1.4711350000000003
-1.4711350000000003
-1.4711350000000003
-1.4711350000000003
-1.4711350000000003
-1.4711350000000003
-1.4711350000000003
-1.4711350000000003
-1.4711350000000003
-1.4711350000000003
-1.4711350000000003
-1.4711350000000003
-1.4711350000000003
-1.4711350000000003
-1.4711350000000003
-1.4711350000000003
-1.4711350000000003
-1.4711350000000003
-1.4711350000000003
-1.4711350000000003
-1.4711350000000003
-1.4711350000000003
-1.4711350000000003
-1.4711350000000003
-1.4711350000000003
-1.4711350000000003
-1.4711350000000003
-1.4711350000000003
-1.4711350000000003
-1.4711350000000003
-1.4711350000000003
-1.4711350000000003
-1.4711350000000003
-1.4711350000000003
-1.4711350000000003
-1.4711350000000003
-1.4711350000000003
-1.4711350000000003
-1.4711350000000003
-1.4711350000000003
-1.4711350000000003
-1.4711350000000003
-1.4711350000000003
-1.4711350000000003
-1.4711350000000003
-1.4711350000000003
-1.4711350000000003
-1.4711350000000003
-1.4711350000000003
-1.4711350000000003
-1.4711350000000003
-1.4711350000000003
-1.4711350000000003
-1.4711350000000003
-1.4711350000000003
-1.4711350000000003
-1.4711350000000003
-1.4711350000000003
