1.3532879999999992
1.3548799999999996
1.3532879999999992
1.3548799999999996
1.3532879999999992
1.3548799999999996
1.3532879999999992
1.3548799999999996
1.3532879999999992
1.3548799999999996
1.3532879999999992
1.3548799999999996
1.3532879999999992
1.3548799999999996
1.3532879999999992
1.3548799999999996
1.3532879999999992
1.3548799999999996
1.3532879999999992
1.3548799999999996
1.3532879999999992
1.3548799999999996
1.3532879999999992
1.3548799999999996
1.3532879999999992
1.3548799999999996
1.3532879999999992
1.3548799999999996
1.3532879999999992
1.3548799999999996
1.3532879999999992
1.3548799999999996
1.3532879999999992
1.3548799999999996
1.3532879999999992
1.3548799999999996
1.3532879999999992
1.3548799999999996
1.3532879999999992
1.3548799999999996
1.3532879999999992
1.3548799999999996
1.3532879999999992
1.3548799999999996
1.3532879999999992
1.3548799999999996
1.3532879999999992
1.3548799999999996
1.3532879999999992
1.3548799999999996
1.3532879999999992
1.3548799999999996
1.3532879999999992
1.3548799999999996
1.3532879999999992
1.3548799999999996
1.3532879999999992
1.3548799999999996
1.3532879999999992
1.3548799999999996
1.3532879999999992
1.3548799999999996
1.3532879999999992
1.3548799999999996
1.3532879999999992
1.3548799999999996
1.3532879999999992
1.3548799999999996
1.3532879999999992
1.3548799999999996
1.3532879999999992
1.3548799999999996
1.3532879999999992
1.3548799999999996
1.3532879999999992
1.3548799999999996
1.3532879999999992
1.3548799999999996
1.3532879999999992
1.3548799999999996
1.3532879999999992
1.3548799999999996
1.3532879999999992
1.3548799999999996
1.3532879999999992
1.3548799999999996
1.3532879999999992
1.3548799999999996
1.3532879999999992
1.3548799999999996
1.3532879999999992
1.3548799999999996
1.3532879999999992
1.3548799999999996
1.3532879999999992
1.3548799999999996
-1.3567200000000001
-1.3514480000000004
-1.3567200000000001
-1.3514480000000004
-1.3567200000000001
-1.3514480000000004
-1.3567200000000001
-1.3514480000000004
-1.3567200000000001
-1.3514480000000004
-1.3567200000000001
-1.3514480000000004
-1.3567200000000001
-1.3514480000000004
-1.3567200000000001
-1.3514480000000004
-1.3567200000000001
-1.3514480000000004
-1.3567200000000001
-1.3514480000000004
-1.3567200000000001
-1.3514480000000004
-1.3567200000000001
-1.3514480000000004
-1.3567200000000001
-1.3514480000000004
-1.3567200000000001
-1.3514480000000004
-1.3567200000000001
-1.3514480000000004
-1.3567200000000001
-1.3514480000000004
-1.3567200000000001
-1.3514480000000004
-1.3567200000000001
-1.3514480000000004
-1.3567200000000001
-1.3514480000000004
-1.3567200000000001
-1.3514480000000004
-1.3567200000000001
-1.3514480000000004
-1.3567200000000001
-1.3514480000000004
-1.3567200000000001
-1.3514480000000004
-1.3567200000000001
-1.3514480000000004
-1.3567200000000001
-1.3514480000000004
-1.3567200000000001
-1.3514480000000004
-1.3567200000000001
-1.3514480000000004
-1.3567200000000001
-1.3514480000000004
-1.3567200000000001
-1.3514480000000004
-1.3567200000000001
-1.3514480000000004
-1.3567200000000001
-1.3514480000000004
-1.3567200000000001
-1.3514480000000004
-1.3567200000000001
-1.3514480000000004
-1.3567200000000001
-1.3514480000000004
-1.3567200000000001
-1.3514480000000004
-1.3567200000000001
-1.3514480000000004
-1.3567200000000001
-1.3514480000000004
-1.3567200000000001
-1.3514480000000004
-1.3567200000000001
-1.3514480000000004
-1.3567200000000001
-1.3514480000000004
-1.3567200000000001
-1.3514480000000004
-1.3567200000000001
-1.3514480000000004
-1.3567200000000001
-1.3514480000000004
-1.3567200000000001
-1.3514480000000004
-1.3567200000000001
-1.3514480000000004
-1.3567200000000001
-1.3514480000000004
-1.3567200000000001
-1.3514480000000004
-1.3567200000000001
-1.3514480000000004
