1.4350079999999998
1.4255569999999995
1.4350369999999995
1.4297249999999995
1.4350079999999998
1.4255569999999995
1.4350369999999995
1.4297249999999995
1.4350079999999998
1.4255569999999995
1.4350369999999995
1.4297249999999995
1.4350079999999998
1.4255569999999995
1.4350369999999995
1.4297249999999995
1.4350079999999998
1.4255569999999995
1.4350369999999995
1.4297249999999995
1.4350079999999998
1.4255569999999995
1.4350369999999995
1.4297249999999995
1.4350079999999998
1.4255569999999995
1.4350369999999995
1.4297249999999995
1.4350079999999998
1.4255569999999995
1.4350369999999995
1.4297249999999995
1.4350079999999998
1.4255569999999995
1.4350369999999995
1.4297249999999995
1.4350079999999998
1.4255569999999995
1.4350369999999995
1.4297249999999995
1.4350079999999998
1.4255569999999995
1.4350369999999995
1.4297249999999995
1.4350079999999998
1.4255569999999995
1.4350369999999995
1.4297249999999995
1.4350079999999998
1.4255569999999995
1.4350369999999995
1.4297249999999995
1.4350079999999998
1.4255569999999995
1.4350369999999995
1.4297249999999995
1.4350079999999998
1.4255569999999995
1.4350369999999995
1.4297249999999995
1.4350079999999998
1.4255569999999995
1.4350369999999995
1.4297249999999995
1.4350079999999998
1.4255569999999995
1.4350369999999995
1.4297249999999995
1.4350079999999998
1.4255569999999995
1.4350369999999995
1.4297249999999995
1.4350079999999998
1.4255569999999995
1.4350369999999995
1.4297249999999995
1.4350079999999998
1.4255569999999995
1.4350369999999995
1.4297249999999995
1.4350079999999998
1.4255569999999995
1.4350369999999995
1.4297249999999995
1.4350079999999998
1.4255569999999995
1.4350369999999995
1.4297249999999995
1.4350079999999998
1.4255569999999995
1.4350369999999995
1.4297249999999995
1.4350079999999998
1.4255569999999995
1.4350369999999995
1.4297249999999995
1.4350079999999998
1.4255569999999995
1.4350369999999995
1.4297249999999995
1.4350079999999998
1.4255569999999995
1.4350369999999995
1.4297249999999995
1.4350079999999998
1.4255569999999995
1.4350369999999995
1.4297249999999995
1.4350079999999998
1.4255569999999995
1.4350369999999995
1.4297249999999995
1.4350079999999998
1.4255569999999995
1.4350369999999995
1.4297249999999995
1.4350079999999998
1.4255569999999995
1.4350369999999995
1.4297249999999995
1.4350079999999998
1.4255569999999995
1.4350369999999995
1.4297249999999995
1.4350079999999998
1.4255569999999995
1.4350369999999995
1.4297249999999995
1.4350079999999998
1.4255569999999995
1.4350369999999995
1.4297249999999995
1.4350079999999998
1.4255569999999995
1.4350369999999995
1.4297249999999995
1.4350079999999998
1.4255569999999995
1.4350369999999995
1.4297249999999995
1.4350079999999998
1.4255569999999995
1.4350369999999995
1.4297249999999995
1.4350079999999998
1.4255569999999995
1.4350369999999995
1.4297249999999995
1.4350079999999998
1.4255569999999995
1.4350369999999995
1.4297249999999995
1.4350079999999998
1.4255569999999995
1.4350369999999995
1.4297249999999995
1.4350079999999998
1.4255569999999995
1.4350369999999995
1.4297249999999995
1.4350079999999998
1.4255569999999995
1.4350369999999995
1.4297249999999995
1.4350079999999998
1.4255569999999995
1.4350369999999995
1.4297249999999995
1.4350079999999998
1.4255569999999995
1.4350369999999995
1.4297249999999995
1.4350079999999998
1.4255569999999995
1.4350369999999995
1.4297249999999995
1.4350079999999998
1.4255569999999995
1.4350369999999995
1.4297249999999995
1.4350079999999998
1.4255569999999995
1.4350369999999995
1.4297249999999995
1.4350079999999998
1.4255569999999995
1.4350369999999995
1.4297249999999995
1.4350079999999998
1.4255569999999995
1.4350369999999995
1.4297249999999995
-1.4324620000000001
-1.431159
-1.4286060000000003
-1.4331009999999997
-1.4324620000000001
-1.431159
-1.4286060000000003
-1.4331009999999997
-1.4324620000000001
-1.431159
-1.4286060000000003
-1.4331009999999997
-1.4324620000000001
-1.431159
-1.4286060000000003
-1.4331009999999997
-1.4324620000000001
-1.431159
-1.4286060000000003
-1.4331009999999997
-1.4324620000000001
-1.431159
-1.4286060000000003
-1.4331009999999997
-1.4324620000000001
-1.431159
-1.4286060000000003
-1.4331009999999997
-1.4324620000000001
-1.431159
-1.4286060000000003
-1.4331009999999997
-1.4324620000000001
-1.431159
-1.4286060000000003
-1.4331009999999997
-1.4324620000000001
-1.431159
-1.4286060000000003
-1.4331009999999997
-1.4324620000000001
-1.431159
-1.4286060000000003
-1.4331009999999997
-1.4324620000000001
-1.431159
-1.4286060000000003
-1.4331009999999997
-1.4324620000000001
-1.431159
-1.4286060000000003
-1.4331009999999997
-1.4324620000000001
-1.431159
-1.4286060000000003
-1.4331009999999997
-1.4324620000000001
-1.431159
-1.4286060000000003
-1.4331009999999997
-1.4324620000000001
-1.431159
-1.4286060000000003
-1.4331009999999997
-1.4324620000000001
-1.431159
-1.4286060000000003
-1.4331009999999997
-1.4324620000000001
-1.431159
-1.4286060000000003
-1.4331009999999997
-1.4324620000000001
-1.431159
-1.4286060000000003
-1.4331009999999997
-1.4324620000000001
-1.431159
-1.4286060000000003
-1.4331009999999997
-1.4324620000000001
-1.431159
-1.4286060000000003
-1.4331009999999997
-1.4324620000000001
-1.431159
-1.4286060000000003
-1.4331009999999997
-1.4324620000000001
-1.431159
-1.4286060000000003
-1.4331009999999997
-1.4324620000000001
-1.431159
-1.4286060000000003
-1.4331009999999997
-1.4324620000000001
-1.431159
-1.4286060000000003
-1.4331009999999997
-1.4324620000000001
-1.431159
-1.4286060000000003
-1.4331009999999997
-1.4324620000000001
-1.431159
-1.4286060000000003
-1.4331009999999997
-1.4324620000000001
-1.431159
-1.4286060000000003
-1.4331009999999997
-1.4324620000000001
-1.431159
-1.4286060000000003
-1.4331009999999997
-1.4324620000000001
-1.431159
-1.4286060000000003
-1.4331009999999997
-1.4324620000000001
-1.431159
-1.4286060000000003
-1.4331009999999997
-1.4324620000000001
-1.431159
-1.4286060000000003
-1.4331009999999997
-1.4324620000000001
-1.431159
-1.4286060000000003
-1.4331009999999997
-1.4324620000000001
-1.431159
-1.4286060000000003
-1.4331009999999997
-1.4324620000000001
-1.431159
-1.4286060000000003
-1.4331009999999997
-1.4324620000000001
-1.431159
-1.4286060000000003
-1.4331009999999997
-1.4324620000000001
-1.431159
-1.4286060000000003
-1.4331009999999997
-1.4324620000000001
-1.431159
-1.4286060000000003
-1.4331009999999997
-1.4324620000000001
-1.431159
-1.4286060000000003
-1.4331009999999997
-1.4324620000000001
-1.431159
-1.4286060000000003
-1.4331009999999997
-1.4324620000000001
-1.431159
-1.4286060000000003
-1.4331009999999997
-1.4324620000000001
-1.431159
-1.4286060000000003
-1.4331009999999997
-1.4324620000000001
-1.431159
-1.4286060000000003
-1.4331009999999997
-1.4324620000000001
-1.431159
-1.4286060000000003
-1.4331009999999997
-1.4324620000000001
-1.431159
-1.4286060000000003
-1.4331009999999997
-1.4324620000000001
-1.431159
-1.4286060000000003
-1.4331009999999997
-1.4324620000000001
-1.431159
-1.4286060000000003
-1.4331009999999997
-1.4324620000000001
-1.431159
-1.4286060000000003
-1.4331009999999997
