1.4572350000000007
1.4572350000000007
1.4572350000000007
1.4572350000000007
1.4572350000000007
1.4572350000000007
1.4572350000000007
1.4572350000000007
1.4572350000000007
1.4572350000000007
1.4572350000000007
1.4572350000000007
1.4572350000000007
1.4572350000000007
1.4572350000000007
1.4572350000000007
1.4572350000000007
1.4572350000000007
1.4572350000000007
1.4572350000000007
1.4572350000000007
1.4572350000000007
1.4572350000000007
1.4572350000000007
1.4572350000000007
1.4572350000000007
1.4572350000000007
1.4572350000000007
1.4572350000000007
1.4572350000000007
1.4572350000000007
1.4572350000000007
1.4572350000000007
1.4572350000000007
1.4572350000000007
1.4572350000000007
1.4572350000000007
1.4572350000000007
1.4572350000000007
1.4572350000000007
1.4572350000000007
1.4572350000000007
1.4572350000000007
1.4572350000000007
1.4572350000000007
1.4572350000000007
1.4572350000000007
1.4572350000000007
1.4572350000000007
1.4572350000000007
1.4572350000000007
1.4572350000000007
1.4572350000000007
1.4572350000000007
1.4572350000000007
1.4572350000000007
1.4572350000000007
1.4572350000000007
1.4572350000000007
1.4572350000000007
1.4572350000000007
1.4572350000000007
1.4572350000000007
1.4572350000000007
1.4572350000000007
1.4572350000000007
1.4572350000000007
1.4572350000000007
1.4572350000000007
1.4572350000000007
1.4572350000000007
1.4572350000000007
-1.4572349999999998
-1.4572349999999998
-1.4572349999999998
-1.4572349999999998
-1.4572349999999998
-1.4572349999999998
-1.4572349999999998
-1.4572349999999998
-1.4572349999999998
-1.4572349999999998
-1.4572349999999998
-1.4572349999999998
-1.4572349999999998
-1.4572349999999998
-1.4572349999999998
-1.4572349999999998
-1.4572349999999998
-1.4572349999999998
-1.4572349999999998
-1.4572349999999998
-1.4572349999999998
-1.4572349999999998
-1.4572349999999998
-1.4572349999999998
-1.4572349999999998
-1.4572349999999998
-1.4572349999999998
-1.4572349999999998
-1.4572349999999998
-1.4572349999999998
-1.4572349999999998
-1.4572349999999998
-1.4572349999999998
-1.4572349999999998
-1.4572349999999998
-1.4572349999999998
-1.4572349999999998
-1.4572349999999998
-1.4572349999999998
-1.4572349999999998
-1.4572349999999998
-1.4572349999999998
-1.4572349999999998
-1.4572349999999998
-1.4572349999999998
-1.4572349999999998
-1.4572349999999998
-1.4572349999999998
-1.4572349999999998
-1.4572349999999998
-1.4572349999999998
-1.4572349999999998
-1.4572349999999998
-1.4572349999999998
-1.4572349999999998
-1.4572349999999998
-1.4572349999999998
-1.4572349999999998
-1.4572349999999998
-1.4572349999999998
-1.4572349999999998
-1.4572349999999998
-1.4572349999999998
-1.4572349999999998
-1.4572349999999998
-1.4572349999999998
-1.4572349999999998
-1.4572349999999998
-1.4572349999999998
-1.4572349999999998
-1.4572349999999998
-1.4572349999999998
