1.3863380000000003
1.3863380000000003
1.3863380000000003
1.3863380000000003
1.3863380000000003
1.3863380000000003
1.3863380000000003
1.3863380000000003
1.3863380000000003
1.3863380000000003
1.3863380000000003
1.3863380000000003
1.3863380000000003
1.3863380000000003
1.3863380000000003
1.3863380000000003
1.3863380000000003
1.3863380000000003
1.3863380000000003
1.3863380000000003
1.3863380000000003
1.3863380000000003
1.3863380000000003
1.3863380000000003
1.3863380000000003
1.3863380000000003
1.3863380000000003
1.3863380000000003
1.3863380000000003
1.3863380000000003
1.3863380000000003
1.3863380000000003
1.3863380000000003
1.3863380000000003
1.3863380000000003
1.3863380000000003
1.3863380000000003
1.3863380000000003
1.3863380000000003
1.3863380000000003
1.3863380000000003
1.3863380000000003
1.3863380000000003
1.3863380000000003
1.3863380000000003
1.3863380000000003
1.3863380000000003
1.3863380000000003
1.3863380000000003
1.3863380000000003
1.3863380000000003
1.3863380000000003
1.3863380000000003
1.3863380000000003
-1.3863370000000002
-1.3863370000000002
-1.3863370000000002
-1.3863370000000002
-1.3863370000000002
-1.3863370000000002
-1.3863370000000002
-1.3863370000000002
-1.3863370000000002
-1.3863370000000002
-1.3863370000000002
-1.3863370000000002
-1.3863370000000002
-1.3863370000000002
-1.3863370000000002
-1.3863370000000002
-1.3863370000000002
-1.3863370000000002
-1.3863370000000002
-1.3863370000000002
-1.3863370000000002
-1.3863370000000002
-1.3863370000000002
-1.3863370000000002
-1.3863370000000002
-1.3863370000000002
-1.3863370000000002
-1.3863370000000002
-1.3863370000000002
-1.3863370000000002
-1.3863370000000002
-1.3863370000000002
-1.3863370000000002
-1.3863370000000002
-1.3863370000000002
-1.3863370000000002
-1.3863370000000002
-1.3863370000000002
-1.3863370000000002
-1.3863370000000002
-1.3863370000000002
-1.3863370000000002
-1.3863370000000002
-1.3863370000000002
-1.3863370000000002
-1.3863370000000002
-1.3863370000000002
-1.3863370000000002
-1.3863370000000002
-1.3863370000000002
-1.3863370000000002
-1.3863370000000002
-1.3863370000000002
-1.3863370000000002
