1.4362410000000008
1.4335640000000005
1.4366219999999998
1.435193
1.4362410000000008
1.4335640000000005
1.4366219999999998
1.435193
1.4362410000000008
1.4335640000000005
1.4366219999999998
1.435193
1.4362410000000008
1.4335640000000005
1.4366219999999998
1.435193
1.4362410000000008
1.4335640000000005
1.4366219999999998
1.435193
1.4362410000000008
1.4335640000000005
1.4366219999999998
1.435193
1.4362410000000008
1.4335640000000005
1.4366219999999998
1.435193
1.4362410000000008
1.4335640000000005
1.4366219999999998
1.435193
1.4362410000000008
1.4335640000000005
1.4366219999999998
1.435193
1.4362410000000008
1.4335640000000005
1.4366219999999998
1.435193
1.4362410000000008
1.4335640000000005
1.4366219999999998
1.435193
1.4362410000000008
1.4335640000000005
1.4366219999999998
1.435193
1.4362410000000008
1.4335640000000005
1.4366219999999998
1.435193
1.4362410000000008
1.4335640000000005
1.4366219999999998
1.435193
1.4362410000000008
1.4335640000000005
1.4366219999999998
1.435193
1.4362410000000008
1.4335640000000005
1.4366219999999998
1.435193
1.4362410000000008
1.4335640000000005
1.4366219999999998
1.435193
1.4362410000000008
1.4335640000000005
1.4366219999999998
1.435193
1.4362410000000008
1.4335640000000005
1.4366219999999998
1.435193
1.4362410000000008
1.4335640000000005
1.4366219999999998
1.435193
1.4362410000000008
1.4335640000000005
1.4366219999999998
1.435193
1.4362410000000008
1.4335640000000005
1.4366219999999998
1.435193
1.4362410000000008
1.4335640000000005
1.4366219999999998
1.435193
1.4362410000000008
1.4335640000000005
1.4366219999999998
1.435193
1.4362410000000008
1.4335640000000005
1.4366219999999998
1.435193
1.4362410000000008
1.4335640000000005
1.4366219999999998
1.435193
1.4362410000000008
1.4335640000000005
1.4366219999999998
1.435193
-1.4360160000000004
-1.4354199999999997
-1.4352869999999998
-1.434895
-1.4360160000000004
-1.4354199999999997
-1.4352869999999998
-1.434895
-1.4360160000000004
-1.4354199999999997
-1.4352869999999998
-1.434895
-1.4360160000000004
-1.4354199999999997
-1.4352869999999998
-1.434895
-1.4360160000000004
-1.4354199999999997
-1.4352869999999998
-1.434895
-1.4360160000000004
-1.4354199999999997
-1.4352869999999998
-1.434895
-1.4360160000000004
-1.4354199999999997
-1.4352869999999998
-1.434895
-1.4360160000000004
-1.4354199999999997
-1.4352869999999998
-1.434895
-1.4360160000000004
-1.4354199999999997
-1.4352869999999998
-1.434895
-1.4360160000000004
-1.4354199999999997
-1.4352869999999998
-1.434895
-1.4360160000000004
-1.4354199999999997
-1.4352869999999998
-1.434895
-1.4360160000000004
-1.4354199999999997
-1.4352869999999998
-1.434895
-1.4360160000000004
-1.4354199999999997
-1.4352869999999998
-1.434895
-1.4360160000000004
-1.4354199999999997
-1.4352869999999998
-1.434895
-1.4360160000000004
-1.4354199999999997
-1.4352869999999998
-1.434895
-1.4360160000000004
-1.4354199999999997
-1.4352869999999998
-1.434895
-1.4360160000000004
-1.4354199999999997
-1.4352869999999998
-1.434895
-1.4360160000000004
-1.4354199999999997
-1.4352869999999998
-1.434895
-1.4360160000000004
-1.4354199999999997
-1.4352869999999998
-1.434895
-1.4360160000000004
-1.4354199999999997
-1.4352869999999998
-1.434895
-1.4360160000000004
-1.4354199999999997
-1.4352869999999998
-1.434895
-1.4360160000000004
-1.4354199999999997
-1.4352869999999998
-1.434895
-1.4360160000000004
-1.4354199999999997
-1.4352869999999998
-1.434895
-1.4360160000000004
-1.4354199999999997
-1.4352869999999998
-1.434895
-1.4360160000000004
-1.4354199999999997
-1.4352869999999998
-1.434895
-1.4360160000000004
-1.4354199999999997
-1.4352869999999998
-1.434895
-1.4360160000000004
-1.4354199999999997
-1.4352869999999998
-1.434895
