0.38416999999999923
0.38416999999999923
0.38416999999999923
0.38416999999999923
0.38416999999999923
0.38416999999999923
0.38416999999999923
0.38416999999999923
0.38416999999999923
0.38416999999999923
0.38416999999999923
0.38416999999999923
0.38416999999999923
0.38416999999999923
0.38416999999999923
0.38416999999999923
0.38416999999999923
0.38416999999999923
0.38416999999999923
0.38416999999999923
0.38416999999999923
0.38416999999999923
0.38416999999999923
0.38416999999999923
0.38416999999999923
0.38416999999999923
0.38416999999999923
0.38416999999999923
0.38416999999999923
0.38416999999999923
0.38416999999999923
0.38416999999999923
0.38416999999999923
0.38416999999999923
0.38416999999999923
0.38416999999999923
0.38416999999999923
0.38416999999999923
0.38416999999999923
0.38416999999999923
0.38416999999999923
0.38416999999999923
0.38416999999999923
0.38416999999999923
0.38416999999999923
0.38416999999999923
0.38416999999999923
0.38416999999999923
0.38416999999999923
0.38416999999999923
-0.3841700000000001
-0.3841700000000001
-0.3841700000000001
-0.3841700000000001
-0.3841700000000001
-0.3841700000000001
-0.3841700000000001
-0.3841700000000001
-0.3841700000000001
-0.3841700000000001
-0.3841700000000001
-0.3841700000000001
-0.3841700000000001
-0.3841700000000001
-0.3841700000000001
-0.3841700000000001
-0.3841700000000001
-0.3841700000000001
-0.3841700000000001
-0.3841700000000001
-0.3841700000000001
-0.3841700000000001
-0.3841700000000001
-0.3841700000000001
-0.3841700000000001
-0.3841700000000001
-0.3841700000000001
-0.3841700000000001
-0.3841700000000001
-0.3841700000000001
-0.3841700000000001
-0.3841700000000001
-0.3841700000000001
-0.3841700000000001
-0.3841700000000001
-0.3841700000000001
-0.3841700000000001
-0.3841700000000001
-0.3841700000000001
-0.3841700000000001
-0.3841700000000001
-0.3841700000000001
-0.3841700000000001
-0.3841700000000001
-0.3841700000000001
-0.3841700000000001
-0.3841700000000001
-0.3841700000000001
-0.3841700000000001
-0.3841700000000001
