1.4111360000000008
1.4238990000000005
1.4213090000000008
1.4237920000000006
1.4111360000000008
1.4238990000000005
1.4213090000000008
1.4237920000000006
1.4111360000000008
1.4238990000000005
1.4213090000000008
1.4237920000000006
1.4111360000000008
1.4238990000000005
1.4213090000000008
1.4237920000000006
1.4111360000000008
1.4238990000000005
1.4213090000000008
1.4237920000000006
1.4111360000000008
1.4238990000000005
1.4213090000000008
1.4237920000000006
1.4111360000000008
1.4238990000000005
1.4213090000000008
1.4237920000000006
1.4111360000000008
1.4238990000000005
1.4213090000000008
1.4237920000000006
1.4111360000000008
1.4238990000000005
1.4213090000000008
1.4237920000000006
1.4111360000000008
1.4238990000000005
1.4213090000000008
1.4237920000000006
1.4111360000000008
1.4238990000000005
1.4213090000000008
1.4237920000000006
1.4111360000000008
1.4238990000000005
1.4213090000000008
1.4237920000000006
1.4111360000000008
1.4238990000000005
1.4213090000000008
1.4237920000000006
1.4111360000000008
1.4238990000000005
1.4213090000000008
1.4237920000000006
1.4111360000000008
1.4238990000000005
1.4213090000000008
1.4237920000000006
1.4111360000000008
1.4238990000000005
1.4213090000000008
1.4237920000000006
1.4111360000000008
1.4238990000000005
1.4213090000000008
1.4237920000000006
1.4111360000000008
1.4238990000000005
1.4213090000000008
1.4237920000000006
1.4111360000000008
1.4238990000000005
1.4213090000000008
1.4237920000000006
1.4111360000000008
1.4238990000000005
1.4213090000000008
1.4237920000000006
1.4111360000000008
1.4238990000000005
1.4213090000000008
1.4237920000000006
1.4111360000000008
1.4238990000000005
1.4213090000000008
1.4237920000000006
1.4111360000000008
1.4238990000000005
1.4213090000000008
1.4237920000000006
1.4111360000000008
1.4238990000000005
1.4213090000000008
1.4237920000000006
1.4111360000000008
1.4238990000000005
1.4213090000000008
1.4237920000000006
1.4111360000000008
1.4238990000000005
1.4213090000000008
1.4237920000000006
1.4111360000000008
1.4238990000000005
1.4213090000000008
1.4237920000000006
1.4111360000000008
1.4238990000000005
1.4213090000000008
1.4237920000000006
1.4111360000000008
1.4238990000000005
1.4213090000000008
1.4237920000000006
1.4111360000000008
1.4238990000000005
1.4213090000000008
1.4237920000000006
1.4111360000000008
1.4238990000000005
1.4213090000000008
1.4237920000000006
1.4111360000000008
1.4238990000000005
1.4213090000000008
1.4237920000000006
1.4111360000000008
1.4238990000000005
1.4213090000000008
1.4237920000000006
1.4111360000000008
1.4238990000000005
1.4213090000000008
1.4237920000000006
1.4111360000000008
1.4238990000000005
1.4213090000000008
1.4237920000000006
1.4111360000000008
1.4238990000000005
1.4213090000000008
1.4237920000000006
1.4111360000000008
1.4238990000000005
1.4213090000000008
1.4237920000000006
1.4111360000000008
1.4238990000000005
1.4213090000000008
1.4237920000000006
1.4111360000000008
1.4238990000000005
1.4213090000000008
1.4237920000000006
1.4111360000000008
1.4238990000000005
1.4213090000000008
1.4237920000000006
1.4111360000000008
1.4238990000000005
1.4213090000000008
1.4237920000000006
1.4111360000000008
1.4238990000000005
1.4213090000000008
1.4237920000000006
1.4111360000000008
1.4238990000000005
1.4213090000000008
1.4237920000000006
1.4111360000000008
1.4238990000000005
1.4213090000000008
1.4237920000000006
1.4111360000000008
1.4238990000000005
1.4213090000000008
1.4237920000000006
1.4111360000000008
1.4238990000000005
1.4213090000000008
1.4237920000000006
1.4111360000000008
1.4238990000000005
1.4213090000000008
1.4237920000000006
1.4111360000000008
1.4238990000000005
1.4213090000000008
1.4237920000000006
-1.4224379999999996
-1.4183510000000004
-1.4178129999999998
-1.4215350000000004
-1.4224379999999996
-1.4183510000000004
-1.4178129999999998
-1.4215350000000004
-1.4224379999999996
-1.4183510000000004
-1.4178129999999998
-1.4215350000000004
-1.4224379999999996
-1.4183510000000004
-1.4178129999999998
-1.4215350000000004
-1.4224379999999996
-1.4183510000000004
-1.4178129999999998
-1.4215350000000004
-1.4224379999999996
-1.4183510000000004
-1.4178129999999998
-1.4215350000000004
-1.4224379999999996
-1.4183510000000004
-1.4178129999999998
-1.4215350000000004
-1.4224379999999996
-1.4183510000000004
-1.4178129999999998
-1.4215350000000004
-1.4224379999999996
-1.4183510000000004
-1.4178129999999998
-1.4215350000000004
-1.4224379999999996
-1.4183510000000004
-1.4178129999999998
-1.4215350000000004
-1.4224379999999996
-1.4183510000000004
-1.4178129999999998
-1.4215350000000004
-1.4224379999999996
-1.4183510000000004
-1.4178129999999998
-1.4215350000000004
-1.4224379999999996
-1.4183510000000004
-1.4178129999999998
-1.4215350000000004
-1.4224379999999996
-1.4183510000000004
-1.4178129999999998
-1.4215350000000004
-1.4224379999999996
-1.4183510000000004
-1.4178129999999998
-1.4215350000000004
-1.4224379999999996
-1.4183510000000004
-1.4178129999999998
-1.4215350000000004
-1.4224379999999996
-1.4183510000000004
-1.4178129999999998
-1.4215350000000004
-1.4224379999999996
-1.4183510000000004
-1.4178129999999998
-1.4215350000000004
-1.4224379999999996
-1.4183510000000004
-1.4178129999999998
-1.4215350000000004
-1.4224379999999996
-1.4183510000000004
-1.4178129999999998
-1.4215350000000004
-1.4224379999999996
-1.4183510000000004
-1.4178129999999998
-1.4215350000000004
-1.4224379999999996
-1.4183510000000004
-1.4178129999999998
-1.4215350000000004
-1.4224379999999996
-1.4183510000000004
-1.4178129999999998
-1.4215350000000004
-1.4224379999999996
-1.4183510000000004
-1.4178129999999998
-1.4215350000000004
-1.4224379999999996
-1.4183510000000004
-1.4178129999999998
-1.4215350000000004
-1.4224379999999996
-1.4183510000000004
-1.4178129999999998
-1.4215350000000004
-1.4224379999999996
-1.4183510000000004
-1.4178129999999998
-1.4215350000000004
-1.4224379999999996
-1.4183510000000004
-1.4178129999999998
-1.4215350000000004
-1.4224379999999996
-1.4183510000000004
-1.4178129999999998
-1.4215350000000004
-1.4224379999999996
-1.4183510000000004
-1.4178129999999998
-1.4215350000000004
-1.4224379999999996
-1.4183510000000004
-1.4178129999999998
-1.4215350000000004
-1.4224379999999996
-1.4183510000000004
-1.4178129999999998
-1.4215350000000004
-1.4224379999999996
-1.4183510000000004
-1.4178129999999998
-1.4215350000000004
-1.4224379999999996
-1.4183510000000004
-1.4178129999999998
-1.4215350000000004
-1.4224379999999996
-1.4183510000000004
-1.4178129999999998
-1.4215350000000004
-1.4224379999999996
-1.4183510000000004
-1.4178129999999998
-1.4215350000000004
-1.4224379999999996
-1.4183510000000004
-1.4178129999999998
-1.4215350000000004
-1.4224379999999996
-1.4183510000000004
-1.4178129999999998
-1.4215350000000004
-1.4224379999999996
-1.4183510000000004
-1.4178129999999998
-1.4215350000000004
-1.4224379999999996
-1.4183510000000004
-1.4178129999999998
-1.4215350000000004
-1.4224379999999996
-1.4183510000000004
-1.4178129999999998
-1.4215350000000004
-1.4224379999999996
-1.4183510000000004
-1.4178129999999998
-1.4215350000000004
-1.4224379999999996
-1.4183510000000004
-1.4178129999999998
-1.4215350000000004
-1.4224379999999996
-1.4183510000000004
-1.4178129999999998
-1.4215350000000004
-1.4224379999999996
-1.4183510000000004
-1.4178129999999998
-1.4215350000000004
-1.4224379999999996
-1.4183510000000004
-1.4178129999999998
-1.4215350000000004
-1.4224379999999996
-1.4183510000000004
-1.4178129999999998
-1.4215350000000004
-1.4224379999999996
-1.4183510000000004
-1.4178129999999998
-1.4215350000000004
