0.36786900000000067
0.36786900000000067
0.36786900000000067
0.36786900000000067
0.36786900000000067
0.36786900000000067
0.36786900000000067
0.36786900000000067
0.36786900000000067
0.36786900000000067
0.36786900000000067
0.36786900000000067
0.36786900000000067
0.36786900000000067
0.36786900000000067
0.36786900000000067
0.36786900000000067
0.36786900000000067
0.36786900000000067
0.36786900000000067
0.36786900000000067
0.36786900000000067
0.36786900000000067
0.36786900000000067
0.36786900000000067
0.36786900000000067
0.36786900000000067
0.36786900000000067
0.36786900000000067
0.36786900000000067
0.36786900000000067
0.36786900000000067
0.36786900000000067
0.36786900000000067
0.36786900000000067
0.36786900000000067
0.36786900000000067
0.36786900000000067
0.36786900000000067
0.36786900000000067
0.36786900000000067
0.36786900000000067
0.36786900000000067
0.36786900000000067
0.36786900000000067
0.36786900000000067
0.36786900000000067
0.36786900000000067
0.36786900000000067
0.36786900000000067
-0.3678699999999999
-0.3678699999999999
-0.3678699999999999
-0.3678699999999999
-0.3678699999999999
-0.3678699999999999
-0.3678699999999999
-0.3678699999999999
-0.3678699999999999
-0.3678699999999999
-0.3678699999999999
-0.3678699999999999
-0.3678699999999999
-0.3678699999999999
-0.3678699999999999
-0.3678699999999999
-0.3678699999999999
-0.3678699999999999
-0.3678699999999999
-0.3678699999999999
-0.3678699999999999
-0.3678699999999999
-0.3678699999999999
-0.3678699999999999
-0.3678699999999999
-0.3678699999999999
-0.3678699999999999
-0.3678699999999999
-0.3678699999999999
-0.3678699999999999
-0.3678699999999999
-0.3678699999999999
-0.3678699999999999
-0.3678699999999999
-0.3678699999999999
-0.3678699999999999
-0.3678699999999999
-0.3678699999999999
-0.3678699999999999
-0.3678699999999999
-0.3678699999999999
-0.3678699999999999
-0.3678699999999999
-0.3678699999999999
-0.3678699999999999
-0.3678699999999999
-0.3678699999999999
-0.3678699999999999
-0.3678699999999999
-0.3678699999999999
