0.6860510000000009
0.6860510000000009
0.6860510000000009
0.6860510000000009
0.6860510000000009
0.6860510000000009
0.6860510000000009
0.6860510000000009
0.6860510000000009
0.6860510000000009
0.6860510000000009
0.6860510000000009
0.6860510000000009
0.6860510000000009
0.6860510000000009
0.6860510000000009
0.6860510000000009
0.6860510000000009
0.6860510000000009
0.6860510000000009
0.6860510000000009
0.6860510000000009
0.6860510000000009
0.6860510000000009
0.6860510000000009
0.6860510000000009
0.6860510000000009
0.6860510000000009
0.6860510000000009
0.6860510000000009
0.6860510000000009
0.6860510000000009
0.6860510000000009
0.6860510000000009
0.6860510000000009
0.6860510000000009
0.6860510000000009
0.6860510000000009
0.6860510000000009
0.6860510000000009
0.6860510000000009
0.6860510000000009
0.6860510000000009
0.6860510000000009
0.6860510000000009
0.6860510000000009
0.6860510000000009
0.6860510000000009
0.6860510000000009
0.6860510000000009
0.6860510000000009
0.6860510000000009
0.6860510000000009
0.6860510000000009
0.6860510000000009
0.6860510000000009
0.6860510000000009
0.6860510000000009
0.6860510000000009
0.6860510000000009
0.6860510000000009
0.6860510000000009
0.6860510000000009
0.6860510000000009
-0.6860499999999998
-0.6860499999999998
-0.6860499999999998
-0.6860499999999998
-0.6860499999999998
-0.6860499999999998
-0.6860499999999998
-0.6860499999999998
-0.6860499999999998
-0.6860499999999998
-0.6860499999999998
-0.6860499999999998
-0.6860499999999998
-0.6860499999999998
-0.6860499999999998
-0.6860499999999998
-0.6860499999999998
-0.6860499999999998
-0.6860499999999998
-0.6860499999999998
-0.6860499999999998
-0.6860499999999998
-0.6860499999999998
-0.6860499999999998
-0.6860499999999998
-0.6860499999999998
-0.6860499999999998
-0.6860499999999998
-0.6860499999999998
-0.6860499999999998
-0.6860499999999998
-0.6860499999999998
-0.6860499999999998
-0.6860499999999998
-0.6860499999999998
-0.6860499999999998
-0.6860499999999998
-0.6860499999999998
-0.6860499999999998
-0.6860499999999998
-0.6860499999999998
-0.6860499999999998
-0.6860499999999998
-0.6860499999999998
-0.6860499999999998
-0.6860499999999998
-0.6860499999999998
-0.6860499999999998
-0.6860499999999998
-0.6860499999999998
-0.6860499999999998
-0.6860499999999998
-0.6860499999999998
-0.6860499999999998
-0.6860499999999998
-0.6860499999999998
-0.6860499999999998
-0.6860499999999998
-0.6860499999999998
-0.6860499999999998
-0.6860499999999998
-0.6860499999999998
-0.6860499999999998
-0.6860499999999998
