1.450913
1.450913
1.450913
1.450913
1.450913
1.450913
1.450913
1.450913
1.450913
1.450913
1.450913
1.450913
1.450913
1.450913
1.450913
1.450913
1.450913
1.450913
1.450913
1.450913
1.450913
1.450913
1.450913
1.450913
1.450913
1.450913
1.450913
1.450913
1.450913
1.450913
1.450913
1.450913
1.450913
1.450913
1.450913
1.450913
1.450913
1.450913
1.450913
1.450913
1.450913
1.450913
1.450913
1.450913
1.450913
1.450913
1.450913
1.450913
1.450913
1.450913
1.450913
1.450913
1.450913
1.450913
1.450913
1.450913
1.450913
1.450913
1.450913
1.450913
1.450913
1.450913
1.450913
1.450913
-1.450914
-1.450914
-1.450914
-1.450914
-1.450914
-1.450914
-1.450914
-1.450914
-1.450914
-1.450914
-1.450914
-1.450914
-1.450914
-1.450914
-1.450914
-1.450914
-1.450914
-1.450914
-1.450914
-1.450914
-1.450914
-1.450914
-1.450914
-1.450914
-1.450914
-1.450914
-1.450914
-1.450914
-1.450914
-1.450914
-1.450914
-1.450914
-1.450914
-1.450914
-1.450914
-1.450914
-1.450914
-1.450914
-1.450914
-1.450914
-1.450914
-1.450914
-1.450914
-1.450914
-1.450914
-1.450914
-1.450914
-1.450914
-1.450914
-1.450914
-1.450914
-1.450914
-1.450914
-1.450914
-1.450914
-1.450914
-1.450914
-1.450914
-1.450914
-1.450914
-1.450914
-1.450914
-1.450914
-1.450914
