1.3575110000000006
1.3575110000000006
1.3575110000000006
1.3575110000000006
1.3575110000000006
1.3575110000000006
1.3575110000000006
1.3575110000000006
1.3575110000000006
1.3575110000000006
1.3575110000000006
1.3575110000000006
1.3575110000000006
1.3575110000000006
1.3575110000000006
1.3575110000000006
1.3575110000000006
1.3575110000000006
1.3575110000000006
1.3575110000000006
1.3575110000000006
1.3575110000000006
1.3575110000000006
1.3575110000000006
1.3575110000000006
1.3575110000000006
1.3575110000000006
1.3575110000000006
1.3575110000000006
1.3575110000000006
1.3575110000000006
1.3575110000000006
1.3575110000000006
1.3575110000000006
1.3575110000000006
1.3575110000000006
1.3575110000000006
1.3575110000000006
1.3575110000000006
1.3575110000000006
1.3575110000000006
1.3575110000000006
1.3575110000000006
1.3575110000000006
1.3575110000000006
1.3575110000000006
1.3575110000000006
1.3575110000000006
1.3575110000000006
1.3575110000000006
1.3575110000000006
1.3575110000000006
1.3575110000000006
1.3575110000000006
1.3575110000000006
1.3575110000000006
1.3575110000000006
1.3575110000000006
1.3575110000000006
1.3575110000000006
1.3575110000000006
1.3575110000000006
1.3575110000000006
1.3575110000000006
1.3575110000000006
1.3575110000000006
1.3575110000000006
1.3575110000000006
1.3575110000000006
1.3575110000000006
1.3575110000000006
1.3575110000000006
1.3575110000000006
1.3575110000000006
1.3575110000000006
1.3575110000000006
1.3575110000000006
1.3575110000000006
1.3575110000000006
1.3575110000000006
1.3575110000000006
1.3575110000000006
1.3575110000000006
1.3575110000000006
1.3575110000000006
1.3575110000000006
1.3575110000000006
1.3575110000000006
1.3575110000000006
1.3575110000000006
1.3575110000000006
1.3575110000000006
1.3575110000000006
1.3575110000000006
1.3575110000000006
1.3575110000000006
-1.3575080000000002
-1.3575119999999998
-1.3575080000000002
-1.3575119999999998
-1.3575080000000002
-1.3575119999999998
-1.3575080000000002
-1.3575119999999998
-1.3575080000000002
-1.3575119999999998
-1.3575080000000002
-1.3575119999999998
-1.3575080000000002
-1.3575119999999998
-1.3575080000000002
-1.3575119999999998
-1.3575080000000002
-1.3575119999999998
-1.3575080000000002
-1.3575119999999998
-1.3575080000000002
-1.3575119999999998
-1.3575080000000002
-1.3575119999999998
-1.3575080000000002
-1.3575119999999998
-1.3575080000000002
-1.3575119999999998
-1.3575080000000002
-1.3575119999999998
-1.3575080000000002
-1.3575119999999998
-1.3575080000000002
-1.3575119999999998
-1.3575080000000002
-1.3575119999999998
-1.3575080000000002
-1.3575119999999998
-1.3575080000000002
-1.3575119999999998
-1.3575080000000002
-1.3575119999999998
-1.3575080000000002
-1.3575119999999998
-1.3575080000000002
-1.3575119999999998
-1.3575080000000002
-1.3575119999999998
-1.3575080000000002
-1.3575119999999998
-1.3575080000000002
-1.3575119999999998
-1.3575080000000002
-1.3575119999999998
-1.3575080000000002
-1.3575119999999998
-1.3575080000000002
-1.3575119999999998
-1.3575080000000002
-1.3575119999999998
-1.3575080000000002
-1.3575119999999998
-1.3575080000000002
-1.3575119999999998
-1.3575080000000002
-1.3575119999999998
-1.3575080000000002
-1.3575119999999998
-1.3575080000000002
-1.3575119999999998
-1.3575080000000002
-1.3575119999999998
-1.3575080000000002
-1.3575119999999998
-1.3575080000000002
-1.3575119999999998
-1.3575080000000002
-1.3575119999999998
-1.3575080000000002
-1.3575119999999998
-1.3575080000000002
-1.3575119999999998
-1.3575080000000002
-1.3575119999999998
-1.3575080000000002
-1.3575119999999998
-1.3575080000000002
-1.3575119999999998
-1.3575080000000002
-1.3575119999999998
-1.3575080000000002
-1.3575119999999998
-1.3575080000000002
-1.3575119999999998
-1.3575080000000002
-1.3575119999999998
