0.6926830000000006
0.6926830000000006
0.6926830000000006
0.6926830000000006
0.6926830000000006
0.6926830000000006
0.6926830000000006
0.6926830000000006
0.6926830000000006
0.6926830000000006
0.6926830000000006
0.6926830000000006
0.6926830000000006
0.6926830000000006
0.6926830000000006
0.6926830000000006
0.6926830000000006
0.6926830000000006
0.6926830000000006
0.6926830000000006
0.6926830000000006
0.6926830000000006
0.6926830000000006
0.6926830000000006
0.6926830000000006
0.6926830000000006
0.6926830000000006
0.6926830000000006
0.6926830000000006
0.6926830000000006
0.6926830000000006
0.6926830000000006
0.6926830000000006
0.6926830000000006
0.6926830000000006
0.6926830000000006
0.6926830000000006
0.6926830000000006
0.6926830000000006
0.6926830000000006
0.6926830000000006
0.6926830000000006
0.6926830000000006
0.6926830000000006
0.6926830000000006
0.6926830000000006
0.6926830000000006
0.6926830000000006
0.6926830000000006
0.6926830000000006
0.6926830000000006
0.6926830000000006
0.6926830000000006
0.6926830000000006
0.6926830000000006
0.6926830000000006
0.6926830000000006
0.6926830000000006
0.6926830000000006
0.6926830000000006
0.6926830000000006
0.6926830000000006
0.6926830000000006
0.6926830000000006
-0.6926819999999996
-0.6926819999999996
-0.6926819999999996
-0.6926819999999996
-0.6926819999999996
-0.6926819999999996
-0.6926819999999996
-0.6926819999999996
-0.6926819999999996
-0.6926819999999996
-0.6926819999999996
-0.6926819999999996
-0.6926819999999996
-0.6926819999999996
-0.6926819999999996
-0.6926819999999996
-0.6926819999999996
-0.6926819999999996
-0.6926819999999996
-0.6926819999999996
-0.6926819999999996
-0.6926819999999996
-0.6926819999999996
-0.6926819999999996
-0.6926819999999996
-0.6926819999999996
-0.6926819999999996
-0.6926819999999996
-0.6926819999999996
-0.6926819999999996
-0.6926819999999996
-0.6926819999999996
-0.6926819999999996
-0.6926819999999996
-0.6926819999999996
-0.6926819999999996
-0.6926819999999996
-0.6926819999999996
-0.6926819999999996
-0.6926819999999996
-0.6926819999999996
-0.6926819999999996
-0.6926819999999996
-0.6926819999999996
-0.6926819999999996
-0.6926819999999996
-0.6926819999999996
-0.6926819999999996
-0.6926819999999996
-0.6926819999999996
-0.6926819999999996
-0.6926819999999996
-0.6926819999999996
-0.6926819999999996
-0.6926819999999996
-0.6926819999999996
-0.6926819999999996
-0.6926819999999996
-0.6926819999999996
-0.6926819999999996
-0.6926819999999996
-0.6926819999999996
-0.6926819999999996
-0.6926819999999996
