1.3014759999999992
1.2866999999999997
1.2846539999999997
1.2314150000000001
1.3014759999999992
1.2866999999999997
1.2846539999999997
1.2314150000000001
1.3014759999999992
1.2866999999999997
1.2846539999999997
1.2314150000000001
1.3014759999999992
1.2866999999999997
1.2846539999999997
1.2314150000000001
1.3014759999999992
1.2866999999999997
1.2846539999999997
1.2314150000000001
1.3014759999999992
1.2866999999999997
1.2846539999999997
1.2314150000000001
1.3014759999999992
1.2866999999999997
1.2846539999999997
1.2314150000000001
1.3014759999999992
1.2866999999999997
1.2846539999999997
1.2314150000000001
1.3014759999999992
1.2866999999999997
1.2846539999999997
1.2314150000000001
1.3014759999999992
1.2866999999999997
1.2846539999999997
1.2314150000000001
1.3014759999999992
1.2866999999999997
1.2846539999999997
1.2314150000000001
1.3014759999999992
1.2866999999999997
1.2846539999999997
1.2314150000000001
1.3014759999999992
1.2866999999999997
1.2846539999999997
1.2314150000000001
1.3014759999999992
1.2866999999999997
1.2846539999999997
1.2314150000000001
1.3014759999999992
1.2866999999999997
1.2846539999999997
1.2314150000000001
1.3014759999999992
1.2866999999999997
1.2846539999999997
1.2314150000000001
1.3014759999999992
1.2866999999999997
1.2846539999999997
1.2314150000000001
1.3014759999999992
1.2866999999999997
1.2846539999999997
1.2314150000000001
1.3014759999999992
1.2866999999999997
1.2846539999999997
1.2314150000000001
1.3014759999999992
1.2866999999999997
1.2846539999999997
1.2314150000000001
1.3014759999999992
1.2866999999999997
1.2846539999999997
1.2314150000000001
1.3014759999999992
1.2866999999999997
1.2846539999999997
1.2314150000000001
1.3014759999999992
1.2866999999999997
1.2846539999999997
1.2314150000000001
1.3014759999999992
1.2866999999999997
1.2846539999999997
1.2314150000000001
1.3014759999999992
1.2866999999999997
1.2846539999999997
1.2314150000000001
1.3014759999999992
1.2866999999999997
1.2846539999999997
1.2314150000000001
1.3014759999999992
1.2866999999999997
1.2846539999999997
1.2314150000000001
1.3014759999999992
1.2866999999999997
1.2846539999999997
1.2314150000000001
1.3014759999999992
1.2866999999999997
1.2846539999999997
1.2314150000000001
1.3014759999999992
1.2866999999999997
1.2846539999999997
1.2314150000000001
1.3014759999999992
1.2866999999999997
1.2846539999999997
1.2314150000000001
1.3014759999999992
1.2866999999999997
1.2846539999999997
1.2314150000000001
-1.2451660000000002
-1.3049179999999998
-1.2341360000000003
-1.3200250000000002
-1.2451660000000002
-1.3049179999999998
-1.2341360000000003
-1.3200250000000002
-1.2451660000000002
-1.3049179999999998
-1.2341360000000003
-1.3200250000000002
-1.2451660000000002
-1.3049179999999998
-1.2341360000000003
-1.3200250000000002
-1.2451660000000002
-1.3049179999999998
-1.2341360000000003
-1.3200250000000002
-1.2451660000000002
-1.3049179999999998
-1.2341360000000003
-1.3200250000000002
-1.2451660000000002
-1.3049179999999998
-1.2341360000000003
-1.3200250000000002
-1.2451660000000002
-1.3049179999999998
-1.2341360000000003
-1.3200250000000002
-1.2451660000000002
-1.3049179999999998
-1.2341360000000003
-1.3200250000000002
-1.2451660000000002
-1.3049179999999998
-1.2341360000000003
-1.3200250000000002
-1.2451660000000002
-1.3049179999999998
-1.2341360000000003
-1.3200250000000002
-1.2451660000000002
-1.3049179999999998
-1.2341360000000003
-1.3200250000000002
-1.2451660000000002
-1.3049179999999998
-1.2341360000000003
-1.3200250000000002
-1.2451660000000002
-1.3049179999999998
-1.2341360000000003
-1.3200250000000002
-1.2451660000000002
-1.3049179999999998
-1.2341360000000003
-1.3200250000000002
-1.2451660000000002
-1.3049179999999998
-1.2341360000000003
-1.3200250000000002
-1.2451660000000002
-1.3049179999999998
-1.2341360000000003
-1.3200250000000002
-1.2451660000000002
-1.3049179999999998
-1.2341360000000003
-1.3200250000000002
-1.2451660000000002
-1.3049179999999998
-1.2341360000000003
-1.3200250000000002
-1.2451660000000002
-1.3049179999999998
-1.2341360000000003
-1.3200250000000002
-1.2451660000000002
-1.3049179999999998
-1.2341360000000003
-1.3200250000000002
-1.2451660000000002
-1.3049179999999998
-1.2341360000000003
-1.3200250000000002
-1.2451660000000002
-1.3049179999999998
-1.2341360000000003
-1.3200250000000002
-1.2451660000000002
-1.3049179999999998
-1.2341360000000003
-1.3200250000000002
-1.2451660000000002
-1.3049179999999998
-1.2341360000000003
-1.3200250000000002
-1.2451660000000002
-1.3049179999999998
-1.2341360000000003
-1.3200250000000002
-1.2451660000000002
-1.3049179999999998
-1.2341360000000003
-1.3200250000000002
-1.2451660000000002
-1.3049179999999998
-1.2341360000000003
-1.3200250000000002
-1.2451660000000002
-1.3049179999999998
-1.2341360000000003
-1.3200250000000002
-1.2451660000000002
-1.3049179999999998
-1.2341360000000003
-1.3200250000000002
-1.2451660000000002
-1.3049179999999998
-1.2341360000000003
-1.3200250000000002
-1.2451660000000002
-1.3049179999999998
-1.2341360000000003
-1.3200250000000002
