1.3374760000000006
1.3245199999999997
1.3374760000000006
1.3245199999999997
1.3374760000000006
1.3245199999999997
1.3374760000000006
1.3245199999999997
1.3374760000000006
1.3245199999999997
1.3374760000000006
1.3245199999999997
1.3374760000000006
1.3245199999999997
1.3374760000000006
1.3245199999999997
1.3374760000000006
1.3245199999999997
1.3374760000000006
1.3245199999999997
1.3374760000000006
1.3245199999999997
1.3374760000000006
1.3245199999999997
1.3374760000000006
1.3245199999999997
1.3374760000000006
1.3245199999999997
1.3374760000000006
1.3245199999999997
1.3374760000000006
1.3245199999999997
1.3374760000000006
1.3245199999999997
1.3374760000000006
1.3245199999999997
1.3374760000000006
1.3245199999999997
1.3374760000000006
1.3245199999999997
1.3374760000000006
1.3245199999999997
1.3374760000000006
1.3245199999999997
1.3374760000000006
1.3245199999999997
1.3374760000000006
1.3245199999999997
1.3374760000000006
1.3245199999999997
1.3374760000000006
1.3245199999999997
1.3374760000000006
1.3245199999999997
1.3374760000000006
1.3245199999999997
1.3374760000000006
1.3245199999999997
1.3374760000000006
1.3245199999999997
1.3374760000000006
1.3245199999999997
1.3374760000000006
1.3245199999999997
1.3374760000000006
1.3245199999999997
1.3374760000000006
1.3245199999999997
1.3374760000000006
1.3245199999999997
1.3374760000000006
1.3245199999999997
1.3374760000000006
1.3245199999999997
1.3374760000000006
1.3245199999999997
1.3374760000000006
1.3245199999999997
1.3374760000000006
1.3245199999999997
1.3374760000000006
1.3245199999999997
1.3374760000000006
1.3245199999999997
1.3374760000000006
1.3245199999999997
1.3374760000000006
1.3245199999999997
1.3374760000000006
1.3245199999999997
1.3374760000000006
1.3245199999999997
1.3374760000000006
1.3245199999999997
1.3374760000000006
1.3245199999999997
1.3374760000000006
1.3245199999999997
1.3374760000000006
1.3245199999999997
1.3374760000000006
1.3245199999999997
1.3374760000000006
1.3245199999999997
1.3374760000000006
1.3245199999999997
1.3374760000000006
1.3245199999999997
-1.3290699999999998
-1.3329269999999998
-1.3290699999999998
-1.3329269999999998
-1.3290699999999998
-1.3329269999999998
-1.3290699999999998
-1.3329269999999998
-1.3290699999999998
-1.3329269999999998
-1.3290699999999998
-1.3329269999999998
-1.3290699999999998
-1.3329269999999998
-1.3290699999999998
-1.3329269999999998
-1.3290699999999998
-1.3329269999999998
-1.3290699999999998
-1.3329269999999998
-1.3290699999999998
-1.3329269999999998
-1.3290699999999998
-1.3329269999999998
-1.3290699999999998
-1.3329269999999998
-1.3290699999999998
-1.3329269999999998
-1.3290699999999998
-1.3329269999999998
-1.3290699999999998
-1.3329269999999998
-1.3290699999999998
-1.3329269999999998
-1.3290699999999998
-1.3329269999999998
-1.3290699999999998
-1.3329269999999998
-1.3290699999999998
-1.3329269999999998
-1.3290699999999998
-1.3329269999999998
-1.3290699999999998
-1.3329269999999998
-1.3290699999999998
-1.3329269999999998
-1.3290699999999998
-1.3329269999999998
-1.3290699999999998
-1.3329269999999998
-1.3290699999999998
-1.3329269999999998
-1.3290699999999998
-1.3329269999999998
-1.3290699999999998
-1.3329269999999998
-1.3290699999999998
-1.3329269999999998
-1.3290699999999998
-1.3329269999999998
-1.3290699999999998
-1.3329269999999998
-1.3290699999999998
-1.3329269999999998
-1.3290699999999998
-1.3329269999999998
-1.3290699999999998
-1.3329269999999998
-1.3290699999999998
-1.3329269999999998
-1.3290699999999998
-1.3329269999999998
-1.3290699999999998
-1.3329269999999998
-1.3290699999999998
-1.3329269999999998
-1.3290699999999998
-1.3329269999999998
-1.3290699999999998
-1.3329269999999998
-1.3290699999999998
-1.3329269999999998
-1.3290699999999998
-1.3329269999999998
-1.3290699999999998
-1.3329269999999998
-1.3290699999999998
-1.3329269999999998
-1.3290699999999998
-1.3329269999999998
-1.3290699999999998
-1.3329269999999998
-1.3290699999999998
-1.3329269999999998
-1.3290699999999998
-1.3329269999999998
-1.3290699999999998
-1.3329269999999998
-1.3290699999999998
-1.3329269999999998
-1.3290699999999998
-1.3329269999999998
-1.3290699999999998
-1.3329269999999998
-1.3290699999999998
-1.3329269999999998
-1.3290699999999998
-1.3329269999999998
