0.8701880000000006
0.8701880000000006
0.8701880000000006
0.8701880000000006
0.8701880000000006
0.8701880000000006
0.8701880000000006
0.8701880000000006
0.8701880000000006
0.8701880000000006
0.8701880000000006
0.8701880000000006
0.8701880000000006
0.8701880000000006
0.8701880000000006
0.8701880000000006
0.8701880000000006
0.8701880000000006
0.8701880000000006
0.8701880000000006
0.8701880000000006
0.8701880000000006
0.8701880000000006
0.8701880000000006
0.8701880000000006
0.8701880000000006
0.8701880000000006
0.8701880000000006
0.8701880000000006
0.8701880000000006
0.8701880000000006
0.8701880000000006
0.8701880000000006
0.8701880000000006
0.8701880000000006
0.8701880000000006
0.8701880000000006
0.8701880000000006
0.8701880000000006
0.8701880000000006
0.8701880000000006
0.8701880000000006
0.8701880000000006
0.8701880000000006
0.8701880000000006
0.8701880000000006
0.8701880000000006
0.8701880000000006
0.8701880000000006
0.8701880000000006
0.8701880000000006
0.8701880000000006
0.8701880000000006
0.8701880000000006
0.8701880000000006
0.8701880000000006
0.8701880000000006
0.8701880000000006
0.8701880000000006
0.8701880000000006
0.8701880000000006
0.8701880000000006
0.8701880000000006
0.8701880000000006
-0.8701869999999996
-0.8701869999999996
-0.8701869999999996
-0.8701869999999996
-0.8701869999999996
-0.8701869999999996
-0.8701869999999996
-0.8701869999999996
-0.8701869999999996
-0.8701869999999996
-0.8701869999999996
-0.8701869999999996
-0.8701869999999996
-0.8701869999999996
-0.8701869999999996
-0.8701869999999996
-0.8701869999999996
-0.8701869999999996
-0.8701869999999996
-0.8701869999999996
-0.8701869999999996
-0.8701869999999996
-0.8701869999999996
-0.8701869999999996
-0.8701869999999996
-0.8701869999999996
-0.8701869999999996
-0.8701869999999996
-0.8701869999999996
-0.8701869999999996
-0.8701869999999996
-0.8701869999999996
-0.8701869999999996
-0.8701869999999996
-0.8701869999999996
-0.8701869999999996
-0.8701869999999996
-0.8701869999999996
-0.8701869999999996
-0.8701869999999996
-0.8701869999999996
-0.8701869999999996
-0.8701869999999996
-0.8701869999999996
-0.8701869999999996
-0.8701869999999996
-0.8701869999999996
-0.8701869999999996
-0.8701869999999996
-0.8701869999999996
-0.8701869999999996
-0.8701869999999996
-0.8701869999999996
-0.8701869999999996
-0.8701869999999996
-0.8701869999999996
-0.8701869999999996
-0.8701869999999996
-0.8701869999999996
-0.8701869999999996
-0.8701869999999996
-0.8701869999999996
-0.8701869999999996
-0.8701869999999996
