1.2048469999999991
1.2781179999999992
1.2048469999999991
1.2781179999999992
1.2048469999999991
1.2781179999999992
1.2048469999999991
1.2781179999999992
1.2048469999999991
1.2781179999999992
1.2048469999999991
1.2781179999999992
1.2048469999999991
1.2781179999999992
1.2048469999999991
1.2781179999999992
1.2048469999999991
1.2781179999999992
1.2048469999999991
1.2781179999999992
1.2048469999999991
1.2781179999999992
1.2048469999999991
1.2781179999999992
1.2048469999999991
1.2781179999999992
1.2048469999999991
1.2781179999999992
1.2048469999999991
1.2781179999999992
1.2048469999999991
1.2781179999999992
1.2048469999999991
1.2781179999999992
1.2048469999999991
1.2781179999999992
1.2048469999999991
1.2781179999999992
1.2048469999999991
1.2781179999999992
1.2048469999999991
1.2781179999999992
1.2048469999999991
1.2781179999999992
1.2048469999999991
1.2781179999999992
1.2048469999999991
1.2781179999999992
1.2048469999999991
1.2781179999999992
1.2048469999999991
1.2781179999999992
1.2048469999999991
1.2781179999999992
1.2048469999999991
1.2781179999999992
1.2048469999999991
1.2781179999999992
1.2048469999999991
1.2781179999999992
1.2048469999999991
1.2781179999999992
1.2048469999999991
1.2781179999999992
1.2048469999999991
1.2781179999999992
1.2048469999999991
1.2781179999999992
1.2048469999999991
1.2781179999999992
1.2048469999999991
1.2781179999999992
1.2048469999999991
1.2781179999999992
1.2048469999999991
1.2781179999999992
1.2048469999999991
1.2781179999999992
1.2048469999999991
1.2781179999999992
1.2048469999999991
1.2781179999999992
1.2048469999999991
1.2781179999999992
1.2048469999999991
1.2781179999999992
1.2048469999999991
1.2781179999999992
1.2048469999999991
1.2781179999999992
1.2048469999999991
1.2781179999999992
1.2048469999999991
1.2781179999999992
1.2048469999999991
1.2781179999999992
1.2048469999999991
1.2781179999999992
1.2048469999999991
1.2781179999999992
1.2048469999999991
1.2781179999999992
1.2048469999999991
1.2781179999999992
1.2048469999999991
1.2781179999999992
1.2048469999999991
1.2781179999999992
-1.2228830000000004
-1.2600829999999998
-1.2228830000000004
-1.2600829999999998
-1.2228830000000004
-1.2600829999999998
-1.2228830000000004
-1.2600829999999998
-1.2228830000000004
-1.2600829999999998
-1.2228830000000004
-1.2600829999999998
-1.2228830000000004
-1.2600829999999998
-1.2228830000000004
-1.2600829999999998
-1.2228830000000004
-1.2600829999999998
-1.2228830000000004
-1.2600829999999998
-1.2228830000000004
-1.2600829999999998
-1.2228830000000004
-1.2600829999999998
-1.2228830000000004
-1.2600829999999998
-1.2228830000000004
-1.2600829999999998
-1.2228830000000004
-1.2600829999999998
-1.2228830000000004
-1.2600829999999998
-1.2228830000000004
-1.2600829999999998
-1.2228830000000004
-1.2600829999999998
-1.2228830000000004
-1.2600829999999998
-1.2228830000000004
-1.2600829999999998
-1.2228830000000004
-1.2600829999999998
-1.2228830000000004
-1.2600829999999998
-1.2228830000000004
-1.2600829999999998
-1.2228830000000004
-1.2600829999999998
-1.2228830000000004
-1.2600829999999998
-1.2228830000000004
-1.2600829999999998
-1.2228830000000004
-1.2600829999999998
-1.2228830000000004
-1.2600829999999998
-1.2228830000000004
-1.2600829999999998
-1.2228830000000004
-1.2600829999999998
-1.2228830000000004
-1.2600829999999998
-1.2228830000000004
-1.2600829999999998
-1.2228830000000004
-1.2600829999999998
-1.2228830000000004
-1.2600829999999998
-1.2228830000000004
-1.2600829999999998
-1.2228830000000004
-1.2600829999999998
-1.2228830000000004
-1.2600829999999998
-1.2228830000000004
-1.2600829999999998
-1.2228830000000004
-1.2600829999999998
-1.2228830000000004
-1.2600829999999998
-1.2228830000000004
-1.2600829999999998
-1.2228830000000004
-1.2600829999999998
-1.2228830000000004
-1.2600829999999998
-1.2228830000000004
-1.2600829999999998
-1.2228830000000004
-1.2600829999999998
-1.2228830000000004
-1.2600829999999998
-1.2228830000000004
-1.2600829999999998
-1.2228830000000004
-1.2600829999999998
-1.2228830000000004
-1.2600829999999998
-1.2228830000000004
-1.2600829999999998
-1.2228830000000004
-1.2600829999999998
-1.2228830000000004
-1.2600829999999998
-1.2228830000000004
-1.2600829999999998
-1.2228830000000004
-1.2600829999999998
