1.3853480000000005
1.3607739999999993
1.3853480000000005
1.3607739999999993
1.3853480000000005
1.3607739999999993
1.3853480000000005
1.3607739999999993
1.3853480000000005
1.3607739999999993
1.3853480000000005
1.3607739999999993
1.3853480000000005
1.3607739999999993
1.3853480000000005
1.3607739999999993
1.3853480000000005
1.3607739999999993
1.3853480000000005
1.3607739999999993
1.3853480000000005
1.3607739999999993
1.3853480000000005
1.3607739999999993
1.3853480000000005
1.3607739999999993
1.3853480000000005
1.3607739999999993
1.3853480000000005
1.3607739999999993
1.3853480000000005
1.3607739999999993
1.3853480000000005
1.3607739999999993
1.3853480000000005
1.3607739999999993
1.3853480000000005
1.3607739999999993
1.3853480000000005
1.3607739999999993
1.3853480000000005
1.3607739999999993
1.3853480000000005
1.3607739999999993
1.3853480000000005
1.3607739999999993
1.3853480000000005
1.3607739999999993
1.3853480000000005
1.3607739999999993
1.3853480000000005
1.3607739999999993
1.3853480000000005
1.3607739999999993
1.3853480000000005
1.3607739999999993
1.3853480000000005
1.3607739999999993
1.3853480000000005
1.3607739999999993
1.3853480000000005
1.3607739999999993
1.3853480000000005
1.3607739999999993
1.3853480000000005
1.3607739999999993
1.3853480000000005
1.3607739999999993
1.3853480000000005
1.3607739999999993
1.3853480000000005
1.3607739999999993
1.3853480000000005
1.3607739999999993
1.3853480000000005
1.3607739999999993
1.3853480000000005
1.3607739999999993
1.3853480000000005
1.3607739999999993
1.3853480000000005
1.3607739999999993
1.3853480000000005
1.3607739999999993
1.3853480000000005
1.3607739999999993
1.3853480000000005
1.3607739999999993
1.3853480000000005
1.3607739999999993
1.3853480000000005
1.3607739999999993
1.3853480000000005
1.3607739999999993
1.3853480000000005
1.3607739999999993
1.3853480000000005
1.3607739999999993
1.3853480000000005
1.3607739999999993
1.3853480000000005
1.3607739999999993
1.3853480000000005
1.3607739999999993
1.3853480000000005
1.3607739999999993
1.3853480000000005
1.3607739999999993
1.3853480000000005
1.3607739999999993
1.3853480000000005
1.3607739999999993
1.3853480000000005
1.3607739999999993
1.3853480000000005
1.3607739999999993
1.3853480000000005
1.3607739999999993
1.3853480000000005
1.3607739999999993
-1.3736290000000002
-1.3724930000000004
-1.3736290000000002
-1.3724930000000004
-1.3736290000000002
-1.3724930000000004
-1.3736290000000002
-1.3724930000000004
-1.3736290000000002
-1.3724930000000004
-1.3736290000000002
-1.3724930000000004
-1.3736290000000002
-1.3724930000000004
-1.3736290000000002
-1.3724930000000004
-1.3736290000000002
-1.3724930000000004
-1.3736290000000002
-1.3724930000000004
-1.3736290000000002
-1.3724930000000004
-1.3736290000000002
-1.3724930000000004
-1.3736290000000002
-1.3724930000000004
-1.3736290000000002
-1.3724930000000004
-1.3736290000000002
-1.3724930000000004
-1.3736290000000002
-1.3724930000000004
-1.3736290000000002
-1.3724930000000004
-1.3736290000000002
-1.3724930000000004
-1.3736290000000002
-1.3724930000000004
-1.3736290000000002
-1.3724930000000004
-1.3736290000000002
-1.3724930000000004
-1.3736290000000002
-1.3724930000000004
-1.3736290000000002
-1.3724930000000004
-1.3736290000000002
-1.3724930000000004
-1.3736290000000002
-1.3724930000000004
-1.3736290000000002
-1.3724930000000004
-1.3736290000000002
-1.3724930000000004
-1.3736290000000002
-1.3724930000000004
-1.3736290000000002
-1.3724930000000004
-1.3736290000000002
-1.3724930000000004
-1.3736290000000002
-1.3724930000000004
-1.3736290000000002
-1.3724930000000004
-1.3736290000000002
-1.3724930000000004
-1.3736290000000002
-1.3724930000000004
-1.3736290000000002
-1.3724930000000004
-1.3736290000000002
-1.3724930000000004
-1.3736290000000002
-1.3724930000000004
-1.3736290000000002
-1.3724930000000004
-1.3736290000000002
-1.3724930000000004
-1.3736290000000002
-1.3724930000000004
-1.3736290000000002
-1.3724930000000004
-1.3736290000000002
-1.3724930000000004
-1.3736290000000002
-1.3724930000000004
-1.3736290000000002
-1.3724930000000004
-1.3736290000000002
-1.3724930000000004
-1.3736290000000002
-1.3724930000000004
-1.3736290000000002
-1.3724930000000004
-1.3736290000000002
-1.3724930000000004
-1.3736290000000002
-1.3724930000000004
-1.3736290000000002
-1.3724930000000004
-1.3736290000000002
-1.3724930000000004
-1.3736290000000002
-1.3724930000000004
-1.3736290000000002
-1.3724930000000004
-1.3736290000000002
-1.3724930000000004
-1.3736290000000002
-1.3724930000000004
-1.3736290000000002
-1.3724930000000004
-1.3736290000000002
-1.3724930000000004
-1.3736290000000002
-1.3724930000000004
-1.3736290000000002
-1.3724930000000004
-1.3736290000000002
-1.3724930000000004
