1.4228919999999992
1.4194980000000008
1.4042370000000002
1.4209650000000007
1.4228919999999992
1.4194980000000008
1.4042370000000002
1.4209650000000007
1.4228919999999992
1.4194980000000008
1.4042370000000002
1.4209650000000007
1.4228919999999992
1.4194980000000008
1.4042370000000002
1.4209650000000007
1.4228919999999992
1.4194980000000008
1.4042370000000002
1.4209650000000007
1.4228919999999992
1.4194980000000008
1.4042370000000002
1.4209650000000007
1.4228919999999992
1.4194980000000008
1.4042370000000002
1.4209650000000007
1.4228919999999992
1.4194980000000008
1.4042370000000002
1.4209650000000007
1.4228919999999992
1.4194980000000008
1.4042370000000002
1.4209650000000007
1.4228919999999992
1.4194980000000008
1.4042370000000002
1.4209650000000007
1.4228919999999992
1.4194980000000008
1.4042370000000002
1.4209650000000007
1.4228919999999992
1.4194980000000008
1.4042370000000002
1.4209650000000007
1.4228919999999992
1.4194980000000008
1.4042370000000002
1.4209650000000007
1.4228919999999992
1.4194980000000008
1.4042370000000002
1.4209650000000007
1.4228919999999992
1.4194980000000008
1.4042370000000002
1.4209650000000007
1.4228919999999992
1.4194980000000008
1.4042370000000002
1.4209650000000007
1.4228919999999992
1.4194980000000008
1.4042370000000002
1.4209650000000007
1.4228919999999992
1.4194980000000008
1.4042370000000002
1.4209650000000007
1.4228919999999992
1.4194980000000008
1.4042370000000002
1.4209650000000007
1.4228919999999992
1.4194980000000008
1.4042370000000002
1.4209650000000007
1.4228919999999992
1.4194980000000008
1.4042370000000002
1.4209650000000007
1.4228919999999992
1.4194980000000008
1.4042370000000002
1.4209650000000007
1.4228919999999992
1.4194980000000008
1.4042370000000002
1.4209650000000007
1.4228919999999992
1.4194980000000008
1.4042370000000002
1.4209650000000007
1.4228919999999992
1.4194980000000008
1.4042370000000002
1.4209650000000007
1.4228919999999992
1.4194980000000008
1.4042370000000002
1.4209650000000007
1.4228919999999992
1.4194980000000008
1.4042370000000002
1.4209650000000007
1.4228919999999992
1.4194980000000008
1.4042370000000002
1.4209650000000007
1.4228919999999992
1.4194980000000008
1.4042370000000002
1.4209650000000007
1.4228919999999992
1.4194980000000008
1.4042370000000002
1.4209650000000007
1.4228919999999992
1.4194980000000008
1.4042370000000002
1.4209650000000007
1.4228919999999992
1.4194980000000008
1.4042370000000002
1.4209650000000007
1.4228919999999992
1.4194980000000008
1.4042370000000002
1.4209650000000007
1.4228919999999992
1.4194980000000008
1.4042370000000002
1.4209650000000007
1.4228919999999992
1.4194980000000008
1.4042370000000002
1.4209650000000007
1.4228919999999992
1.4194980000000008
1.4042370000000002
1.4209650000000007
1.4228919999999992
1.4194980000000008
1.4042370000000002
1.4209650000000007
1.4228919999999992
1.4194980000000008
1.4042370000000002
1.4209650000000007
1.4228919999999992
1.4194980000000008
1.4042370000000002
1.4209650000000007
1.4228919999999992
1.4194980000000008
1.4042370000000002
1.4209650000000007
1.4228919999999992
1.4194980000000008
1.4042370000000002
1.4209650000000007
1.4228919999999992
1.4194980000000008
1.4042370000000002
1.4209650000000007
1.4228919999999992
1.4194980000000008
1.4042370000000002
1.4209650000000007
1.4228919999999992
1.4194980000000008
1.4042370000000002
1.4209650000000007
1.4228919999999992
1.4194980000000008
1.4042370000000002
1.4209650000000007
1.4228919999999992
1.4194980000000008
1.4042370000000002
1.4209650000000007
1.4228919999999992
1.4194980000000008
1.4042370000000002
1.4209650000000007
1.4228919999999992
1.4194980000000008
1.4042370000000002
1.4209650000000007
-1.416214
-1.4187580000000004
-1.413678
-1.4189420000000004
-1.416214
-1.4187580000000004
-1.413678
-1.4189420000000004
-1.416214
-1.4187580000000004
-1.413678
-1.4189420000000004
-1.416214
-1.4187580000000004
-1.413678
-1.4189420000000004
-1.416214
-1.4187580000000004
-1.413678
-1.4189420000000004
-1.416214
-1.4187580000000004
-1.413678
-1.4189420000000004
-1.416214
-1.4187580000000004
-1.413678
-1.4189420000000004
-1.416214
-1.4187580000000004
-1.413678
-1.4189420000000004
-1.416214
-1.4187580000000004
-1.413678
-1.4189420000000004
-1.416214
-1.4187580000000004
-1.413678
-1.4189420000000004
-1.416214
-1.4187580000000004
-1.413678
-1.4189420000000004
-1.416214
-1.4187580000000004
-1.413678
-1.4189420000000004
-1.416214
-1.4187580000000004
-1.413678
-1.4189420000000004
-1.416214
-1.4187580000000004
-1.413678
-1.4189420000000004
-1.416214
-1.4187580000000004
-1.413678
-1.4189420000000004
-1.416214
-1.4187580000000004
-1.413678
-1.4189420000000004
-1.416214
-1.4187580000000004
-1.413678
-1.4189420000000004
-1.416214
-1.4187580000000004
-1.413678
-1.4189420000000004
-1.416214
-1.4187580000000004
-1.413678
-1.4189420000000004
-1.416214
-1.4187580000000004
-1.413678
-1.4189420000000004
-1.416214
-1.4187580000000004
-1.413678
-1.4189420000000004
-1.416214
-1.4187580000000004
-1.413678
-1.4189420000000004
-1.416214
-1.4187580000000004
-1.413678
-1.4189420000000004
-1.416214
-1.4187580000000004
-1.413678
-1.4189420000000004
-1.416214
-1.4187580000000004
-1.413678
-1.4189420000000004
-1.416214
-1.4187580000000004
-1.413678
-1.4189420000000004
-1.416214
-1.4187580000000004
-1.413678
-1.4189420000000004
-1.416214
-1.4187580000000004
-1.413678
-1.4189420000000004
-1.416214
-1.4187580000000004
-1.413678
-1.4189420000000004
-1.416214
-1.4187580000000004
-1.413678
-1.4189420000000004
-1.416214
-1.4187580000000004
-1.413678
-1.4189420000000004
-1.416214
-1.4187580000000004
-1.413678
-1.4189420000000004
-1.416214
-1.4187580000000004
-1.413678
-1.4189420000000004
-1.416214
-1.4187580000000004
-1.413678
-1.4189420000000004
-1.416214
-1.4187580000000004
-1.413678
-1.4189420000000004
-1.416214
-1.4187580000000004
-1.413678
-1.4189420000000004
-1.416214
-1.4187580000000004
-1.413678
-1.4189420000000004
-1.416214
-1.4187580000000004
-1.413678
-1.4189420000000004
-1.416214
-1.4187580000000004
-1.413678
-1.4189420000000004
-1.416214
-1.4187580000000004
-1.413678
-1.4189420000000004
-1.416214
-1.4187580000000004
-1.413678
-1.4189420000000004
-1.416214
-1.4187580000000004
-1.413678
-1.4189420000000004
-1.416214
-1.4187580000000004
-1.413678
-1.4189420000000004
-1.416214
-1.4187580000000004
-1.413678
-1.4189420000000004
-1.416214
-1.4187580000000004
-1.413678
-1.4189420000000004
-1.416214
-1.4187580000000004
-1.413678
-1.4189420000000004
-1.416214
-1.4187580000000004
-1.413678
-1.4189420000000004
-1.416214
-1.4187580000000004
-1.413678
-1.4189420000000004
