1.4354309999999995
1.4362999999999992
1.4359950000000001
1.4352599999999995
1.4354309999999995
1.4362999999999992
1.4359950000000001
1.4352599999999995
1.4354309999999995
1.4362999999999992
1.4359950000000001
1.4352599999999995
1.4354309999999995
1.4362999999999992
1.4359950000000001
1.4352599999999995
1.4354309999999995
1.4362999999999992
1.4359950000000001
1.4352599999999995
1.4354309999999995
1.4362999999999992
1.4359950000000001
1.4352599999999995
1.4354309999999995
1.4362999999999992
1.4359950000000001
1.4352599999999995
1.4354309999999995
1.4362999999999992
1.4359950000000001
1.4352599999999995
1.4354309999999995
1.4362999999999992
1.4359950000000001
1.4352599999999995
1.4354309999999995
1.4362999999999992
1.4359950000000001
1.4352599999999995
1.4354309999999995
1.4362999999999992
1.4359950000000001
1.4352599999999995
1.4354309999999995
1.4362999999999992
1.4359950000000001
1.4352599999999995
1.4354309999999995
1.4362999999999992
1.4359950000000001
1.4352599999999995
1.4354309999999995
1.4362999999999992
1.4359950000000001
1.4352599999999995
1.4354309999999995
1.4362999999999992
1.4359950000000001
1.4352599999999995
1.4354309999999995
1.4362999999999992
1.4359950000000001
1.4352599999999995
1.4354309999999995
1.4362999999999992
1.4359950000000001
1.4352599999999995
1.4354309999999995
1.4362999999999992
1.4359950000000001
1.4352599999999995
1.4354309999999995
1.4362999999999992
1.4359950000000001
1.4352599999999995
1.4354309999999995
1.4362999999999992
1.4359950000000001
1.4352599999999995
1.4354309999999995
1.4362999999999992
1.4359950000000001
1.4352599999999995
1.4354309999999995
1.4362999999999992
1.4359950000000001
1.4352599999999995
1.4354309999999995
1.4362999999999992
1.4359950000000001
1.4352599999999995
1.4354309999999995
1.4362999999999992
1.4359950000000001
1.4352599999999995
1.4354309999999995
1.4362999999999992
1.4359950000000001
1.4352599999999995
1.4354309999999995
1.4362999999999992
1.4359950000000001
1.4352599999999995
1.4354309999999995
1.4362999999999992
1.4359950000000001
1.4352599999999995
1.4354309999999995
1.4362999999999992
1.4359950000000001
1.4352599999999995
1.4354309999999995
1.4362999999999992
1.4359950000000001
1.4352599999999995
1.4354309999999995
1.4362999999999992
1.4359950000000001
1.4352599999999995
1.4354309999999995
1.4362999999999992
1.4359950000000001
1.4352599999999995
1.4354309999999995
1.4362999999999992
1.4359950000000001
1.4352599999999995
1.4354309999999995
1.4362999999999992
1.4359950000000001
1.4352599999999995
1.4354309999999995
1.4362999999999992
1.4359950000000001
1.4352599999999995
1.4354309999999995
1.4362999999999992
1.4359950000000001
1.4352599999999995
1.4354309999999995
1.4362999999999992
1.4359950000000001
1.4352599999999995
-1.435288
-1.436249
-1.4357170000000004
-1.4357290000000003
-1.435288
-1.436249
-1.4357170000000004
-1.4357290000000003
-1.435288
-1.436249
-1.4357170000000004
-1.4357290000000003
-1.435288
-1.436249
-1.4357170000000004
-1.4357290000000003
-1.435288
-1.436249
-1.4357170000000004
-1.4357290000000003
-1.435288
-1.436249
-1.4357170000000004
-1.4357290000000003
-1.435288
-1.436249
-1.4357170000000004
-1.4357290000000003
-1.435288
-1.436249
-1.4357170000000004
-1.4357290000000003
-1.435288
-1.436249
-1.4357170000000004
-1.4357290000000003
-1.435288
-1.436249
-1.4357170000000004
-1.4357290000000003
-1.435288
-1.436249
-1.4357170000000004
-1.4357290000000003
-1.435288
-1.436249
-1.4357170000000004
-1.4357290000000003
-1.435288
-1.436249
-1.4357170000000004
-1.4357290000000003
-1.435288
-1.436249
-1.4357170000000004
-1.4357290000000003
-1.435288
-1.436249
-1.4357170000000004
-1.4357290000000003
-1.435288
-1.436249
-1.4357170000000004
-1.4357290000000003
-1.435288
-1.436249
-1.4357170000000004
-1.4357290000000003
-1.435288
-1.436249
-1.4357170000000004
-1.4357290000000003
-1.435288
-1.436249
-1.4357170000000004
-1.4357290000000003
-1.435288
-1.436249
-1.4357170000000004
-1.4357290000000003
-1.435288
-1.436249
-1.4357170000000004
-1.4357290000000003
-1.435288
-1.436249
-1.4357170000000004
-1.4357290000000003
-1.435288
-1.436249
-1.4357170000000004
-1.4357290000000003
-1.435288
-1.436249
-1.4357170000000004
-1.4357290000000003
-1.435288
-1.436249
-1.4357170000000004
-1.4357290000000003
-1.435288
-1.436249
-1.4357170000000004
-1.4357290000000003
-1.435288
-1.436249
-1.4357170000000004
-1.4357290000000003
-1.435288
-1.436249
-1.4357170000000004
-1.4357290000000003
-1.435288
-1.436249
-1.4357170000000004
-1.4357290000000003
-1.435288
-1.436249
-1.4357170000000004
-1.4357290000000003
-1.435288
-1.436249
-1.4357170000000004
-1.4357290000000003
-1.435288
-1.436249
-1.4357170000000004
-1.4357290000000003
-1.435288
-1.436249
-1.4357170000000004
-1.4357290000000003
-1.435288
-1.436249
-1.4357170000000004
-1.4357290000000003
-1.435288
-1.436249
-1.4357170000000004
-1.4357290000000003
-1.435288
-1.436249
-1.4357170000000004
-1.4357290000000003
