1.3957709999999999
1.4298040000000007
1.3957709999999999
1.4298040000000007
1.3957709999999999
1.4298040000000007
1.3957709999999999
1.4298040000000007
1.3957709999999999
1.4298040000000007
1.3957709999999999
1.4298040000000007
1.3957709999999999
1.4298040000000007
1.3957709999999999
1.4298040000000007
1.3957709999999999
1.4298040000000007
1.3957709999999999
1.4298040000000007
1.3957709999999999
1.4298040000000007
1.3957709999999999
1.4298040000000007
1.3957709999999999
1.4298040000000007
1.3957709999999999
1.4298040000000007
1.3957709999999999
1.4298040000000007
1.3957709999999999
1.4298040000000007
1.3957709999999999
1.4298040000000007
1.3957709999999999
1.4298040000000007
1.3957709999999999
1.4298040000000007
1.3957709999999999
1.4298040000000007
1.3957709999999999
1.4298040000000007
1.3957709999999999
1.4298040000000007
1.3957709999999999
1.4298040000000007
1.3957709999999999
1.4298040000000007
1.3957709999999999
1.4298040000000007
1.3957709999999999
1.4298040000000007
1.3957709999999999
1.4298040000000007
1.3957709999999999
1.4298040000000007
1.3957709999999999
1.4298040000000007
1.3957709999999999
1.4298040000000007
1.3957709999999999
1.4298040000000007
1.3957709999999999
1.4298040000000007
1.3957709999999999
1.4298040000000007
1.3957709999999999
1.4298040000000007
1.3957709999999999
1.4298040000000007
1.3957709999999999
1.4298040000000007
1.3957709999999999
1.4298040000000007
1.3957709999999999
1.4298040000000007
1.3957709999999999
1.4298040000000007
1.3957709999999999
1.4298040000000007
1.3957709999999999
1.4298040000000007
1.3957709999999999
1.4298040000000007
1.3957709999999999
1.4298040000000007
1.3957709999999999
1.4298040000000007
1.3957709999999999
1.4298040000000007
1.3957709999999999
1.4298040000000007
1.3957709999999999
1.4298040000000007
1.3957709999999999
1.4298040000000007
-1.4044679999999996
-1.4211080000000003
-1.4044679999999996
-1.4211080000000003
-1.4044679999999996
-1.4211080000000003
-1.4044679999999996
-1.4211080000000003
-1.4044679999999996
-1.4211080000000003
-1.4044679999999996
-1.4211080000000003
-1.4044679999999996
-1.4211080000000003
-1.4044679999999996
-1.4211080000000003
-1.4044679999999996
-1.4211080000000003
-1.4044679999999996
-1.4211080000000003
-1.4044679999999996
-1.4211080000000003
-1.4044679999999996
-1.4211080000000003
-1.4044679999999996
-1.4211080000000003
-1.4044679999999996
-1.4211080000000003
-1.4044679999999996
-1.4211080000000003
-1.4044679999999996
-1.4211080000000003
-1.4044679999999996
-1.4211080000000003
-1.4044679999999996
-1.4211080000000003
-1.4044679999999996
-1.4211080000000003
-1.4044679999999996
-1.4211080000000003
-1.4044679999999996
-1.4211080000000003
-1.4044679999999996
-1.4211080000000003
-1.4044679999999996
-1.4211080000000003
-1.4044679999999996
-1.4211080000000003
-1.4044679999999996
-1.4211080000000003
-1.4044679999999996
-1.4211080000000003
-1.4044679999999996
-1.4211080000000003
-1.4044679999999996
-1.4211080000000003
-1.4044679999999996
-1.4211080000000003
-1.4044679999999996
-1.4211080000000003
-1.4044679999999996
-1.4211080000000003
-1.4044679999999996
-1.4211080000000003
-1.4044679999999996
-1.4211080000000003
-1.4044679999999996
-1.4211080000000003
-1.4044679999999996
-1.4211080000000003
-1.4044679999999996
-1.4211080000000003
-1.4044679999999996
-1.4211080000000003
-1.4044679999999996
-1.4211080000000003
-1.4044679999999996
-1.4211080000000003
-1.4044679999999996
-1.4211080000000003
-1.4044679999999996
-1.4211080000000003
-1.4044679999999996
-1.4211080000000003
-1.4044679999999996
-1.4211080000000003
-1.4044679999999996
-1.4211080000000003
-1.4044679999999996
-1.4211080000000003
-1.4044679999999996
-1.4211080000000003
-1.4044679999999996
-1.4211080000000003
-1.4044679999999996
-1.4211080000000003
