1.4359699999999993
1.4379349999999995
1.4327310000000004
1.4215630000000008
1.4359699999999993
1.4379349999999995
1.4327310000000004
1.4215630000000008
1.4359699999999993
1.4379349999999995
1.4327310000000004
1.4215630000000008
1.4359699999999993
1.4379349999999995
1.4327310000000004
1.4215630000000008
1.4359699999999993
1.4379349999999995
1.4327310000000004
1.4215630000000008
1.4359699999999993
1.4379349999999995
1.4327310000000004
1.4215630000000008
1.4359699999999993
1.4379349999999995
1.4327310000000004
1.4215630000000008
1.4359699999999993
1.4379349999999995
1.4327310000000004
1.4215630000000008
1.4359699999999993
1.4379349999999995
1.4327310000000004
1.4215630000000008
1.4359699999999993
1.4379349999999995
1.4327310000000004
1.4215630000000008
1.4359699999999993
1.4379349999999995
1.4327310000000004
1.4215630000000008
1.4359699999999993
1.4379349999999995
1.4327310000000004
1.4215630000000008
1.4359699999999993
1.4379349999999995
1.4327310000000004
1.4215630000000008
1.4359699999999993
1.4379349999999995
1.4327310000000004
1.4215630000000008
1.4359699999999993
1.4379349999999995
1.4327310000000004
1.4215630000000008
1.4359699999999993
1.4379349999999995
1.4327310000000004
1.4215630000000008
1.4359699999999993
1.4379349999999995
1.4327310000000004
1.4215630000000008
1.4359699999999993
1.4379349999999995
1.4327310000000004
1.4215630000000008
1.4359699999999993
1.4379349999999995
1.4327310000000004
1.4215630000000008
1.4359699999999993
1.4379349999999995
1.4327310000000004
1.4215630000000008
1.4359699999999993
1.4379349999999995
1.4327310000000004
1.4215630000000008
1.4359699999999993
1.4379349999999995
1.4327310000000004
1.4215630000000008
1.4359699999999993
1.4379349999999995
1.4327310000000004
1.4215630000000008
1.4359699999999993
1.4379349999999995
1.4327310000000004
1.4215630000000008
1.4359699999999993
1.4379349999999995
1.4327310000000004
1.4215630000000008
1.4359699999999993
1.4379349999999995
1.4327310000000004
1.4215630000000008
1.4359699999999993
1.4379349999999995
1.4327310000000004
1.4215630000000008
-1.427048
-1.434564
-1.4294140000000004
-1.4371720000000003
-1.427048
-1.434564
-1.4294140000000004
-1.4371720000000003
-1.427048
-1.434564
-1.4294140000000004
-1.4371720000000003
-1.427048
-1.434564
-1.4294140000000004
-1.4371720000000003
-1.427048
-1.434564
-1.4294140000000004
-1.4371720000000003
-1.427048
-1.434564
-1.4294140000000004
-1.4371720000000003
-1.427048
-1.434564
-1.4294140000000004
-1.4371720000000003
-1.427048
-1.434564
-1.4294140000000004
-1.4371720000000003
-1.427048
-1.434564
-1.4294140000000004
-1.4371720000000003
-1.427048
-1.434564
-1.4294140000000004
-1.4371720000000003
-1.427048
-1.434564
-1.4294140000000004
-1.4371720000000003
-1.427048
-1.434564
-1.4294140000000004
-1.4371720000000003
-1.427048
-1.434564
-1.4294140000000004
-1.4371720000000003
-1.427048
-1.434564
-1.4294140000000004
-1.4371720000000003
-1.427048
-1.434564
-1.4294140000000004
-1.4371720000000003
-1.427048
-1.434564
-1.4294140000000004
-1.4371720000000003
-1.427048
-1.434564
-1.4294140000000004
-1.4371720000000003
-1.427048
-1.434564
-1.4294140000000004
-1.4371720000000003
-1.427048
-1.434564
-1.4294140000000004
-1.4371720000000003
-1.427048
-1.434564
-1.4294140000000004
-1.4371720000000003
-1.427048
-1.434564
-1.4294140000000004
-1.4371720000000003
-1.427048
-1.434564
-1.4294140000000004
-1.4371720000000003
-1.427048
-1.434564
-1.4294140000000004
-1.4371720000000003
-1.427048
-1.434564
-1.4294140000000004
-1.4371720000000003
-1.427048
-1.434564
-1.4294140000000004
-1.4371720000000003
-1.427048
-1.434564
-1.4294140000000004
-1.4371720000000003
-1.427048
-1.434564
-1.4294140000000004
-1.4371720000000003
