1.3918920000000004
1.385726
1.3918920000000004
1.385726
1.3918920000000004
1.385726
1.3918920000000004
1.385726
1.3918920000000004
1.385726
1.3918920000000004
1.385726
1.3918920000000004
1.385726
1.3918920000000004
1.385726
1.3918920000000004
1.385726
1.3918920000000004
1.385726
1.3918920000000004
1.385726
1.3918920000000004
1.385726
1.3918920000000004
1.385726
1.3918920000000004
1.385726
1.3918920000000004
1.385726
1.3918920000000004
1.385726
1.3918920000000004
1.385726
1.3918920000000004
1.385726
1.3918920000000004
1.385726
1.3918920000000004
1.385726
1.3918920000000004
1.385726
1.3918920000000004
1.385726
1.3918920000000004
1.385726
1.3918920000000004
1.385726
1.3918920000000004
1.385726
1.3918920000000004
1.385726
1.3918920000000004
1.385726
1.3918920000000004
1.385726
1.3918920000000004
1.385726
1.3918920000000004
1.385726
1.3918920000000004
1.385726
1.3918920000000004
1.385726
1.3918920000000004
1.385726
1.3918920000000004
1.385726
1.3918920000000004
1.385726
1.3918920000000004
1.385726
1.3918920000000004
1.385726
1.3918920000000004
1.385726
1.3918920000000004
1.385726
1.3918920000000004
1.385726
1.3918920000000004
1.385726
1.3918920000000004
1.385726
1.3918920000000004
1.385726
1.3918920000000004
1.385726
1.3918920000000004
1.385726
1.3918920000000004
1.385726
1.3918920000000004
1.385726
1.3918920000000004
1.385726
1.3918920000000004
1.385726
1.3918920000000004
1.385726
1.3918920000000004
1.385726
1.3918920000000004
1.385726
1.3918920000000004
1.385726
1.3918920000000004
1.385726
1.3918920000000004
1.385726
1.3918920000000004
1.385726
1.3918920000000004
1.385726
1.3918920000000004
1.385726
1.3918920000000004
1.385726
1.3918920000000004
1.385726
-1.3879539999999997
-1.389665
-1.3879539999999997
-1.389665
-1.3879539999999997
-1.389665
-1.3879539999999997
-1.389665
-1.3879539999999997
-1.389665
-1.3879539999999997
-1.389665
-1.3879539999999997
-1.389665
-1.3879539999999997
-1.389665
-1.3879539999999997
-1.389665
-1.3879539999999997
-1.389665
-1.3879539999999997
-1.389665
-1.3879539999999997
-1.389665
-1.3879539999999997
-1.389665
-1.3879539999999997
-1.389665
-1.3879539999999997
-1.389665
-1.3879539999999997
-1.389665
-1.3879539999999997
-1.389665
-1.3879539999999997
-1.389665
-1.3879539999999997
-1.389665
-1.3879539999999997
-1.389665
-1.3879539999999997
-1.389665
-1.3879539999999997
-1.389665
-1.3879539999999997
-1.389665
-1.3879539999999997
-1.389665
-1.3879539999999997
-1.389665
-1.3879539999999997
-1.389665
-1.3879539999999997
-1.389665
-1.3879539999999997
-1.389665
-1.3879539999999997
-1.389665
-1.3879539999999997
-1.389665
-1.3879539999999997
-1.389665
-1.3879539999999997
-1.389665
-1.3879539999999997
-1.389665
-1.3879539999999997
-1.389665
-1.3879539999999997
-1.389665
-1.3879539999999997
-1.389665
-1.3879539999999997
-1.389665
-1.3879539999999997
-1.389665
-1.3879539999999997
-1.389665
-1.3879539999999997
-1.389665
-1.3879539999999997
-1.389665
-1.3879539999999997
-1.389665
-1.3879539999999997
-1.389665
-1.3879539999999997
-1.389665
-1.3879539999999997
-1.389665
-1.3879539999999997
-1.389665
-1.3879539999999997
-1.389665
-1.3879539999999997
-1.389665
-1.3879539999999997
-1.389665
-1.3879539999999997
-1.389665
-1.3879539999999997
-1.389665
-1.3879539999999997
-1.389665
-1.3879539999999997
-1.389665
-1.3879539999999997
-1.389665
-1.3879539999999997
-1.389665
-1.3879539999999997
-1.389665
-1.3879539999999997
-1.389665
-1.3879539999999997
-1.389665
-1.3879539999999997
-1.389665
-1.3879539999999997
-1.389665
