1.4322280000000003
1.4238210000000002
1.4242120000000007
1.4296070000000007
1.4322280000000003
1.4238210000000002
1.4242120000000007
1.4296070000000007
1.4322280000000003
1.4238210000000002
1.4242120000000007
1.4296070000000007
1.4322280000000003
1.4238210000000002
1.4242120000000007
1.4296070000000007
1.4322280000000003
1.4238210000000002
1.4242120000000007
1.4296070000000007
1.4322280000000003
1.4238210000000002
1.4242120000000007
1.4296070000000007
1.4322280000000003
1.4238210000000002
1.4242120000000007
1.4296070000000007
1.4322280000000003
1.4238210000000002
1.4242120000000007
1.4296070000000007
1.4322280000000003
1.4238210000000002
1.4242120000000007
1.4296070000000007
1.4322280000000003
1.4238210000000002
1.4242120000000007
1.4296070000000007
1.4322280000000003
1.4238210000000002
1.4242120000000007
1.4296070000000007
1.4322280000000003
1.4238210000000002
1.4242120000000007
1.4296070000000007
1.4322280000000003
1.4238210000000002
1.4242120000000007
1.4296070000000007
1.4322280000000003
1.4238210000000002
1.4242120000000007
1.4296070000000007
1.4322280000000003
1.4238210000000002
1.4242120000000007
1.4296070000000007
1.4322280000000003
1.4238210000000002
1.4242120000000007
1.4296070000000007
1.4322280000000003
1.4238210000000002
1.4242120000000007
1.4296070000000007
1.4322280000000003
1.4238210000000002
1.4242120000000007
1.4296070000000007
1.4322280000000003
1.4238210000000002
1.4242120000000007
1.4296070000000007
1.4322280000000003
1.4238210000000002
1.4242120000000007
1.4296070000000007
1.4322280000000003
1.4238210000000002
1.4242120000000007
1.4296070000000007
1.4322280000000003
1.4238210000000002
1.4242120000000007
1.4296070000000007
1.4322280000000003
1.4238210000000002
1.4242120000000007
1.4296070000000007
1.4322280000000003
1.4238210000000002
1.4242120000000007
1.4296070000000007
1.4322280000000003
1.4238210000000002
1.4242120000000007
1.4296070000000007
1.4322280000000003
1.4238210000000002
1.4242120000000007
1.4296070000000007
1.4322280000000003
1.4238210000000002
1.4242120000000007
1.4296070000000007
1.4322280000000003
1.4238210000000002
1.4242120000000007
1.4296070000000007
1.4322280000000003
1.4238210000000002
1.4242120000000007
1.4296070000000007
1.4322280000000003
1.4238210000000002
1.4242120000000007
1.4296070000000007
1.4322280000000003
1.4238210000000002
1.4242120000000007
1.4296070000000007
1.4322280000000003
1.4238210000000002
1.4242120000000007
1.4296070000000007
1.4322280000000003
1.4238210000000002
1.4242120000000007
1.4296070000000007
1.4322280000000003
1.4238210000000002
1.4242120000000007
1.4296070000000007
1.4322280000000003
1.4238210000000002
1.4242120000000007
1.4296070000000007
1.4322280000000003
1.4238210000000002
1.4242120000000007
1.4296070000000007
1.4322280000000003
1.4238210000000002
1.4242120000000007
1.4296070000000007
1.4322280000000003
1.4238210000000002
1.4242120000000007
1.4296070000000007
1.4322280000000003
1.4238210000000002
1.4242120000000007
1.4296070000000007
1.4322280000000003
1.4238210000000002
1.4242120000000007
1.4296070000000007
1.4322280000000003
1.4238210000000002
1.4242120000000007
1.4296070000000007
1.4322280000000003
1.4238210000000002
1.4242120000000007
1.4296070000000007
1.4322280000000003
1.4238210000000002
1.4242120000000007
1.4296070000000007
1.4322280000000003
1.4238210000000002
1.4242120000000007
1.4296070000000007
1.4322280000000003
1.4238210000000002
1.4242120000000007
1.4296070000000007
1.4322280000000003
1.4238210000000002
1.4242120000000007
1.4296070000000007
1.4322280000000003
1.4238210000000002
1.4242120000000007
1.4296070000000007
1.4322280000000003
1.4238210000000002
1.4242120000000007
1.4296070000000007
-1.4273879999999997
-1.4319759999999997
-1.427753
-1.4227540000000003
-1.4273879999999997
-1.4319759999999997
-1.427753
-1.4227540000000003
-1.4273879999999997
-1.4319759999999997
-1.427753
-1.4227540000000003
-1.4273879999999997
-1.4319759999999997
-1.427753
-1.4227540000000003
-1.4273879999999997
-1.4319759999999997
-1.427753
-1.4227540000000003
-1.4273879999999997
-1.4319759999999997
-1.427753
-1.4227540000000003
-1.4273879999999997
-1.4319759999999997
-1.427753
-1.4227540000000003
-1.4273879999999997
-1.4319759999999997
-1.427753
-1.4227540000000003
-1.4273879999999997
-1.4319759999999997
-1.427753
-1.4227540000000003
-1.4273879999999997
-1.4319759999999997
-1.427753
-1.4227540000000003
-1.4273879999999997
-1.4319759999999997
-1.427753
-1.4227540000000003
-1.4273879999999997
-1.4319759999999997
-1.427753
-1.4227540000000003
-1.4273879999999997
-1.4319759999999997
-1.427753
-1.4227540000000003
-1.4273879999999997
-1.4319759999999997
-1.427753
-1.4227540000000003
-1.4273879999999997
-1.4319759999999997
-1.427753
-1.4227540000000003
-1.4273879999999997
-1.4319759999999997
-1.427753
-1.4227540000000003
-1.4273879999999997
-1.4319759999999997
-1.427753
-1.4227540000000003
-1.4273879999999997
-1.4319759999999997
-1.427753
-1.4227540000000003
-1.4273879999999997
-1.4319759999999997
-1.427753
-1.4227540000000003
-1.4273879999999997
-1.4319759999999997
-1.427753
-1.4227540000000003
-1.4273879999999997
-1.4319759999999997
-1.427753
-1.4227540000000003
-1.4273879999999997
-1.4319759999999997
-1.427753
-1.4227540000000003
-1.4273879999999997
-1.4319759999999997
-1.427753
-1.4227540000000003
-1.4273879999999997
-1.4319759999999997
-1.427753
-1.4227540000000003
-1.4273879999999997
-1.4319759999999997
-1.427753
-1.4227540000000003
-1.4273879999999997
-1.4319759999999997
-1.427753
-1.4227540000000003
-1.4273879999999997
-1.4319759999999997
-1.427753
-1.4227540000000003
-1.4273879999999997
-1.4319759999999997
-1.427753
-1.4227540000000003
-1.4273879999999997
-1.4319759999999997
-1.427753
-1.4227540000000003
-1.4273879999999997
-1.4319759999999997
-1.427753
-1.4227540000000003
-1.4273879999999997
-1.4319759999999997
-1.427753
-1.4227540000000003
-1.4273879999999997
-1.4319759999999997
-1.427753
-1.4227540000000003
-1.4273879999999997
-1.4319759999999997
-1.427753
-1.4227540000000003
-1.4273879999999997
-1.4319759999999997
-1.427753
-1.4227540000000003
-1.4273879999999997
-1.4319759999999997
-1.427753
-1.4227540000000003
-1.4273879999999997
-1.4319759999999997
-1.427753
-1.4227540000000003
-1.4273879999999997
-1.4319759999999997
-1.427753
-1.4227540000000003
-1.4273879999999997
-1.4319759999999997
-1.427753
-1.4227540000000003
-1.4273879999999997
-1.4319759999999997
-1.427753
-1.4227540000000003
-1.4273879999999997
-1.4319759999999997
-1.427753
-1.4227540000000003
-1.4273879999999997
-1.4319759999999997
-1.427753
-1.4227540000000003
-1.4273879999999997
-1.4319759999999997
-1.427753
-1.4227540000000003
-1.4273879999999997
-1.4319759999999997
-1.427753
-1.4227540000000003
-1.4273879999999997
-1.4319759999999997
-1.427753
-1.4227540000000003
-1.4273879999999997
-1.4319759999999997
-1.427753
-1.4227540000000003
-1.4273879999999997
-1.4319759999999997
-1.427753
-1.4227540000000003
-1.4273879999999997
-1.4319759999999997
-1.427753
-1.4227540000000003
-1.4273879999999997
-1.4319759999999997
-1.427753
-1.4227540000000003
