1.4306739999999998
1.4278890000000004
1.4292610000000003
1.4302019999999995
1.4306739999999998
1.4278890000000004
1.4292610000000003
1.4302019999999995
1.4306739999999998
1.4278890000000004
1.4292610000000003
1.4302019999999995
1.4306739999999998
1.4278890000000004
1.4292610000000003
1.4302019999999995
1.4306739999999998
1.4278890000000004
1.4292610000000003
1.4302019999999995
1.4306739999999998
1.4278890000000004
1.4292610000000003
1.4302019999999995
1.4306739999999998
1.4278890000000004
1.4292610000000003
1.4302019999999995
1.4306739999999998
1.4278890000000004
1.4292610000000003
1.4302019999999995
1.4306739999999998
1.4278890000000004
1.4292610000000003
1.4302019999999995
1.4306739999999998
1.4278890000000004
1.4292610000000003
1.4302019999999995
1.4306739999999998
1.4278890000000004
1.4292610000000003
1.4302019999999995
1.4306739999999998
1.4278890000000004
1.4292610000000003
1.4302019999999995
1.4306739999999998
1.4278890000000004
1.4292610000000003
1.4302019999999995
1.4306739999999998
1.4278890000000004
1.4292610000000003
1.4302019999999995
1.4306739999999998
1.4278890000000004
1.4292610000000003
1.4302019999999995
1.4306739999999998
1.4278890000000004
1.4292610000000003
1.4302019999999995
1.4306739999999998
1.4278890000000004
1.4292610000000003
1.4302019999999995
1.4306739999999998
1.4278890000000004
1.4292610000000003
1.4302019999999995
1.4306739999999998
1.4278890000000004
1.4292610000000003
1.4302019999999995
1.4306739999999998
1.4278890000000004
1.4292610000000003
1.4302019999999995
1.4306739999999998
1.4278890000000004
1.4292610000000003
1.4302019999999995
1.4306739999999998
1.4278890000000004
1.4292610000000003
1.4302019999999995
1.4306739999999998
1.4278890000000004
1.4292610000000003
1.4302019999999995
1.4306739999999998
1.4278890000000004
1.4292610000000003
1.4302019999999995
1.4306739999999998
1.4278890000000004
1.4292610000000003
1.4302019999999995
1.4306739999999998
1.4278890000000004
1.4292610000000003
1.4302019999999995
1.4306739999999998
1.4278890000000004
1.4292610000000003
1.4302019999999995
1.4306739999999998
1.4278890000000004
1.4292610000000003
1.4302019999999995
1.4306739999999998
1.4278890000000004
1.4292610000000003
1.4302019999999995
1.4306739999999998
1.4278890000000004
1.4292610000000003
1.4302019999999995
1.4306739999999998
1.4278890000000004
1.4292610000000003
1.4302019999999995
1.4306739999999998
1.4278890000000004
1.4292610000000003
1.4302019999999995
1.4306739999999998
1.4278890000000004
1.4292610000000003
1.4302019999999995
1.4306739999999998
1.4278890000000004
1.4292610000000003
1.4302019999999995
1.4306739999999998
1.4278890000000004
1.4292610000000003
1.4302019999999995
1.4306739999999998
1.4278890000000004
1.4292610000000003
1.4302019999999995
-1.4277379999999997
-1.427543
-1.4317409999999997
-1.4310020000000003
-1.4277379999999997
-1.427543
-1.4317409999999997
-1.4310020000000003
-1.4277379999999997
-1.427543
-1.4317409999999997
-1.4310020000000003
-1.4277379999999997
-1.427543
-1.4317409999999997
-1.4310020000000003
-1.4277379999999997
-1.427543
-1.4317409999999997
-1.4310020000000003
-1.4277379999999997
-1.427543
-1.4317409999999997
-1.4310020000000003
-1.4277379999999997
-1.427543
-1.4317409999999997
-1.4310020000000003
-1.4277379999999997
-1.427543
-1.4317409999999997
-1.4310020000000003
-1.4277379999999997
-1.427543
-1.4317409999999997
-1.4310020000000003
-1.4277379999999997
-1.427543
-1.4317409999999997
-1.4310020000000003
-1.4277379999999997
-1.427543
-1.4317409999999997
-1.4310020000000003
-1.4277379999999997
-1.427543
-1.4317409999999997
-1.4310020000000003
-1.4277379999999997
-1.427543
-1.4317409999999997
-1.4310020000000003
-1.4277379999999997
-1.427543
-1.4317409999999997
-1.4310020000000003
-1.4277379999999997
-1.427543
-1.4317409999999997
-1.4310020000000003
-1.4277379999999997
-1.427543
-1.4317409999999997
-1.4310020000000003
-1.4277379999999997
-1.427543
-1.4317409999999997
-1.4310020000000003
-1.4277379999999997
-1.427543
-1.4317409999999997
-1.4310020000000003
-1.4277379999999997
-1.427543
-1.4317409999999997
-1.4310020000000003
-1.4277379999999997
-1.427543
-1.4317409999999997
-1.4310020000000003
-1.4277379999999997
-1.427543
-1.4317409999999997
-1.4310020000000003
-1.4277379999999997
-1.427543
-1.4317409999999997
-1.4310020000000003
-1.4277379999999997
-1.427543
-1.4317409999999997
-1.4310020000000003
-1.4277379999999997
-1.427543
-1.4317409999999997
-1.4310020000000003
-1.4277379999999997
-1.427543
-1.4317409999999997
-1.4310020000000003
-1.4277379999999997
-1.427543
-1.4317409999999997
-1.4310020000000003
-1.4277379999999997
-1.427543
-1.4317409999999997
-1.4310020000000003
-1.4277379999999997
-1.427543
-1.4317409999999997
-1.4310020000000003
-1.4277379999999997
-1.427543
-1.4317409999999997
-1.4310020000000003
-1.4277379999999997
-1.427543
-1.4317409999999997
-1.4310020000000003
-1.4277379999999997
-1.427543
-1.4317409999999997
-1.4310020000000003
-1.4277379999999997
-1.427543
-1.4317409999999997
-1.4310020000000003
-1.4277379999999997
-1.427543
-1.4317409999999997
-1.4310020000000003
-1.4277379999999997
-1.427543
-1.4317409999999997
-1.4310020000000003
-1.4277379999999997
-1.427543
-1.4317409999999997
-1.4310020000000003
-1.4277379999999997
-1.427543
-1.4317409999999997
-1.4310020000000003
