1.3413229999999992
1.3800450000000009
1.3413229999999992
1.3800450000000009
1.3413229999999992
1.3800450000000009
1.3413229999999992
1.3800450000000009
1.3413229999999992
1.3800450000000009
1.3413229999999992
1.3800450000000009
1.3413229999999992
1.3800450000000009
1.3413229999999992
1.3800450000000009
1.3413229999999992
1.3800450000000009
1.3413229999999992
1.3800450000000009
1.3413229999999992
1.3800450000000009
1.3413229999999992
1.3800450000000009
1.3413229999999992
1.3800450000000009
1.3413229999999992
1.3800450000000009
1.3413229999999992
1.3800450000000009
1.3413229999999992
1.3800450000000009
1.3413229999999992
1.3800450000000009
1.3413229999999992
1.3800450000000009
1.3413229999999992
1.3800450000000009
1.3413229999999992
1.3800450000000009
1.3413229999999992
1.3800450000000009
1.3413229999999992
1.3800450000000009
1.3413229999999992
1.3800450000000009
1.3413229999999992
1.3800450000000009
1.3413229999999992
1.3800450000000009
1.3413229999999992
1.3800450000000009
1.3413229999999992
1.3800450000000009
1.3413229999999992
1.3800450000000009
1.3413229999999992
1.3800450000000009
1.3413229999999992
1.3800450000000009
1.3413229999999992
1.3800450000000009
1.3413229999999992
1.3800450000000009
1.3413229999999992
1.3800450000000009
1.3413229999999992
1.3800450000000009
1.3413229999999992
1.3800450000000009
1.3413229999999992
1.3800450000000009
1.3413229999999992
1.3800450000000009
1.3413229999999992
1.3800450000000009
1.3413229999999992
1.3800450000000009
1.3413229999999992
1.3800450000000009
1.3413229999999992
1.3800450000000009
1.3413229999999992
1.3800450000000009
1.3413229999999992
1.3800450000000009
1.3413229999999992
1.3800450000000009
1.3413229999999992
1.3800450000000009
1.3413229999999992
1.3800450000000009
1.3413229999999992
1.3800450000000009
1.3413229999999992
1.3800450000000009
1.3413229999999992
1.3800450000000009
1.3413229999999992
1.3800450000000009
1.3413229999999992
1.3800450000000009
1.3413229999999992
1.3800450000000009
1.3413229999999992
1.3800450000000009
1.3413229999999992
1.3800450000000009
1.3413229999999992
1.3800450000000009
1.3413229999999992
1.3800450000000009
1.3413229999999992
1.3800450000000009
1.3413229999999992
1.3800450000000009
1.3413229999999992
1.3800450000000009
1.3413229999999992
1.3800450000000009
-1.3681029999999996
-1.3532650000000004
-1.3681029999999996
-1.3532650000000004
-1.3681029999999996
-1.3532650000000004
-1.3681029999999996
-1.3532650000000004
-1.3681029999999996
-1.3532650000000004
-1.3681029999999996
-1.3532650000000004
-1.3681029999999996
-1.3532650000000004
-1.3681029999999996
-1.3532650000000004
-1.3681029999999996
-1.3532650000000004
-1.3681029999999996
-1.3532650000000004
-1.3681029999999996
-1.3532650000000004
-1.3681029999999996
-1.3532650000000004
-1.3681029999999996
-1.3532650000000004
-1.3681029999999996
-1.3532650000000004
-1.3681029999999996
-1.3532650000000004
-1.3681029999999996
-1.3532650000000004
-1.3681029999999996
-1.3532650000000004
-1.3681029999999996
-1.3532650000000004
-1.3681029999999996
-1.3532650000000004
-1.3681029999999996
-1.3532650000000004
-1.3681029999999996
-1.3532650000000004
-1.3681029999999996
-1.3532650000000004
-1.3681029999999996
-1.3532650000000004
-1.3681029999999996
-1.3532650000000004
-1.3681029999999996
-1.3532650000000004
-1.3681029999999996
-1.3532650000000004
-1.3681029999999996
-1.3532650000000004
-1.3681029999999996
-1.3532650000000004
-1.3681029999999996
-1.3532650000000004
-1.3681029999999996
-1.3532650000000004
-1.3681029999999996
-1.3532650000000004
-1.3681029999999996
-1.3532650000000004
-1.3681029999999996
-1.3532650000000004
-1.3681029999999996
-1.3532650000000004
-1.3681029999999996
-1.3532650000000004
-1.3681029999999996
-1.3532650000000004
-1.3681029999999996
-1.3532650000000004
-1.3681029999999996
-1.3532650000000004
-1.3681029999999996
-1.3532650000000004
-1.3681029999999996
-1.3532650000000004
-1.3681029999999996
-1.3532650000000004
-1.3681029999999996
-1.3532650000000004
-1.3681029999999996
-1.3532650000000004
-1.3681029999999996
-1.3532650000000004
-1.3681029999999996
-1.3532650000000004
-1.3681029999999996
-1.3532650000000004
-1.3681029999999996
-1.3532650000000004
-1.3681029999999996
-1.3532650000000004
-1.3681029999999996
-1.3532650000000004
-1.3681029999999996
-1.3532650000000004
-1.3681029999999996
-1.3532650000000004
-1.3681029999999996
-1.3532650000000004
-1.3681029999999996
-1.3532650000000004
-1.3681029999999996
-1.3532650000000004
-1.3681029999999996
-1.3532650000000004
-1.3681029999999996
-1.3532650000000004
-1.3681029999999996
-1.3532650000000004
-1.3681029999999996
-1.3532650000000004
-1.3681029999999996
-1.3532650000000004
-1.3681029999999996
-1.3532650000000004
