1.4522049999999993
1.4499820000000003
1.4045450000000006
1.416881
1.4150950000000009
1.4120559999999998
1.3778179999999995
1.4569840000000003
1.4321739999999998
1.4574040000000004
1.3747670000000003
1.4139909999999993
1.4522049999999993
1.4499820000000003
1.4045450000000006
1.416881
1.4150950000000009
1.4120559999999998
1.3778179999999995
1.4569840000000003
1.4321739999999998
1.4574040000000004
1.3747670000000003
1.4139909999999993
1.4522049999999993
1.4499820000000003
1.4045450000000006
1.416881
1.4150950000000009
1.4120559999999998
1.3778179999999995
1.4569840000000003
1.4321739999999998
1.4574040000000004
1.3747670000000003
1.4139909999999993
1.4522049999999993
1.4499820000000003
1.4045450000000006
1.416881
1.4150950000000009
1.4120559999999998
1.3778179999999995
1.4569840000000003
1.4321739999999998
1.4574040000000004
1.3747670000000003
1.4139909999999993
1.4522049999999993
1.4499820000000003
1.4045450000000006
1.416881
1.4150950000000009
1.4120559999999998
1.3778179999999995
1.4569840000000003
1.4321739999999998
1.4574040000000004
1.3747670000000003
1.4139909999999993
1.4522049999999993
1.4499820000000003
1.4045450000000006
1.416881
1.4150950000000009
1.4120559999999998
1.3778179999999995
1.4569840000000003
1.4321739999999998
1.4574040000000004
1.3747670000000003
1.4139909999999993
1.4522049999999993
1.4499820000000003
1.4045450000000006
1.416881
1.4150950000000009
1.4120559999999998
1.3778179999999995
1.4569840000000003
1.4321739999999998
1.4574040000000004
1.3747670000000003
1.4139909999999993
1.4522049999999993
1.4499820000000003
1.4045450000000006
1.416881
1.4150950000000009
1.4120559999999998
1.3778179999999995
1.4569840000000003
1.4321739999999998
1.4574040000000004
1.3747670000000003
1.4139909999999993
1.4522049999999993
1.4499820000000003
1.4045450000000006
1.416881
1.4150950000000009
1.4120559999999998
1.3778179999999995
1.4569840000000003
1.4321739999999998
1.4574040000000004
1.3747670000000003
1.4139909999999993
-1.4427880000000002
-1.445348
-1.426945
-1.437373
-1.419771
-1.4095950000000004
-1.3957819999999996
-1.4196289999999996
-1.417395
-1.4284090000000003
-1.3989580000000004
-1.421906
-1.4427880000000002
-1.445348
-1.426945
-1.437373
-1.419771
-1.4095950000000004
-1.3957819999999996
-1.4196289999999996
-1.417395
-1.4284090000000003
-1.3989580000000004
-1.421906
-1.4427880000000002
-1.445348
-1.426945
-1.437373
-1.419771
-1.4095950000000004
-1.3957819999999996
-1.4196289999999996
-1.417395
-1.4284090000000003
-1.3989580000000004
-1.421906
-1.4427880000000002
-1.445348
-1.426945
-1.437373
-1.419771
-1.4095950000000004
-1.3957819999999996
-1.4196289999999996
-1.417395
-1.4284090000000003
-1.3989580000000004
-1.421906
-1.4427880000000002
-1.445348
-1.426945
-1.437373
-1.419771
-1.4095950000000004
-1.3957819999999996
-1.4196289999999996
-1.417395
-1.4284090000000003
-1.3989580000000004
-1.421906
-1.4427880000000002
-1.445348
-1.426945
-1.437373
-1.419771
-1.4095950000000004
-1.3957819999999996
-1.4196289999999996
-1.417395
-1.4284090000000003
-1.3989580000000004
-1.421906
-1.4427880000000002
-1.445348
-1.426945
-1.437373
-1.419771
-1.4095950000000004
-1.3957819999999996
-1.4196289999999996
-1.417395
-1.4284090000000003
-1.3989580000000004
-1.421906
-1.4427880000000002
-1.445348
-1.426945
-1.437373
-1.419771
-1.4095950000000004
-1.3957819999999996
-1.4196289999999996
-1.417395
-1.4284090000000003
-1.3989580000000004
-1.421906
-1.4427880000000002
-1.445348
-1.426945
-1.437373
-1.419771
-1.4095950000000004
-1.3957819999999996
-1.4196289999999996
-1.417395
-1.4284090000000003
-1.3989580000000004
-1.421906
