1.4132599999999993
1.4134320000000002
1.4143539999999994
1.4184889999999992
1.4132599999999993
1.4134320000000002
1.4143539999999994
1.4184889999999992
1.4132599999999993
1.4134320000000002
1.4143539999999994
1.4184889999999992
1.4132599999999993
1.4134320000000002
1.4143539999999994
1.4184889999999992
1.4132599999999993
1.4134320000000002
1.4143539999999994
1.4184889999999992
1.4132599999999993
1.4134320000000002
1.4143539999999994
1.4184889999999992
1.4132599999999993
1.4134320000000002
1.4143539999999994
1.4184889999999992
1.4132599999999993
1.4134320000000002
1.4143539999999994
1.4184889999999992
1.4132599999999993
1.4134320000000002
1.4143539999999994
1.4184889999999992
1.4132599999999993
1.4134320000000002
1.4143539999999994
1.4184889999999992
1.4132599999999993
1.4134320000000002
1.4143539999999994
1.4184889999999992
1.4132599999999993
1.4134320000000002
1.4143539999999994
1.4184889999999992
1.4132599999999993
1.4134320000000002
1.4143539999999994
1.4184889999999992
1.4132599999999993
1.4134320000000002
1.4143539999999994
1.4184889999999992
1.4132599999999993
1.4134320000000002
1.4143539999999994
1.4184889999999992
1.4132599999999993
1.4134320000000002
1.4143539999999994
1.4184889999999992
1.4132599999999993
1.4134320000000002
1.4143539999999994
1.4184889999999992
1.4132599999999993
1.4134320000000002
1.4143539999999994
1.4184889999999992
1.4132599999999993
1.4134320000000002
1.4143539999999994
1.4184889999999992
1.4132599999999993
1.4134320000000002
1.4143539999999994
1.4184889999999992
1.4132599999999993
1.4134320000000002
1.4143539999999994
1.4184889999999992
1.4132599999999993
1.4134320000000002
1.4143539999999994
1.4184889999999992
1.4132599999999993
1.4134320000000002
1.4143539999999994
1.4184889999999992
1.4132599999999993
1.4134320000000002
1.4143539999999994
1.4184889999999992
1.4132599999999993
1.4134320000000002
1.4143539999999994
1.4184889999999992
1.4132599999999993
1.4134320000000002
1.4143539999999994
1.4184889999999992
1.4132599999999993
1.4134320000000002
1.4143539999999994
1.4184889999999992
1.4132599999999993
1.4134320000000002
1.4143539999999994
1.4184889999999992
1.4132599999999993
1.4134320000000002
1.4143539999999994
1.4184889999999992
1.4132599999999993
1.4134320000000002
1.4143539999999994
1.4184889999999992
1.4132599999999993
1.4134320000000002
1.4143539999999994
1.4184889999999992
1.4132599999999993
1.4134320000000002
1.4143539999999994
1.4184889999999992
1.4132599999999993
1.4134320000000002
1.4143539999999994
1.4184889999999992
1.4132599999999993
1.4134320000000002
1.4143539999999994
1.4184889999999992
1.4132599999999993
1.4134320000000002
1.4143539999999994
1.4184889999999992
1.4132599999999993
1.4134320000000002
1.4143539999999994
1.4184889999999992
-1.4182709999999998
-1.4148889999999996
-1.4109870000000004
-1.415388
-1.4182709999999998
-1.4148889999999996
-1.4109870000000004
-1.415388
-1.4182709999999998
-1.4148889999999996
-1.4109870000000004
-1.415388
-1.4182709999999998
-1.4148889999999996
-1.4109870000000004
-1.415388
-1.4182709999999998
-1.4148889999999996
-1.4109870000000004
-1.415388
-1.4182709999999998
-1.4148889999999996
-1.4109870000000004
-1.415388
-1.4182709999999998
-1.4148889999999996
-1.4109870000000004
-1.415388
-1.4182709999999998
-1.4148889999999996
-1.4109870000000004
-1.415388
-1.4182709999999998
-1.4148889999999996
-1.4109870000000004
-1.415388
-1.4182709999999998
-1.4148889999999996
-1.4109870000000004
-1.415388
-1.4182709999999998
-1.4148889999999996
-1.4109870000000004
-1.415388
-1.4182709999999998
-1.4148889999999996
-1.4109870000000004
-1.415388
-1.4182709999999998
-1.4148889999999996
-1.4109870000000004
-1.415388
-1.4182709999999998
-1.4148889999999996
-1.4109870000000004
-1.415388
-1.4182709999999998
-1.4148889999999996
-1.4109870000000004
-1.415388
-1.4182709999999998
-1.4148889999999996
-1.4109870000000004
-1.415388
-1.4182709999999998
-1.4148889999999996
-1.4109870000000004
-1.415388
-1.4182709999999998
-1.4148889999999996
-1.4109870000000004
-1.415388
-1.4182709999999998
-1.4148889999999996
-1.4109870000000004
-1.415388
-1.4182709999999998
-1.4148889999999996
-1.4109870000000004
-1.415388
-1.4182709999999998
-1.4148889999999996
-1.4109870000000004
-1.415388
-1.4182709999999998
-1.4148889999999996
-1.4109870000000004
-1.415388
-1.4182709999999998
-1.4148889999999996
-1.4109870000000004
-1.415388
-1.4182709999999998
-1.4148889999999996
-1.4109870000000004
-1.415388
-1.4182709999999998
-1.4148889999999996
-1.4109870000000004
-1.415388
-1.4182709999999998
-1.4148889999999996
-1.4109870000000004
-1.415388
-1.4182709999999998
-1.4148889999999996
-1.4109870000000004
-1.415388
-1.4182709999999998
-1.4148889999999996
-1.4109870000000004
-1.415388
-1.4182709999999998
-1.4148889999999996
-1.4109870000000004
-1.415388
-1.4182709999999998
-1.4148889999999996
-1.4109870000000004
-1.415388
-1.4182709999999998
-1.4148889999999996
-1.4109870000000004
-1.415388
-1.4182709999999998
-1.4148889999999996
-1.4109870000000004
-1.415388
-1.4182709999999998
-1.4148889999999996
-1.4109870000000004
-1.415388
-1.4182709999999998
-1.4148889999999996
-1.4109870000000004
-1.415388
-1.4182709999999998
-1.4148889999999996
-1.4109870000000004
-1.415388
-1.4182709999999998
-1.4148889999999996
-1.4109870000000004
-1.415388
