1.4282140000000005
1.4288779999999992
1.4334480000000003
1.4260079999999995
1.4282140000000005
1.4288779999999992
1.4334480000000003
1.4260079999999995
1.4282140000000005
1.4288779999999992
1.4334480000000003
1.4260079999999995
1.4282140000000005
1.4288779999999992
1.4334480000000003
1.4260079999999995
1.4282140000000005
1.4288779999999992
1.4334480000000003
1.4260079999999995
1.4282140000000005
1.4288779999999992
1.4334480000000003
1.4260079999999995
1.4282140000000005
1.4288779999999992
1.4334480000000003
1.4260079999999995
1.4282140000000005
1.4288779999999992
1.4334480000000003
1.4260079999999995
1.4282140000000005
1.4288779999999992
1.4334480000000003
1.4260079999999995
1.4282140000000005
1.4288779999999992
1.4334480000000003
1.4260079999999995
1.4282140000000005
1.4288779999999992
1.4334480000000003
1.4260079999999995
1.4282140000000005
1.4288779999999992
1.4334480000000003
1.4260079999999995
1.4282140000000005
1.4288779999999992
1.4334480000000003
1.4260079999999995
1.4282140000000005
1.4288779999999992
1.4334480000000003
1.4260079999999995
1.4282140000000005
1.4288779999999992
1.4334480000000003
1.4260079999999995
1.4282140000000005
1.4288779999999992
1.4334480000000003
1.4260079999999995
1.4282140000000005
1.4288779999999992
1.4334480000000003
1.4260079999999995
1.4282140000000005
1.4288779999999992
1.4334480000000003
1.4260079999999995
1.4282140000000005
1.4288779999999992
1.4334480000000003
1.4260079999999995
1.4282140000000005
1.4288779999999992
1.4334480000000003
1.4260079999999995
1.4282140000000005
1.4288779999999992
1.4334480000000003
1.4260079999999995
1.4282140000000005
1.4288779999999992
1.4334480000000003
1.4260079999999995
1.4282140000000005
1.4288779999999992
1.4334480000000003
1.4260079999999995
1.4282140000000005
1.4288779999999992
1.4334480000000003
1.4260079999999995
1.4282140000000005
1.4288779999999992
1.4334480000000003
1.4260079999999995
1.4282140000000005
1.4288779999999992
1.4334480000000003
1.4260079999999995
1.4282140000000005
1.4288779999999992
1.4334480000000003
1.4260079999999995
-1.4314749999999998
-1.4289009999999998
-1.4276980000000004
-1.4284730000000003
-1.4314749999999998
-1.4289009999999998
-1.4276980000000004
-1.4284730000000003
-1.4314749999999998
-1.4289009999999998
-1.4276980000000004
-1.4284730000000003
-1.4314749999999998
-1.4289009999999998
-1.4276980000000004
-1.4284730000000003
-1.4314749999999998
-1.4289009999999998
-1.4276980000000004
-1.4284730000000003
-1.4314749999999998
-1.4289009999999998
-1.4276980000000004
-1.4284730000000003
-1.4314749999999998
-1.4289009999999998
-1.4276980000000004
-1.4284730000000003
-1.4314749999999998
-1.4289009999999998
-1.4276980000000004
-1.4284730000000003
-1.4314749999999998
-1.4289009999999998
-1.4276980000000004
-1.4284730000000003
-1.4314749999999998
-1.4289009999999998
-1.4276980000000004
-1.4284730000000003
-1.4314749999999998
-1.4289009999999998
-1.4276980000000004
-1.4284730000000003
-1.4314749999999998
-1.4289009999999998
-1.4276980000000004
-1.4284730000000003
-1.4314749999999998
-1.4289009999999998
-1.4276980000000004
-1.4284730000000003
-1.4314749999999998
-1.4289009999999998
-1.4276980000000004
-1.4284730000000003
-1.4314749999999998
-1.4289009999999998
-1.4276980000000004
-1.4284730000000003
-1.4314749999999998
-1.4289009999999998
-1.4276980000000004
-1.4284730000000003
-1.4314749999999998
-1.4289009999999998
-1.4276980000000004
-1.4284730000000003
-1.4314749999999998
-1.4289009999999998
-1.4276980000000004
-1.4284730000000003
-1.4314749999999998
-1.4289009999999998
-1.4276980000000004
-1.4284730000000003
-1.4314749999999998
-1.4289009999999998
-1.4276980000000004
-1.4284730000000003
-1.4314749999999998
-1.4289009999999998
-1.4276980000000004
-1.4284730000000003
-1.4314749999999998
-1.4289009999999998
-1.4276980000000004
-1.4284730000000003
-1.4314749999999998
-1.4289009999999998
-1.4276980000000004
-1.4284730000000003
-1.4314749999999998
-1.4289009999999998
-1.4276980000000004
-1.4284730000000003
-1.4314749999999998
-1.4289009999999998
-1.4276980000000004
-1.4284730000000003
-1.4314749999999998
-1.4289009999999998
-1.4276980000000004
-1.4284730000000003
-1.4314749999999998
-1.4289009999999998
-1.4276980000000004
-1.4284730000000003
