1.4519470000000005
1.4519470000000005
1.4519470000000005
1.4519470000000005
1.4519470000000005
1.4519470000000005
1.4519470000000005
1.4519470000000005
1.4519470000000005
1.4519470000000005
1.4519470000000005
1.4519470000000005
1.4519470000000005
1.4519470000000005
1.4519470000000005
1.4519470000000005
1.4519470000000005
1.4519470000000005
1.4519470000000005
1.4519470000000005
1.4519470000000005
1.4519470000000005
1.4519470000000005
1.4519470000000005
1.4519470000000005
1.4519470000000005
1.4519470000000005
1.4519470000000005
1.4519470000000005
1.4519470000000005
1.4519470000000005
1.4519470000000005
1.4519470000000005
1.4519470000000005
1.4519470000000005
1.4519470000000005
1.4519470000000005
1.4519470000000005
1.4519470000000005
1.4519470000000005
1.4519470000000005
1.4519470000000005
1.4519470000000005
1.4519470000000005
1.4519470000000005
1.4519470000000005
1.4519470000000005
1.4519470000000005
1.4519470000000005
1.4519470000000005
1.4519470000000005
1.4519470000000005
1.4519470000000005
1.4519470000000005
-1.4519469999999997
-1.4519469999999997
-1.4519469999999997
-1.4519469999999997
-1.4519469999999997
-1.4519469999999997
-1.4519469999999997
-1.4519469999999997
-1.4519469999999997
-1.4519469999999997
-1.4519469999999997
-1.4519469999999997
-1.4519469999999997
-1.4519469999999997
-1.4519469999999997
-1.4519469999999997
-1.4519469999999997
-1.4519469999999997
-1.4519469999999997
-1.4519469999999997
-1.4519469999999997
-1.4519469999999997
-1.4519469999999997
-1.4519469999999997
-1.4519469999999997
-1.4519469999999997
-1.4519469999999997
-1.4519469999999997
-1.4519469999999997
-1.4519469999999997
-1.4519469999999997
-1.4519469999999997
-1.4519469999999997
-1.4519469999999997
-1.4519469999999997
-1.4519469999999997
-1.4519469999999997
-1.4519469999999997
-1.4519469999999997
-1.4519469999999997
-1.4519469999999997
-1.4519469999999997
-1.4519469999999997
-1.4519469999999997
-1.4519469999999997
-1.4519469999999997
-1.4519469999999997
-1.4519469999999997
-1.4519469999999997
-1.4519469999999997
-1.4519469999999997
-1.4519469999999997
-1.4519469999999997
-1.4519469999999997
