1.4636379999999996
1.4636379999999996
1.4636379999999996
1.4636379999999996
1.4636379999999996
1.4636379999999996
1.4636379999999996
1.4636379999999996
1.4636379999999996
1.4636379999999996
1.4636379999999996
1.4636379999999996
1.4636379999999996
1.4636379999999996
1.4636379999999996
1.4636379999999996
1.4636379999999996
1.4636379999999996
1.4636379999999996
1.4636379999999996
1.4636379999999996
1.4636379999999996
1.4636379999999996
1.4636379999999996
1.4636379999999996
1.4636379999999996
1.4636379999999996
1.4636379999999996
1.4636379999999996
1.4636379999999996
1.4636379999999996
1.4636379999999996
1.4636379999999996
1.4636379999999996
1.4636379999999996
1.4636379999999996
1.4636379999999996
1.4636379999999996
1.4636379999999996
1.4636379999999996
1.4636379999999996
1.4636379999999996
1.4636379999999996
1.4636379999999996
1.4636379999999996
1.4636379999999996
1.4636379999999996
1.4636379999999996
1.4636379999999996
1.4636379999999996
1.4636379999999996
1.4636379999999996
1.4636379999999996
1.4636379999999996
1.4636379999999996
1.4636379999999996
1.4636379999999996
1.4636379999999996
1.4636379999999996
1.4636379999999996
1.4636379999999996
1.4636379999999996
1.4636379999999996
1.4636379999999996
-1.4636370000000003
-1.4636370000000003
-1.4636370000000003
-1.4636370000000003
-1.4636370000000003
-1.4636370000000003
-1.4636370000000003
-1.4636370000000003
-1.4636370000000003
-1.4636370000000003
-1.4636370000000003
-1.4636370000000003
-1.4636370000000003
-1.4636370000000003
-1.4636370000000003
-1.4636370000000003
-1.4636370000000003
-1.4636370000000003
-1.4636370000000003
-1.4636370000000003
-1.4636370000000003
-1.4636370000000003
-1.4636370000000003
-1.4636370000000003
-1.4636370000000003
-1.4636370000000003
-1.4636370000000003
-1.4636370000000003
-1.4636370000000003
-1.4636370000000003
-1.4636370000000003
-1.4636370000000003
-1.4636370000000003
-1.4636370000000003
-1.4636370000000003
-1.4636370000000003
-1.4636370000000003
-1.4636370000000003
-1.4636370000000003
-1.4636370000000003
-1.4636370000000003
-1.4636370000000003
-1.4636370000000003
-1.4636370000000003
-1.4636370000000003
-1.4636370000000003
-1.4636370000000003
-1.4636370000000003
-1.4636370000000003
-1.4636370000000003
-1.4636370000000003
-1.4636370000000003
-1.4636370000000003
-1.4636370000000003
-1.4636370000000003
-1.4636370000000003
-1.4636370000000003
-1.4636370000000003
-1.4636370000000003
-1.4636370000000003
-1.4636370000000003
-1.4636370000000003
-1.4636370000000003
-1.4636370000000003
