1.1078899999999994
1.1078899999999994
1.1078899999999994
1.1078899999999994
1.1078899999999994
1.1078899999999994
1.1078899999999994
1.1078899999999994
1.1078899999999994
1.1078899999999994
1.1078899999999994
1.1078899999999994
1.1078899999999994
1.1078899999999994
1.1078899999999994
1.1078899999999994
1.1078899999999994
1.1078899999999994
1.1078899999999994
1.1078899999999994
1.1078899999999994
1.1078899999999994
1.1078899999999994
1.1078899999999994
1.1078899999999994
1.1078899999999994
1.1078899999999994
-1.1078890000000001
-1.1078890000000001
-1.1078890000000001
-1.1078890000000001
-1.1078890000000001
-1.1078890000000001
-1.1078890000000001
-1.1078890000000001
-1.1078890000000001
-1.1078890000000001
-1.1078890000000001
-1.1078890000000001
-1.1078890000000001
-1.1078890000000001
-1.1078890000000001
-1.1078890000000001
-1.1078890000000001
-1.1078890000000001
-1.1078890000000001
-1.1078890000000001
-1.1078890000000001
-1.1078890000000001
-1.1078890000000001
-1.1078890000000001
-1.1078890000000001
-1.1078890000000001
-1.1078890000000001
