1.4442990000000009
1.4443380000000001
1.4438410000000008
1.4442430000000002
1.4442990000000009
1.4443380000000001
1.4438410000000008
1.4442430000000002
1.4442990000000009
1.4443380000000001
1.4438410000000008
1.4442430000000002
1.4442990000000009
1.4443380000000001
1.4438410000000008
1.4442430000000002
1.4442990000000009
1.4443380000000001
1.4438410000000008
1.4442430000000002
1.4442990000000009
1.4443380000000001
1.4438410000000008
1.4442430000000002
1.4442990000000009
1.4443380000000001
1.4438410000000008
1.4442430000000002
1.4442990000000009
1.4443380000000001
1.4438410000000008
1.4442430000000002
1.4442990000000009
1.4443380000000001
1.4438410000000008
1.4442430000000002
1.4442990000000009
1.4443380000000001
1.4438410000000008
1.4442430000000002
1.4442990000000009
1.4443380000000001
1.4438410000000008
1.4442430000000002
1.4442990000000009
1.4443380000000001
1.4438410000000008
1.4442430000000002
1.4442990000000009
1.4443380000000001
1.4438410000000008
1.4442430000000002
1.4442990000000009
1.4443380000000001
1.4438410000000008
1.4442430000000002
1.4442990000000009
1.4443380000000001
1.4438410000000008
1.4442430000000002
1.4442990000000009
1.4443380000000001
1.4438410000000008
1.4442430000000002
1.4442990000000009
1.4443380000000001
1.4438410000000008
1.4442430000000002
1.4442990000000009
1.4443380000000001
1.4438410000000008
1.4442430000000002
1.4442990000000009
1.4443380000000001
1.4438410000000008
1.4442430000000002
1.4442990000000009
1.4443380000000001
1.4438410000000008
1.4442430000000002
1.4442990000000009
1.4443380000000001
1.4438410000000008
1.4442430000000002
1.4442990000000009
1.4443380000000001
1.4438410000000008
1.4442430000000002
1.4442990000000009
1.4443380000000001
1.4438410000000008
1.4442430000000002
1.4442990000000009
1.4443380000000001
1.4438410000000008
1.4442430000000002
1.4442990000000009
1.4443380000000001
1.4438410000000008
1.4442430000000002
1.4442990000000009
1.4443380000000001
1.4438410000000008
1.4442430000000002
1.4442990000000009
1.4443380000000001
1.4438410000000008
1.4442430000000002
-1.4438000000000004
-1.444362
-1.4442709999999996
-1.4442899999999996
-1.4438000000000004
-1.444362
-1.4442709999999996
-1.4442899999999996
-1.4438000000000004
-1.444362
-1.4442709999999996
-1.4442899999999996
-1.4438000000000004
-1.444362
-1.4442709999999996
-1.4442899999999996
-1.4438000000000004
-1.444362
-1.4442709999999996
-1.4442899999999996
-1.4438000000000004
-1.444362
-1.4442709999999996
-1.4442899999999996
-1.4438000000000004
-1.444362
-1.4442709999999996
-1.4442899999999996
-1.4438000000000004
-1.444362
-1.4442709999999996
-1.4442899999999996
-1.4438000000000004
-1.444362
-1.4442709999999996
-1.4442899999999996
-1.4438000000000004
-1.444362
-1.4442709999999996
-1.4442899999999996
-1.4438000000000004
-1.444362
-1.4442709999999996
-1.4442899999999996
-1.4438000000000004
-1.444362
-1.4442709999999996
-1.4442899999999996
-1.4438000000000004
-1.444362
-1.4442709999999996
-1.4442899999999996
-1.4438000000000004
-1.444362
-1.4442709999999996
-1.4442899999999996
-1.4438000000000004
-1.444362
-1.4442709999999996
-1.4442899999999996
-1.4438000000000004
-1.444362
-1.4442709999999996
-1.4442899999999996
-1.4438000000000004
-1.444362
-1.4442709999999996
-1.4442899999999996
-1.4438000000000004
-1.444362
-1.4442709999999996
-1.4442899999999996
-1.4438000000000004
-1.444362
-1.4442709999999996
-1.4442899999999996
-1.4438000000000004
-1.444362
-1.4442709999999996
-1.4442899999999996
-1.4438000000000004
-1.444362
-1.4442709999999996
-1.4442899999999996
-1.4438000000000004
-1.444362
-1.4442709999999996
-1.4442899999999996
-1.4438000000000004
-1.444362
-1.4442709999999996
-1.4442899999999996
-1.4438000000000004
-1.444362
-1.4442709999999996
-1.4442899999999996
-1.4438000000000004
-1.444362
-1.4442709999999996
-1.4442899999999996
-1.4438000000000004
-1.444362
-1.4442709999999996
-1.4442899999999996
-1.4438000000000004
-1.444362
-1.4442709999999996
-1.4442899999999996
