1.251296
1.251296
1.251296
1.251296
1.251296
1.251296
1.251296
1.251296
1.251296
1.251296
1.251296
1.251296
1.251296
1.251296
1.251296
1.251296
1.251296
1.251296
1.251296
1.251296
1.251296
1.251296
1.251296
1.251296
1.251296
1.251296
1.251296
1.251296
1.251296
1.251296
1.251296
1.251296
1.251296
1.251296
1.251296
1.251296
1.251296
1.251296
1.251296
1.251296
1.251296
1.251296
1.251296
1.251296
1.251296
1.251296
1.251296
1.251296
1.251296
1.251296
1.251296
1.251296
1.251296
1.251296
1.251296
1.251296
1.251296
1.251296
1.251296
1.251296
1.251296
1.251296
1.251296
1.251296
1.251296
1.251296
1.251296
1.251296
1.251296
1.251296
1.251296
1.251296
1.251296
1.251296
1.251296
1.251296
1.251296
1.251296
1.251296
1.251296
1.251296
1.251296
1.251296
1.251296
1.251296
1.251296
1.251296
1.251296
1.251296
1.251296
-1.2512980000000002
-1.251296
-1.2512980000000002
-1.251296
-1.2512980000000002
-1.251296
-1.2512980000000002
-1.251296
-1.2512980000000002
-1.251296
-1.2512980000000002
-1.251296
-1.2512980000000002
-1.251296
-1.2512980000000002
-1.251296
-1.2512980000000002
-1.251296
-1.2512980000000002
-1.251296
-1.2512980000000002
-1.251296
-1.2512980000000002
-1.251296
-1.2512980000000002
-1.251296
-1.2512980000000002
-1.251296
-1.2512980000000002
-1.251296
-1.2512980000000002
-1.251296
-1.2512980000000002
-1.251296
-1.2512980000000002
-1.251296
-1.2512980000000002
-1.251296
-1.2512980000000002
-1.251296
-1.2512980000000002
-1.251296
-1.2512980000000002
-1.251296
-1.2512980000000002
-1.251296
-1.2512980000000002
-1.251296
-1.2512980000000002
-1.251296
-1.2512980000000002
-1.251296
-1.2512980000000002
-1.251296
-1.2512980000000002
-1.251296
-1.2512980000000002
-1.251296
-1.2512980000000002
-1.251296
-1.2512980000000002
-1.251296
-1.2512980000000002
-1.251296
-1.2512980000000002
-1.251296
-1.2512980000000002
-1.251296
-1.2512980000000002
-1.251296
-1.2512980000000002
-1.251296
-1.2512980000000002
-1.251296
-1.2512980000000002
-1.251296
-1.2512980000000002
-1.251296
-1.2512980000000002
-1.251296
-1.2512980000000002
-1.251296
-1.2512980000000002
-1.251296
-1.2512980000000002
-1.251296
-1.2512980000000002
-1.251296
-1.2512980000000002
-1.251296
