0.8603950000000005
0.8603950000000005
0.8603950000000005
0.8603950000000005
0.8603950000000005
0.8603950000000005
0.8603950000000005
0.8603950000000005
0.8603950000000005
0.8603950000000005
0.8603950000000005
0.8603950000000005
0.8603950000000005
0.8603950000000005
0.8603950000000005
0.8603950000000005
0.8603950000000005
0.8603950000000005
0.8603950000000005
0.8603950000000005
0.8603950000000005
0.8603950000000005
0.8603950000000005
0.8603950000000005
0.8603950000000005
0.8603950000000005
0.8603950000000005
0.8603950000000005
0.8603950000000005
0.8603950000000005
0.8603950000000005
0.8603950000000005
0.8603950000000005
0.8603950000000005
0.8603950000000005
0.8603950000000005
0.8603950000000005
0.8603950000000005
0.8603950000000005
0.8603950000000005
0.8603950000000005
0.8603950000000005
0.8603950000000005
0.8603950000000005
0.8603950000000005
0.8603950000000005
0.8603950000000005
0.8603950000000005
0.8603950000000005
0.8603950000000005
0.8603950000000005
0.8603950000000005
0.8603950000000005
0.8603950000000005
0.8603950000000005
0.8603950000000005
0.8603950000000005
0.8603950000000005
0.8603950000000005
0.8603950000000005
0.8603950000000005
0.8603950000000005
0.8603950000000005
0.8603950000000005
-0.8603940000000003
-0.8603940000000003
-0.8603940000000003
-0.8603940000000003
-0.8603940000000003
-0.8603940000000003
-0.8603940000000003
-0.8603940000000003
-0.8603940000000003
-0.8603940000000003
-0.8603940000000003
-0.8603940000000003
-0.8603940000000003
-0.8603940000000003
-0.8603940000000003
-0.8603940000000003
-0.8603940000000003
-0.8603940000000003
-0.8603940000000003
-0.8603940000000003
-0.8603940000000003
-0.8603940000000003
-0.8603940000000003
-0.8603940000000003
-0.8603940000000003
-0.8603940000000003
-0.8603940000000003
-0.8603940000000003
-0.8603940000000003
-0.8603940000000003
-0.8603940000000003
-0.8603940000000003
-0.8603940000000003
-0.8603940000000003
-0.8603940000000003
-0.8603940000000003
-0.8603940000000003
-0.8603940000000003
-0.8603940000000003
-0.8603940000000003
-0.8603940000000003
-0.8603940000000003
-0.8603940000000003
-0.8603940000000003
-0.8603940000000003
-0.8603940000000003
-0.8603940000000003
-0.8603940000000003
-0.8603940000000003
-0.8603940000000003
-0.8603940000000003
-0.8603940000000003
-0.8603940000000003
-0.8603940000000003
-0.8603940000000003
-0.8603940000000003
-0.8603940000000003
-0.8603940000000003
-0.8603940000000003
-0.8603940000000003
-0.8603940000000003
-0.8603940000000003
-0.8603940000000003
-0.8603940000000003
