1.4333430000000007
1.4354119999999995
1.4343210000000006
1.4303749999999997
1.4333430000000007
1.4354119999999995
1.4343210000000006
1.4303749999999997
1.4333430000000007
1.4354119999999995
1.4343210000000006
1.4303749999999997
1.4333430000000007
1.4354119999999995
1.4343210000000006
1.4303749999999997
1.4333430000000007
1.4354119999999995
1.4343210000000006
1.4303749999999997
1.4333430000000007
1.4354119999999995
1.4343210000000006
1.4303749999999997
1.4333430000000007
1.4354119999999995
1.4343210000000006
1.4303749999999997
1.4333430000000007
1.4354119999999995
1.4343210000000006
1.4303749999999997
1.4333430000000007
1.4354119999999995
1.4343210000000006
1.4303749999999997
1.4333430000000007
1.4354119999999995
1.4343210000000006
1.4303749999999997
1.4333430000000007
1.4354119999999995
1.4343210000000006
1.4303749999999997
1.4333430000000007
1.4354119999999995
1.4343210000000006
1.4303749999999997
1.4333430000000007
1.4354119999999995
1.4343210000000006
1.4303749999999997
1.4333430000000007
1.4354119999999995
1.4343210000000006
1.4303749999999997
1.4333430000000007
1.4354119999999995
1.4343210000000006
1.4303749999999997
1.4333430000000007
1.4354119999999995
1.4343210000000006
1.4303749999999997
1.4333430000000007
1.4354119999999995
1.4343210000000006
1.4303749999999997
1.4333430000000007
1.4354119999999995
1.4343210000000006
1.4303749999999997
1.4333430000000007
1.4354119999999995
1.4343210000000006
1.4303749999999997
1.4333430000000007
1.4354119999999995
1.4343210000000006
1.4303749999999997
1.4333430000000007
1.4354119999999995
1.4343210000000006
1.4303749999999997
1.4333430000000007
1.4354119999999995
1.4343210000000006
1.4303749999999997
1.4333430000000007
1.4354119999999995
1.4343210000000006
1.4303749999999997
1.4333430000000007
1.4354119999999995
1.4343210000000006
1.4303749999999997
1.4333430000000007
1.4354119999999995
1.4343210000000006
1.4303749999999997
1.4333430000000007
1.4354119999999995
1.4343210000000006
1.4303749999999997
1.4333430000000007
1.4354119999999995
1.4343210000000006
1.4303749999999997
1.4333430000000007
1.4354119999999995
1.4343210000000006
1.4303749999999997
1.4333430000000007
1.4354119999999995
1.4343210000000006
1.4303749999999997
1.4333430000000007
1.4354119999999995
1.4343210000000006
1.4303749999999997
1.4333430000000007
1.4354119999999995
1.4343210000000006
1.4303749999999997
1.4333430000000007
1.4354119999999995
1.4343210000000006
1.4303749999999997
1.4333430000000007
1.4354119999999995
1.4343210000000006
1.4303749999999997
1.4333430000000007
1.4354119999999995
1.4343210000000006
1.4303749999999997
1.4333430000000007
1.4354119999999995
1.4343210000000006
1.4303749999999997
1.4333430000000007
1.4354119999999995
1.4343210000000006
1.4303749999999997
-1.4335899999999997
-1.4332349999999998
-1.4343079999999997
-1.432315
-1.4335899999999997
-1.4332349999999998
-1.4343079999999997
-1.432315
-1.4335899999999997
-1.4332349999999998
-1.4343079999999997
-1.432315
-1.4335899999999997
-1.4332349999999998
-1.4343079999999997
-1.432315
-1.4335899999999997
-1.4332349999999998
-1.4343079999999997
-1.432315
-1.4335899999999997
-1.4332349999999998
-1.4343079999999997
-1.432315
-1.4335899999999997
-1.4332349999999998
-1.4343079999999997
-1.432315
-1.4335899999999997
-1.4332349999999998
-1.4343079999999997
-1.432315
-1.4335899999999997
-1.4332349999999998
-1.4343079999999997
-1.432315
-1.4335899999999997
-1.4332349999999998
-1.4343079999999997
-1.432315
-1.4335899999999997
-1.4332349999999998
-1.4343079999999997
-1.432315
-1.4335899999999997
-1.4332349999999998
-1.4343079999999997
-1.432315
-1.4335899999999997
-1.4332349999999998
-1.4343079999999997
-1.432315
-1.4335899999999997
-1.4332349999999998
-1.4343079999999997
-1.432315
-1.4335899999999997
-1.4332349999999998
-1.4343079999999997
-1.432315
-1.4335899999999997
-1.4332349999999998
-1.4343079999999997
-1.432315
-1.4335899999999997
-1.4332349999999998
-1.4343079999999997
-1.432315
-1.4335899999999997
-1.4332349999999998
-1.4343079999999997
-1.432315
-1.4335899999999997
-1.4332349999999998
-1.4343079999999997
-1.432315
-1.4335899999999997
-1.4332349999999998
-1.4343079999999997
-1.432315
-1.4335899999999997
-1.4332349999999998
-1.4343079999999997
-1.432315
-1.4335899999999997
-1.4332349999999998
-1.4343079999999997
-1.432315
-1.4335899999999997
-1.4332349999999998
-1.4343079999999997
-1.432315
-1.4335899999999997
-1.4332349999999998
-1.4343079999999997
-1.432315
-1.4335899999999997
-1.4332349999999998
-1.4343079999999997
-1.432315
-1.4335899999999997
-1.4332349999999998
-1.4343079999999997
-1.432315
-1.4335899999999997
-1.4332349999999998
-1.4343079999999997
-1.432315
-1.4335899999999997
-1.4332349999999998
-1.4343079999999997
-1.432315
-1.4335899999999997
-1.4332349999999998
-1.4343079999999997
-1.432315
-1.4335899999999997
-1.4332349999999998
-1.4343079999999997
-1.432315
-1.4335899999999997
-1.4332349999999998
-1.4343079999999997
-1.432315
-1.4335899999999997
-1.4332349999999998
-1.4343079999999997
-1.432315
-1.4335899999999997
-1.4332349999999998
-1.4343079999999997
-1.432315
-1.4335899999999997
-1.4332349999999998
-1.4343079999999997
-1.432315
-1.4335899999999997
-1.4332349999999998
-1.4343079999999997
-1.432315
-1.4335899999999997
-1.4332349999999998
-1.4343079999999997
-1.432315
