1.4098120000000005
1.3681319999999992
1.392424
1.4128050000000005
1.4098120000000005
1.3681319999999992
1.392424
1.4128050000000005
1.4098120000000005
1.3681319999999992
1.392424
1.4128050000000005
1.4098120000000005
1.3681319999999992
1.392424
1.4128050000000005
1.4098120000000005
1.3681319999999992
1.392424
1.4128050000000005
1.4098120000000005
1.3681319999999992
1.392424
1.4128050000000005
1.4098120000000005
1.3681319999999992
1.392424
1.4128050000000005
1.4098120000000005
1.3681319999999992
1.392424
1.4128050000000005
1.4098120000000005
1.3681319999999992
1.392424
1.4128050000000005
1.4098120000000005
1.3681319999999992
1.392424
1.4128050000000005
1.4098120000000005
1.3681319999999992
1.392424
1.4128050000000005
1.4098120000000005
1.3681319999999992
1.392424
1.4128050000000005
1.4098120000000005
1.3681319999999992
1.392424
1.4128050000000005
1.4098120000000005
1.3681319999999992
1.392424
1.4128050000000005
1.4098120000000005
1.3681319999999992
1.392424
1.4128050000000005
1.4098120000000005
1.3681319999999992
1.392424
1.4128050000000005
1.4098120000000005
1.3681319999999992
1.392424
1.4128050000000005
1.4098120000000005
1.3681319999999992
1.392424
1.4128050000000005
1.4098120000000005
1.3681319999999992
1.392424
1.4128050000000005
1.4098120000000005
1.3681319999999992
1.392424
1.4128050000000005
1.4098120000000005
1.3681319999999992
1.392424
1.4128050000000005
1.4098120000000005
1.3681319999999992
1.392424
1.4128050000000005
1.4098120000000005
1.3681319999999992
1.392424
1.4128050000000005
1.4098120000000005
1.3681319999999992
1.392424
1.4128050000000005
1.4098120000000005
1.3681319999999992
1.392424
1.4128050000000005
1.4098120000000005
1.3681319999999992
1.392424
1.4128050000000005
1.4098120000000005
1.3681319999999992
1.392424
1.4128050000000005
-1.4100219999999997
-1.4026820000000004
-1.377643
-1.3928260000000003
-1.4100219999999997
-1.4026820000000004
-1.377643
-1.3928260000000003
-1.4100219999999997
-1.4026820000000004
-1.377643
-1.3928260000000003
-1.4100219999999997
-1.4026820000000004
-1.377643
-1.3928260000000003
-1.4100219999999997
-1.4026820000000004
-1.377643
-1.3928260000000003
-1.4100219999999997
-1.4026820000000004
-1.377643
-1.3928260000000003
-1.4100219999999997
-1.4026820000000004
-1.377643
-1.3928260000000003
-1.4100219999999997
-1.4026820000000004
-1.377643
-1.3928260000000003
-1.4100219999999997
-1.4026820000000004
-1.377643
-1.3928260000000003
-1.4100219999999997
-1.4026820000000004
-1.377643
-1.3928260000000003
-1.4100219999999997
-1.4026820000000004
-1.377643
-1.3928260000000003
-1.4100219999999997
-1.4026820000000004
-1.377643
-1.3928260000000003
-1.4100219999999997
-1.4026820000000004
-1.377643
-1.3928260000000003
-1.4100219999999997
-1.4026820000000004
-1.377643
-1.3928260000000003
-1.4100219999999997
-1.4026820000000004
-1.377643
-1.3928260000000003
-1.4100219999999997
-1.4026820000000004
-1.377643
-1.3928260000000003
-1.4100219999999997
-1.4026820000000004
-1.377643
-1.3928260000000003
-1.4100219999999997
-1.4026820000000004
-1.377643
-1.3928260000000003
-1.4100219999999997
-1.4026820000000004
-1.377643
-1.3928260000000003
-1.4100219999999997
-1.4026820000000004
-1.377643
-1.3928260000000003
-1.4100219999999997
-1.4026820000000004
-1.377643
-1.3928260000000003
-1.4100219999999997
-1.4026820000000004
-1.377643
-1.3928260000000003
-1.4100219999999997
-1.4026820000000004
-1.377643
-1.3928260000000003
-1.4100219999999997
-1.4026820000000004
-1.377643
-1.3928260000000003
-1.4100219999999997
-1.4026820000000004
-1.377643
-1.3928260000000003
-1.4100219999999997
-1.4026820000000004
-1.377643
-1.3928260000000003
-1.4100219999999997
-1.4026820000000004
-1.377643
-1.3928260000000003
