1.4265930000000004
1.4203810000000008
1.4295220000000004
1.4303380000000008
1.4265930000000004
1.4203810000000008
1.4295220000000004
1.4303380000000008
1.4265930000000004
1.4203810000000008
1.4295220000000004
1.4303380000000008
1.4265930000000004
1.4203810000000008
1.4295220000000004
1.4303380000000008
1.4265930000000004
1.4203810000000008
1.4295220000000004
1.4303380000000008
1.4265930000000004
1.4203810000000008
1.4295220000000004
1.4303380000000008
1.4265930000000004
1.4203810000000008
1.4295220000000004
1.4303380000000008
1.4265930000000004
1.4203810000000008
1.4295220000000004
1.4303380000000008
1.4265930000000004
1.4203810000000008
1.4295220000000004
1.4303380000000008
1.4265930000000004
1.4203810000000008
1.4295220000000004
1.4303380000000008
1.4265930000000004
1.4203810000000008
1.4295220000000004
1.4303380000000008
1.4265930000000004
1.4203810000000008
1.4295220000000004
1.4303380000000008
1.4265930000000004
1.4203810000000008
1.4295220000000004
1.4303380000000008
1.4265930000000004
1.4203810000000008
1.4295220000000004
1.4303380000000008
1.4265930000000004
1.4203810000000008
1.4295220000000004
1.4303380000000008
1.4265930000000004
1.4203810000000008
1.4295220000000004
1.4303380000000008
1.4265930000000004
1.4203810000000008
1.4295220000000004
1.4303380000000008
1.4265930000000004
1.4203810000000008
1.4295220000000004
1.4303380000000008
1.4265930000000004
1.4203810000000008
1.4295220000000004
1.4303380000000008
1.4265930000000004
1.4203810000000008
1.4295220000000004
1.4303380000000008
1.4265930000000004
1.4203810000000008
1.4295220000000004
1.4303380000000008
1.4265930000000004
1.4203810000000008
1.4295220000000004
1.4303380000000008
1.4265930000000004
1.4203810000000008
1.4295220000000004
1.4303380000000008
1.4265930000000004
1.4203810000000008
1.4295220000000004
1.4303380000000008
1.4265930000000004
1.4203810000000008
1.4295220000000004
1.4303380000000008
1.4265930000000004
1.4203810000000008
1.4295220000000004
1.4303380000000008
1.4265930000000004
1.4203810000000008
1.4295220000000004
1.4303380000000008
1.4265930000000004
1.4203810000000008
1.4295220000000004
1.4303380000000008
1.4265930000000004
1.4203810000000008
1.4295220000000004
1.4303380000000008
1.4265930000000004
1.4203810000000008
1.4295220000000004
1.4303380000000008
1.4265930000000004
1.4203810000000008
1.4295220000000004
1.4303380000000008
1.4265930000000004
1.4203810000000008
1.4295220000000004
1.4303380000000008
1.4265930000000004
1.4203810000000008
1.4295220000000004
1.4303380000000008
1.4265930000000004
1.4203810000000008
1.4295220000000004
1.4303380000000008
1.4265930000000004
1.4203810000000008
1.4295220000000004
1.4303380000000008
1.4265930000000004
1.4203810000000008
1.4295220000000004
1.4303380000000008
-1.4269090000000002
-1.42802
-1.4287020000000004
-1.4232019999999999
-1.4269090000000002
-1.42802
-1.4287020000000004
-1.4232019999999999
-1.4269090000000002
-1.42802
-1.4287020000000004
-1.4232019999999999
-1.4269090000000002
-1.42802
-1.4287020000000004
-1.4232019999999999
-1.4269090000000002
-1.42802
-1.4287020000000004
-1.4232019999999999
-1.4269090000000002
-1.42802
-1.4287020000000004
-1.4232019999999999
-1.4269090000000002
-1.42802
-1.4287020000000004
-1.4232019999999999
-1.4269090000000002
-1.42802
-1.4287020000000004
-1.4232019999999999
-1.4269090000000002
-1.42802
-1.4287020000000004
-1.4232019999999999
-1.4269090000000002
-1.42802
-1.4287020000000004
-1.4232019999999999
-1.4269090000000002
-1.42802
-1.4287020000000004
-1.4232019999999999
-1.4269090000000002
-1.42802
-1.4287020000000004
-1.4232019999999999
-1.4269090000000002
-1.42802
-1.4287020000000004
-1.4232019999999999
-1.4269090000000002
-1.42802
-1.4287020000000004
-1.4232019999999999
-1.4269090000000002
-1.42802
-1.4287020000000004
-1.4232019999999999
-1.4269090000000002
-1.42802
-1.4287020000000004
-1.4232019999999999
-1.4269090000000002
-1.42802
-1.4287020000000004
-1.4232019999999999
-1.4269090000000002
-1.42802
-1.4287020000000004
-1.4232019999999999
-1.4269090000000002
-1.42802
-1.4287020000000004
-1.4232019999999999
-1.4269090000000002
-1.42802
-1.4287020000000004
-1.4232019999999999
-1.4269090000000002
-1.42802
-1.4287020000000004
-1.4232019999999999
-1.4269090000000002
-1.42802
-1.4287020000000004
-1.4232019999999999
-1.4269090000000002
-1.42802
-1.4287020000000004
-1.4232019999999999
-1.4269090000000002
-1.42802
-1.4287020000000004
-1.4232019999999999
-1.4269090000000002
-1.42802
-1.4287020000000004
-1.4232019999999999
-1.4269090000000002
-1.42802
-1.4287020000000004
-1.4232019999999999
-1.4269090000000002
-1.42802
-1.4287020000000004
-1.4232019999999999
-1.4269090000000002
-1.42802
-1.4287020000000004
-1.4232019999999999
-1.4269090000000002
-1.42802
-1.4287020000000004
-1.4232019999999999
-1.4269090000000002
-1.42802
-1.4287020000000004
-1.4232019999999999
-1.4269090000000002
-1.42802
-1.4287020000000004
-1.4232019999999999
-1.4269090000000002
-1.42802
-1.4287020000000004
-1.4232019999999999
-1.4269090000000002
-1.42802
-1.4287020000000004
-1.4232019999999999
-1.4269090000000002
-1.42802
-1.4287020000000004
-1.4232019999999999
-1.4269090000000002
-1.42802
-1.4287020000000004
-1.4232019999999999
-1.4269090000000002
-1.42802
-1.4287020000000004
-1.4232019999999999
