1.4417950000000008
1.4449649999999998
1.4432779999999994
1.4400659999999998
1.4417950000000008
1.4449649999999998
1.4432779999999994
1.4400659999999998
1.4417950000000008
1.4449649999999998
1.4432779999999994
1.4400659999999998
1.4417950000000008
1.4449649999999998
1.4432779999999994
1.4400659999999998
1.4417950000000008
1.4449649999999998
1.4432779999999994
1.4400659999999998
1.4417950000000008
1.4449649999999998
1.4432779999999994
1.4400659999999998
1.4417950000000008
1.4449649999999998
1.4432779999999994
1.4400659999999998
1.4417950000000008
1.4449649999999998
1.4432779999999994
1.4400659999999998
1.4417950000000008
1.4449649999999998
1.4432779999999994
1.4400659999999998
1.4417950000000008
1.4449649999999998
1.4432779999999994
1.4400659999999998
1.4417950000000008
1.4449649999999998
1.4432779999999994
1.4400659999999998
1.4417950000000008
1.4449649999999998
1.4432779999999994
1.4400659999999998
1.4417950000000008
1.4449649999999998
1.4432779999999994
1.4400659999999998
1.4417950000000008
1.4449649999999998
1.4432779999999994
1.4400659999999998
1.4417950000000008
1.4449649999999998
1.4432779999999994
1.4400659999999998
1.4417950000000008
1.4449649999999998
1.4432779999999994
1.4400659999999998
1.4417950000000008
1.4449649999999998
1.4432779999999994
1.4400659999999998
1.4417950000000008
1.4449649999999998
1.4432779999999994
1.4400659999999998
1.4417950000000008
1.4449649999999998
1.4432779999999994
1.4400659999999998
1.4417950000000008
1.4449649999999998
1.4432779999999994
1.4400659999999998
1.4417950000000008
1.4449649999999998
1.4432779999999994
1.4400659999999998
1.4417950000000008
1.4449649999999998
1.4432779999999994
1.4400659999999998
1.4417950000000008
1.4449649999999998
1.4432779999999994
1.4400659999999998
1.4417950000000008
1.4449649999999998
1.4432779999999994
1.4400659999999998
1.4417950000000008
1.4449649999999998
1.4432779999999994
1.4400659999999998
1.4417950000000008
1.4449649999999998
1.4432779999999994
1.4400659999999998
1.4417950000000008
1.4449649999999998
1.4432779999999994
1.4400659999999998
-1.4423750000000002
-1.4425230000000004
-1.4427969999999997
-1.4424089999999996
-1.4423750000000002
-1.4425230000000004
-1.4427969999999997
-1.4424089999999996
-1.4423750000000002
-1.4425230000000004
-1.4427969999999997
-1.4424089999999996
-1.4423750000000002
-1.4425230000000004
-1.4427969999999997
-1.4424089999999996
-1.4423750000000002
-1.4425230000000004
-1.4427969999999997
-1.4424089999999996
-1.4423750000000002
-1.4425230000000004
-1.4427969999999997
-1.4424089999999996
-1.4423750000000002
-1.4425230000000004
-1.4427969999999997
-1.4424089999999996
-1.4423750000000002
-1.4425230000000004
-1.4427969999999997
-1.4424089999999996
-1.4423750000000002
-1.4425230000000004
-1.4427969999999997
-1.4424089999999996
-1.4423750000000002
-1.4425230000000004
-1.4427969999999997
-1.4424089999999996
-1.4423750000000002
-1.4425230000000004
-1.4427969999999997
-1.4424089999999996
-1.4423750000000002
-1.4425230000000004
-1.4427969999999997
-1.4424089999999996
-1.4423750000000002
-1.4425230000000004
-1.4427969999999997
-1.4424089999999996
-1.4423750000000002
-1.4425230000000004
-1.4427969999999997
-1.4424089999999996
-1.4423750000000002
-1.4425230000000004
-1.4427969999999997
-1.4424089999999996
-1.4423750000000002
-1.4425230000000004
-1.4427969999999997
-1.4424089999999996
-1.4423750000000002
-1.4425230000000004
-1.4427969999999997
-1.4424089999999996
-1.4423750000000002
-1.4425230000000004
-1.4427969999999997
-1.4424089999999996
-1.4423750000000002
-1.4425230000000004
-1.4427969999999997
-1.4424089999999996
-1.4423750000000002
-1.4425230000000004
-1.4427969999999997
-1.4424089999999996
-1.4423750000000002
-1.4425230000000004
-1.4427969999999997
-1.4424089999999996
-1.4423750000000002
-1.4425230000000004
-1.4427969999999997
-1.4424089999999996
-1.4423750000000002
-1.4425230000000004
-1.4427969999999997
-1.4424089999999996
-1.4423750000000002
-1.4425230000000004
-1.4427969999999997
-1.4424089999999996
-1.4423750000000002
-1.4425230000000004
-1.4427969999999997
-1.4424089999999996
-1.4423750000000002
-1.4425230000000004
-1.4427969999999997
-1.4424089999999996
-1.4423750000000002
-1.4425230000000004
-1.4427969999999997
-1.4424089999999996
