1.3482420000000008
1.3607220000000009
1.3482420000000008
1.3607220000000009
1.3482420000000008
1.3607220000000009
1.3482420000000008
1.3607220000000009
1.3482420000000008
1.3607220000000009
1.3482420000000008
1.3607220000000009
1.3482420000000008
1.3607220000000009
1.3482420000000008
1.3607220000000009
1.3482420000000008
1.3607220000000009
1.3482420000000008
1.3607220000000009
1.3482420000000008
1.3607220000000009
1.3482420000000008
1.3607220000000009
1.3482420000000008
1.3607220000000009
1.3482420000000008
1.3607220000000009
1.3482420000000008
1.3607220000000009
1.3482420000000008
1.3607220000000009
1.3482420000000008
1.3607220000000009
1.3482420000000008
1.3607220000000009
1.3482420000000008
1.3607220000000009
1.3482420000000008
1.3607220000000009
1.3482420000000008
1.3607220000000009
1.3482420000000008
1.3607220000000009
1.3482420000000008
1.3607220000000009
1.3482420000000008
1.3607220000000009
1.3482420000000008
1.3607220000000009
1.3482420000000008
1.3607220000000009
1.3482420000000008
1.3607220000000009
1.3482420000000008
1.3607220000000009
1.3482420000000008
1.3607220000000009
1.3482420000000008
1.3607220000000009
1.3482420000000008
1.3607220000000009
1.3482420000000008
1.3607220000000009
1.3482420000000008
1.3607220000000009
1.3482420000000008
1.3607220000000009
1.3482420000000008
1.3607220000000009
1.3482420000000008
1.3607220000000009
1.3482420000000008
1.3607220000000009
1.3482420000000008
1.3607220000000009
1.3482420000000008
1.3607220000000009
1.3482420000000008
1.3607220000000009
1.3482420000000008
1.3607220000000009
1.3482420000000008
1.3607220000000009
1.3482420000000008
1.3607220000000009
1.3482420000000008
1.3607220000000009
1.3482420000000008
1.3607220000000009
1.3482420000000008
1.3607220000000009
1.3482420000000008
1.3607220000000009
1.3482420000000008
1.3607220000000009
1.3482420000000008
1.3607220000000009
1.3482420000000008
1.3607220000000009
1.3482420000000008
1.3607220000000009
1.3482420000000008
1.3607220000000009
1.3482420000000008
1.3607220000000009
1.3482420000000008
1.3607220000000009
1.3482420000000008
1.3607220000000009
1.3482420000000008
1.3607220000000009
1.3482420000000008
1.3607220000000009
1.3482420000000008
1.3607220000000009
1.3482420000000008
1.3607220000000009
1.3482420000000008
1.3607220000000009
-1.3530620000000004
-1.3559029999999996
-1.3530620000000004
-1.3559029999999996
-1.3530620000000004
-1.3559029999999996
-1.3530620000000004
-1.3559029999999996
-1.3530620000000004
-1.3559029999999996
-1.3530620000000004
-1.3559029999999996
-1.3530620000000004
-1.3559029999999996
-1.3530620000000004
-1.3559029999999996
-1.3530620000000004
-1.3559029999999996
-1.3530620000000004
-1.3559029999999996
-1.3530620000000004
-1.3559029999999996
-1.3530620000000004
-1.3559029999999996
-1.3530620000000004
-1.3559029999999996
-1.3530620000000004
-1.3559029999999996
-1.3530620000000004
-1.3559029999999996
-1.3530620000000004
-1.3559029999999996
-1.3530620000000004
-1.3559029999999996
-1.3530620000000004
-1.3559029999999996
-1.3530620000000004
-1.3559029999999996
-1.3530620000000004
-1.3559029999999996
-1.3530620000000004
-1.3559029999999996
-1.3530620000000004
-1.3559029999999996
-1.3530620000000004
-1.3559029999999996
-1.3530620000000004
-1.3559029999999996
-1.3530620000000004
-1.3559029999999996
-1.3530620000000004
-1.3559029999999996
-1.3530620000000004
-1.3559029999999996
-1.3530620000000004
-1.3559029999999996
-1.3530620000000004
-1.3559029999999996
-1.3530620000000004
-1.3559029999999996
-1.3530620000000004
-1.3559029999999996
-1.3530620000000004
-1.3559029999999996
-1.3530620000000004
-1.3559029999999996
-1.3530620000000004
-1.3559029999999996
-1.3530620000000004
-1.3559029999999996
-1.3530620000000004
-1.3559029999999996
-1.3530620000000004
-1.3559029999999996
-1.3530620000000004
-1.3559029999999996
-1.3530620000000004
-1.3559029999999996
-1.3530620000000004
-1.3559029999999996
-1.3530620000000004
-1.3559029999999996
-1.3530620000000004
-1.3559029999999996
-1.3530620000000004
-1.3559029999999996
-1.3530620000000004
-1.3559029999999996
-1.3530620000000004
-1.3559029999999996
-1.3530620000000004
-1.3559029999999996
-1.3530620000000004
-1.3559029999999996
-1.3530620000000004
-1.3559029999999996
-1.3530620000000004
-1.3559029999999996
-1.3530620000000004
-1.3559029999999996
-1.3530620000000004
-1.3559029999999996
-1.3530620000000004
-1.3559029999999996
-1.3530620000000004
-1.3559029999999996
-1.3530620000000004
-1.3559029999999996
-1.3530620000000004
-1.3559029999999996
-1.3530620000000004
-1.3559029999999996
-1.3530620000000004
-1.3559029999999996
-1.3530620000000004
-1.3559029999999996
-1.3530620000000004
-1.3559029999999996
-1.3530620000000004
-1.3559029999999996
