1.4263519999999996
1.423686
1.4254990000000003
1.4199179999999991
1.4263519999999996
1.423686
1.4254990000000003
1.4199179999999991
1.4263519999999996
1.423686
1.4254990000000003
1.4199179999999991
1.4263519999999996
1.423686
1.4254990000000003
1.4199179999999991
1.4263519999999996
1.423686
1.4254990000000003
1.4199179999999991
1.4263519999999996
1.423686
1.4254990000000003
1.4199179999999991
1.4263519999999996
1.423686
1.4254990000000003
1.4199179999999991
1.4263519999999996
1.423686
1.4254990000000003
1.4199179999999991
1.4263519999999996
1.423686
1.4254990000000003
1.4199179999999991
1.4263519999999996
1.423686
1.4254990000000003
1.4199179999999991
1.4263519999999996
1.423686
1.4254990000000003
1.4199179999999991
1.4263519999999996
1.423686
1.4254990000000003
1.4199179999999991
1.4263519999999996
1.423686
1.4254990000000003
1.4199179999999991
1.4263519999999996
1.423686
1.4254990000000003
1.4199179999999991
1.4263519999999996
1.423686
1.4254990000000003
1.4199179999999991
1.4263519999999996
1.423686
1.4254990000000003
1.4199179999999991
1.4263519999999996
1.423686
1.4254990000000003
1.4199179999999991
1.4263519999999996
1.423686
1.4254990000000003
1.4199179999999991
1.4263519999999996
1.423686
1.4254990000000003
1.4199179999999991
1.4263519999999996
1.423686
1.4254990000000003
1.4199179999999991
1.4263519999999996
1.423686
1.4254990000000003
1.4199179999999991
1.4263519999999996
1.423686
1.4254990000000003
1.4199179999999991
1.4263519999999996
1.423686
1.4254990000000003
1.4199179999999991
1.4263519999999996
1.423686
1.4254990000000003
1.4199179999999991
1.4263519999999996
1.423686
1.4254990000000003
1.4199179999999991
1.4263519999999996
1.423686
1.4254990000000003
1.4199179999999991
1.4263519999999996
1.423686
1.4254990000000003
1.4199179999999991
1.4263519999999996
1.423686
1.4254990000000003
1.4199179999999991
1.4263519999999996
1.423686
1.4254990000000003
1.4199179999999991
1.4263519999999996
1.423686
1.4254990000000003
1.4199179999999991
1.4263519999999996
1.423686
1.4254990000000003
1.4199179999999991
1.4263519999999996
1.423686
1.4254990000000003
1.4199179999999991
1.4263519999999996
1.423686
1.4254990000000003
1.4199179999999991
1.4263519999999996
1.423686
1.4254990000000003
1.4199179999999991
1.4263519999999996
1.423686
1.4254990000000003
1.4199179999999991
1.4263519999999996
1.423686
1.4254990000000003
1.4199179999999991
1.4263519999999996
1.423686
1.4254990000000003
1.4199179999999991
1.4263519999999996
1.423686
1.4254990000000003
1.4199179999999991
1.4263519999999996
1.423686
1.4254990000000003
1.4199179999999991
1.4263519999999996
1.423686
1.4254990000000003
1.4199179999999991
1.4263519999999996
1.423686
1.4254990000000003
1.4199179999999991
1.4263519999999996
1.423686
1.4254990000000003
1.4199179999999991
1.4263519999999996
1.423686
1.4254990000000003
1.4199179999999991
1.4263519999999996
1.423686
1.4254990000000003
1.4199179999999991
1.4263519999999996
1.423686
1.4254990000000003
1.4199179999999991
1.4263519999999996
1.423686
1.4254990000000003
1.4199179999999991
1.4263519999999996
1.423686
1.4254990000000003
1.4199179999999991
1.4263519999999996
1.423686
1.4254990000000003
1.4199179999999991
-1.425993
-1.423051
-1.4251139999999998
-1.4212980000000002
-1.425993
-1.423051
-1.4251139999999998
-1.4212980000000002
-1.425993
-1.423051
-1.4251139999999998
-1.4212980000000002
-1.425993
-1.423051
-1.4251139999999998
-1.4212980000000002
-1.425993
-1.423051
-1.4251139999999998
-1.4212980000000002
-1.425993
-1.423051
-1.4251139999999998
-1.4212980000000002
-1.425993
-1.423051
-1.4251139999999998
-1.4212980000000002
-1.425993
-1.423051
-1.4251139999999998
-1.4212980000000002
-1.425993
-1.423051
-1.4251139999999998
-1.4212980000000002
-1.425993
-1.423051
-1.4251139999999998
-1.4212980000000002
-1.425993
-1.423051
-1.4251139999999998
-1.4212980000000002
-1.425993
-1.423051
-1.4251139999999998
-1.4212980000000002
-1.425993
-1.423051
-1.4251139999999998
-1.4212980000000002
-1.425993
-1.423051
-1.4251139999999998
-1.4212980000000002
-1.425993
-1.423051
-1.4251139999999998
-1.4212980000000002
-1.425993
-1.423051
-1.4251139999999998
-1.4212980000000002
-1.425993
-1.423051
-1.4251139999999998
-1.4212980000000002
-1.425993
-1.423051
-1.4251139999999998
-1.4212980000000002
-1.425993
-1.423051
-1.4251139999999998
-1.4212980000000002
-1.425993
-1.423051
-1.4251139999999998
-1.4212980000000002
-1.425993
-1.423051
-1.4251139999999998
-1.4212980000000002
-1.425993
-1.423051
-1.4251139999999998
-1.4212980000000002
-1.425993
-1.423051
-1.4251139999999998
-1.4212980000000002
-1.425993
-1.423051
-1.4251139999999998
-1.4212980000000002
-1.425993
-1.423051
-1.4251139999999998
-1.4212980000000002
-1.425993
-1.423051
-1.4251139999999998
-1.4212980000000002
-1.425993
-1.423051
-1.4251139999999998
-1.4212980000000002
-1.425993
-1.423051
-1.4251139999999998
-1.4212980000000002
-1.425993
-1.423051
-1.4251139999999998
-1.4212980000000002
-1.425993
-1.423051
-1.4251139999999998
-1.4212980000000002
-1.425993
-1.423051
-1.4251139999999998
-1.4212980000000002
-1.425993
-1.423051
-1.4251139999999998
-1.4212980000000002
-1.425993
-1.423051
-1.4251139999999998
-1.4212980000000002
-1.425993
-1.423051
-1.4251139999999998
-1.4212980000000002
-1.425993
-1.423051
-1.4251139999999998
-1.4212980000000002
-1.425993
-1.423051
-1.4251139999999998
-1.4212980000000002
-1.425993
-1.423051
-1.4251139999999998
-1.4212980000000002
-1.425993
-1.423051
-1.4251139999999998
-1.4212980000000002
-1.425993
-1.423051
-1.4251139999999998
-1.4212980000000002
-1.425993
-1.423051
-1.4251139999999998
-1.4212980000000002
-1.425993
-1.423051
-1.4251139999999998
-1.4212980000000002
-1.425993
-1.423051
-1.4251139999999998
-1.4212980000000002
-1.425993
-1.423051
-1.4251139999999998
-1.4212980000000002
-1.425993
-1.423051
-1.4251139999999998
-1.4212980000000002
-1.425993
-1.423051
-1.4251139999999998
-1.4212980000000002
-1.425993
-1.423051
-1.4251139999999998
-1.4212980000000002
-1.425993
-1.423051
-1.4251139999999998
-1.4212980000000002
-1.425993
-1.423051
-1.4251139999999998
-1.4212980000000002
