1.4356550000000006
1.4331829999999997
1.4342620000000004
1.432188
1.4356550000000006
1.4331829999999997
1.4342620000000004
1.432188
1.4356550000000006
1.4331829999999997
1.4342620000000004
1.432188
1.4356550000000006
1.4331829999999997
1.4342620000000004
1.432188
1.4356550000000006
1.4331829999999997
1.4342620000000004
1.432188
1.4356550000000006
1.4331829999999997
1.4342620000000004
1.432188
1.4356550000000006
1.4331829999999997
1.4342620000000004
1.432188
1.4356550000000006
1.4331829999999997
1.4342620000000004
1.432188
1.4356550000000006
1.4331829999999997
1.4342620000000004
1.432188
1.4356550000000006
1.4331829999999997
1.4342620000000004
1.432188
1.4356550000000006
1.4331829999999997
1.4342620000000004
1.432188
1.4356550000000006
1.4331829999999997
1.4342620000000004
1.432188
1.4356550000000006
1.4331829999999997
1.4342620000000004
1.432188
1.4356550000000006
1.4331829999999997
1.4342620000000004
1.432188
1.4356550000000006
1.4331829999999997
1.4342620000000004
1.432188
1.4356550000000006
1.4331829999999997
1.4342620000000004
1.432188
1.4356550000000006
1.4331829999999997
1.4342620000000004
1.432188
1.4356550000000006
1.4331829999999997
1.4342620000000004
1.432188
1.4356550000000006
1.4331829999999997
1.4342620000000004
1.432188
1.4356550000000006
1.4331829999999997
1.4342620000000004
1.432188
1.4356550000000006
1.4331829999999997
1.4342620000000004
1.432188
1.4356550000000006
1.4331829999999997
1.4342620000000004
1.432188
1.4356550000000006
1.4331829999999997
1.4342620000000004
1.432188
1.4356550000000006
1.4331829999999997
1.4342620000000004
1.432188
1.4356550000000006
1.4331829999999997
1.4342620000000004
1.432188
1.4356550000000006
1.4331829999999997
1.4342620000000004
1.432188
1.4356550000000006
1.4331829999999997
1.4342620000000004
1.432188
1.4356550000000006
1.4331829999999997
1.4342620000000004
1.432188
1.4356550000000006
1.4331829999999997
1.4342620000000004
1.432188
1.4356550000000006
1.4331829999999997
1.4342620000000004
1.432188
1.4356550000000006
1.4331829999999997
1.4342620000000004
1.432188
1.4356550000000006
1.4331829999999997
1.4342620000000004
1.432188
1.4356550000000006
1.4331829999999997
1.4342620000000004
1.432188
1.4356550000000006
1.4331829999999997
1.4342620000000004
1.432188
1.4356550000000006
1.4331829999999997
1.4342620000000004
1.432188
1.4356550000000006
1.4331829999999997
1.4342620000000004
1.432188
-1.433808
-1.431063
-1.4352049999999998
-1.435212
-1.433808
-1.431063
-1.4352049999999998
-1.435212
-1.433808
-1.431063
-1.4352049999999998
-1.435212
-1.433808
-1.431063
-1.4352049999999998
-1.435212
-1.433808
-1.431063
-1.4352049999999998
-1.435212
-1.433808
-1.431063
-1.4352049999999998
-1.435212
-1.433808
-1.431063
-1.4352049999999998
-1.435212
-1.433808
-1.431063
-1.4352049999999998
-1.435212
-1.433808
-1.431063
-1.4352049999999998
-1.435212
-1.433808
-1.431063
-1.4352049999999998
-1.435212
-1.433808
-1.431063
-1.4352049999999998
-1.435212
-1.433808
-1.431063
-1.4352049999999998
-1.435212
-1.433808
-1.431063
-1.4352049999999998
-1.435212
-1.433808
-1.431063
-1.4352049999999998
-1.435212
-1.433808
-1.431063
-1.4352049999999998
-1.435212
-1.433808
-1.431063
-1.4352049999999998
-1.435212
-1.433808
-1.431063
-1.4352049999999998
-1.435212
-1.433808
-1.431063
-1.4352049999999998
-1.435212
-1.433808
-1.431063
-1.4352049999999998
-1.435212
-1.433808
-1.431063
-1.4352049999999998
-1.435212
-1.433808
-1.431063
-1.4352049999999998
-1.435212
-1.433808
-1.431063
-1.4352049999999998
-1.435212
-1.433808
-1.431063
-1.4352049999999998
-1.435212
-1.433808
-1.431063
-1.4352049999999998
-1.435212
-1.433808
-1.431063
-1.4352049999999998
-1.435212
-1.433808
-1.431063
-1.4352049999999998
-1.435212
-1.433808
-1.431063
-1.4352049999999998
-1.435212
-1.433808
-1.431063
-1.4352049999999998
-1.435212
-1.433808
-1.431063
-1.4352049999999998
-1.435212
-1.433808
-1.431063
-1.4352049999999998
-1.435212
-1.433808
-1.431063
-1.4352049999999998
-1.435212
-1.433808
-1.431063
-1.4352049999999998
-1.435212
-1.433808
-1.431063
-1.4352049999999998
-1.435212
-1.433808
-1.431063
-1.4352049999999998
-1.435212
-1.433808
-1.431063
-1.4352049999999998
-1.435212
-1.433808
-1.431063
-1.4352049999999998
-1.435212
