1.4391920000000002
1.4390099999999997
1.4392739999999993
1.4393700000000003
1.4391920000000002
1.4390099999999997
1.4392739999999993
1.4393700000000003
1.4391920000000002
1.4390099999999997
1.4392739999999993
1.4393700000000003
1.4391920000000002
1.4390099999999997
1.4392739999999993
1.4393700000000003
1.4391920000000002
1.4390099999999997
1.4392739999999993
1.4393700000000003
1.4391920000000002
1.4390099999999997
1.4392739999999993
1.4393700000000003
1.4391920000000002
1.4390099999999997
1.4392739999999993
1.4393700000000003
1.4391920000000002
1.4390099999999997
1.4392739999999993
1.4393700000000003
1.4391920000000002
1.4390099999999997
1.4392739999999993
1.4393700000000003
1.4391920000000002
1.4390099999999997
1.4392739999999993
1.4393700000000003
1.4391920000000002
1.4390099999999997
1.4392739999999993
1.4393700000000003
1.4391920000000002
1.4390099999999997
1.4392739999999993
1.4393700000000003
1.4391920000000002
1.4390099999999997
1.4392739999999993
1.4393700000000003
1.4391920000000002
1.4390099999999997
1.4392739999999993
1.4393700000000003
1.4391920000000002
1.4390099999999997
1.4392739999999993
1.4393700000000003
1.4391920000000002
1.4390099999999997
1.4392739999999993
1.4393700000000003
1.4391920000000002
1.4390099999999997
1.4392739999999993
1.4393700000000003
1.4391920000000002
1.4390099999999997
1.4392739999999993
1.4393700000000003
1.4391920000000002
1.4390099999999997
1.4392739999999993
1.4393700000000003
1.4391920000000002
1.4390099999999997
1.4392739999999993
1.4393700000000003
1.4391920000000002
1.4390099999999997
1.4392739999999993
1.4393700000000003
1.4391920000000002
1.4390099999999997
1.4392739999999993
1.4393700000000003
1.4391920000000002
1.4390099999999997
1.4392739999999993
1.4393700000000003
1.4391920000000002
1.4390099999999997
1.4392739999999993
1.4393700000000003
1.4391920000000002
1.4390099999999997
1.4392739999999993
1.4393700000000003
1.4391920000000002
1.4390099999999997
1.4392739999999993
1.4393700000000003
1.4391920000000002
1.4390099999999997
1.4392739999999993
1.4393700000000003
-1.4393140000000004
-1.438968
-1.4392379999999996
-1.4393260000000003
-1.4393140000000004
-1.438968
-1.4392379999999996
-1.4393260000000003
-1.4393140000000004
-1.438968
-1.4392379999999996
-1.4393260000000003
-1.4393140000000004
-1.438968
-1.4392379999999996
-1.4393260000000003
-1.4393140000000004
-1.438968
-1.4392379999999996
-1.4393260000000003
-1.4393140000000004
-1.438968
-1.4392379999999996
-1.4393260000000003
-1.4393140000000004
-1.438968
-1.4392379999999996
-1.4393260000000003
-1.4393140000000004
-1.438968
-1.4392379999999996
-1.4393260000000003
-1.4393140000000004
-1.438968
-1.4392379999999996
-1.4393260000000003
-1.4393140000000004
-1.438968
-1.4392379999999996
-1.4393260000000003
-1.4393140000000004
-1.438968
-1.4392379999999996
-1.4393260000000003
-1.4393140000000004
-1.438968
-1.4392379999999996
-1.4393260000000003
-1.4393140000000004
-1.438968
-1.4392379999999996
-1.4393260000000003
-1.4393140000000004
-1.438968
-1.4392379999999996
-1.4393260000000003
-1.4393140000000004
-1.438968
-1.4392379999999996
-1.4393260000000003
-1.4393140000000004
-1.438968
-1.4392379999999996
-1.4393260000000003
-1.4393140000000004
-1.438968
-1.4392379999999996
-1.4393260000000003
-1.4393140000000004
-1.438968
-1.4392379999999996
-1.4393260000000003
-1.4393140000000004
-1.438968
-1.4392379999999996
-1.4393260000000003
-1.4393140000000004
-1.438968
-1.4392379999999996
-1.4393260000000003
-1.4393140000000004
-1.438968
-1.4392379999999996
-1.4393260000000003
-1.4393140000000004
-1.438968
-1.4392379999999996
-1.4393260000000003
-1.4393140000000004
-1.438968
-1.4392379999999996
-1.4393260000000003
-1.4393140000000004
-1.438968
-1.4392379999999996
-1.4393260000000003
-1.4393140000000004
-1.438968
-1.4392379999999996
-1.4393260000000003
-1.4393140000000004
-1.438968
-1.4392379999999996
-1.4393260000000003
-1.4393140000000004
-1.438968
-1.4392379999999996
-1.4393260000000003
