1.4707360000000005
1.4707360000000005
1.4707360000000005
1.4707360000000005
1.4707360000000005
1.4707360000000005
1.4707360000000005
1.4707360000000005
1.4707360000000005
1.4707360000000005
1.4707360000000005
1.4707360000000005
1.4707360000000005
1.4707360000000005
1.4707360000000005
1.4707360000000005
1.4707360000000005
1.4707360000000005
1.4707360000000005
1.4707360000000005
1.4707360000000005
1.4707360000000005
1.4707360000000005
1.4707360000000005
1.4707360000000005
1.4707360000000005
1.4707360000000005
1.4707360000000005
1.4707360000000005
1.4707360000000005
1.4707360000000005
1.4707360000000005
1.4707360000000005
1.4707360000000005
1.4707360000000005
1.4707360000000005
1.4707360000000005
1.4707360000000005
1.4707360000000005
1.4707360000000005
1.4707360000000005
1.4707360000000005
1.4707360000000005
1.4707360000000005
1.4707360000000005
1.4707360000000005
1.4707360000000005
1.4707360000000005
1.4707360000000005
1.4707360000000005
1.4707360000000005
1.4707360000000005
1.4707360000000005
1.4707360000000005
1.4707360000000005
1.4707360000000005
1.4707360000000005
1.4707360000000005
1.4707360000000005
1.4707360000000005
1.4707360000000005
1.4707360000000005
1.4707360000000005
1.4707360000000005
1.4707360000000005
1.4707360000000005
1.4707360000000005
1.4707360000000005
1.4707360000000005
1.4707360000000005
1.4707360000000005
1.4707360000000005
-1.4707359999999996
-1.4707359999999996
-1.4707359999999996
-1.4707359999999996
-1.4707359999999996
-1.4707359999999996
-1.4707359999999996
-1.4707359999999996
-1.4707359999999996
-1.4707359999999996
-1.4707359999999996
-1.4707359999999996
-1.4707359999999996
-1.4707359999999996
-1.4707359999999996
-1.4707359999999996
-1.4707359999999996
-1.4707359999999996
-1.4707359999999996
-1.4707359999999996
-1.4707359999999996
-1.4707359999999996
-1.4707359999999996
-1.4707359999999996
-1.4707359999999996
-1.4707359999999996
-1.4707359999999996
-1.4707359999999996
-1.4707359999999996
-1.4707359999999996
-1.4707359999999996
-1.4707359999999996
-1.4707359999999996
-1.4707359999999996
-1.4707359999999996
-1.4707359999999996
-1.4707359999999996
-1.4707359999999996
-1.4707359999999996
-1.4707359999999996
-1.4707359999999996
-1.4707359999999996
-1.4707359999999996
-1.4707359999999996
-1.4707359999999996
-1.4707359999999996
-1.4707359999999996
-1.4707359999999996
-1.4707359999999996
-1.4707359999999996
-1.4707359999999996
-1.4707359999999996
-1.4707359999999996
-1.4707359999999996
-1.4707359999999996
-1.4707359999999996
-1.4707359999999996
-1.4707359999999996
-1.4707359999999996
-1.4707359999999996
-1.4707359999999996
-1.4707359999999996
-1.4707359999999996
-1.4707359999999996
-1.4707359999999996
-1.4707359999999996
-1.4707359999999996
-1.4707359999999996
-1.4707359999999996
-1.4707359999999996
-1.4707359999999996
-1.4707359999999996
