1.4427540000000008
1.4425500000000007
1.4430010000000006
1.4434210000000007
1.4427540000000008
1.4425500000000007
1.4430010000000006
1.4434210000000007
1.4427540000000008
1.4425500000000007
1.4430010000000006
1.4434210000000007
1.4427540000000008
1.4425500000000007
1.4430010000000006
1.4434210000000007
1.4427540000000008
1.4425500000000007
1.4430010000000006
1.4434210000000007
1.4427540000000008
1.4425500000000007
1.4430010000000006
1.4434210000000007
1.4427540000000008
1.4425500000000007
1.4430010000000006
1.4434210000000007
1.4427540000000008
1.4425500000000007
1.4430010000000006
1.4434210000000007
1.4427540000000008
1.4425500000000007
1.4430010000000006
1.4434210000000007
1.4427540000000008
1.4425500000000007
1.4430010000000006
1.4434210000000007
1.4427540000000008
1.4425500000000007
1.4430010000000006
1.4434210000000007
1.4427540000000008
1.4425500000000007
1.4430010000000006
1.4434210000000007
1.4427540000000008
1.4425500000000007
1.4430010000000006
1.4434210000000007
1.4427540000000008
1.4425500000000007
1.4430010000000006
1.4434210000000007
1.4427540000000008
1.4425500000000007
1.4430010000000006
1.4434210000000007
1.4427540000000008
1.4425500000000007
1.4430010000000006
1.4434210000000007
1.4427540000000008
1.4425500000000007
1.4430010000000006
1.4434210000000007
1.4427540000000008
1.4425500000000007
1.4430010000000006
1.4434210000000007
1.4427540000000008
1.4425500000000007
1.4430010000000006
1.4434210000000007
1.4427540000000008
1.4425500000000007
1.4430010000000006
1.4434210000000007
1.4427540000000008
1.4425500000000007
1.4430010000000006
1.4434210000000007
1.4427540000000008
1.4425500000000007
1.4430010000000006
1.4434210000000007
1.4427540000000008
1.4425500000000007
1.4430010000000006
1.4434210000000007
1.4427540000000008
1.4425500000000007
1.4430010000000006
1.4434210000000007
1.4427540000000008
1.4425500000000007
1.4430010000000006
1.4434210000000007
1.4427540000000008
1.4425500000000007
1.4430010000000006
1.4434210000000007
1.4427540000000008
1.4425500000000007
1.4430010000000006
1.4434210000000007
-1.4431830000000003
-1.4432200000000002
-1.4424409999999996
-1.4428799999999997
-1.4431830000000003
-1.4432200000000002
-1.4424409999999996
-1.4428799999999997
-1.4431830000000003
-1.4432200000000002
-1.4424409999999996
-1.4428799999999997
-1.4431830000000003
-1.4432200000000002
-1.4424409999999996
-1.4428799999999997
-1.4431830000000003
-1.4432200000000002
-1.4424409999999996
-1.4428799999999997
-1.4431830000000003
-1.4432200000000002
-1.4424409999999996
-1.4428799999999997
-1.4431830000000003
-1.4432200000000002
-1.4424409999999996
-1.4428799999999997
-1.4431830000000003
-1.4432200000000002
-1.4424409999999996
-1.4428799999999997
-1.4431830000000003
-1.4432200000000002
-1.4424409999999996
-1.4428799999999997
-1.4431830000000003
-1.4432200000000002
-1.4424409999999996
-1.4428799999999997
-1.4431830000000003
-1.4432200000000002
-1.4424409999999996
-1.4428799999999997
-1.4431830000000003
-1.4432200000000002
-1.4424409999999996
-1.4428799999999997
-1.4431830000000003
-1.4432200000000002
-1.4424409999999996
-1.4428799999999997
-1.4431830000000003
-1.4432200000000002
-1.4424409999999996
-1.4428799999999997
-1.4431830000000003
-1.4432200000000002
-1.4424409999999996
-1.4428799999999997
-1.4431830000000003
-1.4432200000000002
-1.4424409999999996
-1.4428799999999997
-1.4431830000000003
-1.4432200000000002
-1.4424409999999996
-1.4428799999999997
-1.4431830000000003
-1.4432200000000002
-1.4424409999999996
-1.4428799999999997
-1.4431830000000003
-1.4432200000000002
-1.4424409999999996
-1.4428799999999997
-1.4431830000000003
-1.4432200000000002
-1.4424409999999996
-1.4428799999999997
-1.4431830000000003
-1.4432200000000002
-1.4424409999999996
-1.4428799999999997
-1.4431830000000003
-1.4432200000000002
-1.4424409999999996
-1.4428799999999997
-1.4431830000000003
-1.4432200000000002
-1.4424409999999996
-1.4428799999999997
-1.4431830000000003
-1.4432200000000002
-1.4424409999999996
-1.4428799999999997
-1.4431830000000003
-1.4432200000000002
-1.4424409999999996
-1.4428799999999997
-1.4431830000000003
-1.4432200000000002
-1.4424409999999996
-1.4428799999999997
-1.4431830000000003
-1.4432200000000002
-1.4424409999999996
-1.4428799999999997
