1.3793550000000003
1.3944100000000006
1.3793550000000003
1.3944100000000006
1.3793550000000003
1.3944100000000006
1.3793550000000003
1.3944100000000006
1.3793550000000003
1.3944100000000006
1.3793550000000003
1.3944100000000006
1.3793550000000003
1.3944100000000006
1.3793550000000003
1.3944100000000006
1.3793550000000003
1.3944100000000006
1.3793550000000003
1.3944100000000006
1.3793550000000003
1.3944100000000006
1.3793550000000003
1.3944100000000006
1.3793550000000003
1.3944100000000006
1.3793550000000003
1.3944100000000006
1.3793550000000003
1.3944100000000006
1.3793550000000003
1.3944100000000006
1.3793550000000003
1.3944100000000006
1.3793550000000003
1.3944100000000006
1.3793550000000003
1.3944100000000006
1.3793550000000003
1.3944100000000006
1.3793550000000003
1.3944100000000006
1.3793550000000003
1.3944100000000006
1.3793550000000003
1.3944100000000006
1.3793550000000003
1.3944100000000006
1.3793550000000003
1.3944100000000006
1.3793550000000003
1.3944100000000006
1.3793550000000003
1.3944100000000006
1.3793550000000003
1.3944100000000006
1.3793550000000003
1.3944100000000006
1.3793550000000003
1.3944100000000006
1.3793550000000003
1.3944100000000006
1.3793550000000003
1.3944100000000006
1.3793550000000003
1.3944100000000006
1.3793550000000003
1.3944100000000006
1.3793550000000003
1.3944100000000006
1.3793550000000003
1.3944100000000006
1.3793550000000003
1.3944100000000006
1.3793550000000003
1.3944100000000006
1.3793550000000003
1.3944100000000006
1.3793550000000003
1.3944100000000006
1.3793550000000003
1.3944100000000006
1.3793550000000003
1.3944100000000006
1.3793550000000003
1.3944100000000006
1.3793550000000003
1.3944100000000006
1.3793550000000003
1.3944100000000006
1.3793550000000003
1.3944100000000006
1.3793550000000003
1.3944100000000006
1.3793550000000003
1.3944100000000006
1.3793550000000003
1.3944100000000006
1.3793550000000003
1.3944100000000006
1.3793550000000003
1.3944100000000006
1.3793550000000003
1.3944100000000006
1.3793550000000003
1.3944100000000006
1.3793550000000003
1.3944100000000006
1.3793550000000003
1.3944100000000006
1.3793550000000003
1.3944100000000006
1.3793550000000003
1.3944100000000006
1.3793550000000003
1.3944100000000006
1.3793550000000003
1.3944100000000006
1.3793550000000003
1.3944100000000006
-1.3853160000000004
-1.3884489999999996
-1.3853160000000004
-1.3884489999999996
-1.3853160000000004
-1.3884489999999996
-1.3853160000000004
-1.3884489999999996
-1.3853160000000004
-1.3884489999999996
-1.3853160000000004
-1.3884489999999996
-1.3853160000000004
-1.3884489999999996
-1.3853160000000004
-1.3884489999999996
-1.3853160000000004
-1.3884489999999996
-1.3853160000000004
-1.3884489999999996
-1.3853160000000004
-1.3884489999999996
-1.3853160000000004
-1.3884489999999996
-1.3853160000000004
-1.3884489999999996
-1.3853160000000004
-1.3884489999999996
-1.3853160000000004
-1.3884489999999996
-1.3853160000000004
-1.3884489999999996
-1.3853160000000004
-1.3884489999999996
-1.3853160000000004
-1.3884489999999996
-1.3853160000000004
-1.3884489999999996
-1.3853160000000004
-1.3884489999999996
-1.3853160000000004
-1.3884489999999996
-1.3853160000000004
-1.3884489999999996
-1.3853160000000004
-1.3884489999999996
-1.3853160000000004
-1.3884489999999996
-1.3853160000000004
-1.3884489999999996
-1.3853160000000004
-1.3884489999999996
-1.3853160000000004
-1.3884489999999996
-1.3853160000000004
-1.3884489999999996
-1.3853160000000004
-1.3884489999999996
-1.3853160000000004
-1.3884489999999996
-1.3853160000000004
-1.3884489999999996
-1.3853160000000004
-1.3884489999999996
-1.3853160000000004
-1.3884489999999996
-1.3853160000000004
-1.3884489999999996
-1.3853160000000004
-1.3884489999999996
-1.3853160000000004
-1.3884489999999996
-1.3853160000000004
-1.3884489999999996
-1.3853160000000004
-1.3884489999999996
-1.3853160000000004
-1.3884489999999996
-1.3853160000000004
-1.3884489999999996
-1.3853160000000004
-1.3884489999999996
-1.3853160000000004
-1.3884489999999996
-1.3853160000000004
-1.3884489999999996
-1.3853160000000004
-1.3884489999999996
-1.3853160000000004
-1.3884489999999996
-1.3853160000000004
-1.3884489999999996
-1.3853160000000004
-1.3884489999999996
-1.3853160000000004
-1.3884489999999996
-1.3853160000000004
-1.3884489999999996
-1.3853160000000004
-1.3884489999999996
-1.3853160000000004
-1.3884489999999996
-1.3853160000000004
-1.3884489999999996
-1.3853160000000004
-1.3884489999999996
-1.3853160000000004
-1.3884489999999996
-1.3853160000000004
-1.3884489999999996
-1.3853160000000004
-1.3884489999999996
-1.3853160000000004
-1.3884489999999996
-1.3853160000000004
-1.3884489999999996
-1.3853160000000004
-1.3884489999999996
-1.3853160000000004
-1.3884489999999996
