1.4338230000000003
1.4336339999999996
1.4338230000000003
1.4336339999999996
1.4338230000000003
1.4336339999999996
1.4338230000000003
1.4336339999999996
1.4338230000000003
1.4336339999999996
1.4338230000000003
1.4336339999999996
1.4338230000000003
1.4336339999999996
1.4338230000000003
1.4336339999999996
1.4338230000000003
1.4336339999999996
1.4338230000000003
1.4336339999999996
1.4338230000000003
1.4336339999999996
1.4338230000000003
1.4336339999999996
1.4338230000000003
1.4336339999999996
1.4338230000000003
1.4336339999999996
1.4338230000000003
1.4336339999999996
1.4338230000000003
1.4336339999999996
1.4338230000000003
1.4336339999999996
1.4338230000000003
1.4336339999999996
1.4338230000000003
1.4336339999999996
1.4338230000000003
1.4336339999999996
1.4338230000000003
1.4336339999999996
1.4338230000000003
1.4336339999999996
1.4338230000000003
1.4336339999999996
1.4338230000000003
1.4336339999999996
1.4338230000000003
1.4336339999999996
1.4338230000000003
1.4336339999999996
1.4338230000000003
1.4336339999999996
1.4338230000000003
1.4336339999999996
1.4338230000000003
1.4336339999999996
1.4338230000000003
1.4336339999999996
1.4338230000000003
1.4336339999999996
1.4338230000000003
1.4336339999999996
1.4338230000000003
1.4336339999999996
1.4338230000000003
1.4336339999999996
1.4338230000000003
1.4336339999999996
1.4338230000000003
1.4336339999999996
1.4338230000000003
1.4336339999999996
1.4338230000000003
1.4336339999999996
1.4338230000000003
1.4336339999999996
1.4338230000000003
1.4336339999999996
1.4338230000000003
1.4336339999999996
1.4338230000000003
1.4336339999999996
1.4338230000000003
1.4336339999999996
1.4338230000000003
1.4336339999999996
1.4338230000000003
1.4336339999999996
1.4338230000000003
1.4336339999999996
1.4338230000000003
1.4336339999999996
1.4338230000000003
1.4336339999999996
1.4338230000000003
1.4336339999999996
1.4338230000000003
1.4336339999999996
1.4338230000000003
1.4336339999999996
1.4338230000000003
1.4336339999999996
1.4338230000000003
1.4336339999999996
1.4338230000000003
1.4336339999999996
1.4338230000000003
1.4336339999999996
1.4338230000000003
1.4336339999999996
1.4338230000000003
1.4336339999999996
1.4338230000000003
1.4336339999999996
1.4338230000000003
1.4336339999999996
1.4338230000000003
1.4336339999999996
-1.4360660000000003
-1.4313890000000002
-1.4360660000000003
-1.4313890000000002
-1.4360660000000003
-1.4313890000000002
-1.4360660000000003
-1.4313890000000002
-1.4360660000000003
-1.4313890000000002
-1.4360660000000003
-1.4313890000000002
-1.4360660000000003
-1.4313890000000002
-1.4360660000000003
-1.4313890000000002
-1.4360660000000003
-1.4313890000000002
-1.4360660000000003
-1.4313890000000002
-1.4360660000000003
-1.4313890000000002
-1.4360660000000003
-1.4313890000000002
-1.4360660000000003
-1.4313890000000002
-1.4360660000000003
-1.4313890000000002
-1.4360660000000003
-1.4313890000000002
-1.4360660000000003
-1.4313890000000002
-1.4360660000000003
-1.4313890000000002
-1.4360660000000003
-1.4313890000000002
-1.4360660000000003
-1.4313890000000002
-1.4360660000000003
-1.4313890000000002
-1.4360660000000003
-1.4313890000000002
-1.4360660000000003
-1.4313890000000002
-1.4360660000000003
-1.4313890000000002
-1.4360660000000003
-1.4313890000000002
-1.4360660000000003
-1.4313890000000002
-1.4360660000000003
-1.4313890000000002
-1.4360660000000003
-1.4313890000000002
-1.4360660000000003
-1.4313890000000002
-1.4360660000000003
-1.4313890000000002
-1.4360660000000003
-1.4313890000000002
-1.4360660000000003
-1.4313890000000002
-1.4360660000000003
-1.4313890000000002
-1.4360660000000003
-1.4313890000000002
-1.4360660000000003
-1.4313890000000002
-1.4360660000000003
-1.4313890000000002
-1.4360660000000003
-1.4313890000000002
-1.4360660000000003
-1.4313890000000002
-1.4360660000000003
-1.4313890000000002
-1.4360660000000003
-1.4313890000000002
-1.4360660000000003
-1.4313890000000002
-1.4360660000000003
-1.4313890000000002
-1.4360660000000003
-1.4313890000000002
-1.4360660000000003
-1.4313890000000002
-1.4360660000000003
-1.4313890000000002
-1.4360660000000003
-1.4313890000000002
-1.4360660000000003
-1.4313890000000002
-1.4360660000000003
-1.4313890000000002
-1.4360660000000003
-1.4313890000000002
-1.4360660000000003
-1.4313890000000002
-1.4360660000000003
-1.4313890000000002
-1.4360660000000003
-1.4313890000000002
-1.4360660000000003
-1.4313890000000002
-1.4360660000000003
-1.4313890000000002
-1.4360660000000003
-1.4313890000000002
-1.4360660000000003
-1.4313890000000002
-1.4360660000000003
-1.4313890000000002
-1.4360660000000003
-1.4313890000000002
-1.4360660000000003
-1.4313890000000002
-1.4360660000000003
-1.4313890000000002
-1.4360660000000003
-1.4313890000000002
