1.3073730000000001
1.3036569999999994
1.3073730000000001
1.3036569999999994
1.3073730000000001
1.3036569999999994
1.3073730000000001
1.3036569999999994
1.3073730000000001
1.3036569999999994
1.3073730000000001
1.3036569999999994
1.3073730000000001
1.3036569999999994
1.3073730000000001
1.3036569999999994
1.3073730000000001
1.3036569999999994
1.3073730000000001
1.3036569999999994
1.3073730000000001
1.3036569999999994
1.3073730000000001
1.3036569999999994
1.3073730000000001
1.3036569999999994
1.3073730000000001
1.3036569999999994
1.3073730000000001
1.3036569999999994
1.3073730000000001
1.3036569999999994
1.3073730000000001
1.3036569999999994
1.3073730000000001
1.3036569999999994
1.3073730000000001
1.3036569999999994
1.3073730000000001
1.3036569999999994
1.3073730000000001
1.3036569999999994
1.3073730000000001
1.3036569999999994
1.3073730000000001
1.3036569999999994
1.3073730000000001
1.3036569999999994
1.3073730000000001
1.3036569999999994
1.3073730000000001
1.3036569999999994
1.3073730000000001
1.3036569999999994
1.3073730000000001
1.3036569999999994
1.3073730000000001
1.3036569999999994
1.3073730000000001
1.3036569999999994
1.3073730000000001
1.3036569999999994
1.3073730000000001
1.3036569999999994
1.3073730000000001
1.3036569999999994
1.3073730000000001
1.3036569999999994
1.3073730000000001
1.3036569999999994
1.3073730000000001
1.3036569999999994
1.3073730000000001
1.3036569999999994
1.3073730000000001
1.3036569999999994
1.3073730000000001
1.3036569999999994
1.3073730000000001
1.3036569999999994
1.3073730000000001
1.3036569999999994
1.3073730000000001
1.3036569999999994
1.3073730000000001
1.3036569999999994
1.3073730000000001
1.3036569999999994
1.3073730000000001
1.3036569999999994
1.3073730000000001
1.3036569999999994
1.3073730000000001
1.3036569999999994
1.3073730000000001
1.3036569999999994
1.3073730000000001
1.3036569999999994
1.3073730000000001
1.3036569999999994
1.3073730000000001
1.3036569999999994
1.3073730000000001
1.3036569999999994
1.3073730000000001
1.3036569999999994
1.3073730000000001
1.3036569999999994
1.3073730000000001
1.3036569999999994
1.3073730000000001
1.3036569999999994
1.3073730000000001
1.3036569999999994
1.3073730000000001
1.3036569999999994
1.3073730000000001
1.3036569999999994
1.3073730000000001
1.3036569999999994
-1.3039839999999998
-1.3070449999999996
-1.3039839999999998
-1.3070449999999996
-1.3039839999999998
-1.3070449999999996
-1.3039839999999998
-1.3070449999999996
-1.3039839999999998
-1.3070449999999996
-1.3039839999999998
-1.3070449999999996
-1.3039839999999998
-1.3070449999999996
-1.3039839999999998
-1.3070449999999996
-1.3039839999999998
-1.3070449999999996
-1.3039839999999998
-1.3070449999999996
-1.3039839999999998
-1.3070449999999996
-1.3039839999999998
-1.3070449999999996
-1.3039839999999998
-1.3070449999999996
-1.3039839999999998
-1.3070449999999996
-1.3039839999999998
-1.3070449999999996
-1.3039839999999998
-1.3070449999999996
-1.3039839999999998
-1.3070449999999996
-1.3039839999999998
-1.3070449999999996
-1.3039839999999998
-1.3070449999999996
-1.3039839999999998
-1.3070449999999996
-1.3039839999999998
-1.3070449999999996
-1.3039839999999998
-1.3070449999999996
-1.3039839999999998
-1.3070449999999996
-1.3039839999999998
-1.3070449999999996
-1.3039839999999998
-1.3070449999999996
-1.3039839999999998
-1.3070449999999996
-1.3039839999999998
-1.3070449999999996
-1.3039839999999998
-1.3070449999999996
-1.3039839999999998
-1.3070449999999996
-1.3039839999999998
-1.3070449999999996
-1.3039839999999998
-1.3070449999999996
-1.3039839999999998
-1.3070449999999996
-1.3039839999999998
-1.3070449999999996
-1.3039839999999998
-1.3070449999999996
-1.3039839999999998
-1.3070449999999996
-1.3039839999999998
-1.3070449999999996
-1.3039839999999998
-1.3070449999999996
-1.3039839999999998
-1.3070449999999996
-1.3039839999999998
-1.3070449999999996
-1.3039839999999998
-1.3070449999999996
-1.3039839999999998
-1.3070449999999996
-1.3039839999999998
-1.3070449999999996
-1.3039839999999998
-1.3070449999999996
-1.3039839999999998
-1.3070449999999996
-1.3039839999999998
-1.3070449999999996
-1.3039839999999998
-1.3070449999999996
-1.3039839999999998
-1.3070449999999996
-1.3039839999999998
-1.3070449999999996
-1.3039839999999998
-1.3070449999999996
-1.3039839999999998
-1.3070449999999996
-1.3039839999999998
-1.3070449999999996
-1.3039839999999998
-1.3070449999999996
-1.3039839999999998
-1.3070449999999996
-1.3039839999999998
-1.3070449999999996
-1.3039839999999998
-1.3070449999999996
-1.3039839999999998
-1.3070449999999996
-1.3039839999999998
-1.3070449999999996
-1.3039839999999998
-1.3070449999999996
-1.3039839999999998
-1.3070449999999996
-1.3039839999999998
-1.3070449999999996
