1.2452839999999998
1.2569180000000006
1.2952759999999994
1.3546110000000002
1.2452839999999998
1.2569180000000006
1.2952759999999994
1.3546110000000002
1.2452839999999998
1.2569180000000006
1.2952759999999994
1.3546110000000002
1.2452839999999998
1.2569180000000006
1.2952759999999994
1.3546110000000002
1.2452839999999998
1.2569180000000006
1.2952759999999994
1.3546110000000002
1.2452839999999998
1.2569180000000006
1.2952759999999994
1.3546110000000002
1.2452839999999998
1.2569180000000006
1.2952759999999994
1.3546110000000002
1.2452839999999998
1.2569180000000006
1.2952759999999994
1.3546110000000002
1.2452839999999998
1.2569180000000006
1.2952759999999994
1.3546110000000002
1.2452839999999998
1.2569180000000006
1.2952759999999994
1.3546110000000002
1.2452839999999998
1.2569180000000006
1.2952759999999994
1.3546110000000002
1.2452839999999998
1.2569180000000006
1.2952759999999994
1.3546110000000002
1.2452839999999998
1.2569180000000006
1.2952759999999994
1.3546110000000002
1.2452839999999998
1.2569180000000006
1.2952759999999994
1.3546110000000002
1.2452839999999998
1.2569180000000006
1.2952759999999994
1.3546110000000002
1.2452839999999998
1.2569180000000006
1.2952759999999994
1.3546110000000002
1.2452839999999998
1.2569180000000006
1.2952759999999994
1.3546110000000002
1.2452839999999998
1.2569180000000006
1.2952759999999994
1.3546110000000002
1.2452839999999998
1.2569180000000006
1.2952759999999994
1.3546110000000002
1.2452839999999998
1.2569180000000006
1.2952759999999994
1.3546110000000002
1.2452839999999998
1.2569180000000006
1.2952759999999994
1.3546110000000002
1.2452839999999998
1.2569180000000006
1.2952759999999994
1.3546110000000002
1.2452839999999998
1.2569180000000006
1.2952759999999994
1.3546110000000002
1.2452839999999998
1.2569180000000006
1.2952759999999994
1.3546110000000002
1.2452839999999998
1.2569180000000006
1.2952759999999994
1.3546110000000002
1.2452839999999998
1.2569180000000006
1.2952759999999994
1.3546110000000002
1.2452839999999998
1.2569180000000006
1.2952759999999994
1.3546110000000002
1.2452839999999998
1.2569180000000006
1.2952759999999994
1.3546110000000002
1.2452839999999998
1.2569180000000006
1.2952759999999994
1.3546110000000002
1.2452839999999998
1.2569180000000006
1.2952759999999994
1.3546110000000002
1.2452839999999998
1.2569180000000006
1.2952759999999994
1.3546110000000002
1.2452839999999998
1.2569180000000006
1.2952759999999994
1.3546110000000002
1.2452839999999998
1.2569180000000006
1.2952759999999994
1.3546110000000002
1.2452839999999998
1.2569180000000006
1.2952759999999994
1.3546110000000002
1.2452839999999998
1.2569180000000006
1.2952759999999994
1.3546110000000002
1.2452839999999998
1.2569180000000006
1.2952759999999994
1.3546110000000002
1.2452839999999998
1.2569180000000006
1.2952759999999994
1.3546110000000002
1.2452839999999998
1.2569180000000006
1.2952759999999994
1.3546110000000002
1.2452839999999998
1.2569180000000006
1.2952759999999994
1.3546110000000002
1.2452839999999998
1.2569180000000006
1.2952759999999994
1.3546110000000002
1.2452839999999998
1.2569180000000006
1.2952759999999994
1.3546110000000002
1.2452839999999998
1.2569180000000006
1.2952759999999994
1.3546110000000002
1.2452839999999998
1.2569180000000006
1.2952759999999994
1.3546110000000002
1.2452839999999998
1.2569180000000006
1.2952759999999994
1.3546110000000002
1.2452839999999998
1.2569180000000006
1.2952759999999994
1.3546110000000002
1.2452839999999998
1.2569180000000006
1.2952759999999994
1.3546110000000002
1.2452839999999998
1.2569180000000006
1.2952759999999994
1.3546110000000002
1.2452839999999998
1.2569180000000006
1.2952759999999994
1.3546110000000002
1.2452839999999998
1.2569180000000006
1.2952759999999994
1.3546110000000002
1.2452839999999998
1.2569180000000006
1.2952759999999994
1.3546110000000002
-1.2590320000000004
-1.2878980000000002
-1.2973039999999996
-1.3078570000000003
-1.2590320000000004
-1.2878980000000002
-1.2973039999999996
-1.3078570000000003
-1.2590320000000004
-1.2878980000000002
-1.2973039999999996
-1.3078570000000003
-1.2590320000000004
-1.2878980000000002
-1.2973039999999996
-1.3078570000000003
-1.2590320000000004
-1.2878980000000002
-1.2973039999999996
-1.3078570000000003
-1.2590320000000004
-1.2878980000000002
-1.2973039999999996
-1.3078570000000003
-1.2590320000000004
-1.2878980000000002
-1.2973039999999996
-1.3078570000000003
-1.2590320000000004
-1.2878980000000002
-1.2973039999999996
-1.3078570000000003
-1.2590320000000004
-1.2878980000000002
-1.2973039999999996
-1.3078570000000003
-1.2590320000000004
-1.2878980000000002
-1.2973039999999996
-1.3078570000000003
-1.2590320000000004
-1.2878980000000002
-1.2973039999999996
-1.3078570000000003
-1.2590320000000004
-1.2878980000000002
-1.2973039999999996
-1.3078570000000003
-1.2590320000000004
-1.2878980000000002
-1.2973039999999996
-1.3078570000000003
-1.2590320000000004
-1.2878980000000002
-1.2973039999999996
-1.3078570000000003
-1.2590320000000004
-1.2878980000000002
-1.2973039999999996
-1.3078570000000003
-1.2590320000000004
-1.2878980000000002
-1.2973039999999996
-1.3078570000000003
-1.2590320000000004
-1.2878980000000002
-1.2973039999999996
-1.3078570000000003
-1.2590320000000004
-1.2878980000000002
-1.2973039999999996
-1.3078570000000003
-1.2590320000000004
-1.2878980000000002
-1.2973039999999996
-1.3078570000000003
-1.2590320000000004
-1.2878980000000002
-1.2973039999999996
-1.3078570000000003
-1.2590320000000004
-1.2878980000000002
-1.2973039999999996
-1.3078570000000003
-1.2590320000000004
-1.2878980000000002
-1.2973039999999996
-1.3078570000000003
-1.2590320000000004
-1.2878980000000002
-1.2973039999999996
-1.3078570000000003
-1.2590320000000004
-1.2878980000000002
-1.2973039999999996
-1.3078570000000003
-1.2590320000000004
-1.2878980000000002
-1.2973039999999996
-1.3078570000000003
-1.2590320000000004
-1.2878980000000002
-1.2973039999999996
-1.3078570000000003
-1.2590320000000004
-1.2878980000000002
-1.2973039999999996
-1.3078570000000003
-1.2590320000000004
-1.2878980000000002
-1.2973039999999996
-1.3078570000000003
-1.2590320000000004
-1.2878980000000002
-1.2973039999999996
-1.3078570000000003
-1.2590320000000004
-1.2878980000000002
-1.2973039999999996
-1.3078570000000003
-1.2590320000000004
-1.2878980000000002
-1.2973039999999996
-1.3078570000000003
-1.2590320000000004
-1.2878980000000002
-1.2973039999999996
-1.3078570000000003
-1.2590320000000004
-1.2878980000000002
-1.2973039999999996
-1.3078570000000003
-1.2590320000000004
-1.2878980000000002
-1.2973039999999996
-1.3078570000000003
-1.2590320000000004
-1.2878980000000002
-1.2973039999999996
-1.3078570000000003
-1.2590320000000004
-1.2878980000000002
-1.2973039999999996
-1.3078570000000003
-1.2590320000000004
-1.2878980000000002
-1.2973039999999996
-1.3078570000000003
-1.2590320000000004
-1.2878980000000002
-1.2973039999999996
-1.3078570000000003
-1.2590320000000004
-1.2878980000000002
-1.2973039999999996
-1.3078570000000003
-1.2590320000000004
-1.2878980000000002
-1.2973039999999996
-1.3078570000000003
-1.2590320000000004
-1.2878980000000002
-1.2973039999999996
-1.3078570000000003
-1.2590320000000004
-1.2878980000000002
-1.2973039999999996
-1.3078570000000003
-1.2590320000000004
-1.2878980000000002
-1.2973039999999996
-1.3078570000000003
-1.2590320000000004
-1.2878980000000002
-1.2973039999999996
-1.3078570000000003
-1.2590320000000004
-1.2878980000000002
-1.2973039999999996
-1.3078570000000003
-1.2590320000000004
-1.2878980000000002
-1.2973039999999996
-1.3078570000000003
-1.2590320000000004
-1.2878980000000002
-1.2973039999999996
-1.3078570000000003
-1.2590320000000004
-1.2878980000000002
-1.2973039999999996
-1.3078570000000003
-1.2590320000000004
-1.2878980000000002
-1.2973039999999996
-1.3078570000000003
-1.2590320000000004
-1.2878980000000002
-1.2973039999999996
-1.3078570000000003
