1.3694469999999992
1.3711970000000004
1.3694469999999992
1.3711970000000004
1.3694469999999992
1.3711970000000004
1.3694469999999992
1.3711970000000004
1.3694469999999992
1.3711970000000004
1.3694469999999992
1.3711970000000004
1.3694469999999992
1.3711970000000004
1.3694469999999992
1.3711970000000004
1.3694469999999992
1.3711970000000004
1.3694469999999992
1.3711970000000004
1.3694469999999992
1.3711970000000004
1.3694469999999992
1.3711970000000004
1.3694469999999992
1.3711970000000004
1.3694469999999992
1.3711970000000004
1.3694469999999992
1.3711970000000004
1.3694469999999992
1.3711970000000004
1.3694469999999992
1.3711970000000004
1.3694469999999992
1.3711970000000004
1.3694469999999992
1.3711970000000004
1.3694469999999992
1.3711970000000004
1.3694469999999992
1.3711970000000004
1.3694469999999992
1.3711970000000004
1.3694469999999992
1.3711970000000004
1.3694469999999992
1.3711970000000004
1.3694469999999992
1.3711970000000004
1.3694469999999992
1.3711970000000004
1.3694469999999992
1.3711970000000004
1.3694469999999992
1.3711970000000004
1.3694469999999992
1.3711970000000004
1.3694469999999992
1.3711970000000004
1.3694469999999992
1.3711970000000004
1.3694469999999992
1.3711970000000004
1.3694469999999992
1.3711970000000004
1.3694469999999992
1.3711970000000004
1.3694469999999992
1.3711970000000004
1.3694469999999992
1.3711970000000004
1.3694469999999992
1.3711970000000004
1.3694469999999992
1.3711970000000004
1.3694469999999992
1.3711970000000004
1.3694469999999992
1.3711970000000004
1.3694469999999992
1.3711970000000004
1.3694469999999992
1.3711970000000004
1.3694469999999992
1.3711970000000004
1.3694469999999992
1.3711970000000004
1.3694469999999992
1.3711970000000004
1.3694469999999992
1.3711970000000004
1.3694469999999992
1.3711970000000004
1.3694469999999992
1.3711970000000004
1.3694469999999992
1.3711970000000004
1.3694469999999992
1.3711970000000004
1.3694469999999992
1.3711970000000004
1.3694469999999992
1.3711970000000004
1.3694469999999992
1.3711970000000004
1.3694469999999992
1.3711970000000004
1.3694469999999992
1.3711970000000004
1.3694469999999992
1.3711970000000004
1.3694469999999992
1.3711970000000004
1.3694469999999992
1.3711970000000004
1.3694469999999992
1.3711970000000004
1.3694469999999992
1.3711970000000004
-1.3700650000000003
-1.3705790000000002
-1.3700650000000003
-1.3705790000000002
-1.3700650000000003
-1.3705790000000002
-1.3700650000000003
-1.3705790000000002
-1.3700650000000003
-1.3705790000000002
-1.3700650000000003
-1.3705790000000002
-1.3700650000000003
-1.3705790000000002
-1.3700650000000003
-1.3705790000000002
-1.3700650000000003
-1.3705790000000002
-1.3700650000000003
-1.3705790000000002
-1.3700650000000003
-1.3705790000000002
-1.3700650000000003
-1.3705790000000002
-1.3700650000000003
-1.3705790000000002
-1.3700650000000003
-1.3705790000000002
-1.3700650000000003
-1.3705790000000002
-1.3700650000000003
-1.3705790000000002
-1.3700650000000003
-1.3705790000000002
-1.3700650000000003
-1.3705790000000002
-1.3700650000000003
-1.3705790000000002
-1.3700650000000003
-1.3705790000000002
-1.3700650000000003
-1.3705790000000002
-1.3700650000000003
-1.3705790000000002
-1.3700650000000003
-1.3705790000000002
-1.3700650000000003
-1.3705790000000002
-1.3700650000000003
-1.3705790000000002
-1.3700650000000003
-1.3705790000000002
-1.3700650000000003
-1.3705790000000002
-1.3700650000000003
-1.3705790000000002
-1.3700650000000003
-1.3705790000000002
-1.3700650000000003
-1.3705790000000002
-1.3700650000000003
-1.3705790000000002
-1.3700650000000003
-1.3705790000000002
-1.3700650000000003
-1.3705790000000002
-1.3700650000000003
-1.3705790000000002
-1.3700650000000003
-1.3705790000000002
-1.3700650000000003
-1.3705790000000002
-1.3700650000000003
-1.3705790000000002
-1.3700650000000003
-1.3705790000000002
-1.3700650000000003
-1.3705790000000002
-1.3700650000000003
-1.3705790000000002
-1.3700650000000003
-1.3705790000000002
-1.3700650000000003
-1.3705790000000002
-1.3700650000000003
-1.3705790000000002
-1.3700650000000003
-1.3705790000000002
-1.3700650000000003
-1.3705790000000002
-1.3700650000000003
-1.3705790000000002
-1.3700650000000003
-1.3705790000000002
-1.3700650000000003
-1.3705790000000002
-1.3700650000000003
-1.3705790000000002
-1.3700650000000003
-1.3705790000000002
-1.3700650000000003
-1.3705790000000002
-1.3700650000000003
-1.3705790000000002
-1.3700650000000003
-1.3705790000000002
-1.3700650000000003
-1.3705790000000002
-1.3700650000000003
-1.3705790000000002
-1.3700650000000003
-1.3705790000000002
-1.3700650000000003
-1.3705790000000002
-1.3700650000000003
-1.3705790000000002
-1.3700650000000003
-1.3705790000000002
-1.3700650000000003
-1.3705790000000002
