1.4363949999999992
1.435765
1.4371770000000001
1.4353099999999994
1.4363949999999992
1.435765
1.4371770000000001
1.4353099999999994
1.4363949999999992
1.435765
1.4371770000000001
1.4353099999999994
1.4363949999999992
1.435765
1.4371770000000001
1.4353099999999994
1.4363949999999992
1.435765
1.4371770000000001
1.4353099999999994
1.4363949999999992
1.435765
1.4371770000000001
1.4353099999999994
1.4363949999999992
1.435765
1.4371770000000001
1.4353099999999994
1.4363949999999992
1.435765
1.4371770000000001
1.4353099999999994
1.4363949999999992
1.435765
1.4371770000000001
1.4353099999999994
1.4363949999999992
1.435765
1.4371770000000001
1.4353099999999994
1.4363949999999992
1.435765
1.4371770000000001
1.4353099999999994
1.4363949999999992
1.435765
1.4371770000000001
1.4353099999999994
1.4363949999999992
1.435765
1.4371770000000001
1.4353099999999994
1.4363949999999992
1.435765
1.4371770000000001
1.4353099999999994
1.4363949999999992
1.435765
1.4371770000000001
1.4353099999999994
1.4363949999999992
1.435765
1.4371770000000001
1.4353099999999994
1.4363949999999992
1.435765
1.4371770000000001
1.4353099999999994
1.4363949999999992
1.435765
1.4371770000000001
1.4353099999999994
1.4363949999999992
1.435765
1.4371770000000001
1.4353099999999994
1.4363949999999992
1.435765
1.4371770000000001
1.4353099999999994
1.4363949999999992
1.435765
1.4371770000000001
1.4353099999999994
1.4363949999999992
1.435765
1.4371770000000001
1.4353099999999994
1.4363949999999992
1.435765
1.4371770000000001
1.4353099999999994
1.4363949999999992
1.435765
1.4371770000000001
1.4353099999999994
1.4363949999999992
1.435765
1.4371770000000001
1.4353099999999994
1.4363949999999992
1.435765
1.4371770000000001
1.4353099999999994
1.4363949999999992
1.435765
1.4371770000000001
1.4353099999999994
1.4363949999999992
1.435765
1.4371770000000001
1.4353099999999994
1.4363949999999992
1.435765
1.4371770000000001
1.4353099999999994
1.4363949999999992
1.435765
1.4371770000000001
1.4353099999999994
1.4363949999999992
1.435765
1.4371770000000001
1.4353099999999994
1.4363949999999992
1.435765
1.4371770000000001
1.4353099999999994
1.4363949999999992
1.435765
1.4371770000000001
1.4353099999999994
1.4363949999999992
1.435765
1.4371770000000001
1.4353099999999994
1.4363949999999992
1.435765
1.4371770000000001
1.4353099999999994
1.4363949999999992
1.435765
1.4371770000000001
1.4353099999999994
-1.4362199999999996
-1.4360809999999997
-1.4367960000000002
-1.43555
-1.4362199999999996
-1.4360809999999997
-1.4367960000000002
-1.43555
-1.4362199999999996
-1.4360809999999997
-1.4367960000000002
-1.43555
-1.4362199999999996
-1.4360809999999997
-1.4367960000000002
-1.43555
-1.4362199999999996
-1.4360809999999997
-1.4367960000000002
-1.43555
-1.4362199999999996
-1.4360809999999997
-1.4367960000000002
-1.43555
-1.4362199999999996
-1.4360809999999997
-1.4367960000000002
-1.43555
-1.4362199999999996
-1.4360809999999997
-1.4367960000000002
-1.43555
-1.4362199999999996
-1.4360809999999997
-1.4367960000000002
-1.43555
-1.4362199999999996
-1.4360809999999997
-1.4367960000000002
-1.43555
-1.4362199999999996
-1.4360809999999997
-1.4367960000000002
-1.43555
-1.4362199999999996
-1.4360809999999997
-1.4367960000000002
-1.43555
-1.4362199999999996
-1.4360809999999997
-1.4367960000000002
-1.43555
-1.4362199999999996
-1.4360809999999997
-1.4367960000000002
-1.43555
-1.4362199999999996
-1.4360809999999997
-1.4367960000000002
-1.43555
-1.4362199999999996
-1.4360809999999997
-1.4367960000000002
-1.43555
-1.4362199999999996
-1.4360809999999997
-1.4367960000000002
-1.43555
-1.4362199999999996
-1.4360809999999997
-1.4367960000000002
-1.43555
-1.4362199999999996
-1.4360809999999997
-1.4367960000000002
-1.43555
-1.4362199999999996
-1.4360809999999997
-1.4367960000000002
-1.43555
-1.4362199999999996
-1.4360809999999997
-1.4367960000000002
-1.43555
-1.4362199999999996
-1.4360809999999997
-1.4367960000000002
-1.43555
-1.4362199999999996
-1.4360809999999997
-1.4367960000000002
-1.43555
-1.4362199999999996
-1.4360809999999997
-1.4367960000000002
-1.43555
-1.4362199999999996
-1.4360809999999997
-1.4367960000000002
-1.43555
-1.4362199999999996
-1.4360809999999997
-1.4367960000000002
-1.43555
-1.4362199999999996
-1.4360809999999997
-1.4367960000000002
-1.43555
-1.4362199999999996
-1.4360809999999997
-1.4367960000000002
-1.43555
-1.4362199999999996
-1.4360809999999997
-1.4367960000000002
-1.43555
-1.4362199999999996
-1.4360809999999997
-1.4367960000000002
-1.43555
-1.4362199999999996
-1.4360809999999997
-1.4367960000000002
-1.43555
-1.4362199999999996
-1.4360809999999997
-1.4367960000000002
-1.43555
-1.4362199999999996
-1.4360809999999997
-1.4367960000000002
-1.43555
-1.4362199999999996
-1.4360809999999997
-1.4367960000000002
-1.43555
-1.4362199999999996
-1.4360809999999997
-1.4367960000000002
-1.43555
-1.4362199999999996
-1.4360809999999997
-1.4367960000000002
-1.43555
