1.4336450000000003
1.4315180000000005
1.4262420000000002
1.4302530000000004
1.4336450000000003
1.4315180000000005
1.4262420000000002
1.4302530000000004
1.4336450000000003
1.4315180000000005
1.4262420000000002
1.4302530000000004
1.4336450000000003
1.4315180000000005
1.4262420000000002
1.4302530000000004
1.4336450000000003
1.4315180000000005
1.4262420000000002
1.4302530000000004
1.4336450000000003
1.4315180000000005
1.4262420000000002
1.4302530000000004
1.4336450000000003
1.4315180000000005
1.4262420000000002
1.4302530000000004
1.4336450000000003
1.4315180000000005
1.4262420000000002
1.4302530000000004
1.4336450000000003
1.4315180000000005
1.4262420000000002
1.4302530000000004
1.4336450000000003
1.4315180000000005
1.4262420000000002
1.4302530000000004
1.4336450000000003
1.4315180000000005
1.4262420000000002
1.4302530000000004
1.4336450000000003
1.4315180000000005
1.4262420000000002
1.4302530000000004
1.4336450000000003
1.4315180000000005
1.4262420000000002
1.4302530000000004
1.4336450000000003
1.4315180000000005
1.4262420000000002
1.4302530000000004
1.4336450000000003
1.4315180000000005
1.4262420000000002
1.4302530000000004
1.4336450000000003
1.4315180000000005
1.4262420000000002
1.4302530000000004
1.4336450000000003
1.4315180000000005
1.4262420000000002
1.4302530000000004
1.4336450000000003
1.4315180000000005
1.4262420000000002
1.4302530000000004
1.4336450000000003
1.4315180000000005
1.4262420000000002
1.4302530000000004
1.4336450000000003
1.4315180000000005
1.4262420000000002
1.4302530000000004
1.4336450000000003
1.4315180000000005
1.4262420000000002
1.4302530000000004
1.4336450000000003
1.4315180000000005
1.4262420000000002
1.4302530000000004
1.4336450000000003
1.4315180000000005
1.4262420000000002
1.4302530000000004
1.4336450000000003
1.4315180000000005
1.4262420000000002
1.4302530000000004
1.4336450000000003
1.4315180000000005
1.4262420000000002
1.4302530000000004
1.4336450000000003
1.4315180000000005
1.4262420000000002
1.4302530000000004
1.4336450000000003
1.4315180000000005
1.4262420000000002
1.4302530000000004
1.4336450000000003
1.4315180000000005
1.4262420000000002
1.4302530000000004
1.4336450000000003
1.4315180000000005
1.4262420000000002
1.4302530000000004
1.4336450000000003
1.4315180000000005
1.4262420000000002
1.4302530000000004
1.4336450000000003
1.4315180000000005
1.4262420000000002
1.4302530000000004
1.4336450000000003
1.4315180000000005
1.4262420000000002
1.4302530000000004
1.4336450000000003
1.4315180000000005
1.4262420000000002
1.4302530000000004
1.4336450000000003
1.4315180000000005
1.4262420000000002
1.4302530000000004
1.4336450000000003
1.4315180000000005
1.4262420000000002
1.4302530000000004
1.4336450000000003
1.4315180000000005
1.4262420000000002
1.4302530000000004
-1.4315220000000002
-1.433364
-1.4271140000000004
-1.429659
-1.4315220000000002
-1.433364
-1.4271140000000004
-1.429659
-1.4315220000000002
-1.433364
-1.4271140000000004
-1.429659
-1.4315220000000002
-1.433364
-1.4271140000000004
-1.429659
-1.4315220000000002
-1.433364
-1.4271140000000004
-1.429659
-1.4315220000000002
-1.433364
-1.4271140000000004
-1.429659
-1.4315220000000002
-1.433364
-1.4271140000000004
-1.429659
-1.4315220000000002
-1.433364
-1.4271140000000004
-1.429659
-1.4315220000000002
-1.433364
-1.4271140000000004
-1.429659
-1.4315220000000002
-1.433364
-1.4271140000000004
-1.429659
-1.4315220000000002
-1.433364
-1.4271140000000004
-1.429659
-1.4315220000000002
-1.433364
-1.4271140000000004
-1.429659
-1.4315220000000002
-1.433364
-1.4271140000000004
-1.429659
-1.4315220000000002
-1.433364
-1.4271140000000004
-1.429659
-1.4315220000000002
-1.433364
-1.4271140000000004
-1.429659
-1.4315220000000002
-1.433364
-1.4271140000000004
-1.429659
-1.4315220000000002
-1.433364
-1.4271140000000004
-1.429659
-1.4315220000000002
-1.433364
-1.4271140000000004
-1.429659
-1.4315220000000002
-1.433364
-1.4271140000000004
-1.429659
-1.4315220000000002
-1.433364
-1.4271140000000004
-1.429659
-1.4315220000000002
-1.433364
-1.4271140000000004
-1.429659
-1.4315220000000002
-1.433364
-1.4271140000000004
-1.429659
-1.4315220000000002
-1.433364
-1.4271140000000004
-1.429659
-1.4315220000000002
-1.433364
-1.4271140000000004
-1.429659
-1.4315220000000002
-1.433364
-1.4271140000000004
-1.429659
-1.4315220000000002
-1.433364
-1.4271140000000004
-1.429659
-1.4315220000000002
-1.433364
-1.4271140000000004
-1.429659
-1.4315220000000002
-1.433364
-1.4271140000000004
-1.429659
-1.4315220000000002
-1.433364
-1.4271140000000004
-1.429659
-1.4315220000000002
-1.433364
-1.4271140000000004
-1.429659
-1.4315220000000002
-1.433364
-1.4271140000000004
-1.429659
-1.4315220000000002
-1.433364
-1.4271140000000004
-1.429659
-1.4315220000000002
-1.433364
-1.4271140000000004
-1.429659
-1.4315220000000002
-1.433364
-1.4271140000000004
-1.429659
-1.4315220000000002
-1.433364
-1.4271140000000004
-1.429659
-1.4315220000000002
-1.433364
-1.4271140000000004
-1.429659
