1.3630060000000004
1.3677609999999998
1.3654119999999992
1.3401870000000002
1.3630060000000004
1.3677609999999998
1.3654119999999992
1.3401870000000002
1.3630060000000004
1.3677609999999998
1.3654119999999992
1.3401870000000002
1.3630060000000004
1.3677609999999998
1.3654119999999992
1.3401870000000002
1.3630060000000004
1.3677609999999998
1.3654119999999992
1.3401870000000002
1.3630060000000004
1.3677609999999998
1.3654119999999992
1.3401870000000002
1.3630060000000004
1.3677609999999998
1.3654119999999992
1.3401870000000002
1.3630060000000004
1.3677609999999998
1.3654119999999992
1.3401870000000002
1.3630060000000004
1.3677609999999998
1.3654119999999992
1.3401870000000002
1.3630060000000004
1.3677609999999998
1.3654119999999992
1.3401870000000002
1.3630060000000004
1.3677609999999998
1.3654119999999992
1.3401870000000002
1.3630060000000004
1.3677609999999998
1.3654119999999992
1.3401870000000002
1.3630060000000004
1.3677609999999998
1.3654119999999992
1.3401870000000002
1.3630060000000004
1.3677609999999998
1.3654119999999992
1.3401870000000002
1.3630060000000004
1.3677609999999998
1.3654119999999992
1.3401870000000002
1.3630060000000004
1.3677609999999998
1.3654119999999992
1.3401870000000002
1.3630060000000004
1.3677609999999998
1.3654119999999992
1.3401870000000002
1.3630060000000004
1.3677609999999998
1.3654119999999992
1.3401870000000002
1.3630060000000004
1.3677609999999998
1.3654119999999992
1.3401870000000002
1.3630060000000004
1.3677609999999998
1.3654119999999992
1.3401870000000002
1.3630060000000004
1.3677609999999998
1.3654119999999992
1.3401870000000002
1.3630060000000004
1.3677609999999998
1.3654119999999992
1.3401870000000002
1.3630060000000004
1.3677609999999998
1.3654119999999992
1.3401870000000002
1.3630060000000004
1.3677609999999998
1.3654119999999992
1.3401870000000002
1.3630060000000004
1.3677609999999998
1.3654119999999992
1.3401870000000002
1.3630060000000004
1.3677609999999998
1.3654119999999992
1.3401870000000002
1.3630060000000004
1.3677609999999998
1.3654119999999992
1.3401870000000002
1.3630060000000004
1.3677609999999998
1.3654119999999992
1.3401870000000002
1.3630060000000004
1.3677609999999998
1.3654119999999992
1.3401870000000002
1.3630060000000004
1.3677609999999998
1.3654119999999992
1.3401870000000002
1.3630060000000004
1.3677609999999998
1.3654119999999992
1.3401870000000002
1.3630060000000004
1.3677609999999998
1.3654119999999992
1.3401870000000002
1.3630060000000004
1.3677609999999998
1.3654119999999992
1.3401870000000002
1.3630060000000004
1.3677609999999998
1.3654119999999992
1.3401870000000002
1.3630060000000004
1.3677609999999998
1.3654119999999992
1.3401870000000002
1.3630060000000004
1.3677609999999998
1.3654119999999992
1.3401870000000002
1.3630060000000004
1.3677609999999998
1.3654119999999992
1.3401870000000002
1.3630060000000004
1.3677609999999998
1.3654119999999992
1.3401870000000002
1.3630060000000004
1.3677609999999998
1.3654119999999992
1.3401870000000002
1.3630060000000004
1.3677609999999998
1.3654119999999992
1.3401870000000002
1.3630060000000004
1.3677609999999998
1.3654119999999992
1.3401870000000002
1.3630060000000004
1.3677609999999998
1.3654119999999992
1.3401870000000002
1.3630060000000004
1.3677609999999998
1.3654119999999992
1.3401870000000002
1.3630060000000004
1.3677609999999998
1.3654119999999992
1.3401870000000002
1.3630060000000004
1.3677609999999998
1.3654119999999992
1.3401870000000002
1.3630060000000004
1.3677609999999998
1.3654119999999992
1.3401870000000002
1.3630060000000004
1.3677609999999998
1.3654119999999992
1.3401870000000002
1.3630060000000004
1.3677609999999998
1.3654119999999992
1.3401870000000002
-1.3618389999999998
-1.3423090000000002
-1.371658
-1.3605600000000004
-1.3618389999999998
-1.3423090000000002
-1.371658
-1.3605600000000004
-1.3618389999999998
-1.3423090000000002
-1.371658
-1.3605600000000004
-1.3618389999999998
-1.3423090000000002
-1.371658
-1.3605600000000004
-1.3618389999999998
-1.3423090000000002
-1.371658
-1.3605600000000004
-1.3618389999999998
-1.3423090000000002
-1.371658
-1.3605600000000004
-1.3618389999999998
-1.3423090000000002
-1.371658
-1.3605600000000004
-1.3618389999999998
-1.3423090000000002
-1.371658
-1.3605600000000004
-1.3618389999999998
-1.3423090000000002
-1.371658
-1.3605600000000004
-1.3618389999999998
-1.3423090000000002
-1.371658
-1.3605600000000004
-1.3618389999999998
-1.3423090000000002
-1.371658
-1.3605600000000004
-1.3618389999999998
-1.3423090000000002
-1.371658
-1.3605600000000004
-1.3618389999999998
-1.3423090000000002
-1.371658
-1.3605600000000004
-1.3618389999999998
-1.3423090000000002
-1.371658
-1.3605600000000004
-1.3618389999999998
-1.3423090000000002
-1.371658
-1.3605600000000004
-1.3618389999999998
-1.3423090000000002
-1.371658
-1.3605600000000004
-1.3618389999999998
-1.3423090000000002
-1.371658
-1.3605600000000004
-1.3618389999999998
-1.3423090000000002
-1.371658
-1.3605600000000004
-1.3618389999999998
-1.3423090000000002
-1.371658
-1.3605600000000004
-1.3618389999999998
-1.3423090000000002
-1.371658
-1.3605600000000004
-1.3618389999999998
-1.3423090000000002
-1.371658
-1.3605600000000004
-1.3618389999999998
-1.3423090000000002
-1.371658
-1.3605600000000004
-1.3618389999999998
-1.3423090000000002
-1.371658
-1.3605600000000004
-1.3618389999999998
-1.3423090000000002
-1.371658
-1.3605600000000004
-1.3618389999999998
-1.3423090000000002
-1.371658
-1.3605600000000004
-1.3618389999999998
-1.3423090000000002
-1.371658
-1.3605600000000004
-1.3618389999999998
-1.3423090000000002
-1.371658
-1.3605600000000004
-1.3618389999999998
-1.3423090000000002
-1.371658
-1.3605600000000004
-1.3618389999999998
-1.3423090000000002
-1.371658
-1.3605600000000004
-1.3618389999999998
-1.3423090000000002
-1.371658
-1.3605600000000004
-1.3618389999999998
-1.3423090000000002
-1.371658
-1.3605600000000004
-1.3618389999999998
-1.3423090000000002
-1.371658
-1.3605600000000004
-1.3618389999999998
-1.3423090000000002
-1.371658
-1.3605600000000004
-1.3618389999999998
-1.3423090000000002
-1.371658
-1.3605600000000004
-1.3618389999999998
-1.3423090000000002
-1.371658
-1.3605600000000004
-1.3618389999999998
-1.3423090000000002
-1.371658
-1.3605600000000004
-1.3618389999999998
-1.3423090000000002
-1.371658
-1.3605600000000004
-1.3618389999999998
-1.3423090000000002
-1.371658
-1.3605600000000004
-1.3618389999999998
-1.3423090000000002
-1.371658
-1.3605600000000004
-1.3618389999999998
-1.3423090000000002
-1.371658
-1.3605600000000004
-1.3618389999999998
-1.3423090000000002
-1.371658
-1.3605600000000004
-1.3618389999999998
-1.3423090000000002
-1.371658
-1.3605600000000004
-1.3618389999999998
-1.3423090000000002
-1.371658
-1.3605600000000004
-1.3618389999999998
-1.3423090000000002
-1.371658
-1.3605600000000004
-1.3618389999999998
-1.3423090000000002
-1.371658
-1.3605600000000004
-1.3618389999999998
-1.3423090000000002
-1.371658
-1.3605600000000004
-1.3618389999999998
-1.3423090000000002
-1.371658
-1.3605600000000004
-1.3618389999999998
-1.3423090000000002
-1.371658
-1.3605600000000004
