1.4438700000000004
1.4441349999999993
1.4422630000000005
1.4430560000000003
1.4438700000000004
1.4441349999999993
1.4422630000000005
1.4430560000000003
1.4438700000000004
1.4441349999999993
1.4422630000000005
1.4430560000000003
1.4438700000000004
1.4441349999999993
1.4422630000000005
1.4430560000000003
1.4438700000000004
1.4441349999999993
1.4422630000000005
1.4430560000000003
1.4438700000000004
1.4441349999999993
1.4422630000000005
1.4430560000000003
1.4438700000000004
1.4441349999999993
1.4422630000000005
1.4430560000000003
1.4438700000000004
1.4441349999999993
1.4422630000000005
1.4430560000000003
1.4438700000000004
1.4441349999999993
1.4422630000000005
1.4430560000000003
1.4438700000000004
1.4441349999999993
1.4422630000000005
1.4430560000000003
1.4438700000000004
1.4441349999999993
1.4422630000000005
1.4430560000000003
1.4438700000000004
1.4441349999999993
1.4422630000000005
1.4430560000000003
1.4438700000000004
1.4441349999999993
1.4422630000000005
1.4430560000000003
1.4438700000000004
1.4441349999999993
1.4422630000000005
1.4430560000000003
1.4438700000000004
1.4441349999999993
1.4422630000000005
1.4430560000000003
1.4438700000000004
1.4441349999999993
1.4422630000000005
1.4430560000000003
1.4438700000000004
1.4441349999999993
1.4422630000000005
1.4430560000000003
1.4438700000000004
1.4441349999999993
1.4422630000000005
1.4430560000000003
1.4438700000000004
1.4441349999999993
1.4422630000000005
1.4430560000000003
1.4438700000000004
1.4441349999999993
1.4422630000000005
1.4430560000000003
1.4438700000000004
1.4441349999999993
1.4422630000000005
1.4430560000000003
1.4438700000000004
1.4441349999999993
1.4422630000000005
1.4430560000000003
1.4438700000000004
1.4441349999999993
1.4422630000000005
1.4430560000000003
1.4438700000000004
1.4441349999999993
1.4422630000000005
1.4430560000000003
1.4438700000000004
1.4441349999999993
1.4422630000000005
1.4430560000000003
1.4438700000000004
1.4441349999999993
1.4422630000000005
1.4430560000000003
1.4438700000000004
1.4441349999999993
1.4422630000000005
1.4430560000000003
-1.4422350000000002
-1.4431139999999996
-1.443333
-1.4446389999999996
-1.4422350000000002
-1.4431139999999996
-1.443333
-1.4446389999999996
-1.4422350000000002
-1.4431139999999996
-1.443333
-1.4446389999999996
-1.4422350000000002
-1.4431139999999996
-1.443333
-1.4446389999999996
-1.4422350000000002
-1.4431139999999996
-1.443333
-1.4446389999999996
-1.4422350000000002
-1.4431139999999996
-1.443333
-1.4446389999999996
-1.4422350000000002
-1.4431139999999996
-1.443333
-1.4446389999999996
-1.4422350000000002
-1.4431139999999996
-1.443333
-1.4446389999999996
-1.4422350000000002
-1.4431139999999996
-1.443333
-1.4446389999999996
-1.4422350000000002
-1.4431139999999996
-1.443333
-1.4446389999999996
-1.4422350000000002
-1.4431139999999996
-1.443333
-1.4446389999999996
-1.4422350000000002
-1.4431139999999996
-1.443333
-1.4446389999999996
-1.4422350000000002
-1.4431139999999996
-1.443333
-1.4446389999999996
-1.4422350000000002
-1.4431139999999996
-1.443333
-1.4446389999999996
-1.4422350000000002
-1.4431139999999996
-1.443333
-1.4446389999999996
-1.4422350000000002
-1.4431139999999996
-1.443333
-1.4446389999999996
-1.4422350000000002
-1.4431139999999996
-1.443333
-1.4446389999999996
-1.4422350000000002
-1.4431139999999996
-1.443333
-1.4446389999999996
-1.4422350000000002
-1.4431139999999996
-1.443333
-1.4446389999999996
-1.4422350000000002
-1.4431139999999996
-1.443333
-1.4446389999999996
-1.4422350000000002
-1.4431139999999996
-1.443333
-1.4446389999999996
-1.4422350000000002
-1.4431139999999996
-1.443333
-1.4446389999999996
-1.4422350000000002
-1.4431139999999996
-1.443333
-1.4446389999999996
-1.4422350000000002
-1.4431139999999996
-1.443333
-1.4446389999999996
-1.4422350000000002
-1.4431139999999996
-1.443333
-1.4446389999999996
-1.4422350000000002
-1.4431139999999996
-1.443333
-1.4446389999999996
-1.4422350000000002
-1.4431139999999996
-1.443333
-1.4446389999999996
