1.4355550000000008
1.433567
1.429831
1.4324589999999997
1.4355550000000008
1.433567
1.429831
1.4324589999999997
1.4355550000000008
1.433567
1.429831
1.4324589999999997
1.4355550000000008
1.433567
1.429831
1.4324589999999997
1.4355550000000008
1.433567
1.429831
1.4324589999999997
1.4355550000000008
1.433567
1.429831
1.4324589999999997
1.4355550000000008
1.433567
1.429831
1.4324589999999997
1.4355550000000008
1.433567
1.429831
1.4324589999999997
1.4355550000000008
1.433567
1.429831
1.4324589999999997
1.4355550000000008
1.433567
1.429831
1.4324589999999997
1.4355550000000008
1.433567
1.429831
1.4324589999999997
1.4355550000000008
1.433567
1.429831
1.4324589999999997
1.4355550000000008
1.433567
1.429831
1.4324589999999997
1.4355550000000008
1.433567
1.429831
1.4324589999999997
1.4355550000000008
1.433567
1.429831
1.4324589999999997
1.4355550000000008
1.433567
1.429831
1.4324589999999997
1.4355550000000008
1.433567
1.429831
1.4324589999999997
1.4355550000000008
1.433567
1.429831
1.4324589999999997
1.4355550000000008
1.433567
1.429831
1.4324589999999997
1.4355550000000008
1.433567
1.429831
1.4324589999999997
1.4355550000000008
1.433567
1.429831
1.4324589999999997
1.4355550000000008
1.433567
1.429831
1.4324589999999997
1.4355550000000008
1.433567
1.429831
1.4324589999999997
1.4355550000000008
1.433567
1.429831
1.4324589999999997
1.4355550000000008
1.433567
1.429831
1.4324589999999997
1.4355550000000008
1.433567
1.429831
1.4324589999999997
1.4355550000000008
1.433567
1.429831
1.4324589999999997
1.4355550000000008
1.433567
1.429831
1.4324589999999997
1.4355550000000008
1.433567
1.429831
1.4324589999999997
1.4355550000000008
1.433567
1.429831
1.4324589999999997
1.4355550000000008
1.433567
1.429831
1.4324589999999997
1.4355550000000008
1.433567
1.429831
1.4324589999999997
1.4355550000000008
1.433567
1.429831
1.4324589999999997
1.4355550000000008
1.433567
1.429831
1.4324589999999997
1.4355550000000008
1.433567
1.429831
1.4324589999999997
1.4355550000000008
1.433567
1.429831
1.4324589999999997
-1.4330910000000001
-1.433007
-1.4318609999999996
-1.433453
-1.4330910000000001
-1.433007
-1.4318609999999996
-1.433453
-1.4330910000000001
-1.433007
-1.4318609999999996
-1.433453
-1.4330910000000001
-1.433007
-1.4318609999999996
-1.433453
-1.4330910000000001
-1.433007
-1.4318609999999996
-1.433453
-1.4330910000000001
-1.433007
-1.4318609999999996
-1.433453
-1.4330910000000001
-1.433007
-1.4318609999999996
-1.433453
-1.4330910000000001
-1.433007
-1.4318609999999996
-1.433453
-1.4330910000000001
-1.433007
-1.4318609999999996
-1.433453
-1.4330910000000001
-1.433007
-1.4318609999999996
-1.433453
-1.4330910000000001
-1.433007
-1.4318609999999996
-1.433453
-1.4330910000000001
-1.433007
-1.4318609999999996
-1.433453
-1.4330910000000001
-1.433007
-1.4318609999999996
-1.433453
-1.4330910000000001
-1.433007
-1.4318609999999996
-1.433453
-1.4330910000000001
-1.433007
-1.4318609999999996
-1.433453
-1.4330910000000001
-1.433007
-1.4318609999999996
-1.433453
-1.4330910000000001
-1.433007
-1.4318609999999996
-1.433453
-1.4330910000000001
-1.433007
-1.4318609999999996
-1.433453
-1.4330910000000001
-1.433007
-1.4318609999999996
-1.433453
-1.4330910000000001
-1.433007
-1.4318609999999996
-1.433453
-1.4330910000000001
-1.433007
-1.4318609999999996
-1.433453
-1.4330910000000001
-1.433007
-1.4318609999999996
-1.433453
-1.4330910000000001
-1.433007
-1.4318609999999996
-1.433453
-1.4330910000000001
-1.433007
-1.4318609999999996
-1.433453
-1.4330910000000001
-1.433007
-1.4318609999999996
-1.433453
-1.4330910000000001
-1.433007
-1.4318609999999996
-1.433453
-1.4330910000000001
-1.433007
-1.4318609999999996
-1.433453
-1.4330910000000001
-1.433007
-1.4318609999999996
-1.433453
-1.4330910000000001
-1.433007
-1.4318609999999996
-1.433453
-1.4330910000000001
-1.433007
-1.4318609999999996
-1.433453
-1.4330910000000001
-1.433007
-1.4318609999999996
-1.433453
-1.4330910000000001
-1.433007
-1.4318609999999996
-1.433453
-1.4330910000000001
-1.433007
-1.4318609999999996
-1.433453
-1.4330910000000001
-1.433007
-1.4318609999999996
-1.433453
-1.4330910000000001
-1.433007
-1.4318609999999996
-1.433453
-1.4330910000000001
-1.433007
-1.4318609999999996
-1.433453
