1.3368110000000009
1.3429920000000006
1.3368110000000009
1.3429920000000006
1.3368110000000009
1.3429920000000006
1.3368110000000009
1.3429920000000006
1.3368110000000009
1.3429920000000006
1.3368110000000009
1.3429920000000006
1.3368110000000009
1.3429920000000006
1.3368110000000009
1.3429920000000006
1.3368110000000009
1.3429920000000006
1.3368110000000009
1.3429920000000006
1.3368110000000009
1.3429920000000006
1.3368110000000009
1.3429920000000006
1.3368110000000009
1.3429920000000006
1.3368110000000009
1.3429920000000006
1.3368110000000009
1.3429920000000006
1.3368110000000009
1.3429920000000006
1.3368110000000009
1.3429920000000006
1.3368110000000009
1.3429920000000006
1.3368110000000009
1.3429920000000006
1.3368110000000009
1.3429920000000006
1.3368110000000009
1.3429920000000006
1.3368110000000009
1.3429920000000006
1.3368110000000009
1.3429920000000006
1.3368110000000009
1.3429920000000006
1.3368110000000009
1.3429920000000006
1.3368110000000009
1.3429920000000006
1.3368110000000009
1.3429920000000006
1.3368110000000009
1.3429920000000006
1.3368110000000009
1.3429920000000006
1.3368110000000009
1.3429920000000006
1.3368110000000009
1.3429920000000006
1.3368110000000009
1.3429920000000006
1.3368110000000009
1.3429920000000006
1.3368110000000009
1.3429920000000006
1.3368110000000009
1.3429920000000006
1.3368110000000009
1.3429920000000006
1.3368110000000009
1.3429920000000006
1.3368110000000009
1.3429920000000006
1.3368110000000009
1.3429920000000006
1.3368110000000009
1.3429920000000006
1.3368110000000009
1.3429920000000006
1.3368110000000009
1.3429920000000006
1.3368110000000009
1.3429920000000006
1.3368110000000009
1.3429920000000006
1.3368110000000009
1.3429920000000006
1.3368110000000009
1.3429920000000006
1.3368110000000009
1.3429920000000006
1.3368110000000009
1.3429920000000006
1.3368110000000009
1.3429920000000006
1.3368110000000009
1.3429920000000006
1.3368110000000009
1.3429920000000006
1.3368110000000009
1.3429920000000006
1.3368110000000009
1.3429920000000006
1.3368110000000009
1.3429920000000006
1.3368110000000009
1.3429920000000006
1.3368110000000009
1.3429920000000006
1.3368110000000009
1.3429920000000006
1.3368110000000009
1.3429920000000006
1.3368110000000009
1.3429920000000006
1.3368110000000009
1.3429920000000006
-1.3403169999999998
-1.339486
-1.3403169999999998
-1.339486
-1.3403169999999998
-1.339486
-1.3403169999999998
-1.339486
-1.3403169999999998
-1.339486
-1.3403169999999998
-1.339486
-1.3403169999999998
-1.339486
-1.3403169999999998
-1.339486
-1.3403169999999998
-1.339486
-1.3403169999999998
-1.339486
-1.3403169999999998
-1.339486
-1.3403169999999998
-1.339486
-1.3403169999999998
-1.339486
-1.3403169999999998
-1.339486
-1.3403169999999998
-1.339486
-1.3403169999999998
-1.339486
-1.3403169999999998
-1.339486
-1.3403169999999998
-1.339486
-1.3403169999999998
-1.339486
-1.3403169999999998
-1.339486
-1.3403169999999998
-1.339486
-1.3403169999999998
-1.339486
-1.3403169999999998
-1.339486
-1.3403169999999998
-1.339486
-1.3403169999999998
-1.339486
-1.3403169999999998
-1.339486
-1.3403169999999998
-1.339486
-1.3403169999999998
-1.339486
-1.3403169999999998
-1.339486
-1.3403169999999998
-1.339486
-1.3403169999999998
-1.339486
-1.3403169999999998
-1.339486
-1.3403169999999998
-1.339486
-1.3403169999999998
-1.339486
-1.3403169999999998
-1.339486
-1.3403169999999998
-1.339486
-1.3403169999999998
-1.339486
-1.3403169999999998
-1.339486
-1.3403169999999998
-1.339486
-1.3403169999999998
-1.339486
-1.3403169999999998
-1.339486
-1.3403169999999998
-1.339486
-1.3403169999999998
-1.339486
-1.3403169999999998
-1.339486
-1.3403169999999998
-1.339486
-1.3403169999999998
-1.339486
-1.3403169999999998
-1.339486
-1.3403169999999998
-1.339486
-1.3403169999999998
-1.339486
-1.3403169999999998
-1.339486
-1.3403169999999998
-1.339486
-1.3403169999999998
-1.339486
-1.3403169999999998
-1.339486
-1.3403169999999998
-1.339486
-1.3403169999999998
-1.339486
-1.3403169999999998
-1.339486
-1.3403169999999998
-1.339486
-1.3403169999999998
-1.339486
-1.3403169999999998
-1.339486
-1.3403169999999998
-1.339486
