1.4554559999999999
1.4554559999999999
1.4554559999999999
1.4554559999999999
1.4554559999999999
1.4554559999999999
1.4554559999999999
1.4554559999999999
1.4554559999999999
1.4554559999999999
1.4554559999999999
1.4554559999999999
1.4554559999999999
1.4554559999999999
1.4554559999999999
1.4554559999999999
1.4554559999999999
1.4554559999999999
1.4554559999999999
1.4554559999999999
1.4554559999999999
1.4554559999999999
1.4554559999999999
1.4554559999999999
1.4554559999999999
1.4554559999999999
1.4554559999999999
1.4554559999999999
1.4554559999999999
1.4554559999999999
1.4554559999999999
1.4554559999999999
1.4554559999999999
1.4554559999999999
1.4554559999999999
1.4554559999999999
1.4554559999999999
1.4554559999999999
1.4554559999999999
1.4554559999999999
1.4554559999999999
1.4554559999999999
1.4554559999999999
1.4554559999999999
1.4554559999999999
1.4554559999999999
1.4554559999999999
1.4554559999999999
1.4554559999999999
1.4554559999999999
1.4554559999999999
1.4554559999999999
1.4554559999999999
1.4554559999999999
1.4554559999999999
1.4554559999999999
1.4554559999999999
1.4554559999999999
1.4554559999999999
1.4554559999999999
1.4554559999999999
1.4554559999999999
1.4554559999999999
1.4554559999999999
-1.4554580000000001
-1.4554580000000001
-1.4554580000000001
-1.4554580000000001
-1.4554580000000001
-1.4554580000000001
-1.4554580000000001
-1.4554580000000001
-1.4554580000000001
-1.4554580000000001
-1.4554580000000001
-1.4554580000000001
-1.4554580000000001
-1.4554580000000001
-1.4554580000000001
-1.4554580000000001
-1.4554580000000001
-1.4554580000000001
-1.4554580000000001
-1.4554580000000001
-1.4554580000000001
-1.4554580000000001
-1.4554580000000001
-1.4554580000000001
-1.4554580000000001
-1.4554580000000001
-1.4554580000000001
-1.4554580000000001
-1.4554580000000001
-1.4554580000000001
-1.4554580000000001
-1.4554580000000001
-1.4554580000000001
-1.4554580000000001
-1.4554580000000001
-1.4554580000000001
-1.4554580000000001
-1.4554580000000001
-1.4554580000000001
-1.4554580000000001
-1.4554580000000001
-1.4554580000000001
-1.4554580000000001
-1.4554580000000001
-1.4554580000000001
-1.4554580000000001
-1.4554580000000001
-1.4554580000000001
-1.4554580000000001
-1.4554580000000001
-1.4554580000000001
-1.4554580000000001
-1.4554580000000001
-1.4554580000000001
-1.4554580000000001
-1.4554580000000001
-1.4554580000000001
-1.4554580000000001
-1.4554580000000001
-1.4554580000000001
-1.4554580000000001
-1.4554580000000001
-1.4554580000000001
-1.4554580000000001
