1.4393320000000003
1.4393139999999995
1.4394930000000006
1.4394799999999996
1.4393320000000003
1.4393139999999995
1.4394930000000006
1.4394799999999996
1.4393320000000003
1.4393139999999995
1.4394930000000006
1.4394799999999996
1.4393320000000003
1.4393139999999995
1.4394930000000006
1.4394799999999996
1.4393320000000003
1.4393139999999995
1.4394930000000006
1.4394799999999996
1.4393320000000003
1.4393139999999995
1.4394930000000006
1.4394799999999996
1.4393320000000003
1.4393139999999995
1.4394930000000006
1.4394799999999996
1.4393320000000003
1.4393139999999995
1.4394930000000006
1.4394799999999996
1.4393320000000003
1.4393139999999995
1.4394930000000006
1.4394799999999996
1.4393320000000003
1.4393139999999995
1.4394930000000006
1.4394799999999996
1.4393320000000003
1.4393139999999995
1.4394930000000006
1.4394799999999996
1.4393320000000003
1.4393139999999995
1.4394930000000006
1.4394799999999996
1.4393320000000003
1.4393139999999995
1.4394930000000006
1.4394799999999996
1.4393320000000003
1.4393139999999995
1.4394930000000006
1.4394799999999996
1.4393320000000003
1.4393139999999995
1.4394930000000006
1.4394799999999996
1.4393320000000003
1.4393139999999995
1.4394930000000006
1.4394799999999996
1.4393320000000003
1.4393139999999995
1.4394930000000006
1.4394799999999996
1.4393320000000003
1.4393139999999995
1.4394930000000006
1.4394799999999996
1.4393320000000003
1.4393139999999995
1.4394930000000006
1.4394799999999996
1.4393320000000003
1.4393139999999995
1.4394930000000006
1.4394799999999996
1.4393320000000003
1.4393139999999995
1.4394930000000006
1.4394799999999996
1.4393320000000003
1.4393139999999995
1.4394930000000006
1.4394799999999996
1.4393320000000003
1.4393139999999995
1.4394930000000006
1.4394799999999996
1.4393320000000003
1.4393139999999995
1.4394930000000006
1.4394799999999996
1.4393320000000003
1.4393139999999995
1.4394930000000006
1.4394799999999996
1.4393320000000003
1.4393139999999995
1.4394930000000006
1.4394799999999996
1.4393320000000003
1.4393139999999995
1.4394930000000006
1.4394799999999996
-1.4394109999999998
-1.4394200000000001
-1.4395069999999999
-1.439285
-1.4394109999999998
-1.4394200000000001
-1.4395069999999999
-1.439285
-1.4394109999999998
-1.4394200000000001
-1.4395069999999999
-1.439285
-1.4394109999999998
-1.4394200000000001
-1.4395069999999999
-1.439285
-1.4394109999999998
-1.4394200000000001
-1.4395069999999999
-1.439285
-1.4394109999999998
-1.4394200000000001
-1.4395069999999999
-1.439285
-1.4394109999999998
-1.4394200000000001
-1.4395069999999999
-1.439285
-1.4394109999999998
-1.4394200000000001
-1.4395069999999999
-1.439285
-1.4394109999999998
-1.4394200000000001
-1.4395069999999999
-1.439285
-1.4394109999999998
-1.4394200000000001
-1.4395069999999999
-1.439285
-1.4394109999999998
-1.4394200000000001
-1.4395069999999999
-1.439285
-1.4394109999999998
-1.4394200000000001
-1.4395069999999999
-1.439285
-1.4394109999999998
-1.4394200000000001
-1.4395069999999999
-1.439285
-1.4394109999999998
-1.4394200000000001
-1.4395069999999999
-1.439285
-1.4394109999999998
-1.4394200000000001
-1.4395069999999999
-1.439285
-1.4394109999999998
-1.4394200000000001
-1.4395069999999999
-1.439285
-1.4394109999999998
-1.4394200000000001
-1.4395069999999999
-1.439285
-1.4394109999999998
-1.4394200000000001
-1.4395069999999999
-1.439285
-1.4394109999999998
-1.4394200000000001
-1.4395069999999999
-1.439285
-1.4394109999999998
-1.4394200000000001
-1.4395069999999999
-1.439285
-1.4394109999999998
-1.4394200000000001
-1.4395069999999999
-1.439285
-1.4394109999999998
-1.4394200000000001
-1.4395069999999999
-1.439285
-1.4394109999999998
-1.4394200000000001
-1.4395069999999999
-1.439285
-1.4394109999999998
-1.4394200000000001
-1.4395069999999999
-1.439285
-1.4394109999999998
-1.4394200000000001
-1.4395069999999999
-1.439285
-1.4394109999999998
-1.4394200000000001
-1.4395069999999999
-1.439285
-1.4394109999999998
-1.4394200000000001
-1.4395069999999999
-1.439285
