1.4477689999999992
1.4487249999999996
1.4487170000000003
1.4369669999999992
1.4477689999999992
1.4487249999999996
1.4487170000000003
1.4369669999999992
1.4477689999999992
1.4487249999999996
1.4487170000000003
1.4369669999999992
1.4477689999999992
1.4487249999999996
1.4487170000000003
1.4369669999999992
1.4477689999999992
1.4487249999999996
1.4487170000000003
1.4369669999999992
1.4477689999999992
1.4487249999999996
1.4487170000000003
1.4369669999999992
1.4477689999999992
1.4487249999999996
1.4487170000000003
1.4369669999999992
1.4477689999999992
1.4487249999999996
1.4487170000000003
1.4369669999999992
1.4477689999999992
1.4487249999999996
1.4487170000000003
1.4369669999999992
1.4477689999999992
1.4487249999999996
1.4487170000000003
1.4369669999999992
1.4477689999999992
1.4487249999999996
1.4487170000000003
1.4369669999999992
1.4477689999999992
1.4487249999999996
1.4487170000000003
1.4369669999999992
1.4477689999999992
1.4487249999999996
1.4487170000000003
1.4369669999999992
1.4477689999999992
1.4487249999999996
1.4487170000000003
1.4369669999999992
1.4477689999999992
1.4487249999999996
1.4487170000000003
1.4369669999999992
1.4477689999999992
1.4487249999999996
1.4487170000000003
1.4369669999999992
1.4477689999999992
1.4487249999999996
1.4487170000000003
1.4369669999999992
1.4477689999999992
1.4487249999999996
1.4487170000000003
1.4369669999999992
1.4477689999999992
1.4487249999999996
1.4487170000000003
1.4369669999999992
1.4477689999999992
1.4487249999999996
1.4487170000000003
1.4369669999999992
1.4477689999999992
1.4487249999999996
1.4487170000000003
1.4369669999999992
1.4477689999999992
1.4487249999999996
1.4487170000000003
1.4369669999999992
1.4477689999999992
1.4487249999999996
1.4487170000000003
1.4369669999999992
1.4477689999999992
1.4487249999999996
1.4487170000000003
1.4369669999999992
1.4477689999999992
1.4487249999999996
1.4487170000000003
1.4369669999999992
1.4477689999999992
1.4487249999999996
1.4487170000000003
1.4369669999999992
1.4477689999999992
1.4487249999999996
1.4487170000000003
1.4369669999999992
-1.444756
-1.444789
-1.4479160000000002
-1.4447130000000001
-1.444756
-1.444789
-1.4479160000000002
-1.4447130000000001
-1.444756
-1.444789
-1.4479160000000002
-1.4447130000000001
-1.444756
-1.444789
-1.4479160000000002
-1.4447130000000001
-1.444756
-1.444789
-1.4479160000000002
-1.4447130000000001
-1.444756
-1.444789
-1.4479160000000002
-1.4447130000000001
-1.444756
-1.444789
-1.4479160000000002
-1.4447130000000001
-1.444756
-1.444789
-1.4479160000000002
-1.4447130000000001
-1.444756
-1.444789
-1.4479160000000002
-1.4447130000000001
-1.444756
-1.444789
-1.4479160000000002
-1.4447130000000001
-1.444756
-1.444789
-1.4479160000000002
-1.4447130000000001
-1.444756
-1.444789
-1.4479160000000002
-1.4447130000000001
-1.444756
-1.444789
-1.4479160000000002
-1.4447130000000001
-1.444756
-1.444789
-1.4479160000000002
-1.4447130000000001
-1.444756
-1.444789
-1.4479160000000002
-1.4447130000000001
-1.444756
-1.444789
-1.4479160000000002
-1.4447130000000001
-1.444756
-1.444789
-1.4479160000000002
-1.4447130000000001
-1.444756
-1.444789
-1.4479160000000002
-1.4447130000000001
-1.444756
-1.444789
-1.4479160000000002
-1.4447130000000001
-1.444756
-1.444789
-1.4479160000000002
-1.4447130000000001
-1.444756
-1.444789
-1.4479160000000002
-1.4447130000000001
-1.444756
-1.444789
-1.4479160000000002
-1.4447130000000001
-1.444756
-1.444789
-1.4479160000000002
-1.4447130000000001
-1.444756
-1.444789
-1.4479160000000002
-1.4447130000000001
-1.444756
-1.444789
-1.4479160000000002
-1.4447130000000001
-1.444756
-1.444789
-1.4479160000000002
-1.4447130000000001
-1.444756
-1.444789
-1.4479160000000002
-1.4447130000000001
