1.2631150000000009
1.2631150000000009
1.2631150000000009
1.2631150000000009
1.2631150000000009
1.2631150000000009
1.2631150000000009
1.2631150000000009
1.2631150000000009
1.2631150000000009
1.2631150000000009
1.2631150000000009
1.2631150000000009
1.2631150000000009
1.2631150000000009
1.2631150000000009
1.2631150000000009
1.2631150000000009
1.2631150000000009
1.2631150000000009
1.2631150000000009
1.2631150000000009
1.2631150000000009
1.2631150000000009
1.2631150000000009
1.2631150000000009
1.2631150000000009
1.2631150000000009
1.2631150000000009
1.2631150000000009
1.2631150000000009
1.2631150000000009
1.2631150000000009
1.2631150000000009
1.2631150000000009
1.2631150000000009
1.2631150000000009
1.2631150000000009
1.2631150000000009
1.2631150000000009
1.2631150000000009
1.2631150000000009
1.2631150000000009
1.2631150000000009
1.2631150000000009
1.2631150000000009
1.2631150000000009
1.2631150000000009
1.2631150000000009
1.2631150000000009
1.2631150000000009
1.2631150000000009
1.2631150000000009
1.2631150000000009
1.2631150000000009
1.2631150000000009
1.2631150000000009
1.2631150000000009
1.2631150000000009
1.2631150000000009
1.2631150000000009
1.2631150000000009
1.2631150000000009
1.2631150000000009
1.2631150000000009
1.2631150000000009
1.2631150000000009
1.2631150000000009
1.2631150000000009
1.2631150000000009
1.2631150000000009
1.2631150000000009
1.2631150000000009
1.2631150000000009
1.2631150000000009
1.2631150000000009
1.2631150000000009
1.2631150000000009
1.2631150000000009
1.2631150000000009
1.2631150000000009
1.2631150000000009
1.2631150000000009
1.2631150000000009
1.2631150000000009
1.2631150000000009
1.2631150000000009
1.2631150000000009
1.2631150000000009
1.2631150000000009
-1.263115
-1.2631129999999997
-1.263115
-1.2631129999999997
-1.263115
-1.2631129999999997
-1.263115
-1.2631129999999997
-1.263115
-1.2631129999999997
-1.263115
-1.2631129999999997
-1.263115
-1.2631129999999997
-1.263115
-1.2631129999999997
-1.263115
-1.2631129999999997
-1.263115
-1.2631129999999997
-1.263115
-1.2631129999999997
-1.263115
-1.2631129999999997
-1.263115
-1.2631129999999997
-1.263115
-1.2631129999999997
-1.263115
-1.2631129999999997
-1.263115
-1.2631129999999997
-1.263115
-1.2631129999999997
-1.263115
-1.2631129999999997
-1.263115
-1.2631129999999997
-1.263115
-1.2631129999999997
-1.263115
-1.2631129999999997
-1.263115
-1.2631129999999997
-1.263115
-1.2631129999999997
-1.263115
-1.2631129999999997
-1.263115
-1.2631129999999997
-1.263115
-1.2631129999999997
-1.263115
-1.2631129999999997
-1.263115
-1.2631129999999997
-1.263115
-1.2631129999999997
-1.263115
-1.2631129999999997
-1.263115
-1.2631129999999997
-1.263115
-1.2631129999999997
-1.263115
-1.2631129999999997
-1.263115
-1.2631129999999997
-1.263115
-1.2631129999999997
-1.263115
-1.2631129999999997
-1.263115
-1.2631129999999997
-1.263115
-1.2631129999999997
-1.263115
-1.2631129999999997
-1.263115
-1.2631129999999997
-1.263115
-1.2631129999999997
-1.263115
-1.2631129999999997
-1.263115
-1.2631129999999997
-1.263115
-1.2631129999999997
-1.263115
-1.2631129999999997
