1.4576259999999994
1.4576259999999994
1.4576259999999994
1.4576259999999994
1.4576259999999994
1.4576259999999994
1.4576259999999994
1.4576259999999994
1.4576259999999994
1.4576259999999994
1.4576259999999994
1.4576259999999994
1.4576259999999994
1.4576259999999994
1.4576259999999994
1.4576259999999994
1.4576259999999994
1.4576259999999994
1.4576259999999994
1.4576259999999994
1.4576259999999994
1.4576259999999994
1.4576259999999994
1.4576259999999994
1.4576259999999994
1.4576259999999994
1.4576259999999994
1.4576259999999994
1.4576259999999994
1.4576259999999994
1.4576259999999994
1.4576259999999994
1.4576259999999994
1.4576259999999994
1.4576259999999994
1.4576259999999994
1.4576259999999994
1.4576259999999994
1.4576259999999994
1.4576259999999994
1.4576259999999994
1.4576259999999994
1.4576259999999994
1.4576259999999994
1.4576259999999994
1.4576259999999994
1.4576259999999994
1.4576259999999994
1.4576259999999994
1.4576259999999994
1.4576259999999994
1.4576259999999994
1.4576259999999994
1.4576259999999994
1.4576259999999994
1.4576259999999994
1.4576259999999994
1.4576259999999994
1.4576259999999994
1.4576259999999994
1.4576259999999994
1.4576259999999994
1.4576259999999994
1.4576259999999994
-1.4576279999999997
-1.4576279999999997
-1.4576279999999997
-1.4576279999999997
-1.4576279999999997
-1.4576279999999997
-1.4576279999999997
-1.4576279999999997
-1.4576279999999997
-1.4576279999999997
-1.4576279999999997
-1.4576279999999997
-1.4576279999999997
-1.4576279999999997
-1.4576279999999997
-1.4576279999999997
-1.4576279999999997
-1.4576279999999997
-1.4576279999999997
-1.4576279999999997
-1.4576279999999997
-1.4576279999999997
-1.4576279999999997
-1.4576279999999997
-1.4576279999999997
-1.4576279999999997
-1.4576279999999997
-1.4576279999999997
-1.4576279999999997
-1.4576279999999997
-1.4576279999999997
-1.4576279999999997
-1.4576279999999997
-1.4576279999999997
-1.4576279999999997
-1.4576279999999997
-1.4576279999999997
-1.4576279999999997
-1.4576279999999997
-1.4576279999999997
-1.4576279999999997
-1.4576279999999997
-1.4576279999999997
-1.4576279999999997
-1.4576279999999997
-1.4576279999999997
-1.4576279999999997
-1.4576279999999997
-1.4576279999999997
-1.4576279999999997
-1.4576279999999997
-1.4576279999999997
-1.4576279999999997
-1.4576279999999997
-1.4576279999999997
-1.4576279999999997
-1.4576279999999997
-1.4576279999999997
-1.4576279999999997
-1.4576279999999997
-1.4576279999999997
-1.4576279999999997
-1.4576279999999997
-1.4576279999999997
