1.3869450000000008
1.3499160000000003
1.3959499999999991
1.3972320000000007
1.3869450000000008
1.3499160000000003
1.3959499999999991
1.3972320000000007
1.3869450000000008
1.3499160000000003
1.3959499999999991
1.3972320000000007
1.3869450000000008
1.3499160000000003
1.3959499999999991
1.3972320000000007
1.3869450000000008
1.3499160000000003
1.3959499999999991
1.3972320000000007
1.3869450000000008
1.3499160000000003
1.3959499999999991
1.3972320000000007
1.3869450000000008
1.3499160000000003
1.3959499999999991
1.3972320000000007
1.3869450000000008
1.3499160000000003
1.3959499999999991
1.3972320000000007
1.3869450000000008
1.3499160000000003
1.3959499999999991
1.3972320000000007
1.3869450000000008
1.3499160000000003
1.3959499999999991
1.3972320000000007
1.3869450000000008
1.3499160000000003
1.3959499999999991
1.3972320000000007
1.3869450000000008
1.3499160000000003
1.3959499999999991
1.3972320000000007
1.3869450000000008
1.3499160000000003
1.3959499999999991
1.3972320000000007
1.3869450000000008
1.3499160000000003
1.3959499999999991
1.3972320000000007
1.3869450000000008
1.3499160000000003
1.3959499999999991
1.3972320000000007
1.3869450000000008
1.3499160000000003
1.3959499999999991
1.3972320000000007
1.3869450000000008
1.3499160000000003
1.3959499999999991
1.3972320000000007
1.3869450000000008
1.3499160000000003
1.3959499999999991
1.3972320000000007
1.3869450000000008
1.3499160000000003
1.3959499999999991
1.3972320000000007
1.3869450000000008
1.3499160000000003
1.3959499999999991
1.3972320000000007
1.3869450000000008
1.3499160000000003
1.3959499999999991
1.3972320000000007
1.3869450000000008
1.3499160000000003
1.3959499999999991
1.3972320000000007
1.3869450000000008
1.3499160000000003
1.3959499999999991
1.3972320000000007
1.3869450000000008
1.3499160000000003
1.3959499999999991
1.3972320000000007
1.3869450000000008
1.3499160000000003
1.3959499999999991
1.3972320000000007
1.3869450000000008
1.3499160000000003
1.3959499999999991
1.3972320000000007
1.3869450000000008
1.3499160000000003
1.3959499999999991
1.3972320000000007
1.3869450000000008
1.3499160000000003
1.3959499999999991
1.3972320000000007
1.3869450000000008
1.3499160000000003
1.3959499999999991
1.3972320000000007
1.3869450000000008
1.3499160000000003
1.3959499999999991
1.3972320000000007
1.3869450000000008
1.3499160000000003
1.3959499999999991
1.3972320000000007
1.3869450000000008
1.3499160000000003
1.3959499999999991
1.3972320000000007
1.3869450000000008
1.3499160000000003
1.3959499999999991
1.3972320000000007
1.3869450000000008
1.3499160000000003
1.3959499999999991
1.3972320000000007
1.3869450000000008
1.3499160000000003
1.3959499999999991
1.3972320000000007
1.3869450000000008
1.3499160000000003
1.3959499999999991
1.3972320000000007
1.3869450000000008
1.3499160000000003
1.3959499999999991
1.3972320000000007
1.3869450000000008
1.3499160000000003
1.3959499999999991
1.3972320000000007
1.3869450000000008
1.3499160000000003
1.3959499999999991
1.3972320000000007
1.3869450000000008
1.3499160000000003
1.3959499999999991
1.3972320000000007
1.3869450000000008
1.3499160000000003
1.3959499999999991
1.3972320000000007
1.3869450000000008
1.3499160000000003
1.3959499999999991
1.3972320000000007
1.3869450000000008
1.3499160000000003
1.3959499999999991
1.3972320000000007
1.3869450000000008
1.3499160000000003
1.3959499999999991
1.3972320000000007
1.3869450000000008
1.3499160000000003
1.3959499999999991
1.3972320000000007
1.3869450000000008
1.3499160000000003
1.3959499999999991
1.3972320000000007
1.3869450000000008
1.3499160000000003
1.3959499999999991
1.3972320000000007
1.3869450000000008
1.3499160000000003
1.3959499999999991
1.3972320000000007
-1.3848149999999997
-1.3755189999999997
-1.3857080000000002
-1.3840000000000003
-1.3848149999999997
-1.3755189999999997
-1.3857080000000002
-1.3840000000000003
-1.3848149999999997
-1.3755189999999997
-1.3857080000000002
-1.3840000000000003
-1.3848149999999997
-1.3755189999999997
-1.3857080000000002
-1.3840000000000003
-1.3848149999999997
-1.3755189999999997
-1.3857080000000002
-1.3840000000000003
-1.3848149999999997
-1.3755189999999997
-1.3857080000000002
-1.3840000000000003
-1.3848149999999997
-1.3755189999999997
-1.3857080000000002
-1.3840000000000003
-1.3848149999999997
-1.3755189999999997
-1.3857080000000002
-1.3840000000000003
-1.3848149999999997
-1.3755189999999997
-1.3857080000000002
-1.3840000000000003
-1.3848149999999997
-1.3755189999999997
-1.3857080000000002
-1.3840000000000003
-1.3848149999999997
-1.3755189999999997
-1.3857080000000002
-1.3840000000000003
-1.3848149999999997
-1.3755189999999997
-1.3857080000000002
-1.3840000000000003
-1.3848149999999997
-1.3755189999999997
-1.3857080000000002
-1.3840000000000003
-1.3848149999999997
-1.3755189999999997
-1.3857080000000002
-1.3840000000000003
-1.3848149999999997
-1.3755189999999997
-1.3857080000000002
-1.3840000000000003
-1.3848149999999997
-1.3755189999999997
-1.3857080000000002
-1.3840000000000003
-1.3848149999999997
-1.3755189999999997
-1.3857080000000002
-1.3840000000000003
-1.3848149999999997
-1.3755189999999997
-1.3857080000000002
-1.3840000000000003
-1.3848149999999997
-1.3755189999999997
-1.3857080000000002
-1.3840000000000003
-1.3848149999999997
-1.3755189999999997
-1.3857080000000002
-1.3840000000000003
-1.3848149999999997
-1.3755189999999997
-1.3857080000000002
-1.3840000000000003
-1.3848149999999997
-1.3755189999999997
-1.3857080000000002
-1.3840000000000003
-1.3848149999999997
-1.3755189999999997
-1.3857080000000002
-1.3840000000000003
-1.3848149999999997
-1.3755189999999997
-1.3857080000000002
-1.3840000000000003
-1.3848149999999997
-1.3755189999999997
-1.3857080000000002
-1.3840000000000003
-1.3848149999999997
-1.3755189999999997
-1.3857080000000002
-1.3840000000000003
-1.3848149999999997
-1.3755189999999997
-1.3857080000000002
-1.3840000000000003
-1.3848149999999997
-1.3755189999999997
-1.3857080000000002
-1.3840000000000003
-1.3848149999999997
-1.3755189999999997
-1.3857080000000002
-1.3840000000000003
-1.3848149999999997
-1.3755189999999997
-1.3857080000000002
-1.3840000000000003
-1.3848149999999997
-1.3755189999999997
-1.3857080000000002
-1.3840000000000003
-1.3848149999999997
-1.3755189999999997
-1.3857080000000002
-1.3840000000000003
-1.3848149999999997
-1.3755189999999997
-1.3857080000000002
-1.3840000000000003
-1.3848149999999997
-1.3755189999999997
-1.3857080000000002
-1.3840000000000003
-1.3848149999999997
-1.3755189999999997
-1.3857080000000002
-1.3840000000000003
-1.3848149999999997
-1.3755189999999997
-1.3857080000000002
-1.3840000000000003
-1.3848149999999997
-1.3755189999999997
-1.3857080000000002
-1.3840000000000003
-1.3848149999999997
-1.3755189999999997
-1.3857080000000002
-1.3840000000000003
-1.3848149999999997
-1.3755189999999997
-1.3857080000000002
-1.3840000000000003
-1.3848149999999997
-1.3755189999999997
-1.3857080000000002
-1.3840000000000003
-1.3848149999999997
-1.3755189999999997
-1.3857080000000002
-1.3840000000000003
-1.3848149999999997
-1.3755189999999997
-1.3857080000000002
-1.3840000000000003
-1.3848149999999997
-1.3755189999999997
-1.3857080000000002
-1.3840000000000003
-1.3848149999999997
-1.3755189999999997
-1.3857080000000002
-1.3840000000000003
-1.3848149999999997
-1.3755189999999997
-1.3857080000000002
-1.3840000000000003
-1.3848149999999997
-1.3755189999999997
-1.3857080000000002
-1.3840000000000003
-1.3848149999999997
-1.3755189999999997
-1.3857080000000002
-1.3840000000000003
-1.3848149999999997
-1.3755189999999997
-1.3857080000000002
-1.3840000000000003
