0.7873029999999996
0.7873029999999996
0.7873029999999996
0.7873029999999996
0.7873029999999996
0.7873029999999996
0.7873029999999996
0.7873029999999996
0.7873029999999996
0.7873029999999996
0.7873029999999996
0.7873029999999996
0.7873029999999996
0.7873029999999996
0.7873029999999996
0.7873029999999996
0.7873029999999996
0.7873029999999996
0.7873029999999996
0.7873029999999996
0.7873029999999996
0.7873029999999996
0.7873029999999996
0.7873029999999996
0.7873029999999996
0.7873029999999996
0.7873029999999996
0.7873029999999996
0.7873029999999996
0.7873029999999996
0.7873029999999996
0.7873029999999996
0.7873029999999996
0.7873029999999996
0.7873029999999996
0.7873029999999996
0.7873029999999996
0.7873029999999996
0.7873029999999996
0.7873029999999996
0.7873029999999996
0.7873029999999996
0.7873029999999996
0.7873029999999996
0.7873029999999996
0.7873029999999996
0.7873029999999996
0.7873029999999996
0.7873029999999996
0.7873029999999996
0.7873029999999996
0.7873029999999996
0.7873029999999996
0.7873029999999996
0.7873029999999996
0.7873029999999996
0.7873029999999996
0.7873029999999996
0.7873029999999996
0.7873029999999996
0.7873029999999996
0.7873029999999996
0.7873029999999996
0.7873029999999996
-0.7873020000000004
-0.7873020000000004
-0.7873020000000004
-0.7873020000000004
-0.7873020000000004
-0.7873020000000004
-0.7873020000000004
-0.7873020000000004
-0.7873020000000004
-0.7873020000000004
-0.7873020000000004
-0.7873020000000004
-0.7873020000000004
-0.7873020000000004
-0.7873020000000004
-0.7873020000000004
-0.7873020000000004
-0.7873020000000004
-0.7873020000000004
-0.7873020000000004
-0.7873020000000004
-0.7873020000000004
-0.7873020000000004
-0.7873020000000004
-0.7873020000000004
-0.7873020000000004
-0.7873020000000004
-0.7873020000000004
-0.7873020000000004
-0.7873020000000004
-0.7873020000000004
-0.7873020000000004
-0.7873020000000004
-0.7873020000000004
-0.7873020000000004
-0.7873020000000004
-0.7873020000000004
-0.7873020000000004
-0.7873020000000004
-0.7873020000000004
-0.7873020000000004
-0.7873020000000004
-0.7873020000000004
-0.7873020000000004
-0.7873020000000004
-0.7873020000000004
-0.7873020000000004
-0.7873020000000004
-0.7873020000000004
-0.7873020000000004
-0.7873020000000004
-0.7873020000000004
-0.7873020000000004
-0.7873020000000004
-0.7873020000000004
-0.7873020000000004
-0.7873020000000004
-0.7873020000000004
-0.7873020000000004
-0.7873020000000004
-0.7873020000000004
-0.7873020000000004
-0.7873020000000004
-0.7873020000000004
