1.4207710000000002
1.4275450000000003
1.4247619999999994
1.4252990000000008
1.4207710000000002
1.4275450000000003
1.4247619999999994
1.4252990000000008
1.4207710000000002
1.4275450000000003
1.4247619999999994
1.4252990000000008
1.4207710000000002
1.4275450000000003
1.4247619999999994
1.4252990000000008
1.4207710000000002
1.4275450000000003
1.4247619999999994
1.4252990000000008
1.4207710000000002
1.4275450000000003
1.4247619999999994
1.4252990000000008
1.4207710000000002
1.4275450000000003
1.4247619999999994
1.4252990000000008
1.4207710000000002
1.4275450000000003
1.4247619999999994
1.4252990000000008
1.4207710000000002
1.4275450000000003
1.4247619999999994
1.4252990000000008
1.4207710000000002
1.4275450000000003
1.4247619999999994
1.4252990000000008
1.4207710000000002
1.4275450000000003
1.4247619999999994
1.4252990000000008
1.4207710000000002
1.4275450000000003
1.4247619999999994
1.4252990000000008
1.4207710000000002
1.4275450000000003
1.4247619999999994
1.4252990000000008
1.4207710000000002
1.4275450000000003
1.4247619999999994
1.4252990000000008
1.4207710000000002
1.4275450000000003
1.4247619999999994
1.4252990000000008
1.4207710000000002
1.4275450000000003
1.4247619999999994
1.4252990000000008
1.4207710000000002
1.4275450000000003
1.4247619999999994
1.4252990000000008
1.4207710000000002
1.4275450000000003
1.4247619999999994
1.4252990000000008
1.4207710000000002
1.4275450000000003
1.4247619999999994
1.4252990000000008
1.4207710000000002
1.4275450000000003
1.4247619999999994
1.4252990000000008
1.4207710000000002
1.4275450000000003
1.4247619999999994
1.4252990000000008
1.4207710000000002
1.4275450000000003
1.4247619999999994
1.4252990000000008
1.4207710000000002
1.4275450000000003
1.4247619999999994
1.4252990000000008
1.4207710000000002
1.4275450000000003
1.4247619999999994
1.4252990000000008
1.4207710000000002
1.4275450000000003
1.4247619999999994
1.4252990000000008
1.4207710000000002
1.4275450000000003
1.4247619999999994
1.4252990000000008
1.4207710000000002
1.4275450000000003
1.4247619999999994
1.4252990000000008
1.4207710000000002
1.4275450000000003
1.4247619999999994
1.4252990000000008
1.4207710000000002
1.4275450000000003
1.4247619999999994
1.4252990000000008
1.4207710000000002
1.4275450000000003
1.4247619999999994
1.4252990000000008
1.4207710000000002
1.4275450000000003
1.4247619999999994
1.4252990000000008
1.4207710000000002
1.4275450000000003
1.4247619999999994
1.4252990000000008
1.4207710000000002
1.4275450000000003
1.4247619999999994
1.4252990000000008
1.4207710000000002
1.4275450000000003
1.4247619999999994
1.4252990000000008
1.4207710000000002
1.4275450000000003
1.4247619999999994
1.4252990000000008
1.4207710000000002
1.4275450000000003
1.4247619999999994
1.4252990000000008
1.4207710000000002
1.4275450000000003
1.4247619999999994
1.4252990000000008
1.4207710000000002
1.4275450000000003
1.4247619999999994
1.4252990000000008
1.4207710000000002
1.4275450000000003
1.4247619999999994
1.4252990000000008
1.4207710000000002
1.4275450000000003
1.4247619999999994
1.4252990000000008
1.4207710000000002
1.4275450000000003
1.4247619999999994
1.4252990000000008
1.4207710000000002
1.4275450000000003
1.4247619999999994
1.4252990000000008
1.4207710000000002
1.4275450000000003
1.4247619999999994
1.4252990000000008
1.4207710000000002
1.4275450000000003
1.4247619999999994
1.4252990000000008
1.4207710000000002
1.4275450000000003
1.4247619999999994
1.4252990000000008
1.4207710000000002
1.4275450000000003
1.4247619999999994
1.4252990000000008
1.4207710000000002
1.4275450000000003
1.4247619999999994
1.4252990000000008
1.4207710000000002
1.4275450000000003
1.4247619999999994
1.4252990000000008
-1.421735
-1.4267849999999997
-1.4241929999999998
-1.4256650000000004
-1.421735
-1.4267849999999997
-1.4241929999999998
-1.4256650000000004
-1.421735
-1.4267849999999997
-1.4241929999999998
-1.4256650000000004
-1.421735
-1.4267849999999997
-1.4241929999999998
-1.4256650000000004
-1.421735
-1.4267849999999997
-1.4241929999999998
-1.4256650000000004
-1.421735
-1.4267849999999997
-1.4241929999999998
-1.4256650000000004
-1.421735
-1.4267849999999997
-1.4241929999999998
-1.4256650000000004
-1.421735
-1.4267849999999997
-1.4241929999999998
-1.4256650000000004
-1.421735
-1.4267849999999997
-1.4241929999999998
-1.4256650000000004
-1.421735
-1.4267849999999997
-1.4241929999999998
-1.4256650000000004
-1.421735
-1.4267849999999997
-1.4241929999999998
-1.4256650000000004
-1.421735
-1.4267849999999997
-1.4241929999999998
-1.4256650000000004
-1.421735
-1.4267849999999997
-1.4241929999999998
-1.4256650000000004
-1.421735
-1.4267849999999997
-1.4241929999999998
-1.4256650000000004
-1.421735
-1.4267849999999997
-1.4241929999999998
-1.4256650000000004
-1.421735
-1.4267849999999997
-1.4241929999999998
-1.4256650000000004
-1.421735
-1.4267849999999997
-1.4241929999999998
-1.4256650000000004
-1.421735
-1.4267849999999997
-1.4241929999999998
-1.4256650000000004
-1.421735
-1.4267849999999997
-1.4241929999999998
-1.4256650000000004
-1.421735
-1.4267849999999997
-1.4241929999999998
-1.4256650000000004
-1.421735
-1.4267849999999997
-1.4241929999999998
-1.4256650000000004
-1.421735
-1.4267849999999997
-1.4241929999999998
-1.4256650000000004
-1.421735
-1.4267849999999997
-1.4241929999999998
-1.4256650000000004
-1.421735
-1.4267849999999997
-1.4241929999999998
-1.4256650000000004
-1.421735
-1.4267849999999997
-1.4241929999999998
-1.4256650000000004
-1.421735
-1.4267849999999997
-1.4241929999999998
-1.4256650000000004
-1.421735
-1.4267849999999997
-1.4241929999999998
-1.4256650000000004
-1.421735
-1.4267849999999997
-1.4241929999999998
-1.4256650000000004
-1.421735
-1.4267849999999997
-1.4241929999999998
-1.4256650000000004
-1.421735
-1.4267849999999997
-1.4241929999999998
-1.4256650000000004
-1.421735
-1.4267849999999997
-1.4241929999999998
-1.4256650000000004
-1.421735
-1.4267849999999997
-1.4241929999999998
-1.4256650000000004
-1.421735
-1.4267849999999997
-1.4241929999999998
-1.4256650000000004
-1.421735
-1.4267849999999997
-1.4241929999999998
-1.4256650000000004
-1.421735
-1.4267849999999997
-1.4241929999999998
-1.4256650000000004
-1.421735
-1.4267849999999997
-1.4241929999999998
-1.4256650000000004
-1.421735
-1.4267849999999997
-1.4241929999999998
-1.4256650000000004
-1.421735
-1.4267849999999997
-1.4241929999999998
-1.4256650000000004
-1.421735
-1.4267849999999997
-1.4241929999999998
-1.4256650000000004
-1.421735
-1.4267849999999997
-1.4241929999999998
-1.4256650000000004
-1.421735
-1.4267849999999997
-1.4241929999999998
-1.4256650000000004
-1.421735
-1.4267849999999997
-1.4241929999999998
-1.4256650000000004
-1.421735
-1.4267849999999997
-1.4241929999999998
-1.4256650000000004
-1.421735
-1.4267849999999997
-1.4241929999999998
-1.4256650000000004
-1.421735
-1.4267849999999997
-1.4241929999999998
-1.4256650000000004
-1.421735
-1.4267849999999997
-1.4241929999999998
-1.4256650000000004
-1.421735
-1.4267849999999997
-1.4241929999999998
-1.4256650000000004
-1.421735
-1.4267849999999997
-1.4241929999999998
-1.4256650000000004
