1.4212969999999991
1.4212969999999991
1.4212969999999991
1.4212969999999991
1.4212969999999991
1.4212969999999991
1.4212969999999991
1.4212969999999991
1.4212969999999991
1.4212969999999991
1.4212969999999991
1.4212969999999991
1.4212969999999991
1.4212969999999991
1.4212969999999991
1.4212969999999991
1.4212969999999991
1.4212969999999991
1.4212969999999991
1.4212969999999991
1.4212969999999991
1.4212969999999991
1.4212969999999991
1.4212969999999991
1.4212969999999991
1.4212969999999991
1.4212969999999991
1.4212969999999991
1.4212969999999991
1.4212969999999991
1.4212969999999991
1.4212969999999991
1.4212969999999991
1.4212969999999991
1.4212969999999991
1.4212969999999991
1.4212969999999991
1.4212969999999991
1.4212969999999991
1.4212969999999991
1.4212969999999991
1.4212969999999991
1.4212969999999991
1.4212969999999991
1.4212969999999991
1.4212969999999991
1.4212969999999991
1.4212969999999991
1.4212969999999991
1.4212969999999991
1.4212969999999991
1.4212969999999991
1.4212969999999991
1.4212969999999991
-1.4212990000000003
-1.4212990000000003
-1.4212990000000003
-1.4212990000000003
-1.4212990000000003
-1.4212990000000003
-1.4212990000000003
-1.4212990000000003
-1.4212990000000003
-1.4212990000000003
-1.4212990000000003
-1.4212990000000003
-1.4212990000000003
-1.4212990000000003
-1.4212990000000003
-1.4212990000000003
-1.4212990000000003
-1.4212990000000003
-1.4212990000000003
-1.4212990000000003
-1.4212990000000003
-1.4212990000000003
-1.4212990000000003
-1.4212990000000003
-1.4212990000000003
-1.4212990000000003
-1.4212990000000003
-1.4212990000000003
-1.4212990000000003
-1.4212990000000003
-1.4212990000000003
-1.4212990000000003
-1.4212990000000003
-1.4212990000000003
-1.4212990000000003
-1.4212990000000003
-1.4212990000000003
-1.4212990000000003
-1.4212990000000003
-1.4212990000000003
-1.4212990000000003
-1.4212990000000003
-1.4212990000000003
-1.4212990000000003
-1.4212990000000003
-1.4212990000000003
-1.4212990000000003
-1.4212990000000003
-1.4212990000000003
-1.4212990000000003
-1.4212990000000003
-1.4212990000000003
-1.4212990000000003
-1.4212990000000003
