1.3703000000000003
1.3937969999999993
1.3929290000000005
1.3814510000000002
1.3703000000000003
1.3937969999999993
1.3929290000000005
1.3814510000000002
1.3703000000000003
1.3937969999999993
1.3929290000000005
1.3814510000000002
1.3703000000000003
1.3937969999999993
1.3929290000000005
1.3814510000000002
1.3703000000000003
1.3937969999999993
1.3929290000000005
1.3814510000000002
1.3703000000000003
1.3937969999999993
1.3929290000000005
1.3814510000000002
1.3703000000000003
1.3937969999999993
1.3929290000000005
1.3814510000000002
1.3703000000000003
1.3937969999999993
1.3929290000000005
1.3814510000000002
1.3703000000000003
1.3937969999999993
1.3929290000000005
1.3814510000000002
1.3703000000000003
1.3937969999999993
1.3929290000000005
1.3814510000000002
1.3703000000000003
1.3937969999999993
1.3929290000000005
1.3814510000000002
1.3703000000000003
1.3937969999999993
1.3929290000000005
1.3814510000000002
1.3703000000000003
1.3937969999999993
1.3929290000000005
1.3814510000000002
1.3703000000000003
1.3937969999999993
1.3929290000000005
1.3814510000000002
1.3703000000000003
1.3937969999999993
1.3929290000000005
1.3814510000000002
1.3703000000000003
1.3937969999999993
1.3929290000000005
1.3814510000000002
1.3703000000000003
1.3937969999999993
1.3929290000000005
1.3814510000000002
1.3703000000000003
1.3937969999999993
1.3929290000000005
1.3814510000000002
1.3703000000000003
1.3937969999999993
1.3929290000000005
1.3814510000000002
1.3703000000000003
1.3937969999999993
1.3929290000000005
1.3814510000000002
1.3703000000000003
1.3937969999999993
1.3929290000000005
1.3814510000000002
1.3703000000000003
1.3937969999999993
1.3929290000000005
1.3814510000000002
1.3703000000000003
1.3937969999999993
1.3929290000000005
1.3814510000000002
1.3703000000000003
1.3937969999999993
1.3929290000000005
1.3814510000000002
1.3703000000000003
1.3937969999999993
1.3929290000000005
1.3814510000000002
1.3703000000000003
1.3937969999999993
1.3929290000000005
1.3814510000000002
1.3703000000000003
1.3937969999999993
1.3929290000000005
1.3814510000000002
1.3703000000000003
1.3937969999999993
1.3929290000000005
1.3814510000000002
1.3703000000000003
1.3937969999999993
1.3929290000000005
1.3814510000000002
1.3703000000000003
1.3937969999999993
1.3929290000000005
1.3814510000000002
1.3703000000000003
1.3937969999999993
1.3929290000000005
1.3814510000000002
1.3703000000000003
1.3937969999999993
1.3929290000000005
1.3814510000000002
1.3703000000000003
1.3937969999999993
1.3929290000000005
1.3814510000000002
1.3703000000000003
1.3937969999999993
1.3929290000000005
1.3814510000000002
1.3703000000000003
1.3937969999999993
1.3929290000000005
1.3814510000000002
1.3703000000000003
1.3937969999999993
1.3929290000000005
1.3814510000000002
-1.389983
-1.3795580000000003
-1.388414
-1.3805199999999997
-1.389983
-1.3795580000000003
-1.388414
-1.3805199999999997
-1.389983
-1.3795580000000003
-1.388414
-1.3805199999999997
-1.389983
-1.3795580000000003
-1.388414
-1.3805199999999997
-1.389983
-1.3795580000000003
-1.388414
-1.3805199999999997
-1.389983
-1.3795580000000003
-1.388414
-1.3805199999999997
-1.389983
-1.3795580000000003
-1.388414
-1.3805199999999997
-1.389983
-1.3795580000000003
-1.388414
-1.3805199999999997
-1.389983
-1.3795580000000003
-1.388414
-1.3805199999999997
-1.389983
-1.3795580000000003
-1.388414
-1.3805199999999997
-1.389983
-1.3795580000000003
-1.388414
-1.3805199999999997
-1.389983
-1.3795580000000003
-1.388414
-1.3805199999999997
-1.389983
-1.3795580000000003
-1.388414
-1.3805199999999997
-1.389983
-1.3795580000000003
-1.388414
-1.3805199999999997
-1.389983
-1.3795580000000003
-1.388414
-1.3805199999999997
-1.389983
-1.3795580000000003
-1.388414
-1.3805199999999997
-1.389983
-1.3795580000000003
-1.388414
-1.3805199999999997
-1.389983
-1.3795580000000003
-1.388414
-1.3805199999999997
-1.389983
-1.3795580000000003
-1.388414
-1.3805199999999997
-1.389983
-1.3795580000000003
-1.388414
-1.3805199999999997
-1.389983
-1.3795580000000003
-1.388414
-1.3805199999999997
-1.389983
-1.3795580000000003
-1.388414
-1.3805199999999997
-1.389983
-1.3795580000000003
-1.388414
-1.3805199999999997
-1.389983
-1.3795580000000003
-1.388414
-1.3805199999999997
-1.389983
-1.3795580000000003
-1.388414
-1.3805199999999997
-1.389983
-1.3795580000000003
-1.388414
-1.3805199999999997
-1.389983
-1.3795580000000003
-1.388414
-1.3805199999999997
-1.389983
-1.3795580000000003
-1.388414
-1.3805199999999997
-1.389983
-1.3795580000000003
-1.388414
-1.3805199999999997
-1.389983
-1.3795580000000003
-1.388414
-1.3805199999999997
-1.389983
-1.3795580000000003
-1.388414
-1.3805199999999997
-1.389983
-1.3795580000000003
-1.388414
-1.3805199999999997
-1.389983
-1.3795580000000003
-1.388414
-1.3805199999999997
-1.389983
-1.3795580000000003
-1.388414
-1.3805199999999997
-1.389983
-1.3795580000000003
-1.388414
-1.3805199999999997
-1.389983
-1.3795580000000003
-1.388414
-1.3805199999999997
