1.1312719999999992
1.1312719999999992
1.1312719999999992
1.1312719999999992
1.1312719999999992
1.1312719999999992
1.1312719999999992
1.1312719999999992
1.1312719999999992
1.1312719999999992
1.1312719999999992
1.1312719999999992
1.1312719999999992
1.1312719999999992
1.1312719999999992
1.1312719999999992
1.1312719999999992
1.1312719999999992
1.1312719999999992
1.1312719999999992
1.1312719999999992
1.1312719999999992
1.1312719999999992
1.1312719999999992
1.1312719999999992
1.1312719999999992
1.1312719999999992
-1.1312699999999998
-1.1312699999999998
-1.1312699999999998
-1.1312699999999998
-1.1312699999999998
-1.1312699999999998
-1.1312699999999998
-1.1312699999999998
-1.1312699999999998
-1.1312699999999998
-1.1312699999999998
-1.1312699999999998
-1.1312699999999998
-1.1312699999999998
-1.1312699999999998
-1.1312699999999998
-1.1312699999999998
-1.1312699999999998
-1.1312699999999998
-1.1312699999999998
-1.1312699999999998
-1.1312699999999998
-1.1312699999999998
-1.1312699999999998
-1.1312699999999998
-1.1312699999999998
-1.1312699999999998
