1.3048260000000003
1.3048260000000003
1.3048260000000003
1.3048260000000003
1.3048260000000003
1.3048260000000003
1.3048260000000003
1.3048260000000003
1.3048260000000003
1.3048260000000003
1.3048260000000003
1.3048260000000003
1.3048260000000003
1.3048260000000003
1.3048260000000003
1.3048260000000003
1.3048260000000003
1.3048260000000003
1.3048260000000003
1.3048260000000003
1.3048260000000003
1.3048260000000003
1.3048260000000003
1.3048260000000003
1.3048260000000003
1.3048260000000003
1.3048260000000003
1.3048260000000003
1.3048260000000003
1.3048260000000003
1.3048260000000003
1.3048260000000003
1.3048260000000003
1.3048260000000003
1.3048260000000003
1.3048260000000003
1.3048260000000003
1.3048260000000003
1.3048260000000003
1.3048260000000003
1.3048260000000003
1.3048260000000003
1.3048260000000003
1.3048260000000003
1.3048260000000003
1.3048260000000003
1.3048260000000003
1.3048260000000003
1.3048260000000003
1.3048260000000003
1.3048260000000003
1.3048260000000003
1.3048260000000003
1.3048260000000003
1.3048260000000003
1.3048260000000003
1.3048260000000003
1.3048260000000003
1.3048260000000003
1.3048260000000003
1.3048260000000003
1.3048260000000003
1.3048260000000003
1.3048260000000003
1.3048260000000003
1.3048260000000003
1.3048260000000003
1.3048260000000003
1.3048260000000003
1.3048260000000003
1.3048260000000003
1.3048260000000003
1.3048260000000003
1.3048260000000003
1.3048260000000003
1.3048260000000003
1.3048260000000003
1.3048260000000003
1.3048260000000003
1.3048260000000003
1.3048260000000003
1.3048260000000003
1.3048260000000003
1.3048260000000003
1.3048260000000003
1.3048260000000003
1.3048260000000003
1.3048260000000003
1.3048260000000003
1.3048260000000003
1.3048260000000003
1.3048260000000003
1.3048260000000003
1.3048260000000003
1.3048260000000003
1.3048260000000003
-1.3048209999999996
-1.30483
-1.3048209999999996
-1.30483
-1.3048209999999996
-1.30483
-1.3048209999999996
-1.30483
-1.3048209999999996
-1.30483
-1.3048209999999996
-1.30483
-1.3048209999999996
-1.30483
-1.3048209999999996
-1.30483
-1.3048209999999996
-1.30483
-1.3048209999999996
-1.30483
-1.3048209999999996
-1.30483
-1.3048209999999996
-1.30483
-1.3048209999999996
-1.30483
-1.3048209999999996
-1.30483
-1.3048209999999996
-1.30483
-1.3048209999999996
-1.30483
-1.3048209999999996
-1.30483
-1.3048209999999996
-1.30483
-1.3048209999999996
-1.30483
-1.3048209999999996
-1.30483
-1.3048209999999996
-1.30483
-1.3048209999999996
-1.30483
-1.3048209999999996
-1.30483
-1.3048209999999996
-1.30483
-1.3048209999999996
-1.30483
-1.3048209999999996
-1.30483
-1.3048209999999996
-1.30483
-1.3048209999999996
-1.30483
-1.3048209999999996
-1.30483
-1.3048209999999996
-1.30483
-1.3048209999999996
-1.30483
-1.3048209999999996
-1.30483
-1.3048209999999996
-1.30483
-1.3048209999999996
-1.30483
-1.3048209999999996
-1.30483
-1.3048209999999996
-1.30483
-1.3048209999999996
-1.30483
-1.3048209999999996
-1.30483
-1.3048209999999996
-1.30483
-1.3048209999999996
-1.30483
-1.3048209999999996
-1.30483
-1.3048209999999996
-1.30483
-1.3048209999999996
-1.30483
-1.3048209999999996
-1.30483
-1.3048209999999996
-1.30483
-1.3048209999999996
-1.30483
-1.3048209999999996
-1.30483
-1.3048209999999996
-1.30483
