1.4117160000000002
1.4157080000000004
1.4117160000000002
1.4157080000000004
1.4117160000000002
1.4157080000000004
1.4117160000000002
1.4157080000000004
1.4117160000000002
1.4157080000000004
1.4117160000000002
1.4157080000000004
1.4117160000000002
1.4157080000000004
1.4117160000000002
1.4157080000000004
1.4117160000000002
1.4157080000000004
1.4117160000000002
1.4157080000000004
1.4117160000000002
1.4157080000000004
1.4117160000000002
1.4157080000000004
1.4117160000000002
1.4157080000000004
1.4117160000000002
1.4157080000000004
1.4117160000000002
1.4157080000000004
1.4117160000000002
1.4157080000000004
1.4117160000000002
1.4157080000000004
1.4117160000000002
1.4157080000000004
1.4117160000000002
1.4157080000000004
1.4117160000000002
1.4157080000000004
1.4117160000000002
1.4157080000000004
1.4117160000000002
1.4157080000000004
1.4117160000000002
1.4157080000000004
1.4117160000000002
1.4157080000000004
1.4117160000000002
1.4157080000000004
1.4117160000000002
1.4157080000000004
1.4117160000000002
1.4157080000000004
1.4117160000000002
1.4157080000000004
1.4117160000000002
1.4157080000000004
1.4117160000000002
1.4157080000000004
1.4117160000000002
1.4157080000000004
1.4117160000000002
1.4157080000000004
1.4117160000000002
1.4157080000000004
1.4117160000000002
1.4157080000000004
1.4117160000000002
1.4157080000000004
1.4117160000000002
1.4157080000000004
1.4117160000000002
1.4157080000000004
1.4117160000000002
1.4157080000000004
1.4117160000000002
1.4157080000000004
1.4117160000000002
1.4157080000000004
1.4117160000000002
1.4157080000000004
1.4117160000000002
1.4157080000000004
1.4117160000000002
1.4157080000000004
1.4117160000000002
1.4157080000000004
1.4117160000000002
1.4157080000000004
1.4117160000000002
1.4157080000000004
1.4117160000000002
1.4157080000000004
1.4117160000000002
1.4157080000000004
1.4117160000000002
1.4157080000000004
1.4117160000000002
1.4157080000000004
1.4117160000000002
1.4157080000000004
1.4117160000000002
1.4157080000000004
1.4117160000000002
1.4157080000000004
1.4117160000000002
1.4157080000000004
1.4117160000000002
1.4157080000000004
1.4117160000000002
1.4157080000000004
1.4117160000000002
1.4157080000000004
1.4117160000000002
1.4157080000000004
1.4117160000000002
1.4157080000000004
1.4117160000000002
1.4157080000000004
-1.4156279999999999
-1.411798
-1.4156279999999999
-1.411798
-1.4156279999999999
-1.411798
-1.4156279999999999
-1.411798
-1.4156279999999999
-1.411798
-1.4156279999999999
-1.411798
-1.4156279999999999
-1.411798
-1.4156279999999999
-1.411798
-1.4156279999999999
-1.411798
-1.4156279999999999
-1.411798
-1.4156279999999999
-1.411798
-1.4156279999999999
-1.411798
-1.4156279999999999
-1.411798
-1.4156279999999999
-1.411798
-1.4156279999999999
-1.411798
-1.4156279999999999
-1.411798
-1.4156279999999999
-1.411798
-1.4156279999999999
-1.411798
-1.4156279999999999
-1.411798
-1.4156279999999999
-1.411798
-1.4156279999999999
-1.411798
-1.4156279999999999
-1.411798
-1.4156279999999999
-1.411798
-1.4156279999999999
-1.411798
-1.4156279999999999
-1.411798
-1.4156279999999999
-1.411798
-1.4156279999999999
-1.411798
-1.4156279999999999
-1.411798
-1.4156279999999999
-1.411798
-1.4156279999999999
-1.411798
-1.4156279999999999
-1.411798
-1.4156279999999999
-1.411798
-1.4156279999999999
-1.411798
-1.4156279999999999
-1.411798
-1.4156279999999999
-1.411798
-1.4156279999999999
-1.411798
-1.4156279999999999
-1.411798
-1.4156279999999999
-1.411798
-1.4156279999999999
-1.411798
-1.4156279999999999
-1.411798
-1.4156279999999999
-1.411798
-1.4156279999999999
-1.411798
-1.4156279999999999
-1.411798
-1.4156279999999999
-1.411798
-1.4156279999999999
-1.411798
-1.4156279999999999
-1.411798
-1.4156279999999999
-1.411798
-1.4156279999999999
-1.411798
-1.4156279999999999
-1.411798
-1.4156279999999999
-1.411798
-1.4156279999999999
-1.411798
-1.4156279999999999
-1.411798
-1.4156279999999999
-1.411798
-1.4156279999999999
-1.411798
-1.4156279999999999
-1.411798
-1.4156279999999999
-1.411798
-1.4156279999999999
-1.411798
-1.4156279999999999
-1.411798
-1.4156279999999999
-1.411798
-1.4156279999999999
-1.411798
