1.3409879999999994
1.3297690000000006
1.3291559999999993
1.3124369999999992
1.3409879999999994
1.3297690000000006
1.3291559999999993
1.3124369999999992
1.3409879999999994
1.3297690000000006
1.3291559999999993
1.3124369999999992
1.3409879999999994
1.3297690000000006
1.3291559999999993
1.3124369999999992
1.3409879999999994
1.3297690000000006
1.3291559999999993
1.3124369999999992
1.3409879999999994
1.3297690000000006
1.3291559999999993
1.3124369999999992
1.3409879999999994
1.3297690000000006
1.3291559999999993
1.3124369999999992
1.3409879999999994
1.3297690000000006
1.3291559999999993
1.3124369999999992
1.3409879999999994
1.3297690000000006
1.3291559999999993
1.3124369999999992
1.3409879999999994
1.3297690000000006
1.3291559999999993
1.3124369999999992
1.3409879999999994
1.3297690000000006
1.3291559999999993
1.3124369999999992
1.3409879999999994
1.3297690000000006
1.3291559999999993
1.3124369999999992
1.3409879999999994
1.3297690000000006
1.3291559999999993
1.3124369999999992
1.3409879999999994
1.3297690000000006
1.3291559999999993
1.3124369999999992
1.3409879999999994
1.3297690000000006
1.3291559999999993
1.3124369999999992
1.3409879999999994
1.3297690000000006
1.3291559999999993
1.3124369999999992
1.3409879999999994
1.3297690000000006
1.3291559999999993
1.3124369999999992
1.3409879999999994
1.3297690000000006
1.3291559999999993
1.3124369999999992
1.3409879999999994
1.3297690000000006
1.3291559999999993
1.3124369999999992
1.3409879999999994
1.3297690000000006
1.3291559999999993
1.3124369999999992
1.3409879999999994
1.3297690000000006
1.3291559999999993
1.3124369999999992
1.3409879999999994
1.3297690000000006
1.3291559999999993
1.3124369999999992
1.3409879999999994
1.3297690000000006
1.3291559999999993
1.3124369999999992
1.3409879999999994
1.3297690000000006
1.3291559999999993
1.3124369999999992
1.3409879999999994
1.3297690000000006
1.3291559999999993
1.3124369999999992
1.3409879999999994
1.3297690000000006
1.3291559999999993
1.3124369999999992
1.3409879999999994
1.3297690000000006
1.3291559999999993
1.3124369999999992
1.3409879999999994
1.3297690000000006
1.3291559999999993
1.3124369999999992
1.3409879999999994
1.3297690000000006
1.3291559999999993
1.3124369999999992
1.3409879999999994
1.3297690000000006
1.3291559999999993
1.3124369999999992
1.3409879999999994
1.3297690000000006
1.3291559999999993
1.3124369999999992
1.3409879999999994
1.3297690000000006
1.3291559999999993
1.3124369999999992
1.3409879999999994
1.3297690000000006
1.3291559999999993
1.3124369999999992
1.3409879999999994
1.3297690000000006
1.3291559999999993
1.3124369999999992
1.3409879999999994
1.3297690000000006
1.3291559999999993
1.3124369999999992
1.3409879999999994
1.3297690000000006
1.3291559999999993
1.3124369999999992
1.3409879999999994
1.3297690000000006
1.3291559999999993
1.3124369999999992
1.3409879999999994
1.3297690000000006
1.3291559999999993
1.3124369999999992
1.3409879999999994
1.3297690000000006
1.3291559999999993
1.3124369999999992
1.3409879999999994
1.3297690000000006
1.3291559999999993
1.3124369999999992
1.3409879999999994
1.3297690000000006
1.3291559999999993
1.3124369999999992
1.3409879999999994
1.3297690000000006
1.3291559999999993
1.3124369999999992
1.3409879999999994
1.3297690000000006
1.3291559999999993
1.3124369999999992
1.3409879999999994
1.3297690000000006
1.3291559999999993
1.3124369999999992
1.3409879999999994
1.3297690000000006
1.3291559999999993
1.3124369999999992
1.3409879999999994
1.3297690000000006
1.3291559999999993
1.3124369999999992
1.3409879999999994
1.3297690000000006
1.3291559999999993
1.3124369999999992
1.3409879999999994
1.3297690000000006
1.3291559999999993
1.3124369999999992
-1.3318370000000002
-1.3144929999999997
-1.3353390000000003
-1.33068
-1.3318370000000002
-1.3144929999999997
-1.3353390000000003
-1.33068
-1.3318370000000002
-1.3144929999999997
-1.3353390000000003
-1.33068
-1.3318370000000002
-1.3144929999999997
-1.3353390000000003
-1.33068
-1.3318370000000002
-1.3144929999999997
-1.3353390000000003
-1.33068
-1.3318370000000002
-1.3144929999999997
-1.3353390000000003
-1.33068
-1.3318370000000002
-1.3144929999999997
-1.3353390000000003
-1.33068
-1.3318370000000002
-1.3144929999999997
-1.3353390000000003
-1.33068
-1.3318370000000002
-1.3144929999999997
-1.3353390000000003
-1.33068
-1.3318370000000002
-1.3144929999999997
-1.3353390000000003
-1.33068
-1.3318370000000002
-1.3144929999999997
-1.3353390000000003
-1.33068
-1.3318370000000002
-1.3144929999999997
-1.3353390000000003
-1.33068
-1.3318370000000002
-1.3144929999999997
-1.3353390000000003
-1.33068
-1.3318370000000002
-1.3144929999999997
-1.3353390000000003
-1.33068
-1.3318370000000002
-1.3144929999999997
-1.3353390000000003
-1.33068
-1.3318370000000002
-1.3144929999999997
-1.3353390000000003
-1.33068
-1.3318370000000002
-1.3144929999999997
-1.3353390000000003
-1.33068
-1.3318370000000002
-1.3144929999999997
-1.3353390000000003
-1.33068
-1.3318370000000002
-1.3144929999999997
-1.3353390000000003
-1.33068
-1.3318370000000002
-1.3144929999999997
-1.3353390000000003
-1.33068
-1.3318370000000002
-1.3144929999999997
-1.3353390000000003
-1.33068
-1.3318370000000002
-1.3144929999999997
-1.3353390000000003
-1.33068
-1.3318370000000002
-1.3144929999999997
-1.3353390000000003
-1.33068
-1.3318370000000002
-1.3144929999999997
-1.3353390000000003
-1.33068
-1.3318370000000002
-1.3144929999999997
-1.3353390000000003
-1.33068
-1.3318370000000002
-1.3144929999999997
-1.3353390000000003
-1.33068
-1.3318370000000002
-1.3144929999999997
-1.3353390000000003
-1.33068
-1.3318370000000002
-1.3144929999999997
-1.3353390000000003
-1.33068
-1.3318370000000002
-1.3144929999999997
-1.3353390000000003
-1.33068
-1.3318370000000002
-1.3144929999999997
-1.3353390000000003
-1.33068
-1.3318370000000002
-1.3144929999999997
-1.3353390000000003
-1.33068
-1.3318370000000002
-1.3144929999999997
-1.3353390000000003
-1.33068
-1.3318370000000002
-1.3144929999999997
-1.3353390000000003
-1.33068
-1.3318370000000002
-1.3144929999999997
-1.3353390000000003
-1.33068
-1.3318370000000002
-1.3144929999999997
-1.3353390000000003
-1.33068
-1.3318370000000002
-1.3144929999999997
-1.3353390000000003
-1.33068
-1.3318370000000002
-1.3144929999999997
-1.3353390000000003
-1.33068
-1.3318370000000002
-1.3144929999999997
-1.3353390000000003
-1.33068
-1.3318370000000002
-1.3144929999999997
-1.3353390000000003
-1.33068
-1.3318370000000002
-1.3144929999999997
-1.3353390000000003
-1.33068
-1.3318370000000002
-1.3144929999999997
-1.3353390000000003
-1.33068
-1.3318370000000002
-1.3144929999999997
-1.3353390000000003
-1.33068
-1.3318370000000002
-1.3144929999999997
-1.3353390000000003
-1.33068
-1.3318370000000002
-1.3144929999999997
-1.3353390000000003
-1.33068
-1.3318370000000002
-1.3144929999999997
-1.3353390000000003
-1.33068
-1.3318370000000002
-1.3144929999999997
-1.3353390000000003
-1.33068
-1.3318370000000002
-1.3144929999999997
-1.3353390000000003
-1.33068
-1.3318370000000002
-1.3144929999999997
-1.3353390000000003
-1.33068
