1.3408789999999993
1.3408789999999993
1.3408789999999993
1.3408789999999993
1.3408789999999993
1.3408789999999993
1.3408789999999993
1.3408789999999993
1.3408789999999993
1.3408789999999993
1.3408789999999993
1.3408789999999993
1.3408789999999993
1.3408789999999993
1.3408789999999993
1.3408789999999993
1.3408789999999993
1.3408789999999993
1.3408789999999993
1.3408789999999993
1.3408789999999993
1.3408789999999993
1.3408789999999993
1.3408789999999993
1.3408789999999993
1.3408789999999993
1.3408789999999993
1.3408789999999993
1.3408789999999993
1.3408789999999993
1.3408789999999993
1.3408789999999993
1.3408789999999993
1.3408789999999993
1.3408789999999993
1.3408789999999993
1.3408789999999993
1.3408789999999993
1.3408789999999993
1.3408789999999993
1.3408789999999993
1.3408789999999993
1.3408789999999993
1.3408789999999993
1.3408789999999993
1.3408789999999993
1.3408789999999993
1.3408789999999993
1.3408789999999993
1.3408789999999993
1.3408789999999993
1.3408789999999993
1.3408789999999993
1.3408789999999993
-1.3408819999999997
-1.3408819999999997
-1.3408819999999997
-1.3408819999999997
-1.3408819999999997
-1.3408819999999997
-1.3408819999999997
-1.3408819999999997
-1.3408819999999997
-1.3408819999999997
-1.3408819999999997
-1.3408819999999997
-1.3408819999999997
-1.3408819999999997
-1.3408819999999997
-1.3408819999999997
-1.3408819999999997
-1.3408819999999997
-1.3408819999999997
-1.3408819999999997
-1.3408819999999997
-1.3408819999999997
-1.3408819999999997
-1.3408819999999997
-1.3408819999999997
-1.3408819999999997
-1.3408819999999997
-1.3408819999999997
-1.3408819999999997
-1.3408819999999997
-1.3408819999999997
-1.3408819999999997
-1.3408819999999997
-1.3408819999999997
-1.3408819999999997
-1.3408819999999997
-1.3408819999999997
-1.3408819999999997
-1.3408819999999997
-1.3408819999999997
-1.3408819999999997
-1.3408819999999997
-1.3408819999999997
-1.3408819999999997
-1.3408819999999997
-1.3408819999999997
-1.3408819999999997
-1.3408819999999997
-1.3408819999999997
-1.3408819999999997
-1.3408819999999997
-1.3408819999999997
-1.3408819999999997
-1.3408819999999997
