1.2621140000000004
1.3165960000000005
1.2945890000000002
1.3266670000000005
1.2621140000000004
1.3165960000000005
1.2945890000000002
1.3266670000000005
1.2621140000000004
1.3165960000000005
1.2945890000000002
1.3266670000000005
1.2621140000000004
1.3165960000000005
1.2945890000000002
1.3266670000000005
1.2621140000000004
1.3165960000000005
1.2945890000000002
1.3266670000000005
1.2621140000000004
1.3165960000000005
1.2945890000000002
1.3266670000000005
1.2621140000000004
1.3165960000000005
1.2945890000000002
1.3266670000000005
1.2621140000000004
1.3165960000000005
1.2945890000000002
1.3266670000000005
1.2621140000000004
1.3165960000000005
1.2945890000000002
1.3266670000000005
1.2621140000000004
1.3165960000000005
1.2945890000000002
1.3266670000000005
1.2621140000000004
1.3165960000000005
1.2945890000000002
1.3266670000000005
1.2621140000000004
1.3165960000000005
1.2945890000000002
1.3266670000000005
1.2621140000000004
1.3165960000000005
1.2945890000000002
1.3266670000000005
1.2621140000000004
1.3165960000000005
1.2945890000000002
1.3266670000000005
1.2621140000000004
1.3165960000000005
1.2945890000000002
1.3266670000000005
1.2621140000000004
1.3165960000000005
1.2945890000000002
1.3266670000000005
1.2621140000000004
1.3165960000000005
1.2945890000000002
1.3266670000000005
1.2621140000000004
1.3165960000000005
1.2945890000000002
1.3266670000000005
1.2621140000000004
1.3165960000000005
1.2945890000000002
1.3266670000000005
1.2621140000000004
1.3165960000000005
1.2945890000000002
1.3266670000000005
1.2621140000000004
1.3165960000000005
1.2945890000000002
1.3266670000000005
1.2621140000000004
1.3165960000000005
1.2945890000000002
1.3266670000000005
1.2621140000000004
1.3165960000000005
1.2945890000000002
1.3266670000000005
1.2621140000000004
1.3165960000000005
1.2945890000000002
1.3266670000000005
1.2621140000000004
1.3165960000000005
1.2945890000000002
1.3266670000000005
1.2621140000000004
1.3165960000000005
1.2945890000000002
1.3266670000000005
1.2621140000000004
1.3165960000000005
1.2945890000000002
1.3266670000000005
1.2621140000000004
1.3165960000000005
1.2945890000000002
1.3266670000000005
1.2621140000000004
1.3165960000000005
1.2945890000000002
1.3266670000000005
1.2621140000000004
1.3165960000000005
1.2945890000000002
1.3266670000000005
1.2621140000000004
1.3165960000000005
1.2945890000000002
1.3266670000000005
1.2621140000000004
1.3165960000000005
1.2945890000000002
1.3266670000000005
1.2621140000000004
1.3165960000000005
1.2945890000000002
1.3266670000000005
1.2621140000000004
1.3165960000000005
1.2945890000000002
1.3266670000000005
1.2621140000000004
1.3165960000000005
1.2945890000000002
1.3266670000000005
1.2621140000000004
1.3165960000000005
1.2945890000000002
1.3266670000000005
-1.2784890000000004
-1.3517739999999998
-1.2839609999999997
-1.2857399999999997
-1.2784890000000004
-1.3517739999999998
-1.2839609999999997
-1.2857399999999997
-1.2784890000000004
-1.3517739999999998
-1.2839609999999997
-1.2857399999999997
-1.2784890000000004
-1.3517739999999998
-1.2839609999999997
-1.2857399999999997
-1.2784890000000004
-1.3517739999999998
-1.2839609999999997
-1.2857399999999997
-1.2784890000000004
-1.3517739999999998
-1.2839609999999997
-1.2857399999999997
-1.2784890000000004
-1.3517739999999998
-1.2839609999999997
-1.2857399999999997
-1.2784890000000004
-1.3517739999999998
-1.2839609999999997
-1.2857399999999997
-1.2784890000000004
-1.3517739999999998
-1.2839609999999997
-1.2857399999999997
-1.2784890000000004
-1.3517739999999998
-1.2839609999999997
-1.2857399999999997
-1.2784890000000004
-1.3517739999999998
-1.2839609999999997
-1.2857399999999997
-1.2784890000000004
-1.3517739999999998
-1.2839609999999997
-1.2857399999999997
-1.2784890000000004
-1.3517739999999998
-1.2839609999999997
-1.2857399999999997
-1.2784890000000004
-1.3517739999999998
-1.2839609999999997
-1.2857399999999997
-1.2784890000000004
-1.3517739999999998
-1.2839609999999997
-1.2857399999999997
-1.2784890000000004
-1.3517739999999998
-1.2839609999999997
-1.2857399999999997
-1.2784890000000004
-1.3517739999999998
-1.2839609999999997
-1.2857399999999997
-1.2784890000000004
-1.3517739999999998
-1.2839609999999997
-1.2857399999999997
-1.2784890000000004
-1.3517739999999998
-1.2839609999999997
-1.2857399999999997
-1.2784890000000004
-1.3517739999999998
-1.2839609999999997
-1.2857399999999997
-1.2784890000000004
-1.3517739999999998
-1.2839609999999997
-1.2857399999999997
-1.2784890000000004
-1.3517739999999998
-1.2839609999999997
-1.2857399999999997
-1.2784890000000004
-1.3517739999999998
-1.2839609999999997
-1.2857399999999997
-1.2784890000000004
-1.3517739999999998
-1.2839609999999997
-1.2857399999999997
-1.2784890000000004
-1.3517739999999998
-1.2839609999999997
-1.2857399999999997
-1.2784890000000004
-1.3517739999999998
-1.2839609999999997
-1.2857399999999997
-1.2784890000000004
-1.3517739999999998
-1.2839609999999997
-1.2857399999999997
-1.2784890000000004
-1.3517739999999998
-1.2839609999999997
-1.2857399999999997
-1.2784890000000004
-1.3517739999999998
-1.2839609999999997
-1.2857399999999997
-1.2784890000000004
-1.3517739999999998
-1.2839609999999997
-1.2857399999999997
-1.2784890000000004
-1.3517739999999998
-1.2839609999999997
-1.2857399999999997
-1.2784890000000004
-1.3517739999999998
-1.2839609999999997
-1.2857399999999997
-1.2784890000000004
-1.3517739999999998
-1.2839609999999997
-1.2857399999999997
-1.2784890000000004
-1.3517739999999998
-1.2839609999999997
-1.2857399999999997
-1.2784890000000004
-1.3517739999999998
-1.2839609999999997
-1.2857399999999997
-1.2784890000000004
-1.3517739999999998
-1.2839609999999997
-1.2857399999999997
