0.9144229999999993
0.9144229999999993
0.9144229999999993
0.9144229999999993
0.9144229999999993
0.9144229999999993
0.9144229999999993
0.9144229999999993
0.9144229999999993
0.9144229999999993
0.9144229999999993
0.9144229999999993
0.9144229999999993
0.9144229999999993
0.9144229999999993
0.9144229999999993
0.9144229999999993
0.9144229999999993
0.9144229999999993
0.9144229999999993
0.9144229999999993
0.9144229999999993
0.9144229999999993
0.9144229999999993
0.9144229999999993
0.9144229999999993
0.9144229999999993
0.9144229999999993
0.9144229999999993
0.9144229999999993
0.9144229999999993
0.9144229999999993
0.9144229999999993
0.9144229999999993
0.9144229999999993
0.9144229999999993
0.9144229999999993
0.9144229999999993
0.9144229999999993
0.9144229999999993
0.9144229999999993
0.9144229999999993
0.9144229999999993
0.9144229999999993
0.9144229999999993
0.9144229999999993
0.9144229999999993
0.9144229999999993
0.9144229999999993
0.9144229999999993
0.9144229999999993
0.9144229999999993
0.9144229999999993
0.9144229999999993
0.9144229999999993
0.9144229999999993
0.9144229999999993
0.9144229999999993
0.9144229999999993
0.9144229999999993
0.9144229999999993
0.9144229999999993
0.9144229999999993
0.9144229999999993
-0.9144230000000002
-0.9144230000000002
-0.9144230000000002
-0.9144230000000002
-0.9144230000000002
-0.9144230000000002
-0.9144230000000002
-0.9144230000000002
-0.9144230000000002
-0.9144230000000002
-0.9144230000000002
-0.9144230000000002
-0.9144230000000002
-0.9144230000000002
-0.9144230000000002
-0.9144230000000002
-0.9144230000000002
-0.9144230000000002
-0.9144230000000002
-0.9144230000000002
-0.9144230000000002
-0.9144230000000002
-0.9144230000000002
-0.9144230000000002
-0.9144230000000002
-0.9144230000000002
-0.9144230000000002
-0.9144230000000002
-0.9144230000000002
-0.9144230000000002
-0.9144230000000002
-0.9144230000000002
-0.9144230000000002
-0.9144230000000002
-0.9144230000000002
-0.9144230000000002
-0.9144230000000002
-0.9144230000000002
-0.9144230000000002
-0.9144230000000002
-0.9144230000000002
-0.9144230000000002
-0.9144230000000002
-0.9144230000000002
-0.9144230000000002
-0.9144230000000002
-0.9144230000000002
-0.9144230000000002
-0.9144230000000002
-0.9144230000000002
-0.9144230000000002
-0.9144230000000002
-0.9144230000000002
-0.9144230000000002
-0.9144230000000002
-0.9144230000000002
-0.9144230000000002
-0.9144230000000002
-0.9144230000000002
-0.9144230000000002
-0.9144230000000002
-0.9144230000000002
-0.9144230000000002
-0.9144230000000002
