1.3948420000000006
1.3929419999999997
1.3948420000000006
1.3929419999999997
1.3948420000000006
1.3929419999999997
1.3948420000000006
1.3929419999999997
1.3948420000000006
1.3929419999999997
1.3948420000000006
1.3929419999999997
1.3948420000000006
1.3929419999999997
1.3948420000000006
1.3929419999999997
1.3948420000000006
1.3929419999999997
1.3948420000000006
1.3929419999999997
1.3948420000000006
1.3929419999999997
1.3948420000000006
1.3929419999999997
1.3948420000000006
1.3929419999999997
1.3948420000000006
1.3929419999999997
1.3948420000000006
1.3929419999999997
1.3948420000000006
1.3929419999999997
1.3948420000000006
1.3929419999999997
1.3948420000000006
1.3929419999999997
1.3948420000000006
1.3929419999999997
1.3948420000000006
1.3929419999999997
1.3948420000000006
1.3929419999999997
1.3948420000000006
1.3929419999999997
1.3948420000000006
1.3929419999999997
1.3948420000000006
1.3929419999999997
1.3948420000000006
1.3929419999999997
1.3948420000000006
1.3929419999999997
1.3948420000000006
1.3929419999999997
1.3948420000000006
1.3929419999999997
1.3948420000000006
1.3929419999999997
1.3948420000000006
1.3929419999999997
1.3948420000000006
1.3929419999999997
1.3948420000000006
1.3929419999999997
1.3948420000000006
1.3929419999999997
1.3948420000000006
1.3929419999999997
1.3948420000000006
1.3929419999999997
1.3948420000000006
1.3929419999999997
1.3948420000000006
1.3929419999999997
1.3948420000000006
1.3929419999999997
1.3948420000000006
1.3929419999999997
1.3948420000000006
1.3929419999999997
1.3948420000000006
1.3929419999999997
1.3948420000000006
1.3929419999999997
1.3948420000000006
1.3929419999999997
1.3948420000000006
1.3929419999999997
1.3948420000000006
1.3929419999999997
1.3948420000000006
1.3929419999999997
1.3948420000000006
1.3929419999999997
1.3948420000000006
1.3929419999999997
1.3948420000000006
1.3929419999999997
1.3948420000000006
1.3929419999999997
1.3948420000000006
1.3929419999999997
1.3948420000000006
1.3929419999999997
1.3948420000000006
1.3929419999999997
1.3948420000000006
1.3929419999999997
1.3948420000000006
1.3929419999999997
1.3948420000000006
1.3929419999999997
1.3948420000000006
1.3929419999999997
1.3948420000000006
1.3929419999999997
1.3948420000000006
1.3929419999999997
1.3948420000000006
1.3929419999999997
-1.3930990000000003
-1.394686
-1.3930990000000003
-1.394686
-1.3930990000000003
-1.394686
-1.3930990000000003
-1.394686
-1.3930990000000003
-1.394686
-1.3930990000000003
-1.394686
-1.3930990000000003
-1.394686
-1.3930990000000003
-1.394686
-1.3930990000000003
-1.394686
-1.3930990000000003
-1.394686
-1.3930990000000003
-1.394686
-1.3930990000000003
-1.394686
-1.3930990000000003
-1.394686
-1.3930990000000003
-1.394686
-1.3930990000000003
-1.394686
-1.3930990000000003
-1.394686
-1.3930990000000003
-1.394686
-1.3930990000000003
-1.394686
-1.3930990000000003
-1.394686
-1.3930990000000003
-1.394686
-1.3930990000000003
-1.394686
-1.3930990000000003
-1.394686
-1.3930990000000003
-1.394686
-1.3930990000000003
-1.394686
-1.3930990000000003
-1.394686
-1.3930990000000003
-1.394686
-1.3930990000000003
-1.394686
-1.3930990000000003
-1.394686
-1.3930990000000003
-1.394686
-1.3930990000000003
-1.394686
-1.3930990000000003
-1.394686
-1.3930990000000003
-1.394686
-1.3930990000000003
-1.394686
-1.3930990000000003
-1.394686
-1.3930990000000003
-1.394686
-1.3930990000000003
-1.394686
-1.3930990000000003
-1.394686
-1.3930990000000003
-1.394686
-1.3930990000000003
-1.394686
-1.3930990000000003
-1.394686
-1.3930990000000003
-1.394686
-1.3930990000000003
-1.394686
-1.3930990000000003
-1.394686
-1.3930990000000003
-1.394686
-1.3930990000000003
-1.394686
-1.3930990000000003
-1.394686
-1.3930990000000003
-1.394686
-1.3930990000000003
-1.394686
-1.3930990000000003
-1.394686
-1.3930990000000003
-1.394686
-1.3930990000000003
-1.394686
-1.3930990000000003
-1.394686
-1.3930990000000003
-1.394686
-1.3930990000000003
-1.394686
-1.3930990000000003
-1.394686
-1.3930990000000003
-1.394686
-1.3930990000000003
-1.394686
-1.3930990000000003
-1.394686
-1.3930990000000003
-1.394686
-1.3930990000000003
-1.394686
