1.3771350000000009
1.4044799999999995
1.3771350000000009
1.4044799999999995
1.3771350000000009
1.4044799999999995
1.3771350000000009
1.4044799999999995
1.3771350000000009
1.4044799999999995
1.3771350000000009
1.4044799999999995
1.3771350000000009
1.4044799999999995
1.3771350000000009
1.4044799999999995
1.3771350000000009
1.4044799999999995
1.3771350000000009
1.4044799999999995
1.3771350000000009
1.4044799999999995
1.3771350000000009
1.4044799999999995
1.3771350000000009
1.4044799999999995
1.3771350000000009
1.4044799999999995
1.3771350000000009
1.4044799999999995
1.3771350000000009
1.4044799999999995
1.3771350000000009
1.4044799999999995
1.3771350000000009
1.4044799999999995
1.3771350000000009
1.4044799999999995
1.3771350000000009
1.4044799999999995
1.3771350000000009
1.4044799999999995
1.3771350000000009
1.4044799999999995
1.3771350000000009
1.4044799999999995
1.3771350000000009
1.4044799999999995
1.3771350000000009
1.4044799999999995
1.3771350000000009
1.4044799999999995
1.3771350000000009
1.4044799999999995
1.3771350000000009
1.4044799999999995
1.3771350000000009
1.4044799999999995
1.3771350000000009
1.4044799999999995
1.3771350000000009
1.4044799999999995
1.3771350000000009
1.4044799999999995
1.3771350000000009
1.4044799999999995
1.3771350000000009
1.4044799999999995
1.3771350000000009
1.4044799999999995
1.3771350000000009
1.4044799999999995
1.3771350000000009
1.4044799999999995
1.3771350000000009
1.4044799999999995
1.3771350000000009
1.4044799999999995
1.3771350000000009
1.4044799999999995
1.3771350000000009
1.4044799999999995
1.3771350000000009
1.4044799999999995
1.3771350000000009
1.4044799999999995
1.3771350000000009
1.4044799999999995
1.3771350000000009
1.4044799999999995
1.3771350000000009
1.4044799999999995
1.3771350000000009
1.4044799999999995
1.3771350000000009
1.4044799999999995
-1.3879489999999999
-1.3936650000000004
-1.3879489999999999
-1.3936650000000004
-1.3879489999999999
-1.3936650000000004
-1.3879489999999999
-1.3936650000000004
-1.3879489999999999
-1.3936650000000004
-1.3879489999999999
-1.3936650000000004
-1.3879489999999999
-1.3936650000000004
-1.3879489999999999
-1.3936650000000004
-1.3879489999999999
-1.3936650000000004
-1.3879489999999999
-1.3936650000000004
-1.3879489999999999
-1.3936650000000004
-1.3879489999999999
-1.3936650000000004
-1.3879489999999999
-1.3936650000000004
-1.3879489999999999
-1.3936650000000004
-1.3879489999999999
-1.3936650000000004
-1.3879489999999999
-1.3936650000000004
-1.3879489999999999
-1.3936650000000004
-1.3879489999999999
-1.3936650000000004
-1.3879489999999999
-1.3936650000000004
-1.3879489999999999
-1.3936650000000004
-1.3879489999999999
-1.3936650000000004
-1.3879489999999999
-1.3936650000000004
-1.3879489999999999
-1.3936650000000004
-1.3879489999999999
-1.3936650000000004
-1.3879489999999999
-1.3936650000000004
-1.3879489999999999
-1.3936650000000004
-1.3879489999999999
-1.3936650000000004
-1.3879489999999999
-1.3936650000000004
-1.3879489999999999
-1.3936650000000004
-1.3879489999999999
-1.3936650000000004
-1.3879489999999999
-1.3936650000000004
-1.3879489999999999
-1.3936650000000004
-1.3879489999999999
-1.3936650000000004
-1.3879489999999999
-1.3936650000000004
-1.3879489999999999
-1.3936650000000004
-1.3879489999999999
-1.3936650000000004
-1.3879489999999999
-1.3936650000000004
-1.3879489999999999
-1.3936650000000004
-1.3879489999999999
-1.3936650000000004
-1.3879489999999999
-1.3936650000000004
-1.3879489999999999
-1.3936650000000004
-1.3879489999999999
-1.3936650000000004
-1.3879489999999999
-1.3936650000000004
-1.3879489999999999
-1.3936650000000004
-1.3879489999999999
-1.3936650000000004
-1.3879489999999999
-1.3936650000000004
-1.3879489999999999
-1.3936650000000004
-1.3879489999999999
-1.3936650000000004
