1.2456019999999999
1.2456019999999999
1.2456019999999999
1.2456019999999999
1.2456019999999999
1.2456019999999999
1.2456019999999999
1.2456019999999999
1.2456019999999999
1.2456019999999999
1.2456019999999999
1.2456019999999999
1.2456019999999999
1.2456019999999999
1.2456019999999999
1.2456019999999999
1.2456019999999999
1.2456019999999999
1.2456019999999999
1.2456019999999999
1.2456019999999999
1.2456019999999999
1.2456019999999999
1.2456019999999999
1.2456019999999999
1.2456019999999999
1.2456019999999999
-1.2456019999999999
-1.2456019999999999
-1.2456019999999999
-1.2456019999999999
-1.2456019999999999
-1.2456019999999999
-1.2456019999999999
-1.2456019999999999
-1.2456019999999999
-1.2456019999999999
-1.2456019999999999
-1.2456019999999999
-1.2456019999999999
-1.2456019999999999
-1.2456019999999999
-1.2456019999999999
-1.2456019999999999
-1.2456019999999999
-1.2456019999999999
-1.2456019999999999
-1.2456019999999999
-1.2456019999999999
-1.2456019999999999
-1.2456019999999999
-1.2456019999999999
-1.2456019999999999
-1.2456019999999999
