1.4421029999999995
1.4414069999999999
1.4424639999999993
1.4406660000000002
1.4421029999999995
1.4414069999999999
1.4424639999999993
1.4406660000000002
1.4421029999999995
1.4414069999999999
1.4424639999999993
1.4406660000000002
1.4421029999999995
1.4414069999999999
1.4424639999999993
1.4406660000000002
1.4421029999999995
1.4414069999999999
1.4424639999999993
1.4406660000000002
1.4421029999999995
1.4414069999999999
1.4424639999999993
1.4406660000000002
1.4421029999999995
1.4414069999999999
1.4424639999999993
1.4406660000000002
1.4421029999999995
1.4414069999999999
1.4424639999999993
1.4406660000000002
1.4421029999999995
1.4414069999999999
1.4424639999999993
1.4406660000000002
1.4421029999999995
1.4414069999999999
1.4424639999999993
1.4406660000000002
1.4421029999999995
1.4414069999999999
1.4424639999999993
1.4406660000000002
1.4421029999999995
1.4414069999999999
1.4424639999999993
1.4406660000000002
1.4421029999999995
1.4414069999999999
1.4424639999999993
1.4406660000000002
1.4421029999999995
1.4414069999999999
1.4424639999999993
1.4406660000000002
1.4421029999999995
1.4414069999999999
1.4424639999999993
1.4406660000000002
1.4421029999999995
1.4414069999999999
1.4424639999999993
1.4406660000000002
1.4421029999999995
1.4414069999999999
1.4424639999999993
1.4406660000000002
1.4421029999999995
1.4414069999999999
1.4424639999999993
1.4406660000000002
1.4421029999999995
1.4414069999999999
1.4424639999999993
1.4406660000000002
1.4421029999999995
1.4414069999999999
1.4424639999999993
1.4406660000000002
1.4421029999999995
1.4414069999999999
1.4424639999999993
1.4406660000000002
1.4421029999999995
1.4414069999999999
1.4424639999999993
1.4406660000000002
1.4421029999999995
1.4414069999999999
1.4424639999999993
1.4406660000000002
1.4421029999999995
1.4414069999999999
1.4424639999999993
1.4406660000000002
1.4421029999999995
1.4414069999999999
1.4424639999999993
1.4406660000000002
1.4421029999999995
1.4414069999999999
1.4424639999999993
1.4406660000000002
1.4421029999999995
1.4414069999999999
1.4424639999999993
1.4406660000000002
1.4421029999999995
1.4414069999999999
1.4424639999999993
1.4406660000000002
1.4421029999999995
1.4414069999999999
1.4424639999999993
1.4406660000000002
1.4421029999999995
1.4414069999999999
1.4424639999999993
1.4406660000000002
1.4421029999999995
1.4414069999999999
1.4424639999999993
1.4406660000000002
1.4421029999999995
1.4414069999999999
1.4424639999999993
1.4406660000000002
1.4421029999999995
1.4414069999999999
1.4424639999999993
1.4406660000000002
1.4421029999999995
1.4414069999999999
1.4424639999999993
1.4406660000000002
1.4421029999999995
1.4414069999999999
1.4424639999999993
1.4406660000000002
1.4421029999999995
1.4414069999999999
1.4424639999999993
1.4406660000000002
-1.4419329999999997
-1.4415310000000003
-1.4419469999999999
-1.4412260000000003
-1.4419329999999997
-1.4415310000000003
-1.4419469999999999
-1.4412260000000003
-1.4419329999999997
-1.4415310000000003
-1.4419469999999999
-1.4412260000000003
-1.4419329999999997
-1.4415310000000003
-1.4419469999999999
-1.4412260000000003
-1.4419329999999997
-1.4415310000000003
-1.4419469999999999
-1.4412260000000003
-1.4419329999999997
-1.4415310000000003
-1.4419469999999999
-1.4412260000000003
-1.4419329999999997
-1.4415310000000003
-1.4419469999999999
-1.4412260000000003
-1.4419329999999997
-1.4415310000000003
-1.4419469999999999
-1.4412260000000003
-1.4419329999999997
-1.4415310000000003
-1.4419469999999999
-1.4412260000000003
-1.4419329999999997
-1.4415310000000003
-1.4419469999999999
-1.4412260000000003
-1.4419329999999997
-1.4415310000000003
-1.4419469999999999
-1.4412260000000003
-1.4419329999999997
-1.4415310000000003
-1.4419469999999999
-1.4412260000000003
-1.4419329999999997
-1.4415310000000003
-1.4419469999999999
-1.4412260000000003
-1.4419329999999997
-1.4415310000000003
-1.4419469999999999
-1.4412260000000003
-1.4419329999999997
-1.4415310000000003
-1.4419469999999999
-1.4412260000000003
-1.4419329999999997
-1.4415310000000003
-1.4419469999999999
-1.4412260000000003
-1.4419329999999997
-1.4415310000000003
-1.4419469999999999
-1.4412260000000003
-1.4419329999999997
-1.4415310000000003
-1.4419469999999999
-1.4412260000000003
-1.4419329999999997
-1.4415310000000003
-1.4419469999999999
-1.4412260000000003
-1.4419329999999997
-1.4415310000000003
-1.4419469999999999
-1.4412260000000003
-1.4419329999999997
-1.4415310000000003
-1.4419469999999999
-1.4412260000000003
-1.4419329999999997
-1.4415310000000003
-1.4419469999999999
-1.4412260000000003
-1.4419329999999997
-1.4415310000000003
-1.4419469999999999
-1.4412260000000003
-1.4419329999999997
-1.4415310000000003
-1.4419469999999999
-1.4412260000000003
-1.4419329999999997
-1.4415310000000003
-1.4419469999999999
-1.4412260000000003
-1.4419329999999997
-1.4415310000000003
-1.4419469999999999
-1.4412260000000003
-1.4419329999999997
-1.4415310000000003
-1.4419469999999999
-1.4412260000000003
-1.4419329999999997
-1.4415310000000003
-1.4419469999999999
-1.4412260000000003
-1.4419329999999997
-1.4415310000000003
-1.4419469999999999
-1.4412260000000003
-1.4419329999999997
-1.4415310000000003
-1.4419469999999999
-1.4412260000000003
-1.4419329999999997
-1.4415310000000003
-1.4419469999999999
-1.4412260000000003
-1.4419329999999997
-1.4415310000000003
-1.4419469999999999
-1.4412260000000003
-1.4419329999999997
-1.4415310000000003
-1.4419469999999999
-1.4412260000000003
-1.4419329999999997
-1.4415310000000003
-1.4419469999999999
-1.4412260000000003
-1.4419329999999997
-1.4415310000000003
-1.4419469999999999
-1.4412260000000003
-1.4419329999999997
-1.4415310000000003
-1.4419469999999999
-1.4412260000000003
