1.3839620000000004
1.3863690000000002
1.3839620000000004
1.3863690000000002
1.3839620000000004
1.3863690000000002
1.3839620000000004
1.3863690000000002
1.3839620000000004
1.3863690000000002
1.3839620000000004
1.3863690000000002
1.3839620000000004
1.3863690000000002
1.3839620000000004
1.3863690000000002
1.3839620000000004
1.3863690000000002
1.3839620000000004
1.3863690000000002
1.3839620000000004
1.3863690000000002
1.3839620000000004
1.3863690000000002
1.3839620000000004
1.3863690000000002
1.3839620000000004
1.3863690000000002
1.3839620000000004
1.3863690000000002
1.3839620000000004
1.3863690000000002
1.3839620000000004
1.3863690000000002
1.3839620000000004
1.3863690000000002
1.3839620000000004
1.3863690000000002
1.3839620000000004
1.3863690000000002
1.3839620000000004
1.3863690000000002
1.3839620000000004
1.3863690000000002
1.3839620000000004
1.3863690000000002
1.3839620000000004
1.3863690000000002
1.3839620000000004
1.3863690000000002
1.3839620000000004
1.3863690000000002
1.3839620000000004
1.3863690000000002
1.3839620000000004
1.3863690000000002
1.3839620000000004
1.3863690000000002
1.3839620000000004
1.3863690000000002
1.3839620000000004
1.3863690000000002
1.3839620000000004
1.3863690000000002
1.3839620000000004
1.3863690000000002
1.3839620000000004
1.3863690000000002
1.3839620000000004
1.3863690000000002
1.3839620000000004
1.3863690000000002
1.3839620000000004
1.3863690000000002
1.3839620000000004
1.3863690000000002
1.3839620000000004
1.3863690000000002
1.3839620000000004
1.3863690000000002
1.3839620000000004
1.3863690000000002
1.3839620000000004
1.3863690000000002
1.3839620000000004
1.3863690000000002
1.3839620000000004
1.3863690000000002
1.3839620000000004
1.3863690000000002
1.3839620000000004
1.3863690000000002
1.3839620000000004
1.3863690000000002
1.3839620000000004
1.3863690000000002
1.3839620000000004
1.3863690000000002
1.3839620000000004
1.3863690000000002
1.3839620000000004
1.3863690000000002
1.3839620000000004
1.3863690000000002
1.3839620000000004
1.3863690000000002
1.3839620000000004
1.3863690000000002
1.3839620000000004
1.3863690000000002
1.3839620000000004
1.3863690000000002
1.3839620000000004
1.3863690000000002
1.3839620000000004
1.3863690000000002
1.3839620000000004
1.3863690000000002
1.3839620000000004
1.3863690000000002
-1.3826929999999997
-1.3876359999999996
-1.3826929999999997
-1.3876359999999996
-1.3826929999999997
-1.3876359999999996
-1.3826929999999997
-1.3876359999999996
-1.3826929999999997
-1.3876359999999996
-1.3826929999999997
-1.3876359999999996
-1.3826929999999997
-1.3876359999999996
-1.3826929999999997
-1.3876359999999996
-1.3826929999999997
-1.3876359999999996
-1.3826929999999997
-1.3876359999999996
-1.3826929999999997
-1.3876359999999996
-1.3826929999999997
-1.3876359999999996
-1.3826929999999997
-1.3876359999999996
-1.3826929999999997
-1.3876359999999996
-1.3826929999999997
-1.3876359999999996
-1.3826929999999997
-1.3876359999999996
-1.3826929999999997
-1.3876359999999996
-1.3826929999999997
-1.3876359999999996
-1.3826929999999997
-1.3876359999999996
-1.3826929999999997
-1.3876359999999996
-1.3826929999999997
-1.3876359999999996
-1.3826929999999997
-1.3876359999999996
-1.3826929999999997
-1.3876359999999996
-1.3826929999999997
-1.3876359999999996
-1.3826929999999997
-1.3876359999999996
-1.3826929999999997
-1.3876359999999996
-1.3826929999999997
-1.3876359999999996
-1.3826929999999997
-1.3876359999999996
-1.3826929999999997
-1.3876359999999996
-1.3826929999999997
-1.3876359999999996
-1.3826929999999997
-1.3876359999999996
-1.3826929999999997
-1.3876359999999996
-1.3826929999999997
-1.3876359999999996
-1.3826929999999997
-1.3876359999999996
-1.3826929999999997
-1.3876359999999996
-1.3826929999999997
-1.3876359999999996
-1.3826929999999997
-1.3876359999999996
-1.3826929999999997
-1.3876359999999996
-1.3826929999999997
-1.3876359999999996
-1.3826929999999997
-1.3876359999999996
-1.3826929999999997
-1.3876359999999996
-1.3826929999999997
-1.3876359999999996
-1.3826929999999997
-1.3876359999999996
-1.3826929999999997
-1.3876359999999996
-1.3826929999999997
-1.3876359999999996
-1.3826929999999997
-1.3876359999999996
-1.3826929999999997
-1.3876359999999996
-1.3826929999999997
-1.3876359999999996
-1.3826929999999997
-1.3876359999999996
-1.3826929999999997
-1.3876359999999996
-1.3826929999999997
-1.3876359999999996
-1.3826929999999997
-1.3876359999999996
-1.3826929999999997
-1.3876359999999996
-1.3826929999999997
-1.3876359999999996
-1.3826929999999997
-1.3876359999999996
-1.3826929999999997
-1.3876359999999996
-1.3826929999999997
-1.3876359999999996
-1.3826929999999997
-1.3876359999999996
-1.3826929999999997
-1.3876359999999996
-1.3826929999999997
-1.3876359999999996
