1.4298680000000008
1.4299110000000006
1.4344819999999991
1.4319059999999997
1.4298680000000008
1.4299110000000006
1.4344819999999991
1.4319059999999997
1.4298680000000008
1.4299110000000006
1.4344819999999991
1.4319059999999997
1.4298680000000008
1.4299110000000006
1.4344819999999991
1.4319059999999997
1.4298680000000008
1.4299110000000006
1.4344819999999991
1.4319059999999997
1.4298680000000008
1.4299110000000006
1.4344819999999991
1.4319059999999997
1.4298680000000008
1.4299110000000006
1.4344819999999991
1.4319059999999997
1.4298680000000008
1.4299110000000006
1.4344819999999991
1.4319059999999997
1.4298680000000008
1.4299110000000006
1.4344819999999991
1.4319059999999997
1.4298680000000008
1.4299110000000006
1.4344819999999991
1.4319059999999997
1.4298680000000008
1.4299110000000006
1.4344819999999991
1.4319059999999997
1.4298680000000008
1.4299110000000006
1.4344819999999991
1.4319059999999997
1.4298680000000008
1.4299110000000006
1.4344819999999991
1.4319059999999997
1.4298680000000008
1.4299110000000006
1.4344819999999991
1.4319059999999997
1.4298680000000008
1.4299110000000006
1.4344819999999991
1.4319059999999997
1.4298680000000008
1.4299110000000006
1.4344819999999991
1.4319059999999997
1.4298680000000008
1.4299110000000006
1.4344819999999991
1.4319059999999997
1.4298680000000008
1.4299110000000006
1.4344819999999991
1.4319059999999997
1.4298680000000008
1.4299110000000006
1.4344819999999991
1.4319059999999997
1.4298680000000008
1.4299110000000006
1.4344819999999991
1.4319059999999997
1.4298680000000008
1.4299110000000006
1.4344819999999991
1.4319059999999997
1.4298680000000008
1.4299110000000006
1.4344819999999991
1.4319059999999997
1.4298680000000008
1.4299110000000006
1.4344819999999991
1.4319059999999997
1.4298680000000008
1.4299110000000006
1.4344819999999991
1.4319059999999997
1.4298680000000008
1.4299110000000006
1.4344819999999991
1.4319059999999997
1.4298680000000008
1.4299110000000006
1.4344819999999991
1.4319059999999997
1.4298680000000008
1.4299110000000006
1.4344819999999991
1.4319059999999997
1.4298680000000008
1.4299110000000006
1.4344819999999991
1.4319059999999997
1.4298680000000008
1.4299110000000006
1.4344819999999991
1.4319059999999997
1.4298680000000008
1.4299110000000006
1.4344819999999991
1.4319059999999997
1.4298680000000008
1.4299110000000006
1.4344819999999991
1.4319059999999997
1.4298680000000008
1.4299110000000006
1.4344819999999991
1.4319059999999997
1.4298680000000008
1.4299110000000006
1.4344819999999991
1.4319059999999997
1.4298680000000008
1.4299110000000006
1.4344819999999991
1.4319059999999997
1.4298680000000008
1.4299110000000006
1.4344819999999991
1.4319059999999997
1.4298680000000008
1.4299110000000006
1.4344819999999991
1.4319059999999997
-1.4308649999999998
-1.4331779999999998
-1.431959
-1.430167
-1.4308649999999998
-1.4331779999999998
-1.431959
-1.430167
-1.4308649999999998
-1.4331779999999998
-1.431959
-1.430167
-1.4308649999999998
-1.4331779999999998
-1.431959
-1.430167
-1.4308649999999998
-1.4331779999999998
-1.431959
-1.430167
-1.4308649999999998
-1.4331779999999998
-1.431959
-1.430167
-1.4308649999999998
-1.4331779999999998
-1.431959
-1.430167
-1.4308649999999998
-1.4331779999999998
-1.431959
-1.430167
-1.4308649999999998
-1.4331779999999998
-1.431959
-1.430167
-1.4308649999999998
-1.4331779999999998
-1.431959
-1.430167
-1.4308649999999998
-1.4331779999999998
-1.431959
-1.430167
-1.4308649999999998
-1.4331779999999998
-1.431959
-1.430167
-1.4308649999999998
-1.4331779999999998
-1.431959
-1.430167
-1.4308649999999998
-1.4331779999999998
-1.431959
-1.430167
-1.4308649999999998
-1.4331779999999998
-1.431959
-1.430167
-1.4308649999999998
-1.4331779999999998
-1.431959
-1.430167
-1.4308649999999998
-1.4331779999999998
-1.431959
-1.430167
-1.4308649999999998
-1.4331779999999998
-1.431959
-1.430167
-1.4308649999999998
-1.4331779999999998
-1.431959
-1.430167
-1.4308649999999998
-1.4331779999999998
-1.431959
-1.430167
-1.4308649999999998
-1.4331779999999998
-1.431959
-1.430167
-1.4308649999999998
-1.4331779999999998
-1.431959
-1.430167
-1.4308649999999998
-1.4331779999999998
-1.431959
-1.430167
-1.4308649999999998
-1.4331779999999998
-1.431959
-1.430167
-1.4308649999999998
-1.4331779999999998
-1.431959
-1.430167
-1.4308649999999998
-1.4331779999999998
-1.431959
-1.430167
-1.4308649999999998
-1.4331779999999998
-1.431959
-1.430167
-1.4308649999999998
-1.4331779999999998
-1.431959
-1.430167
-1.4308649999999998
-1.4331779999999998
-1.431959
-1.430167
-1.4308649999999998
-1.4331779999999998
-1.431959
-1.430167
-1.4308649999999998
-1.4331779999999998
-1.431959
-1.430167
-1.4308649999999998
-1.4331779999999998
-1.431959
-1.430167
-1.4308649999999998
-1.4331779999999998
-1.431959
-1.430167
-1.4308649999999998
-1.4331779999999998
-1.431959
-1.430167
-1.4308649999999998
-1.4331779999999998
-1.431959
-1.430167
-1.4308649999999998
-1.4331779999999998
-1.431959
-1.430167
