1.0259889999999992
1.0259889999999992
1.0259889999999992
1.0259889999999992
1.0259889999999992
1.0259889999999992
1.0259889999999992
1.0259889999999992
1.0259889999999992
1.0259889999999992
1.0259889999999992
1.0259889999999992
1.0259889999999992
1.0259889999999992
1.0259889999999992
1.0259889999999992
1.0259889999999992
1.0259889999999992
1.0259889999999992
1.0259889999999992
1.0259889999999992
1.0259889999999992
1.0259889999999992
1.0259889999999992
1.0259889999999992
1.0259889999999992
1.0259889999999992
-1.025988
-1.025988
-1.025988
-1.025988
-1.025988
-1.025988
-1.025988
-1.025988
-1.025988
-1.025988
-1.025988
-1.025988
-1.025988
-1.025988
-1.025988
-1.025988
-1.025988
-1.025988
-1.025988
-1.025988
-1.025988
-1.025988
-1.025988
-1.025988
-1.025988
-1.025988
-1.025988
