1.4590580000000006
1.4590580000000006
1.4590580000000006
1.4590580000000006
1.4590580000000006
1.4590580000000006
1.4590580000000006
1.4590580000000006
1.4590580000000006
1.4590580000000006
1.4590580000000006
1.4590580000000006
1.4590580000000006
1.4590580000000006
1.4590580000000006
1.4590580000000006
1.4590580000000006
1.4590580000000006
1.4590580000000006
1.4590580000000006
1.4590580000000006
1.4590580000000006
1.4590580000000006
1.4590580000000006
1.4590580000000006
1.4590580000000006
1.4590580000000006
1.4590580000000006
1.4590580000000006
1.4590580000000006
1.4590580000000006
1.4590580000000006
1.4590580000000006
1.4590580000000006
1.4590580000000006
1.4590580000000006
1.4590580000000006
1.4590580000000006
1.4590580000000006
1.4590580000000006
1.4590580000000006
1.4590580000000006
1.4590580000000006
1.4590580000000006
1.4590580000000006
1.4590580000000006
1.4590580000000006
1.4590580000000006
1.4590580000000006
1.4590580000000006
1.4590580000000006
1.4590580000000006
1.4590580000000006
1.4590580000000006
1.4590580000000006
1.4590580000000006
1.4590580000000006
1.4590580000000006
1.4590580000000006
1.4590580000000006
1.4590580000000006
1.4590580000000006
1.4590580000000006
1.4590580000000006
1.4590580000000006
1.4590580000000006
1.4590580000000006
1.4590580000000006
1.4590580000000006
1.4590580000000006
1.4590580000000006
1.4590580000000006
-1.4590579999999997
-1.4590579999999997
-1.4590579999999997
-1.4590579999999997
-1.4590579999999997
-1.4590579999999997
-1.4590579999999997
-1.4590579999999997
-1.4590579999999997
-1.4590579999999997
-1.4590579999999997
-1.4590579999999997
-1.4590579999999997
-1.4590579999999997
-1.4590579999999997
-1.4590579999999997
-1.4590579999999997
-1.4590579999999997
-1.4590579999999997
-1.4590579999999997
-1.4590579999999997
-1.4590579999999997
-1.4590579999999997
-1.4590579999999997
-1.4590579999999997
-1.4590579999999997
-1.4590579999999997
-1.4590579999999997
-1.4590579999999997
-1.4590579999999997
-1.4590579999999997
-1.4590579999999997
-1.4590579999999997
-1.4590579999999997
-1.4590579999999997
-1.4590579999999997
-1.4590579999999997
-1.4590579999999997
-1.4590579999999997
-1.4590579999999997
-1.4590579999999997
-1.4590579999999997
-1.4590579999999997
-1.4590579999999997
-1.4590579999999997
-1.4590579999999997
-1.4590579999999997
-1.4590579999999997
-1.4590579999999997
-1.4590579999999997
-1.4590579999999997
-1.4590579999999997
-1.4590579999999997
-1.4590579999999997
-1.4590579999999997
-1.4590579999999997
-1.4590579999999997
-1.4590579999999997
-1.4590579999999997
-1.4590579999999997
-1.4590579999999997
-1.4590579999999997
-1.4590579999999997
-1.4590579999999997
-1.4590579999999997
-1.4590579999999997
-1.4590579999999997
-1.4590579999999997
-1.4590579999999997
-1.4590579999999997
-1.4590579999999997
-1.4590579999999997
