1.4599200000000003
1.4599200000000003
1.4599200000000003
1.4599200000000003
1.4599200000000003
1.4599200000000003
1.4599200000000003
1.4599200000000003
1.4599200000000003
1.4599200000000003
1.4599200000000003
1.4599200000000003
1.4599200000000003
1.4599200000000003
1.4599200000000003
1.4599200000000003
1.4599200000000003
1.4599200000000003
1.4599200000000003
1.4599200000000003
1.4599200000000003
1.4599200000000003
1.4599200000000003
1.4599200000000003
1.4599200000000003
1.4599200000000003
1.4599200000000003
1.4599200000000003
1.4599200000000003
1.4599200000000003
1.4599200000000003
1.4599200000000003
1.4599200000000003
1.4599200000000003
1.4599200000000003
1.4599200000000003
1.4599200000000003
1.4599200000000003
1.4599200000000003
1.4599200000000003
1.4599200000000003
1.4599200000000003
1.4599200000000003
1.4599200000000003
1.4599200000000003
1.4599200000000003
1.4599200000000003
1.4599200000000003
1.4599200000000003
1.4599200000000003
1.4599200000000003
1.4599200000000003
1.4599200000000003
1.4599200000000003
1.4599200000000003
1.4599200000000003
1.4599200000000003
1.4599200000000003
1.4599200000000003
1.4599200000000003
1.4599200000000003
1.4599200000000003
1.4599200000000003
1.4599200000000003
1.4599200000000003
1.4599200000000003
1.4599200000000003
1.4599200000000003
1.4599200000000003
1.4599200000000003
1.4599200000000003
1.4599200000000003
-1.4599200000000003
-1.4599200000000003
-1.4599200000000003
-1.4599200000000003
-1.4599200000000003
-1.4599200000000003
-1.4599200000000003
-1.4599200000000003
-1.4599200000000003
-1.4599200000000003
-1.4599200000000003
-1.4599200000000003
-1.4599200000000003
-1.4599200000000003
-1.4599200000000003
-1.4599200000000003
-1.4599200000000003
-1.4599200000000003
-1.4599200000000003
-1.4599200000000003
-1.4599200000000003
-1.4599200000000003
-1.4599200000000003
-1.4599200000000003
-1.4599200000000003
-1.4599200000000003
-1.4599200000000003
-1.4599200000000003
-1.4599200000000003
-1.4599200000000003
-1.4599200000000003
-1.4599200000000003
-1.4599200000000003
-1.4599200000000003
-1.4599200000000003
-1.4599200000000003
-1.4599200000000003
-1.4599200000000003
-1.4599200000000003
-1.4599200000000003
-1.4599200000000003
-1.4599200000000003
-1.4599200000000003
-1.4599200000000003
-1.4599200000000003
-1.4599200000000003
-1.4599200000000003
-1.4599200000000003
-1.4599200000000003
-1.4599200000000003
-1.4599200000000003
-1.4599200000000003
-1.4599200000000003
-1.4599200000000003
-1.4599200000000003
-1.4599200000000003
-1.4599200000000003
-1.4599200000000003
-1.4599200000000003
-1.4599200000000003
-1.4599200000000003
-1.4599200000000003
-1.4599200000000003
-1.4599200000000003
-1.4599200000000003
-1.4599200000000003
-1.4599200000000003
-1.4599200000000003
-1.4599200000000003
-1.4599200000000003
-1.4599200000000003
-1.4599200000000003
