1.4237900000000003
1.4241869999999999
1.4202720000000006
1.4262350000000001
1.4237900000000003
1.4241869999999999
1.4202720000000006
1.4262350000000001
1.4237900000000003
1.4241869999999999
1.4202720000000006
1.4262350000000001
1.4237900000000003
1.4241869999999999
1.4202720000000006
1.4262350000000001
1.4237900000000003
1.4241869999999999
1.4202720000000006
1.4262350000000001
1.4237900000000003
1.4241869999999999
1.4202720000000006
1.4262350000000001
1.4237900000000003
1.4241869999999999
1.4202720000000006
1.4262350000000001
1.4237900000000003
1.4241869999999999
1.4202720000000006
1.4262350000000001
1.4237900000000003
1.4241869999999999
1.4202720000000006
1.4262350000000001
1.4237900000000003
1.4241869999999999
1.4202720000000006
1.4262350000000001
1.4237900000000003
1.4241869999999999
1.4202720000000006
1.4262350000000001
1.4237900000000003
1.4241869999999999
1.4202720000000006
1.4262350000000001
1.4237900000000003
1.4241869999999999
1.4202720000000006
1.4262350000000001
1.4237900000000003
1.4241869999999999
1.4202720000000006
1.4262350000000001
1.4237900000000003
1.4241869999999999
1.4202720000000006
1.4262350000000001
1.4237900000000003
1.4241869999999999
1.4202720000000006
1.4262350000000001
1.4237900000000003
1.4241869999999999
1.4202720000000006
1.4262350000000001
1.4237900000000003
1.4241869999999999
1.4202720000000006
1.4262350000000001
1.4237900000000003
1.4241869999999999
1.4202720000000006
1.4262350000000001
1.4237900000000003
1.4241869999999999
1.4202720000000006
1.4262350000000001
1.4237900000000003
1.4241869999999999
1.4202720000000006
1.4262350000000001
1.4237900000000003
1.4241869999999999
1.4202720000000006
1.4262350000000001
1.4237900000000003
1.4241869999999999
1.4202720000000006
1.4262350000000001
1.4237900000000003
1.4241869999999999
1.4202720000000006
1.4262350000000001
1.4237900000000003
1.4241869999999999
1.4202720000000006
1.4262350000000001
1.4237900000000003
1.4241869999999999
1.4202720000000006
1.4262350000000001
1.4237900000000003
1.4241869999999999
1.4202720000000006
1.4262350000000001
1.4237900000000003
1.4241869999999999
1.4202720000000006
1.4262350000000001
1.4237900000000003
1.4241869999999999
1.4202720000000006
1.4262350000000001
1.4237900000000003
1.4241869999999999
1.4202720000000006
1.4262350000000001
1.4237900000000003
1.4241869999999999
1.4202720000000006
1.4262350000000001
1.4237900000000003
1.4241869999999999
1.4202720000000006
1.4262350000000001
1.4237900000000003
1.4241869999999999
1.4202720000000006
1.4262350000000001
1.4237900000000003
1.4241869999999999
1.4202720000000006
1.4262350000000001
1.4237900000000003
1.4241869999999999
1.4202720000000006
1.4262350000000001
1.4237900000000003
1.4241869999999999
1.4202720000000006
1.4262350000000001
-1.4244500000000002
-1.424576
-1.4214349999999998
-1.424022
-1.4244500000000002
-1.424576
-1.4214349999999998
-1.424022
-1.4244500000000002
-1.424576
-1.4214349999999998
-1.424022
-1.4244500000000002
-1.424576
-1.4214349999999998
-1.424022
-1.4244500000000002
-1.424576
-1.4214349999999998
-1.424022
-1.4244500000000002
-1.424576
-1.4214349999999998
-1.424022
-1.4244500000000002
-1.424576
-1.4214349999999998
-1.424022
-1.4244500000000002
-1.424576
-1.4214349999999998
-1.424022
-1.4244500000000002
-1.424576
-1.4214349999999998
-1.424022
-1.4244500000000002
-1.424576
-1.4214349999999998
-1.424022
-1.4244500000000002
-1.424576
-1.4214349999999998
-1.424022
-1.4244500000000002
-1.424576
-1.4214349999999998
-1.424022
-1.4244500000000002
-1.424576
-1.4214349999999998
-1.424022
-1.4244500000000002
-1.424576
-1.4214349999999998
-1.424022
-1.4244500000000002
-1.424576
-1.4214349999999998
-1.424022
-1.4244500000000002
-1.424576
-1.4214349999999998
-1.424022
-1.4244500000000002
-1.424576
-1.4214349999999998
-1.424022
-1.4244500000000002
-1.424576
-1.4214349999999998
-1.424022
-1.4244500000000002
-1.424576
-1.4214349999999998
-1.424022
-1.4244500000000002
-1.424576
-1.4214349999999998
-1.424022
-1.4244500000000002
-1.424576
-1.4214349999999998
-1.424022
-1.4244500000000002
-1.424576
-1.4214349999999998
-1.424022
-1.4244500000000002
-1.424576
-1.4214349999999998
-1.424022
-1.4244500000000002
-1.424576
-1.4214349999999998
-1.424022
-1.4244500000000002
-1.424576
-1.4214349999999998
-1.424022
-1.4244500000000002
-1.424576
-1.4214349999999998
-1.424022
-1.4244500000000002
-1.424576
-1.4214349999999998
-1.424022
-1.4244500000000002
-1.424576
-1.4214349999999998
-1.424022
-1.4244500000000002
-1.424576
-1.4214349999999998
-1.424022
-1.4244500000000002
-1.424576
-1.4214349999999998
-1.424022
-1.4244500000000002
-1.424576
-1.4214349999999998
-1.424022
-1.4244500000000002
-1.424576
-1.4214349999999998
-1.424022
-1.4244500000000002
-1.424576
-1.4214349999999998
-1.424022
-1.4244500000000002
-1.424576
-1.4214349999999998
-1.424022
-1.4244500000000002
-1.424576
-1.4214349999999998
-1.424022
-1.4244500000000002
-1.424576
-1.4214349999999998
-1.424022
