1.376875
1.3856669999999998
1.376875
1.3856669999999998
1.376875
1.3856669999999998
1.376875
1.3856669999999998
1.376875
1.3856669999999998
1.376875
1.3856669999999998
1.376875
1.3856669999999998
1.376875
1.3856669999999998
1.376875
1.3856669999999998
1.376875
1.3856669999999998
1.376875
1.3856669999999998
1.376875
1.3856669999999998
1.376875
1.3856669999999998
1.376875
1.3856669999999998
1.376875
1.3856669999999998
1.376875
1.3856669999999998
1.376875
1.3856669999999998
1.376875
1.3856669999999998
1.376875
1.3856669999999998
1.376875
1.3856669999999998
1.376875
1.3856669999999998
1.376875
1.3856669999999998
1.376875
1.3856669999999998
1.376875
1.3856669999999998
1.376875
1.3856669999999998
1.376875
1.3856669999999998
1.376875
1.3856669999999998
1.376875
1.3856669999999998
1.376875
1.3856669999999998
1.376875
1.3856669999999998
1.376875
1.3856669999999998
1.376875
1.3856669999999998
1.376875
1.3856669999999998
1.376875
1.3856669999999998
1.376875
1.3856669999999998
1.376875
1.3856669999999998
1.376875
1.3856669999999998
1.376875
1.3856669999999998
1.376875
1.3856669999999998
1.376875
1.3856669999999998
1.376875
1.3856669999999998
1.376875
1.3856669999999998
1.376875
1.3856669999999998
1.376875
1.3856669999999998
1.376875
1.3856669999999998
1.376875
1.3856669999999998
1.376875
1.3856669999999998
1.376875
1.3856669999999998
1.376875
1.3856669999999998
1.376875
1.3856669999999998
1.376875
1.3856669999999998
1.376875
1.3856669999999998
1.376875
1.3856669999999998
1.376875
1.3856669999999998
1.376875
1.3856669999999998
1.376875
1.3856669999999998
1.376875
1.3856669999999998
1.376875
1.3856669999999998
1.376875
1.3856669999999998
1.376875
1.3856669999999998
-1.3839139999999999
-1.378628
-1.3839139999999999
-1.378628
-1.3839139999999999
-1.378628
-1.3839139999999999
-1.378628
-1.3839139999999999
-1.378628
-1.3839139999999999
-1.378628
-1.3839139999999999
-1.378628
-1.3839139999999999
-1.378628
-1.3839139999999999
-1.378628
-1.3839139999999999
-1.378628
-1.3839139999999999
-1.378628
-1.3839139999999999
-1.378628
-1.3839139999999999
-1.378628
-1.3839139999999999
-1.378628
-1.3839139999999999
-1.378628
-1.3839139999999999
-1.378628
-1.3839139999999999
-1.378628
-1.3839139999999999
-1.378628
-1.3839139999999999
-1.378628
-1.3839139999999999
-1.378628
-1.3839139999999999
-1.378628
-1.3839139999999999
-1.378628
-1.3839139999999999
-1.378628
-1.3839139999999999
-1.378628
-1.3839139999999999
-1.378628
-1.3839139999999999
-1.378628
-1.3839139999999999
-1.378628
-1.3839139999999999
-1.378628
-1.3839139999999999
-1.378628
-1.3839139999999999
-1.378628
-1.3839139999999999
-1.378628
-1.3839139999999999
-1.378628
-1.3839139999999999
-1.378628
-1.3839139999999999
-1.378628
-1.3839139999999999
-1.378628
-1.3839139999999999
-1.378628
-1.3839139999999999
-1.378628
-1.3839139999999999
-1.378628
-1.3839139999999999
-1.378628
-1.3839139999999999
-1.378628
-1.3839139999999999
-1.378628
-1.3839139999999999
-1.378628
-1.3839139999999999
-1.378628
-1.3839139999999999
-1.378628
-1.3839139999999999
-1.378628
-1.3839139999999999
-1.378628
-1.3839139999999999
-1.378628
-1.3839139999999999
-1.378628
-1.3839139999999999
-1.378628
-1.3839139999999999
-1.378628
-1.3839139999999999
-1.378628
-1.3839139999999999
-1.378628
-1.3839139999999999
-1.378628
-1.3839139999999999
-1.378628
-1.3839139999999999
-1.378628
-1.3839139999999999
-1.378628
-1.3839139999999999
-1.378628
-1.3839139999999999
-1.378628
-1.3839139999999999
-1.378628
-1.3839139999999999
-1.378628
