1.4405099999999997
1.436515
1.4413959999999992
1.4396970000000007
1.4405099999999997
1.436515
1.4413959999999992
1.4396970000000007
1.4405099999999997
1.436515
1.4413959999999992
1.4396970000000007
1.4405099999999997
1.436515
1.4413959999999992
1.4396970000000007
1.4405099999999997
1.436515
1.4413959999999992
1.4396970000000007
1.4405099999999997
1.436515
1.4413959999999992
1.4396970000000007
1.4405099999999997
1.436515
1.4413959999999992
1.4396970000000007
1.4405099999999997
1.436515
1.4413959999999992
1.4396970000000007
1.4405099999999997
1.436515
1.4413959999999992
1.4396970000000007
1.4405099999999997
1.436515
1.4413959999999992
1.4396970000000007
1.4405099999999997
1.436515
1.4413959999999992
1.4396970000000007
1.4405099999999997
1.436515
1.4413959999999992
1.4396970000000007
1.4405099999999997
1.436515
1.4413959999999992
1.4396970000000007
1.4405099999999997
1.436515
1.4413959999999992
1.4396970000000007
1.4405099999999997
1.436515
1.4413959999999992
1.4396970000000007
1.4405099999999997
1.436515
1.4413959999999992
1.4396970000000007
1.4405099999999997
1.436515
1.4413959999999992
1.4396970000000007
1.4405099999999997
1.436515
1.4413959999999992
1.4396970000000007
1.4405099999999997
1.436515
1.4413959999999992
1.4396970000000007
1.4405099999999997
1.436515
1.4413959999999992
1.4396970000000007
1.4405099999999997
1.436515
1.4413959999999992
1.4396970000000007
1.4405099999999997
1.436515
1.4413959999999992
1.4396970000000007
1.4405099999999997
1.436515
1.4413959999999992
1.4396970000000007
1.4405099999999997
1.436515
1.4413959999999992
1.4396970000000007
1.4405099999999997
1.436515
1.4413959999999992
1.4396970000000007
1.4405099999999997
1.436515
1.4413959999999992
1.4396970000000007
1.4405099999999997
1.436515
1.4413959999999992
1.4396970000000007
-1.439654
-1.4399360000000003
-1.4385510000000004
-1.4399749999999996
-1.439654
-1.4399360000000003
-1.4385510000000004
-1.4399749999999996
-1.439654
-1.4399360000000003
-1.4385510000000004
-1.4399749999999996
-1.439654
-1.4399360000000003
-1.4385510000000004
-1.4399749999999996
-1.439654
-1.4399360000000003
-1.4385510000000004
-1.4399749999999996
-1.439654
-1.4399360000000003
-1.4385510000000004
-1.4399749999999996
-1.439654
-1.4399360000000003
-1.4385510000000004
-1.4399749999999996
-1.439654
-1.4399360000000003
-1.4385510000000004
-1.4399749999999996
-1.439654
-1.4399360000000003
-1.4385510000000004
-1.4399749999999996
-1.439654
-1.4399360000000003
-1.4385510000000004
-1.4399749999999996
-1.439654
-1.4399360000000003
-1.4385510000000004
-1.4399749999999996
-1.439654
-1.4399360000000003
-1.4385510000000004
-1.4399749999999996
-1.439654
-1.4399360000000003
-1.4385510000000004
-1.4399749999999996
-1.439654
-1.4399360000000003
-1.4385510000000004
-1.4399749999999996
-1.439654
-1.4399360000000003
-1.4385510000000004
-1.4399749999999996
-1.439654
-1.4399360000000003
-1.4385510000000004
-1.4399749999999996
-1.439654
-1.4399360000000003
-1.4385510000000004
-1.4399749999999996
-1.439654
-1.4399360000000003
-1.4385510000000004
-1.4399749999999996
-1.439654
-1.4399360000000003
-1.4385510000000004
-1.4399749999999996
-1.439654
-1.4399360000000003
-1.4385510000000004
-1.4399749999999996
-1.439654
-1.4399360000000003
-1.4385510000000004
-1.4399749999999996
-1.439654
-1.4399360000000003
-1.4385510000000004
-1.4399749999999996
-1.439654
-1.4399360000000003
-1.4385510000000004
-1.4399749999999996
-1.439654
-1.4399360000000003
-1.4385510000000004
-1.4399749999999996
-1.439654
-1.4399360000000003
-1.4385510000000004
-1.4399749999999996
-1.439654
-1.4399360000000003
-1.4385510000000004
-1.4399749999999996
-1.439654
-1.4399360000000003
-1.4385510000000004
-1.4399749999999996
