1.3505350000000007
1.353574
1.3505350000000007
1.353574
1.3505350000000007
1.353574
1.3505350000000007
1.353574
1.3505350000000007
1.353574
1.3505350000000007
1.353574
1.3505350000000007
1.353574
1.3505350000000007
1.353574
1.3505350000000007
1.353574
1.3505350000000007
1.353574
1.3505350000000007
1.353574
1.3505350000000007
1.353574
1.3505350000000007
1.353574
1.3505350000000007
1.353574
1.3505350000000007
1.353574
1.3505350000000007
1.353574
1.3505350000000007
1.353574
1.3505350000000007
1.353574
1.3505350000000007
1.353574
1.3505350000000007
1.353574
1.3505350000000007
1.353574
1.3505350000000007
1.353574
1.3505350000000007
1.353574
1.3505350000000007
1.353574
1.3505350000000007
1.353574
1.3505350000000007
1.353574
1.3505350000000007
1.353574
1.3505350000000007
1.353574
1.3505350000000007
1.353574
1.3505350000000007
1.353574
1.3505350000000007
1.353574
1.3505350000000007
1.353574
1.3505350000000007
1.353574
1.3505350000000007
1.353574
1.3505350000000007
1.353574
1.3505350000000007
1.353574
1.3505350000000007
1.353574
1.3505350000000007
1.353574
1.3505350000000007
1.353574
1.3505350000000007
1.353574
1.3505350000000007
1.353574
1.3505350000000007
1.353574
1.3505350000000007
1.353574
1.3505350000000007
1.353574
1.3505350000000007
1.353574
1.3505350000000007
1.353574
1.3505350000000007
1.353574
1.3505350000000007
1.353574
1.3505350000000007
1.353574
1.3505350000000007
1.353574
1.3505350000000007
1.353574
1.3505350000000007
1.353574
1.3505350000000007
1.353574
1.3505350000000007
1.353574
1.3505350000000007
1.353574
1.3505350000000007
1.353574
1.3505350000000007
1.353574
1.3505350000000007
1.353574
1.3505350000000007
1.353574
1.3505350000000007
1.353574
-1.3553930000000003
-1.3487150000000003
-1.3553930000000003
-1.3487150000000003
-1.3553930000000003
-1.3487150000000003
-1.3553930000000003
-1.3487150000000003
-1.3553930000000003
-1.3487150000000003
-1.3553930000000003
-1.3487150000000003
-1.3553930000000003
-1.3487150000000003
-1.3553930000000003
-1.3487150000000003
-1.3553930000000003
-1.3487150000000003
-1.3553930000000003
-1.3487150000000003
-1.3553930000000003
-1.3487150000000003
-1.3553930000000003
-1.3487150000000003
-1.3553930000000003
-1.3487150000000003
-1.3553930000000003
-1.3487150000000003
-1.3553930000000003
-1.3487150000000003
-1.3553930000000003
-1.3487150000000003
-1.3553930000000003
-1.3487150000000003
-1.3553930000000003
-1.3487150000000003
-1.3553930000000003
-1.3487150000000003
-1.3553930000000003
-1.3487150000000003
-1.3553930000000003
-1.3487150000000003
-1.3553930000000003
-1.3487150000000003
-1.3553930000000003
-1.3487150000000003
-1.3553930000000003
-1.3487150000000003
-1.3553930000000003
-1.3487150000000003
-1.3553930000000003
-1.3487150000000003
-1.3553930000000003
-1.3487150000000003
-1.3553930000000003
-1.3487150000000003
-1.3553930000000003
-1.3487150000000003
-1.3553930000000003
-1.3487150000000003
-1.3553930000000003
-1.3487150000000003
-1.3553930000000003
-1.3487150000000003
-1.3553930000000003
-1.3487150000000003
-1.3553930000000003
-1.3487150000000003
-1.3553930000000003
-1.3487150000000003
-1.3553930000000003
-1.3487150000000003
-1.3553930000000003
-1.3487150000000003
-1.3553930000000003
-1.3487150000000003
-1.3553930000000003
-1.3487150000000003
-1.3553930000000003
-1.3487150000000003
-1.3553930000000003
-1.3487150000000003
-1.3553930000000003
-1.3487150000000003
-1.3553930000000003
-1.3487150000000003
-1.3553930000000003
-1.3487150000000003
-1.3553930000000003
-1.3487150000000003
-1.3553930000000003
-1.3487150000000003
-1.3553930000000003
-1.3487150000000003
-1.3553930000000003
-1.3487150000000003
-1.3553930000000003
-1.3487150000000003
-1.3553930000000003
-1.3487150000000003
-1.3553930000000003
-1.3487150000000003
-1.3553930000000003
-1.3487150000000003
-1.3553930000000003
-1.3487150000000003
-1.3553930000000003
-1.3487150000000003
-1.3553930000000003
-1.3487150000000003
-1.3553930000000003
-1.3487150000000003
-1.3553930000000003
-1.3487150000000003
-1.3553930000000003
-1.3487150000000003
-1.3553930000000003
-1.3487150000000003
-1.3553930000000003
-1.3487150000000003
