1.4440039999999996
1.44379
1.4436210000000003
1.442494
1.4440039999999996
1.44379
1.4436210000000003
1.442494
1.4440039999999996
1.44379
1.4436210000000003
1.442494
1.4440039999999996
1.44379
1.4436210000000003
1.442494
1.4440039999999996
1.44379
1.4436210000000003
1.442494
1.4440039999999996
1.44379
1.4436210000000003
1.442494
1.4440039999999996
1.44379
1.4436210000000003
1.442494
1.4440039999999996
1.44379
1.4436210000000003
1.442494
1.4440039999999996
1.44379
1.4436210000000003
1.442494
1.4440039999999996
1.44379
1.4436210000000003
1.442494
1.4440039999999996
1.44379
1.4436210000000003
1.442494
1.4440039999999996
1.44379
1.4436210000000003
1.442494
1.4440039999999996
1.44379
1.4436210000000003
1.442494
1.4440039999999996
1.44379
1.4436210000000003
1.442494
1.4440039999999996
1.44379
1.4436210000000003
1.442494
1.4440039999999996
1.44379
1.4436210000000003
1.442494
1.4440039999999996
1.44379
1.4436210000000003
1.442494
1.4440039999999996
1.44379
1.4436210000000003
1.442494
1.4440039999999996
1.44379
1.4436210000000003
1.442494
1.4440039999999996
1.44379
1.4436210000000003
1.442494
1.4440039999999996
1.44379
1.4436210000000003
1.442494
1.4440039999999996
1.44379
1.4436210000000003
1.442494
1.4440039999999996
1.44379
1.4436210000000003
1.442494
1.4440039999999996
1.44379
1.4436210000000003
1.442494
1.4440039999999996
1.44379
1.4436210000000003
1.442494
1.4440039999999996
1.44379
1.4436210000000003
1.442494
1.4440039999999996
1.44379
1.4436210000000003
1.442494
-1.443289
-1.4437309999999997
-1.4437949999999997
-1.4430930000000002
-1.443289
-1.4437309999999997
-1.4437949999999997
-1.4430930000000002
-1.443289
-1.4437309999999997
-1.4437949999999997
-1.4430930000000002
-1.443289
-1.4437309999999997
-1.4437949999999997
-1.4430930000000002
-1.443289
-1.4437309999999997
-1.4437949999999997
-1.4430930000000002
-1.443289
-1.4437309999999997
-1.4437949999999997
-1.4430930000000002
-1.443289
-1.4437309999999997
-1.4437949999999997
-1.4430930000000002
-1.443289
-1.4437309999999997
-1.4437949999999997
-1.4430930000000002
-1.443289
-1.4437309999999997
-1.4437949999999997
-1.4430930000000002
-1.443289
-1.4437309999999997
-1.4437949999999997
-1.4430930000000002
-1.443289
-1.4437309999999997
-1.4437949999999997
-1.4430930000000002
-1.443289
-1.4437309999999997
-1.4437949999999997
-1.4430930000000002
-1.443289
-1.4437309999999997
-1.4437949999999997
-1.4430930000000002
-1.443289
-1.4437309999999997
-1.4437949999999997
-1.4430930000000002
-1.443289
-1.4437309999999997
-1.4437949999999997
-1.4430930000000002
-1.443289
-1.4437309999999997
-1.4437949999999997
-1.4430930000000002
-1.443289
-1.4437309999999997
-1.4437949999999997
-1.4430930000000002
-1.443289
-1.4437309999999997
-1.4437949999999997
-1.4430930000000002
-1.443289
-1.4437309999999997
-1.4437949999999997
-1.4430930000000002
-1.443289
-1.4437309999999997
-1.4437949999999997
-1.4430930000000002
-1.443289
-1.4437309999999997
-1.4437949999999997
-1.4430930000000002
-1.443289
-1.4437309999999997
-1.4437949999999997
-1.4430930000000002
-1.443289
-1.4437309999999997
-1.4437949999999997
-1.4430930000000002
-1.443289
-1.4437309999999997
-1.4437949999999997
-1.4430930000000002
-1.443289
-1.4437309999999997
-1.4437949999999997
-1.4430930000000002
-1.443289
-1.4437309999999997
-1.4437949999999997
-1.4430930000000002
-1.443289
-1.4437309999999997
-1.4437949999999997
-1.4430930000000002
