0.9981419999999996
0.9981419999999996
0.9981419999999996
0.9981419999999996
0.9981419999999996
0.9981419999999996
0.9981419999999996
0.9981419999999996
0.9981419999999996
0.9981419999999996
0.9981419999999996
0.9981419999999996
0.9981419999999996
0.9981419999999996
0.9981419999999996
0.9981419999999996
0.9981419999999996
0.9981419999999996
0.9981419999999996
0.9981419999999996
0.9981419999999996
0.9981419999999996
0.9981419999999996
0.9981419999999996
0.9981419999999996
0.9981419999999996
0.9981419999999996
-0.9981439999999999
-0.9981439999999999
-0.9981439999999999
-0.9981439999999999
-0.9981439999999999
-0.9981439999999999
-0.9981439999999999
-0.9981439999999999
-0.9981439999999999
-0.9981439999999999
-0.9981439999999999
-0.9981439999999999
-0.9981439999999999
-0.9981439999999999
-0.9981439999999999
-0.9981439999999999
-0.9981439999999999
-0.9981439999999999
-0.9981439999999999
-0.9981439999999999
-0.9981439999999999
-0.9981439999999999
-0.9981439999999999
-0.9981439999999999
-0.9981439999999999
-0.9981439999999999
-0.9981439999999999
