1.0432179999999995
1.0432179999999995
1.0432179999999995
1.0432179999999995
1.0432179999999995
1.0432179999999995
1.0432179999999995
1.0432179999999995
1.0432179999999995
1.0432179999999995
1.0432179999999995
1.0432179999999995
1.0432179999999995
1.0432179999999995
1.0432179999999995
1.0432179999999995
1.0432179999999995
1.0432179999999995
1.0432179999999995
1.0432179999999995
1.0432179999999995
1.0432179999999995
1.0432179999999995
1.0432179999999995
1.0432179999999995
1.0432179999999995
1.0432179999999995
-1.0432170000000003
-1.0432170000000003
-1.0432170000000003
-1.0432170000000003
-1.0432170000000003
-1.0432170000000003
-1.0432170000000003
-1.0432170000000003
-1.0432170000000003
-1.0432170000000003
-1.0432170000000003
-1.0432170000000003
-1.0432170000000003
-1.0432170000000003
-1.0432170000000003
-1.0432170000000003
-1.0432170000000003
-1.0432170000000003
-1.0432170000000003
-1.0432170000000003
-1.0432170000000003
-1.0432170000000003
-1.0432170000000003
-1.0432170000000003
-1.0432170000000003
-1.0432170000000003
-1.0432170000000003
