1.2957330000000002
1.261355
1.270244
1.3418779999999995
1.2957330000000002
1.261355
1.270244
1.3418779999999995
1.2957330000000002
1.261355
1.270244
1.3418779999999995
1.2957330000000002
1.261355
1.270244
1.3418779999999995
1.2957330000000002
1.261355
1.270244
1.3418779999999995
1.2957330000000002
1.261355
1.270244
1.3418779999999995
1.2957330000000002
1.261355
1.270244
1.3418779999999995
1.2957330000000002
1.261355
1.270244
1.3418779999999995
1.2957330000000002
1.261355
1.270244
1.3418779999999995
1.2957330000000002
1.261355
1.270244
1.3418779999999995
1.2957330000000002
1.261355
1.270244
1.3418779999999995
1.2957330000000002
1.261355
1.270244
1.3418779999999995
1.2957330000000002
1.261355
1.270244
1.3418779999999995
1.2957330000000002
1.261355
1.270244
1.3418779999999995
1.2957330000000002
1.261355
1.270244
1.3418779999999995
1.2957330000000002
1.261355
1.270244
1.3418779999999995
1.2957330000000002
1.261355
1.270244
1.3418779999999995
1.2957330000000002
1.261355
1.270244
1.3418779999999995
1.2957330000000002
1.261355
1.270244
1.3418779999999995
1.2957330000000002
1.261355
1.270244
1.3418779999999995
1.2957330000000002
1.261355
1.270244
1.3418779999999995
1.2957330000000002
1.261355
1.270244
1.3418779999999995
1.2957330000000002
1.261355
1.270244
1.3418779999999995
1.2957330000000002
1.261355
1.270244
1.3418779999999995
1.2957330000000002
1.261355
1.270244
1.3418779999999995
1.2957330000000002
1.261355
1.270244
1.3418779999999995
1.2957330000000002
1.261355
1.270244
1.3418779999999995
1.2957330000000002
1.261355
1.270244
1.3418779999999995
1.2957330000000002
1.261355
1.270244
1.3418779999999995
1.2957330000000002
1.261355
1.270244
1.3418779999999995
1.2957330000000002
1.261355
1.270244
1.3418779999999995
1.2957330000000002
1.261355
1.270244
1.3418779999999995
1.2957330000000002
1.261355
1.270244
1.3418779999999995
1.2957330000000002
1.261355
1.270244
1.3418779999999995
1.2957330000000002
1.261355
1.270244
1.3418779999999995
1.2957330000000002
1.261355
1.270244
1.3418779999999995
-1.276757
-1.2565650000000002
-1.3394399999999997
-1.2964469999999997
-1.276757
-1.2565650000000002
-1.3394399999999997
-1.2964469999999997
-1.276757
-1.2565650000000002
-1.3394399999999997
-1.2964469999999997
-1.276757
-1.2565650000000002
-1.3394399999999997
-1.2964469999999997
-1.276757
-1.2565650000000002
-1.3394399999999997
-1.2964469999999997
-1.276757
-1.2565650000000002
-1.3394399999999997
-1.2964469999999997
-1.276757
-1.2565650000000002
-1.3394399999999997
-1.2964469999999997
-1.276757
-1.2565650000000002
-1.3394399999999997
-1.2964469999999997
-1.276757
-1.2565650000000002
-1.3394399999999997
-1.2964469999999997
-1.276757
-1.2565650000000002
-1.3394399999999997
-1.2964469999999997
-1.276757
-1.2565650000000002
-1.3394399999999997
-1.2964469999999997
-1.276757
-1.2565650000000002
-1.3394399999999997
-1.2964469999999997
-1.276757
-1.2565650000000002
-1.3394399999999997
-1.2964469999999997
-1.276757
-1.2565650000000002
-1.3394399999999997
-1.2964469999999997
-1.276757
-1.2565650000000002
-1.3394399999999997
-1.2964469999999997
-1.276757
-1.2565650000000002
-1.3394399999999997
-1.2964469999999997
-1.276757
-1.2565650000000002
-1.3394399999999997
-1.2964469999999997
-1.276757
-1.2565650000000002
-1.3394399999999997
-1.2964469999999997
-1.276757
-1.2565650000000002
-1.3394399999999997
-1.2964469999999997
-1.276757
-1.2565650000000002
-1.3394399999999997
-1.2964469999999997
-1.276757
-1.2565650000000002
-1.3394399999999997
-1.2964469999999997
-1.276757
-1.2565650000000002
-1.3394399999999997
-1.2964469999999997
-1.276757
-1.2565650000000002
-1.3394399999999997
-1.2964469999999997
-1.276757
-1.2565650000000002
-1.3394399999999997
-1.2964469999999997
-1.276757
-1.2565650000000002
-1.3394399999999997
-1.2964469999999997
-1.276757
-1.2565650000000002
-1.3394399999999997
-1.2964469999999997
-1.276757
-1.2565650000000002
-1.3394399999999997
-1.2964469999999997
-1.276757
-1.2565650000000002
-1.3394399999999997
-1.2964469999999997
-1.276757
-1.2565650000000002
-1.3394399999999997
-1.2964469999999997
-1.276757
-1.2565650000000002
-1.3394399999999997
-1.2964469999999997
-1.276757
-1.2565650000000002
-1.3394399999999997
-1.2964469999999997
-1.276757
-1.2565650000000002
-1.3394399999999997
-1.2964469999999997
-1.276757
-1.2565650000000002
-1.3394399999999997
-1.2964469999999997
-1.276757
-1.2565650000000002
-1.3394399999999997
-1.2964469999999997
-1.276757
-1.2565650000000002
-1.3394399999999997
-1.2964469999999997
-1.276757
-1.2565650000000002
-1.3394399999999997
-1.2964469999999997
