1.2162539999999993
1.2162539999999993
1.2162539999999993
1.2162539999999993
1.2162539999999993
1.2162539999999993
1.2162539999999993
1.2162539999999993
1.2162539999999993
1.2162539999999993
1.2162539999999993
1.2162539999999993
1.2162539999999993
1.2162539999999993
1.2162539999999993
1.2162539999999993
1.2162539999999993
1.2162539999999993
1.2162539999999993
1.2162539999999993
1.2162539999999993
1.2162539999999993
1.2162539999999993
1.2162539999999993
1.2162539999999993
1.2162539999999993
1.2162539999999993
-1.2162569999999997
-1.2162569999999997
-1.2162569999999997
-1.2162569999999997
-1.2162569999999997
-1.2162569999999997
-1.2162569999999997
-1.2162569999999997
-1.2162569999999997
-1.2162569999999997
-1.2162569999999997
-1.2162569999999997
-1.2162569999999997
-1.2162569999999997
-1.2162569999999997
-1.2162569999999997
-1.2162569999999997
-1.2162569999999997
-1.2162569999999997
-1.2162569999999997
-1.2162569999999997
-1.2162569999999997
-1.2162569999999997
-1.2162569999999997
-1.2162569999999997
-1.2162569999999997
-1.2162569999999997
