1.3909409999999998
1.3909409999999998
1.3909409999999998
1.3909409999999998
1.3909409999999998
1.3909409999999998
1.3909409999999998
1.3909409999999998
1.3909409999999998
1.3909409999999998
1.3909409999999998
1.3909409999999998
1.3909409999999998
1.3909409999999998
1.3909409999999998
1.3909409999999998
1.3909409999999998
1.3909409999999998
1.3909409999999998
1.3909409999999998
1.3909409999999998
1.3909409999999998
1.3909409999999998
1.3909409999999998
1.3909409999999998
1.3909409999999998
1.3909409999999998
1.3909409999999998
1.3909409999999998
1.3909409999999998
1.3909409999999998
1.3909409999999998
1.3909409999999998
1.3909409999999998
1.3909409999999998
1.3909409999999998
1.3909409999999998
1.3909409999999998
1.3909409999999998
1.3909409999999998
1.3909409999999998
1.3909409999999998
1.3909409999999998
1.3909409999999998
1.3909409999999998
1.3909409999999998
1.3909409999999998
1.3909409999999998
1.3909409999999998
1.3909409999999998
1.3909409999999998
1.3909409999999998
1.3909409999999998
1.3909409999999998
-1.3909399999999996
-1.3909399999999996
-1.3909399999999996
-1.3909399999999996
-1.3909399999999996
-1.3909399999999996
-1.3909399999999996
-1.3909399999999996
-1.3909399999999996
-1.3909399999999996
-1.3909399999999996
-1.3909399999999996
-1.3909399999999996
-1.3909399999999996
-1.3909399999999996
-1.3909399999999996
-1.3909399999999996
-1.3909399999999996
-1.3909399999999996
-1.3909399999999996
-1.3909399999999996
-1.3909399999999996
-1.3909399999999996
-1.3909399999999996
-1.3909399999999996
-1.3909399999999996
-1.3909399999999996
-1.3909399999999996
-1.3909399999999996
-1.3909399999999996
-1.3909399999999996
-1.3909399999999996
-1.3909399999999996
-1.3909399999999996
-1.3909399999999996
-1.3909399999999996
-1.3909399999999996
-1.3909399999999996
-1.3909399999999996
-1.3909399999999996
-1.3909399999999996
-1.3909399999999996
-1.3909399999999996
-1.3909399999999996
-1.3909399999999996
-1.3909399999999996
-1.3909399999999996
-1.3909399999999996
-1.3909399999999996
-1.3909399999999996
-1.3909399999999996
-1.3909399999999996
-1.3909399999999996
-1.3909399999999996
