1.4671959999999995
1.4671959999999995
1.4671959999999995
1.4671959999999995
1.4671959999999995
1.4671959999999995
1.4671959999999995
1.4671959999999995
1.4671959999999995
1.4671959999999995
1.4671959999999995
1.4671959999999995
1.4671959999999995
1.4671959999999995
1.4671959999999995
1.4671959999999995
1.4671959999999995
1.4671959999999995
1.4671959999999995
1.4671959999999995
1.4671959999999995
1.4671959999999995
1.4671959999999995
1.4671959999999995
1.4671959999999995
1.4671959999999995
1.4671959999999995
1.4671959999999995
1.4671959999999995
1.4671959999999995
1.4671959999999995
1.4671959999999995
1.4671959999999995
1.4671959999999995
1.4671959999999995
1.4671959999999995
1.4671959999999995
1.4671959999999995
1.4671959999999995
1.4671959999999995
1.4671959999999995
1.4671959999999995
1.4671959999999995
1.4671959999999995
1.4671959999999995
1.4671959999999995
1.4671959999999995
1.4671959999999995
1.4671959999999995
1.4671959999999995
1.4671959999999995
1.4671959999999995
1.4671959999999995
1.4671959999999995
1.4671959999999995
1.4671959999999995
1.4671959999999995
1.4671959999999995
1.4671959999999995
1.4671959999999995
1.4671959999999995
1.4671959999999995
1.4671959999999995
1.4671959999999995
1.4671959999999995
1.4671959999999995
1.4671959999999995
1.4671959999999995
1.4671959999999995
1.4671959999999995
1.4671959999999995
1.4671959999999995
-1.4671969999999996
-1.4671969999999996
-1.4671969999999996
-1.4671969999999996
-1.4671969999999996
-1.4671969999999996
-1.4671969999999996
-1.4671969999999996
-1.4671969999999996
-1.4671969999999996
-1.4671969999999996
-1.4671969999999996
-1.4671969999999996
-1.4671969999999996
-1.4671969999999996
-1.4671969999999996
-1.4671969999999996
-1.4671969999999996
-1.4671969999999996
-1.4671969999999996
-1.4671969999999996
-1.4671969999999996
-1.4671969999999996
-1.4671969999999996
-1.4671969999999996
-1.4671969999999996
-1.4671969999999996
-1.4671969999999996
-1.4671969999999996
-1.4671969999999996
-1.4671969999999996
-1.4671969999999996
-1.4671969999999996
-1.4671969999999996
-1.4671969999999996
-1.4671969999999996
-1.4671969999999996
-1.4671969999999996
-1.4671969999999996
-1.4671969999999996
-1.4671969999999996
-1.4671969999999996
-1.4671969999999996
-1.4671969999999996
-1.4671969999999996
-1.4671969999999996
-1.4671969999999996
-1.4671969999999996
-1.4671969999999996
-1.4671969999999996
-1.4671969999999996
-1.4671969999999996
-1.4671969999999996
-1.4671969999999996
-1.4671969999999996
-1.4671969999999996
-1.4671969999999996
-1.4671969999999996
-1.4671969999999996
-1.4671969999999996
-1.4671969999999996
-1.4671969999999996
-1.4671969999999996
-1.4671969999999996
-1.4671969999999996
-1.4671969999999996
-1.4671969999999996
-1.4671969999999996
-1.4671969999999996
-1.4671969999999996
-1.4671969999999996
-1.4671969999999996
