1.4215370000000007
1.4190489999999993
1.4215370000000007
1.4190489999999993
1.4215370000000007
1.4190489999999993
1.4215370000000007
1.4190489999999993
1.4215370000000007
1.4190489999999993
1.4215370000000007
1.4190489999999993
1.4215370000000007
1.4190489999999993
1.4215370000000007
1.4190489999999993
1.4215370000000007
1.4190489999999993
1.4215370000000007
1.4190489999999993
1.4215370000000007
1.4190489999999993
1.4215370000000007
1.4190489999999993
1.4215370000000007
1.4190489999999993
1.4215370000000007
1.4190489999999993
1.4215370000000007
1.4190489999999993
1.4215370000000007
1.4190489999999993
1.4215370000000007
1.4190489999999993
1.4215370000000007
1.4190489999999993
1.4215370000000007
1.4190489999999993
1.4215370000000007
1.4190489999999993
1.4215370000000007
1.4190489999999993
1.4215370000000007
1.4190489999999993
1.4215370000000007
1.4190489999999993
1.4215370000000007
1.4190489999999993
1.4215370000000007
1.4190489999999993
1.4215370000000007
1.4190489999999993
1.4215370000000007
1.4190489999999993
1.4215370000000007
1.4190489999999993
1.4215370000000007
1.4190489999999993
1.4215370000000007
1.4190489999999993
1.4215370000000007
1.4190489999999993
1.4215370000000007
1.4190489999999993
1.4215370000000007
1.4190489999999993
1.4215370000000007
1.4190489999999993
1.4215370000000007
1.4190489999999993
1.4215370000000007
1.4190489999999993
1.4215370000000007
1.4190489999999993
1.4215370000000007
1.4190489999999993
1.4215370000000007
1.4190489999999993
1.4215370000000007
1.4190489999999993
1.4215370000000007
1.4190489999999993
1.4215370000000007
1.4190489999999993
1.4215370000000007
1.4190489999999993
1.4215370000000007
1.4190489999999993
1.4215370000000007
1.4190489999999993
1.4215370000000007
1.4190489999999993
1.4215370000000007
1.4190489999999993
1.4215370000000007
1.4190489999999993
1.4215370000000007
1.4190489999999993
1.4215370000000007
1.4190489999999993
1.4215370000000007
1.4190489999999993
1.4215370000000007
1.4190489999999993
1.4215370000000007
1.4190489999999993
1.4215370000000007
1.4190489999999993
1.4215370000000007
1.4190489999999993
1.4215370000000007
1.4190489999999993
1.4215370000000007
1.4190489999999993
1.4215370000000007
1.4190489999999993
1.4215370000000007
1.4190489999999993
1.4215370000000007
1.4190489999999993
-1.419664
-1.4209230000000002
-1.419664
-1.4209230000000002
-1.419664
-1.4209230000000002
-1.419664
-1.4209230000000002
-1.419664
-1.4209230000000002
-1.419664
-1.4209230000000002
-1.419664
-1.4209230000000002
-1.419664
-1.4209230000000002
-1.419664
-1.4209230000000002
-1.419664
-1.4209230000000002
-1.419664
-1.4209230000000002
-1.419664
-1.4209230000000002
-1.419664
-1.4209230000000002
-1.419664
-1.4209230000000002
-1.419664
-1.4209230000000002
-1.419664
-1.4209230000000002
-1.419664
-1.4209230000000002
-1.419664
-1.4209230000000002
-1.419664
-1.4209230000000002
-1.419664
-1.4209230000000002
-1.419664
-1.4209230000000002
-1.419664
-1.4209230000000002
-1.419664
-1.4209230000000002
-1.419664
-1.4209230000000002
-1.419664
-1.4209230000000002
-1.419664
-1.4209230000000002
-1.419664
-1.4209230000000002
-1.419664
-1.4209230000000002
-1.419664
-1.4209230000000002
-1.419664
-1.4209230000000002
-1.419664
-1.4209230000000002
-1.419664
-1.4209230000000002
-1.419664
-1.4209230000000002
-1.419664
-1.4209230000000002
-1.419664
-1.4209230000000002
-1.419664
-1.4209230000000002
-1.419664
-1.4209230000000002
-1.419664
-1.4209230000000002
-1.419664
-1.4209230000000002
-1.419664
-1.4209230000000002
-1.419664
-1.4209230000000002
-1.419664
-1.4209230000000002
-1.419664
-1.4209230000000002
-1.419664
-1.4209230000000002
-1.419664
-1.4209230000000002
-1.419664
-1.4209230000000002
-1.419664
-1.4209230000000002
-1.419664
-1.4209230000000002
-1.419664
-1.4209230000000002
-1.419664
-1.4209230000000002
-1.419664
-1.4209230000000002
-1.419664
-1.4209230000000002
-1.419664
-1.4209230000000002
-1.419664
-1.4209230000000002
-1.419664
-1.4209230000000002
-1.419664
-1.4209230000000002
-1.419664
-1.4209230000000002
-1.419664
-1.4209230000000002
-1.419664
-1.4209230000000002
-1.419664
-1.4209230000000002
