1.2926509999999993
1.2254400000000008
1.2482179999999996
1.1770779999999998
1.2926509999999993
1.2254400000000008
1.2482179999999996
1.1770779999999998
1.2926509999999993
1.2254400000000008
1.2482179999999996
1.1770779999999998
1.2926509999999993
1.2254400000000008
1.2482179999999996
1.1770779999999998
1.2926509999999993
1.2254400000000008
1.2482179999999996
1.1770779999999998
1.2926509999999993
1.2254400000000008
1.2482179999999996
1.1770779999999998
1.2926509999999993
1.2254400000000008
1.2482179999999996
1.1770779999999998
1.2926509999999993
1.2254400000000008
1.2482179999999996
1.1770779999999998
1.2926509999999993
1.2254400000000008
1.2482179999999996
1.1770779999999998
1.2926509999999993
1.2254400000000008
1.2482179999999996
1.1770779999999998
1.2926509999999993
1.2254400000000008
1.2482179999999996
1.1770779999999998
1.2926509999999993
1.2254400000000008
1.2482179999999996
1.1770779999999998
1.2926509999999993
1.2254400000000008
1.2482179999999996
1.1770779999999998
1.2926509999999993
1.2254400000000008
1.2482179999999996
1.1770779999999998
1.2926509999999993
1.2254400000000008
1.2482179999999996
1.1770779999999998
1.2926509999999993
1.2254400000000008
1.2482179999999996
1.1770779999999998
1.2926509999999993
1.2254400000000008
1.2482179999999996
1.1770779999999998
1.2926509999999993
1.2254400000000008
1.2482179999999996
1.1770779999999998
1.2926509999999993
1.2254400000000008
1.2482179999999996
1.1770779999999998
1.2926509999999993
1.2254400000000008
1.2482179999999996
1.1770779999999998
1.2926509999999993
1.2254400000000008
1.2482179999999996
1.1770779999999998
1.2926509999999993
1.2254400000000008
1.2482179999999996
1.1770779999999998
1.2926509999999993
1.2254400000000008
1.2482179999999996
1.1770779999999998
1.2926509999999993
1.2254400000000008
1.2482179999999996
1.1770779999999998
1.2926509999999993
1.2254400000000008
1.2482179999999996
1.1770779999999998
1.2926509999999993
1.2254400000000008
1.2482179999999996
1.1770779999999998
1.2926509999999993
1.2254400000000008
1.2482179999999996
1.1770779999999998
1.2926509999999993
1.2254400000000008
1.2482179999999996
1.1770779999999998
1.2926509999999993
1.2254400000000008
1.2482179999999996
1.1770779999999998
1.2926509999999993
1.2254400000000008
1.2482179999999996
1.1770779999999998
1.2926509999999993
1.2254400000000008
1.2482179999999996
1.1770779999999998
1.2926509999999993
1.2254400000000008
1.2482179999999996
1.1770779999999998
1.2926509999999993
1.2254400000000008
1.2482179999999996
1.1770779999999998
1.2926509999999993
1.2254400000000008
1.2482179999999996
1.1770779999999998
1.2926509999999993
1.2254400000000008
1.2482179999999996
1.1770779999999998
1.2926509999999993
1.2254400000000008
1.2482179999999996
1.1770779999999998
1.2926509999999993
1.2254400000000008
1.2482179999999996
1.1770779999999998
1.2926509999999993
1.2254400000000008
1.2482179999999996
1.1770779999999998
1.2926509999999993
1.2254400000000008
1.2482179999999996
1.1770779999999998
1.2926509999999993
1.2254400000000008
1.2482179999999996
1.1770779999999998
1.2926509999999993
1.2254400000000008
1.2482179999999996
1.1770779999999998
1.2926509999999993
1.2254400000000008
1.2482179999999996
1.1770779999999998
1.2926509999999993
1.2254400000000008
1.2482179999999996
1.1770779999999998
1.2926509999999993
1.2254400000000008
1.2482179999999996
1.1770779999999998
1.2926509999999993
1.2254400000000008
1.2482179999999996
1.1770779999999998
-1.2533089999999998
-1.2059309999999996
-1.2498379999999996
-1.2343080000000004
-1.2533089999999998
-1.2059309999999996
-1.2498379999999996
-1.2343080000000004
-1.2533089999999998
-1.2059309999999996
-1.2498379999999996
-1.2343080000000004
-1.2533089999999998
-1.2059309999999996
-1.2498379999999996
-1.2343080000000004
-1.2533089999999998
-1.2059309999999996
-1.2498379999999996
-1.2343080000000004
-1.2533089999999998
-1.2059309999999996
-1.2498379999999996
-1.2343080000000004
-1.2533089999999998
-1.2059309999999996
-1.2498379999999996
-1.2343080000000004
-1.2533089999999998
-1.2059309999999996
-1.2498379999999996
-1.2343080000000004
-1.2533089999999998
-1.2059309999999996
-1.2498379999999996
-1.2343080000000004
-1.2533089999999998
-1.2059309999999996
-1.2498379999999996
-1.2343080000000004
-1.2533089999999998
-1.2059309999999996
-1.2498379999999996
-1.2343080000000004
-1.2533089999999998
-1.2059309999999996
-1.2498379999999996
-1.2343080000000004
-1.2533089999999998
-1.2059309999999996
-1.2498379999999996
-1.2343080000000004
-1.2533089999999998
-1.2059309999999996
-1.2498379999999996
-1.2343080000000004
-1.2533089999999998
-1.2059309999999996
-1.2498379999999996
-1.2343080000000004
-1.2533089999999998
-1.2059309999999996
-1.2498379999999996
-1.2343080000000004
-1.2533089999999998
-1.2059309999999996
-1.2498379999999996
-1.2343080000000004
-1.2533089999999998
-1.2059309999999996
-1.2498379999999996
-1.2343080000000004
-1.2533089999999998
-1.2059309999999996
-1.2498379999999996
-1.2343080000000004
-1.2533089999999998
-1.2059309999999996
-1.2498379999999996
-1.2343080000000004
-1.2533089999999998
-1.2059309999999996
-1.2498379999999996
-1.2343080000000004
-1.2533089999999998
-1.2059309999999996
-1.2498379999999996
-1.2343080000000004
-1.2533089999999998
-1.2059309999999996
-1.2498379999999996
-1.2343080000000004
-1.2533089999999998
-1.2059309999999996
-1.2498379999999996
-1.2343080000000004
-1.2533089999999998
-1.2059309999999996
-1.2498379999999996
-1.2343080000000004
-1.2533089999999998
-1.2059309999999996
-1.2498379999999996
-1.2343080000000004
-1.2533089999999998
-1.2059309999999996
-1.2498379999999996
-1.2343080000000004
-1.2533089999999998
-1.2059309999999996
-1.2498379999999996
-1.2343080000000004
-1.2533089999999998
-1.2059309999999996
-1.2498379999999996
-1.2343080000000004
-1.2533089999999998
-1.2059309999999996
-1.2498379999999996
-1.2343080000000004
-1.2533089999999998
-1.2059309999999996
-1.2498379999999996
-1.2343080000000004
-1.2533089999999998
-1.2059309999999996
-1.2498379999999996
-1.2343080000000004
-1.2533089999999998
-1.2059309999999996
-1.2498379999999996
-1.2343080000000004
-1.2533089999999998
-1.2059309999999996
-1.2498379999999996
-1.2343080000000004
-1.2533089999999998
-1.2059309999999996
-1.2498379999999996
-1.2343080000000004
-1.2533089999999998
-1.2059309999999996
-1.2498379999999996
-1.2343080000000004
-1.2533089999999998
-1.2059309999999996
-1.2498379999999996
-1.2343080000000004
-1.2533089999999998
-1.2059309999999996
-1.2498379999999996
-1.2343080000000004
-1.2533089999999998
-1.2059309999999996
-1.2498379999999996
-1.2343080000000004
-1.2533089999999998
-1.2059309999999996
-1.2498379999999996
-1.2343080000000004
-1.2533089999999998
-1.2059309999999996
-1.2498379999999996
-1.2343080000000004
-1.2533089999999998
-1.2059309999999996
-1.2498379999999996
-1.2343080000000004
-1.2533089999999998
-1.2059309999999996
-1.2498379999999996
-1.2343080000000004
-1.2533089999999998
-1.2059309999999996
-1.2498379999999996
-1.2343080000000004
-1.2533089999999998
-1.2059309999999996
-1.2498379999999996
-1.2343080000000004
