1.319089
1.325678
1.319089
1.325678
1.319089
1.325678
1.319089
1.325678
1.319089
1.325678
1.319089
1.325678
1.319089
1.325678
1.319089
1.325678
1.319089
1.325678
1.319089
1.325678
1.319089
1.325678
1.319089
1.325678
1.319089
1.325678
1.319089
1.325678
1.319089
1.325678
1.319089
1.325678
1.319089
1.325678
1.319089
1.325678
1.319089
1.325678
1.319089
1.325678
1.319089
1.325678
1.319089
1.325678
1.319089
1.325678
1.319089
1.325678
1.319089
1.325678
1.319089
1.325678
1.319089
1.325678
1.319089
1.325678
1.319089
1.325678
1.319089
1.325678
1.319089
1.325678
1.319089
1.325678
1.319089
1.325678
1.319089
1.325678
1.319089
1.325678
1.319089
1.325678
1.319089
1.325678
1.319089
1.325678
1.319089
1.325678
1.319089
1.325678
1.319089
1.325678
1.319089
1.325678
1.319089
1.325678
1.319089
1.325678
1.319089
1.325678
1.319089
1.325678
1.319089
1.325678
1.319089
1.325678
1.319089
1.325678
1.319089
1.325678
1.319089
1.325678
1.319089
1.325678
1.319089
1.325678
1.319089
1.325678
1.319089
1.325678
1.319089
1.325678
1.319089
1.325678
1.319089
1.325678
1.319089
1.325678
1.319089
1.325678
-1.3266390000000001
-1.3181279999999997
-1.3266390000000001
-1.3181279999999997
-1.3266390000000001
-1.3181279999999997
-1.3266390000000001
-1.3181279999999997
-1.3266390000000001
-1.3181279999999997
-1.3266390000000001
-1.3181279999999997
-1.3266390000000001
-1.3181279999999997
-1.3266390000000001
-1.3181279999999997
-1.3266390000000001
-1.3181279999999997
-1.3266390000000001
-1.3181279999999997
-1.3266390000000001
-1.3181279999999997
-1.3266390000000001
-1.3181279999999997
-1.3266390000000001
-1.3181279999999997
-1.3266390000000001
-1.3181279999999997
-1.3266390000000001
-1.3181279999999997
-1.3266390000000001
-1.3181279999999997
-1.3266390000000001
-1.3181279999999997
-1.3266390000000001
-1.3181279999999997
-1.3266390000000001
-1.3181279999999997
-1.3266390000000001
-1.3181279999999997
-1.3266390000000001
-1.3181279999999997
-1.3266390000000001
-1.3181279999999997
-1.3266390000000001
-1.3181279999999997
-1.3266390000000001
-1.3181279999999997
-1.3266390000000001
-1.3181279999999997
-1.3266390000000001
-1.3181279999999997
-1.3266390000000001
-1.3181279999999997
-1.3266390000000001
-1.3181279999999997
-1.3266390000000001
-1.3181279999999997
-1.3266390000000001
-1.3181279999999997
-1.3266390000000001
-1.3181279999999997
-1.3266390000000001
-1.3181279999999997
-1.3266390000000001
-1.3181279999999997
-1.3266390000000001
-1.3181279999999997
-1.3266390000000001
-1.3181279999999997
-1.3266390000000001
-1.3181279999999997
-1.3266390000000001
-1.3181279999999997
-1.3266390000000001
-1.3181279999999997
-1.3266390000000001
-1.3181279999999997
-1.3266390000000001
-1.3181279999999997
-1.3266390000000001
-1.3181279999999997
-1.3266390000000001
-1.3181279999999997
-1.3266390000000001
-1.3181279999999997
-1.3266390000000001
-1.3181279999999997
-1.3266390000000001
-1.3181279999999997
-1.3266390000000001
-1.3181279999999997
-1.3266390000000001
-1.3181279999999997
-1.3266390000000001
-1.3181279999999997
-1.3266390000000001
-1.3181279999999997
-1.3266390000000001
-1.3181279999999997
-1.3266390000000001
-1.3181279999999997
-1.3266390000000001
-1.3181279999999997
-1.3266390000000001
-1.3181279999999997
-1.3266390000000001
-1.3181279999999997
-1.3266390000000001
-1.3181279999999997
-1.3266390000000001
-1.3181279999999997
-1.3266390000000001
-1.3181279999999997
-1.3266390000000001
-1.3181279999999997
-1.3266390000000001
-1.3181279999999997
-1.3266390000000001
-1.3181279999999997
