1.4047169999999998
1.3532779999999995
1.4143139999999992
1.4231060000000006
1.4047169999999998
1.3532779999999995
1.4143139999999992
1.4231060000000006
1.4047169999999998
1.3532779999999995
1.4143139999999992
1.4231060000000006
1.4047169999999998
1.3532779999999995
1.4143139999999992
1.4231060000000006
1.4047169999999998
1.3532779999999995
1.4143139999999992
1.4231060000000006
1.4047169999999998
1.3532779999999995
1.4143139999999992
1.4231060000000006
1.4047169999999998
1.3532779999999995
1.4143139999999992
1.4231060000000006
1.4047169999999998
1.3532779999999995
1.4143139999999992
1.4231060000000006
1.4047169999999998
1.3532779999999995
1.4143139999999992
1.4231060000000006
1.4047169999999998
1.3532779999999995
1.4143139999999992
1.4231060000000006
1.4047169999999998
1.3532779999999995
1.4143139999999992
1.4231060000000006
1.4047169999999998
1.3532779999999995
1.4143139999999992
1.4231060000000006
1.4047169999999998
1.3532779999999995
1.4143139999999992
1.4231060000000006
1.4047169999999998
1.3532779999999995
1.4143139999999992
1.4231060000000006
1.4047169999999998
1.3532779999999995
1.4143139999999992
1.4231060000000006
1.4047169999999998
1.3532779999999995
1.4143139999999992
1.4231060000000006
1.4047169999999998
1.3532779999999995
1.4143139999999992
1.4231060000000006
1.4047169999999998
1.3532779999999995
1.4143139999999992
1.4231060000000006
1.4047169999999998
1.3532779999999995
1.4143139999999992
1.4231060000000006
1.4047169999999998
1.3532779999999995
1.4143139999999992
1.4231060000000006
1.4047169999999998
1.3532779999999995
1.4143139999999992
1.4231060000000006
1.4047169999999998
1.3532779999999995
1.4143139999999992
1.4231060000000006
1.4047169999999998
1.3532779999999995
1.4143139999999992
1.4231060000000006
1.4047169999999998
1.3532779999999995
1.4143139999999992
1.4231060000000006
1.4047169999999998
1.3532779999999995
1.4143139999999992
1.4231060000000006
1.4047169999999998
1.3532779999999995
1.4143139999999992
1.4231060000000006
1.4047169999999998
1.3532779999999995
1.4143139999999992
1.4231060000000006
1.4047169999999998
1.3532779999999995
1.4143139999999992
1.4231060000000006
1.4047169999999998
1.3532779999999995
1.4143139999999992
1.4231060000000006
1.4047169999999998
1.3532779999999995
1.4143139999999992
1.4231060000000006
1.4047169999999998
1.3532779999999995
1.4143139999999992
1.4231060000000006
1.4047169999999998
1.3532779999999995
1.4143139999999992
1.4231060000000006
1.4047169999999998
1.3532779999999995
1.4143139999999992
1.4231060000000006
1.4047169999999998
1.3532779999999995
1.4143139999999992
1.4231060000000006
1.4047169999999998
1.3532779999999995
1.4143139999999992
1.4231060000000006
1.4047169999999998
1.3532779999999995
1.4143139999999992
1.4231060000000006
-1.4155379999999997
-1.4132930000000004
-1.4141209999999997
-1.352461
-1.4155379999999997
-1.4132930000000004
-1.4141209999999997
-1.352461
-1.4155379999999997
-1.4132930000000004
-1.4141209999999997
-1.352461
-1.4155379999999997
-1.4132930000000004
-1.4141209999999997
-1.352461
-1.4155379999999997
-1.4132930000000004
-1.4141209999999997
-1.352461
-1.4155379999999997
-1.4132930000000004
-1.4141209999999997
-1.352461
-1.4155379999999997
-1.4132930000000004
-1.4141209999999997
-1.352461
-1.4155379999999997
-1.4132930000000004
-1.4141209999999997
-1.352461
-1.4155379999999997
-1.4132930000000004
-1.4141209999999997
-1.352461
-1.4155379999999997
-1.4132930000000004
-1.4141209999999997
-1.352461
-1.4155379999999997
-1.4132930000000004
-1.4141209999999997
-1.352461
-1.4155379999999997
-1.4132930000000004
-1.4141209999999997
-1.352461
-1.4155379999999997
-1.4132930000000004
-1.4141209999999997
-1.352461
-1.4155379999999997
-1.4132930000000004
-1.4141209999999997
-1.352461
-1.4155379999999997
-1.4132930000000004
-1.4141209999999997
-1.352461
-1.4155379999999997
-1.4132930000000004
-1.4141209999999997
-1.352461
-1.4155379999999997
-1.4132930000000004
-1.4141209999999997
-1.352461
-1.4155379999999997
-1.4132930000000004
-1.4141209999999997
-1.352461
-1.4155379999999997
-1.4132930000000004
-1.4141209999999997
-1.352461
-1.4155379999999997
-1.4132930000000004
-1.4141209999999997
-1.352461
-1.4155379999999997
-1.4132930000000004
-1.4141209999999997
-1.352461
-1.4155379999999997
-1.4132930000000004
-1.4141209999999997
-1.352461
-1.4155379999999997
-1.4132930000000004
-1.4141209999999997
-1.352461
-1.4155379999999997
-1.4132930000000004
-1.4141209999999997
-1.352461
-1.4155379999999997
-1.4132930000000004
-1.4141209999999997
-1.352461
-1.4155379999999997
-1.4132930000000004
-1.4141209999999997
-1.352461
-1.4155379999999997
-1.4132930000000004
-1.4141209999999997
-1.352461
-1.4155379999999997
-1.4132930000000004
-1.4141209999999997
-1.352461
-1.4155379999999997
-1.4132930000000004
-1.4141209999999997
-1.352461
-1.4155379999999997
-1.4132930000000004
-1.4141209999999997
-1.352461
-1.4155379999999997
-1.4132930000000004
-1.4141209999999997
-1.352461
-1.4155379999999997
-1.4132930000000004
-1.4141209999999997
-1.352461
-1.4155379999999997
-1.4132930000000004
-1.4141209999999997
-1.352461
-1.4155379999999997
-1.4132930000000004
-1.4141209999999997
-1.352461
-1.4155379999999997
-1.4132930000000004
-1.4141209999999997
-1.352461
-1.4155379999999997
-1.4132930000000004
-1.4141209999999997
-1.352461
