0.9291739999999997
0.9291739999999997
0.9291739999999997
0.9291739999999997
0.9291739999999997
0.9291739999999997
0.9291739999999997
0.9291739999999997
0.9291739999999997
0.9291739999999997
0.9291739999999997
0.9291739999999997
0.9291739999999997
0.9291739999999997
0.9291739999999997
0.9291739999999997
0.9291739999999997
0.9291739999999997
0.9291739999999997
0.9291739999999997
0.9291739999999997
0.9291739999999997
0.9291739999999997
0.9291739999999997
0.9291739999999997
0.9291739999999997
0.9291739999999997
0.9291739999999997
0.9291739999999997
0.9291739999999997
0.9291739999999997
0.9291739999999997
0.9291739999999997
0.9291739999999997
0.9291739999999997
0.9291739999999997
0.9291739999999997
0.9291739999999997
0.9291739999999997
0.9291739999999997
0.9291739999999997
0.9291739999999997
0.9291739999999997
0.9291739999999997
0.9291739999999997
0.9291739999999997
0.9291739999999997
0.9291739999999997
0.9291739999999997
0.9291739999999997
0.9291739999999997
0.9291739999999997
0.9291739999999997
0.9291739999999997
0.9291739999999997
0.9291739999999997
0.9291739999999997
0.9291739999999997
0.9291739999999997
0.9291739999999997
0.9291739999999997
0.9291739999999997
0.9291739999999997
0.9291739999999997
-0.9291729999999996
-0.9291729999999996
-0.9291729999999996
-0.9291729999999996
-0.9291729999999996
-0.9291729999999996
-0.9291729999999996
-0.9291729999999996
-0.9291729999999996
-0.9291729999999996
-0.9291729999999996
-0.9291729999999996
-0.9291729999999996
-0.9291729999999996
-0.9291729999999996
-0.9291729999999996
-0.9291729999999996
-0.9291729999999996
-0.9291729999999996
-0.9291729999999996
-0.9291729999999996
-0.9291729999999996
-0.9291729999999996
-0.9291729999999996
-0.9291729999999996
-0.9291729999999996
-0.9291729999999996
-0.9291729999999996
-0.9291729999999996
-0.9291729999999996
-0.9291729999999996
-0.9291729999999996
-0.9291729999999996
-0.9291729999999996
-0.9291729999999996
-0.9291729999999996
-0.9291729999999996
-0.9291729999999996
-0.9291729999999996
-0.9291729999999996
-0.9291729999999996
-0.9291729999999996
-0.9291729999999996
-0.9291729999999996
-0.9291729999999996
-0.9291729999999996
-0.9291729999999996
-0.9291729999999996
-0.9291729999999996
-0.9291729999999996
-0.9291729999999996
-0.9291729999999996
-0.9291729999999996
-0.9291729999999996
-0.9291729999999996
-0.9291729999999996
-0.9291729999999996
-0.9291729999999996
-0.9291729999999996
-0.9291729999999996
-0.9291729999999996
-0.9291729999999996
-0.9291729999999996
-0.9291729999999996
