1.2431479999999997
1.2772360000000003
1.2431479999999997
1.2772360000000003
1.2431479999999997
1.2772360000000003
1.2431479999999997
1.2772360000000003
1.2431479999999997
1.2772360000000003
1.2431479999999997
1.2772360000000003
1.2431479999999997
1.2772360000000003
1.2431479999999997
1.2772360000000003
1.2431479999999997
1.2772360000000003
1.2431479999999997
1.2772360000000003
1.2431479999999997
1.2772360000000003
1.2431479999999997
1.2772360000000003
1.2431479999999997
1.2772360000000003
1.2431479999999997
1.2772360000000003
1.2431479999999997
1.2772360000000003
1.2431479999999997
1.2772360000000003
1.2431479999999997
1.2772360000000003
1.2431479999999997
1.2772360000000003
1.2431479999999997
1.2772360000000003
1.2431479999999997
1.2772360000000003
1.2431479999999997
1.2772360000000003
1.2431479999999997
1.2772360000000003
1.2431479999999997
1.2772360000000003
1.2431479999999997
1.2772360000000003
1.2431479999999997
1.2772360000000003
1.2431479999999997
1.2772360000000003
1.2431479999999997
1.2772360000000003
1.2431479999999997
1.2772360000000003
1.2431479999999997
1.2772360000000003
1.2431479999999997
1.2772360000000003
1.2431479999999997
1.2772360000000003
1.2431479999999997
1.2772360000000003
1.2431479999999997
1.2772360000000003
1.2431479999999997
1.2772360000000003
1.2431479999999997
1.2772360000000003
1.2431479999999997
1.2772360000000003
1.2431479999999997
1.2772360000000003
1.2431479999999997
1.2772360000000003
1.2431479999999997
1.2772360000000003
1.2431479999999997
1.2772360000000003
1.2431479999999997
1.2772360000000003
1.2431479999999997
1.2772360000000003
1.2431479999999997
1.2772360000000003
1.2431479999999997
1.2772360000000003
1.2431479999999997
1.2772360000000003
1.2431479999999997
1.2772360000000003
1.2431479999999997
1.2772360000000003
1.2431479999999997
1.2772360000000003
1.2431479999999997
1.2772360000000003
1.2431479999999997
1.2772360000000003
1.2431479999999997
1.2772360000000003
1.2431479999999997
1.2772360000000003
1.2431479999999997
1.2772360000000003
1.2431479999999997
1.2772360000000003
1.2431479999999997
1.2772360000000003
1.2431479999999997
1.2772360000000003
1.2431479999999997
1.2772360000000003
1.2431479999999997
1.2772360000000003
1.2431479999999997
1.2772360000000003
1.2431479999999997
1.2772360000000003
-1.2732900000000003
-1.2470970000000001
-1.2732900000000003
-1.2470970000000001
-1.2732900000000003
-1.2470970000000001
-1.2732900000000003
-1.2470970000000001
-1.2732900000000003
-1.2470970000000001
-1.2732900000000003
-1.2470970000000001
-1.2732900000000003
-1.2470970000000001
-1.2732900000000003
-1.2470970000000001
-1.2732900000000003
-1.2470970000000001
-1.2732900000000003
-1.2470970000000001
-1.2732900000000003
-1.2470970000000001
-1.2732900000000003
-1.2470970000000001
-1.2732900000000003
-1.2470970000000001
-1.2732900000000003
-1.2470970000000001
-1.2732900000000003
-1.2470970000000001
-1.2732900000000003
-1.2470970000000001
-1.2732900000000003
-1.2470970000000001
-1.2732900000000003
-1.2470970000000001
-1.2732900000000003
-1.2470970000000001
-1.2732900000000003
-1.2470970000000001
-1.2732900000000003
-1.2470970000000001
-1.2732900000000003
-1.2470970000000001
-1.2732900000000003
-1.2470970000000001
-1.2732900000000003
-1.2470970000000001
-1.2732900000000003
-1.2470970000000001
-1.2732900000000003
-1.2470970000000001
-1.2732900000000003
-1.2470970000000001
-1.2732900000000003
-1.2470970000000001
-1.2732900000000003
-1.2470970000000001
-1.2732900000000003
-1.2470970000000001
-1.2732900000000003
-1.2470970000000001
-1.2732900000000003
-1.2470970000000001
-1.2732900000000003
-1.2470970000000001
-1.2732900000000003
-1.2470970000000001
-1.2732900000000003
-1.2470970000000001
-1.2732900000000003
-1.2470970000000001
-1.2732900000000003
-1.2470970000000001
-1.2732900000000003
-1.2470970000000001
-1.2732900000000003
-1.2470970000000001
-1.2732900000000003
-1.2470970000000001
-1.2732900000000003
-1.2470970000000001
-1.2732900000000003
-1.2470970000000001
-1.2732900000000003
-1.2470970000000001
-1.2732900000000003
-1.2470970000000001
-1.2732900000000003
-1.2470970000000001
-1.2732900000000003
-1.2470970000000001
-1.2732900000000003
-1.2470970000000001
-1.2732900000000003
-1.2470970000000001
-1.2732900000000003
-1.2470970000000001
-1.2732900000000003
-1.2470970000000001
-1.2732900000000003
-1.2470970000000001
-1.2732900000000003
-1.2470970000000001
-1.2732900000000003
-1.2470970000000001
-1.2732900000000003
-1.2470970000000001
-1.2732900000000003
-1.2470970000000001
-1.2732900000000003
-1.2470970000000001
-1.2732900000000003
-1.2470970000000001
-1.2732900000000003
-1.2470970000000001
-1.2732900000000003
-1.2470970000000001
-1.2732900000000003
-1.2470970000000001
