1.4406770000000009
1.441001
1.4404970000000006
1.4415750000000003
1.4406770000000009
1.441001
1.4404970000000006
1.4415750000000003
1.4406770000000009
1.441001
1.4404970000000006
1.4415750000000003
1.4406770000000009
1.441001
1.4404970000000006
1.4415750000000003
1.4406770000000009
1.441001
1.4404970000000006
1.4415750000000003
1.4406770000000009
1.441001
1.4404970000000006
1.4415750000000003
1.4406770000000009
1.441001
1.4404970000000006
1.4415750000000003
1.4406770000000009
1.441001
1.4404970000000006
1.4415750000000003
1.4406770000000009
1.441001
1.4404970000000006
1.4415750000000003
1.4406770000000009
1.441001
1.4404970000000006
1.4415750000000003
1.4406770000000009
1.441001
1.4404970000000006
1.4415750000000003
1.4406770000000009
1.441001
1.4404970000000006
1.4415750000000003
1.4406770000000009
1.441001
1.4404970000000006
1.4415750000000003
1.4406770000000009
1.441001
1.4404970000000006
1.4415750000000003
1.4406770000000009
1.441001
1.4404970000000006
1.4415750000000003
1.4406770000000009
1.441001
1.4404970000000006
1.4415750000000003
1.4406770000000009
1.441001
1.4404970000000006
1.4415750000000003
1.4406770000000009
1.441001
1.4404970000000006
1.4415750000000003
1.4406770000000009
1.441001
1.4404970000000006
1.4415750000000003
1.4406770000000009
1.441001
1.4404970000000006
1.4415750000000003
1.4406770000000009
1.441001
1.4404970000000006
1.4415750000000003
1.4406770000000009
1.441001
1.4404970000000006
1.4415750000000003
1.4406770000000009
1.441001
1.4404970000000006
1.4415750000000003
1.4406770000000009
1.441001
1.4404970000000006
1.4415750000000003
1.4406770000000009
1.441001
1.4404970000000006
1.4415750000000003
1.4406770000000009
1.441001
1.4404970000000006
1.4415750000000003
1.4406770000000009
1.441001
1.4404970000000006
1.4415750000000003
1.4406770000000009
1.441001
1.4404970000000006
1.4415750000000003
1.4406770000000009
1.441001
1.4404970000000006
1.4415750000000003
1.4406770000000009
1.441001
1.4404970000000006
1.4415750000000003
1.4406770000000009
1.441001
1.4404970000000006
1.4415750000000003
1.4406770000000009
1.441001
1.4404970000000006
1.4415750000000003
1.4406770000000009
1.441001
1.4404970000000006
1.4415750000000003
1.4406770000000009
1.441001
1.4404970000000006
1.4415750000000003
1.4406770000000009
1.441001
1.4404970000000006
1.4415750000000003
1.4406770000000009
1.441001
1.4404970000000006
1.4415750000000003
-1.4414239999999996
-1.4407189999999996
-1.4405080000000003
-1.4411009999999997
-1.4414239999999996
-1.4407189999999996
-1.4405080000000003
-1.4411009999999997
-1.4414239999999996
-1.4407189999999996
-1.4405080000000003
-1.4411009999999997
-1.4414239999999996
-1.4407189999999996
-1.4405080000000003
-1.4411009999999997
-1.4414239999999996
-1.4407189999999996
-1.4405080000000003
-1.4411009999999997
-1.4414239999999996
-1.4407189999999996
-1.4405080000000003
-1.4411009999999997
-1.4414239999999996
-1.4407189999999996
-1.4405080000000003
-1.4411009999999997
-1.4414239999999996
-1.4407189999999996
-1.4405080000000003
-1.4411009999999997
-1.4414239999999996
-1.4407189999999996
-1.4405080000000003
-1.4411009999999997
-1.4414239999999996
-1.4407189999999996
-1.4405080000000003
-1.4411009999999997
-1.4414239999999996
-1.4407189999999996
-1.4405080000000003
-1.4411009999999997
-1.4414239999999996
-1.4407189999999996
-1.4405080000000003
-1.4411009999999997
-1.4414239999999996
-1.4407189999999996
-1.4405080000000003
-1.4411009999999997
-1.4414239999999996
-1.4407189999999996
-1.4405080000000003
-1.4411009999999997
-1.4414239999999996
-1.4407189999999996
-1.4405080000000003
-1.4411009999999997
-1.4414239999999996
-1.4407189999999996
-1.4405080000000003
-1.4411009999999997
-1.4414239999999996
-1.4407189999999996
-1.4405080000000003
-1.4411009999999997
-1.4414239999999996
-1.4407189999999996
-1.4405080000000003
-1.4411009999999997
-1.4414239999999996
-1.4407189999999996
-1.4405080000000003
-1.4411009999999997
-1.4414239999999996
-1.4407189999999996
-1.4405080000000003
-1.4411009999999997
-1.4414239999999996
-1.4407189999999996
-1.4405080000000003
-1.4411009999999997
-1.4414239999999996
-1.4407189999999996
-1.4405080000000003
-1.4411009999999997
-1.4414239999999996
-1.4407189999999996
-1.4405080000000003
-1.4411009999999997
-1.4414239999999996
-1.4407189999999996
-1.4405080000000003
-1.4411009999999997
-1.4414239999999996
-1.4407189999999996
-1.4405080000000003
-1.4411009999999997
-1.4414239999999996
-1.4407189999999996
-1.4405080000000003
-1.4411009999999997
-1.4414239999999996
-1.4407189999999996
-1.4405080000000003
-1.4411009999999997
-1.4414239999999996
-1.4407189999999996
-1.4405080000000003
-1.4411009999999997
-1.4414239999999996
-1.4407189999999996
-1.4405080000000003
-1.4411009999999997
-1.4414239999999996
-1.4407189999999996
-1.4405080000000003
-1.4411009999999997
-1.4414239999999996
-1.4407189999999996
-1.4405080000000003
-1.4411009999999997
-1.4414239999999996
-1.4407189999999996
-1.4405080000000003
-1.4411009999999997
-1.4414239999999996
-1.4407189999999996
-1.4405080000000003
-1.4411009999999997
-1.4414239999999996
-1.4407189999999996
-1.4405080000000003
-1.4411009999999997
-1.4414239999999996
-1.4407189999999996
-1.4405080000000003
-1.4411009999999997
-1.4414239999999996
-1.4407189999999996
-1.4405080000000003
-1.4411009999999997
