1.3500859999999992
1.2970760000000006
1.3500859999999992
1.2970760000000006
1.3500859999999992
1.2970760000000006
1.3500859999999992
1.2970760000000006
1.3500859999999992
1.2970760000000006
1.3500859999999992
1.2970760000000006
1.3500859999999992
1.2970760000000006
1.3500859999999992
1.2970760000000006
1.3500859999999992
1.2970760000000006
1.3500859999999992
1.2970760000000006
1.3500859999999992
1.2970760000000006
1.3500859999999992
1.2970760000000006
1.3500859999999992
1.2970760000000006
1.3500859999999992
1.2970760000000006
1.3500859999999992
1.2970760000000006
1.3500859999999992
1.2970760000000006
1.3500859999999992
1.2970760000000006
1.3500859999999992
1.2970760000000006
1.3500859999999992
1.2970760000000006
1.3500859999999992
1.2970760000000006
1.3500859999999992
1.2970760000000006
1.3500859999999992
1.2970760000000006
1.3500859999999992
1.2970760000000006
1.3500859999999992
1.2970760000000006
1.3500859999999992
1.2970760000000006
1.3500859999999992
1.2970760000000006
1.3500859999999992
1.2970760000000006
1.3500859999999992
1.2970760000000006
1.3500859999999992
1.2970760000000006
1.3500859999999992
1.2970760000000006
1.3500859999999992
1.2970760000000006
1.3500859999999992
1.2970760000000006
1.3500859999999992
1.2970760000000006
1.3500859999999992
1.2970760000000006
1.3500859999999992
1.2970760000000006
1.3500859999999992
1.2970760000000006
1.3500859999999992
1.2970760000000006
1.3500859999999992
1.2970760000000006
1.3500859999999992
1.2970760000000006
1.3500859999999992
1.2970760000000006
1.3500859999999992
1.2970760000000006
1.3500859999999992
1.2970760000000006
1.3500859999999992
1.2970760000000006
1.3500859999999992
1.2970760000000006
1.3500859999999992
1.2970760000000006
1.3500859999999992
1.2970760000000006
1.3500859999999992
1.2970760000000006
1.3500859999999992
1.2970760000000006
1.3500859999999992
1.2970760000000006
1.3500859999999992
1.2970760000000006
1.3500859999999992
1.2970760000000006
1.3500859999999992
1.2970760000000006
1.3500859999999992
1.2970760000000006
1.3500859999999992
1.2970760000000006
1.3500859999999992
1.2970760000000006
1.3500859999999992
1.2970760000000006
1.3500859999999992
1.2970760000000006
1.3500859999999992
1.2970760000000006
1.3500859999999992
1.2970760000000006
1.3500859999999992
1.2970760000000006
-1.3449869999999997
-1.302174
-1.3449869999999997
-1.302174
-1.3449869999999997
-1.302174
-1.3449869999999997
-1.302174
-1.3449869999999997
-1.302174
-1.3449869999999997
-1.302174
-1.3449869999999997
-1.302174
-1.3449869999999997
-1.302174
-1.3449869999999997
-1.302174
-1.3449869999999997
-1.302174
-1.3449869999999997
-1.302174
-1.3449869999999997
-1.302174
-1.3449869999999997
-1.302174
-1.3449869999999997
-1.302174
-1.3449869999999997
-1.302174
-1.3449869999999997
-1.302174
-1.3449869999999997
-1.302174
-1.3449869999999997
-1.302174
-1.3449869999999997
-1.302174
-1.3449869999999997
-1.302174
-1.3449869999999997
-1.302174
-1.3449869999999997
-1.302174
-1.3449869999999997
-1.302174
-1.3449869999999997
-1.302174
-1.3449869999999997
-1.302174
-1.3449869999999997
-1.302174
-1.3449869999999997
-1.302174
-1.3449869999999997
-1.302174
-1.3449869999999997
-1.302174
-1.3449869999999997
-1.302174
-1.3449869999999997
-1.302174
-1.3449869999999997
-1.302174
-1.3449869999999997
-1.302174
-1.3449869999999997
-1.302174
-1.3449869999999997
-1.302174
-1.3449869999999997
-1.302174
-1.3449869999999997
-1.302174
-1.3449869999999997
-1.302174
-1.3449869999999997
-1.302174
-1.3449869999999997
-1.302174
-1.3449869999999997
-1.302174
-1.3449869999999997
-1.302174
-1.3449869999999997
-1.302174
-1.3449869999999997
-1.302174
-1.3449869999999997
-1.302174
-1.3449869999999997
-1.302174
-1.3449869999999997
-1.302174
-1.3449869999999997
-1.302174
-1.3449869999999997
-1.302174
-1.3449869999999997
-1.302174
-1.3449869999999997
-1.302174
-1.3449869999999997
-1.302174
-1.3449869999999997
-1.302174
-1.3449869999999997
-1.302174
-1.3449869999999997
-1.302174
-1.3449869999999997
-1.302174
-1.3449869999999997
-1.302174
-1.3449869999999997
-1.302174
-1.3449869999999997
-1.302174
-1.3449869999999997
-1.302174
