1.4369300000000003
1.4372640000000008
1.4348100000000006
1.435086
1.4369300000000003
1.4372640000000008
1.4348100000000006
1.435086
1.4369300000000003
1.4372640000000008
1.4348100000000006
1.435086
1.4369300000000003
1.4372640000000008
1.4348100000000006
1.435086
1.4369300000000003
1.4372640000000008
1.4348100000000006
1.435086
1.4369300000000003
1.4372640000000008
1.4348100000000006
1.435086
1.4369300000000003
1.4372640000000008
1.4348100000000006
1.435086
1.4369300000000003
1.4372640000000008
1.4348100000000006
1.435086
1.4369300000000003
1.4372640000000008
1.4348100000000006
1.435086
1.4369300000000003
1.4372640000000008
1.4348100000000006
1.435086
1.4369300000000003
1.4372640000000008
1.4348100000000006
1.435086
1.4369300000000003
1.4372640000000008
1.4348100000000006
1.435086
1.4369300000000003
1.4372640000000008
1.4348100000000006
1.435086
1.4369300000000003
1.4372640000000008
1.4348100000000006
1.435086
1.4369300000000003
1.4372640000000008
1.4348100000000006
1.435086
1.4369300000000003
1.4372640000000008
1.4348100000000006
1.435086
1.4369300000000003
1.4372640000000008
1.4348100000000006
1.435086
1.4369300000000003
1.4372640000000008
1.4348100000000006
1.435086
1.4369300000000003
1.4372640000000008
1.4348100000000006
1.435086
1.4369300000000003
1.4372640000000008
1.4348100000000006
1.435086
1.4369300000000003
1.4372640000000008
1.4348100000000006
1.435086
1.4369300000000003
1.4372640000000008
1.4348100000000006
1.435086
1.4369300000000003
1.4372640000000008
1.4348100000000006
1.435086
1.4369300000000003
1.4372640000000008
1.4348100000000006
1.435086
1.4369300000000003
1.4372640000000008
1.4348100000000006
1.435086
1.4369300000000003
1.4372640000000008
1.4348100000000006
1.435086
1.4369300000000003
1.4372640000000008
1.4348100000000006
1.435086
1.4369300000000003
1.4372640000000008
1.4348100000000006
1.435086
1.4369300000000003
1.4372640000000008
1.4348100000000006
1.435086
1.4369300000000003
1.4372640000000008
1.4348100000000006
1.435086
1.4369300000000003
1.4372640000000008
1.4348100000000006
1.435086
1.4369300000000003
1.4372640000000008
1.4348100000000006
1.435086
1.4369300000000003
1.4372640000000008
1.4348100000000006
1.435086
1.4369300000000003
1.4372640000000008
1.4348100000000006
1.435086
1.4369300000000003
1.4372640000000008
1.4348100000000006
1.435086
1.4369300000000003
1.4372640000000008
1.4348100000000006
1.435086
-1.43689
-1.4360749999999998
-1.4371869999999998
-1.4339399999999998
-1.43689
-1.4360749999999998
-1.4371869999999998
-1.4339399999999998
-1.43689
-1.4360749999999998
-1.4371869999999998
-1.4339399999999998
-1.43689
-1.4360749999999998
-1.4371869999999998
-1.4339399999999998
-1.43689
-1.4360749999999998
-1.4371869999999998
-1.4339399999999998
-1.43689
-1.4360749999999998
-1.4371869999999998
-1.4339399999999998
-1.43689
-1.4360749999999998
-1.4371869999999998
-1.4339399999999998
-1.43689
-1.4360749999999998
-1.4371869999999998
-1.4339399999999998
-1.43689
-1.4360749999999998
-1.4371869999999998
-1.4339399999999998
-1.43689
-1.4360749999999998
-1.4371869999999998
-1.4339399999999998
-1.43689
-1.4360749999999998
-1.4371869999999998
-1.4339399999999998
-1.43689
-1.4360749999999998
-1.4371869999999998
-1.4339399999999998
-1.43689
-1.4360749999999998
-1.4371869999999998
-1.4339399999999998
-1.43689
-1.4360749999999998
-1.4371869999999998
-1.4339399999999998
-1.43689
-1.4360749999999998
-1.4371869999999998
-1.4339399999999998
-1.43689
-1.4360749999999998
-1.4371869999999998
-1.4339399999999998
-1.43689
-1.4360749999999998
-1.4371869999999998
-1.4339399999999998
-1.43689
-1.4360749999999998
-1.4371869999999998
-1.4339399999999998
-1.43689
-1.4360749999999998
-1.4371869999999998
-1.4339399999999998
-1.43689
-1.4360749999999998
-1.4371869999999998
-1.4339399999999998
-1.43689
-1.4360749999999998
-1.4371869999999998
-1.4339399999999998
-1.43689
-1.4360749999999998
-1.4371869999999998
-1.4339399999999998
-1.43689
-1.4360749999999998
-1.4371869999999998
-1.4339399999999998
-1.43689
-1.4360749999999998
-1.4371869999999998
-1.4339399999999998
-1.43689
-1.4360749999999998
-1.4371869999999998
-1.4339399999999998
-1.43689
-1.4360749999999998
-1.4371869999999998
-1.4339399999999998
-1.43689
-1.4360749999999998
-1.4371869999999998
-1.4339399999999998
-1.43689
-1.4360749999999998
-1.4371869999999998
-1.4339399999999998
-1.43689
-1.4360749999999998
-1.4371869999999998
-1.4339399999999998
-1.43689
-1.4360749999999998
-1.4371869999999998
-1.4339399999999998
-1.43689
-1.4360749999999998
-1.4371869999999998
-1.4339399999999998
-1.43689
-1.4360749999999998
-1.4371869999999998
-1.4339399999999998
-1.43689
-1.4360749999999998
-1.4371869999999998
-1.4339399999999998
-1.43689
-1.4360749999999998
-1.4371869999999998
-1.4339399999999998
-1.43689
-1.4360749999999998
-1.4371869999999998
-1.4339399999999998
-1.43689
-1.4360749999999998
-1.4371869999999998
-1.4339399999999998
