1.4409139999999994
1.4408999999999992
1.4398160000000004
1.4378170000000008
1.4409139999999994
1.4408999999999992
1.4398160000000004
1.4378170000000008
1.4409139999999994
1.4408999999999992
1.4398160000000004
1.4378170000000008
1.4409139999999994
1.4408999999999992
1.4398160000000004
1.4378170000000008
1.4409139999999994
1.4408999999999992
1.4398160000000004
1.4378170000000008
1.4409139999999994
1.4408999999999992
1.4398160000000004
1.4378170000000008
1.4409139999999994
1.4408999999999992
1.4398160000000004
1.4378170000000008
1.4409139999999994
1.4408999999999992
1.4398160000000004
1.4378170000000008
1.4409139999999994
1.4408999999999992
1.4398160000000004
1.4378170000000008
1.4409139999999994
1.4408999999999992
1.4398160000000004
1.4378170000000008
1.4409139999999994
1.4408999999999992
1.4398160000000004
1.4378170000000008
1.4409139999999994
1.4408999999999992
1.4398160000000004
1.4378170000000008
1.4409139999999994
1.4408999999999992
1.4398160000000004
1.4378170000000008
1.4409139999999994
1.4408999999999992
1.4398160000000004
1.4378170000000008
1.4409139999999994
1.4408999999999992
1.4398160000000004
1.4378170000000008
1.4409139999999994
1.4408999999999992
1.4398160000000004
1.4378170000000008
1.4409139999999994
1.4408999999999992
1.4398160000000004
1.4378170000000008
1.4409139999999994
1.4408999999999992
1.4398160000000004
1.4378170000000008
1.4409139999999994
1.4408999999999992
1.4398160000000004
1.4378170000000008
1.4409139999999994
1.4408999999999992
1.4398160000000004
1.4378170000000008
1.4409139999999994
1.4408999999999992
1.4398160000000004
1.4378170000000008
1.4409139999999994
1.4408999999999992
1.4398160000000004
1.4378170000000008
1.4409139999999994
1.4408999999999992
1.4398160000000004
1.4378170000000008
1.4409139999999994
1.4408999999999992
1.4398160000000004
1.4378170000000008
1.4409139999999994
1.4408999999999992
1.4398160000000004
1.4378170000000008
1.4409139999999994
1.4408999999999992
1.4398160000000004
1.4378170000000008
1.4409139999999994
1.4408999999999992
1.4398160000000004
1.4378170000000008
1.4409139999999994
1.4408999999999992
1.4398160000000004
1.4378170000000008
1.4409139999999994
1.4408999999999992
1.4398160000000004
1.4378170000000008
1.4409139999999994
1.4408999999999992
1.4398160000000004
1.4378170000000008
1.4409139999999994
1.4408999999999992
1.4398160000000004
1.4378170000000008
1.4409139999999994
1.4408999999999992
1.4398160000000004
1.4378170000000008
1.4409139999999994
1.4408999999999992
1.4398160000000004
1.4378170000000008
1.4409139999999994
1.4408999999999992
1.4398160000000004
1.4378170000000008
1.4409139999999994
1.4408999999999992
1.4398160000000004
1.4378170000000008
1.4409139999999994
1.4408999999999992
1.4398160000000004
1.4378170000000008
-1.439952
-1.4396940000000003
-1.4402220000000003
-1.439578
-1.439952
-1.4396940000000003
-1.4402220000000003
-1.439578
-1.439952
-1.4396940000000003
-1.4402220000000003
-1.439578
-1.439952
-1.4396940000000003
-1.4402220000000003
-1.439578
-1.439952
-1.4396940000000003
-1.4402220000000003
-1.439578
-1.439952
-1.4396940000000003
-1.4402220000000003
-1.439578
-1.439952
-1.4396940000000003
-1.4402220000000003
-1.439578
-1.439952
-1.4396940000000003
-1.4402220000000003
-1.439578
-1.439952
-1.4396940000000003
-1.4402220000000003
-1.439578
-1.439952
-1.4396940000000003
-1.4402220000000003
-1.439578
-1.439952
-1.4396940000000003
-1.4402220000000003
-1.439578
-1.439952
-1.4396940000000003
-1.4402220000000003
-1.439578
-1.439952
-1.4396940000000003
-1.4402220000000003
-1.439578
-1.439952
-1.4396940000000003
-1.4402220000000003
-1.439578
-1.439952
-1.4396940000000003
-1.4402220000000003
-1.439578
-1.439952
-1.4396940000000003
-1.4402220000000003
-1.439578
-1.439952
-1.4396940000000003
-1.4402220000000003
-1.439578
-1.439952
-1.4396940000000003
-1.4402220000000003
-1.439578
-1.439952
-1.4396940000000003
-1.4402220000000003
-1.439578
-1.439952
-1.4396940000000003
-1.4402220000000003
-1.439578
-1.439952
-1.4396940000000003
-1.4402220000000003
-1.439578
-1.439952
-1.4396940000000003
-1.4402220000000003
-1.439578
-1.439952
-1.4396940000000003
-1.4402220000000003
-1.439578
-1.439952
-1.4396940000000003
-1.4402220000000003
-1.439578
-1.439952
-1.4396940000000003
-1.4402220000000003
-1.439578
-1.439952
-1.4396940000000003
-1.4402220000000003
-1.439578
-1.439952
-1.4396940000000003
-1.4402220000000003
-1.439578
-1.439952
-1.4396940000000003
-1.4402220000000003
-1.439578
-1.439952
-1.4396940000000003
-1.4402220000000003
-1.439578
-1.439952
-1.4396940000000003
-1.4402220000000003
-1.439578
-1.439952
-1.4396940000000003
-1.4402220000000003
-1.439578
-1.439952
-1.4396940000000003
-1.4402220000000003
-1.439578
-1.439952
-1.4396940000000003
-1.4402220000000003
-1.439578
-1.439952
-1.4396940000000003
-1.4402220000000003
-1.439578
-1.439952
-1.4396940000000003
-1.4402220000000003
-1.439578
-1.439952
-1.4396940000000003
-1.4402220000000003
-1.439578
