1.3186940000000007
1.3186940000000007
1.3186940000000007
1.3186940000000007
1.3186940000000007
1.3186940000000007
1.3186940000000007
1.3186940000000007
1.3186940000000007
1.3186940000000007
1.3186940000000007
1.3186940000000007
1.3186940000000007
1.3186940000000007
1.3186940000000007
1.3186940000000007
1.3186940000000007
1.3186940000000007
1.3186940000000007
1.3186940000000007
1.3186940000000007
1.3186940000000007
1.3186940000000007
1.3186940000000007
1.3186940000000007
1.3186940000000007
1.3186940000000007
1.3186940000000007
1.3186940000000007
1.3186940000000007
1.3186940000000007
1.3186940000000007
1.3186940000000007
1.3186940000000007
1.3186940000000007
1.3186940000000007
1.3186940000000007
1.3186940000000007
1.3186940000000007
1.3186940000000007
1.3186940000000007
1.3186940000000007
1.3186940000000007
1.3186940000000007
1.3186940000000007
1.3186940000000007
1.3186940000000007
1.3186940000000007
1.3186940000000007
1.3186940000000007
1.3186940000000007
1.3186940000000007
1.3186940000000007
1.3186940000000007
-1.318696
-1.318696
-1.318696
-1.318696
-1.318696
-1.318696
-1.318696
-1.318696
-1.318696
-1.318696
-1.318696
-1.318696
-1.318696
-1.318696
-1.318696
-1.318696
-1.318696
-1.318696
-1.318696
-1.318696
-1.318696
-1.318696
-1.318696
-1.318696
-1.318696
-1.318696
-1.318696
-1.318696
-1.318696
-1.318696
-1.318696
-1.318696
-1.318696
-1.318696
-1.318696
-1.318696
-1.318696
-1.318696
-1.318696
-1.318696
-1.318696
-1.318696
-1.318696
-1.318696
-1.318696
-1.318696
-1.318696
-1.318696
-1.318696
-1.318696
-1.318696
-1.318696
-1.318696
-1.318696
