1.258533
1.258533
1.258533
1.258533
1.258533
1.258533
1.258533
1.258533
1.258533
1.258533
1.258533
1.258533
1.258533
1.258533
1.258533
1.258533
1.258533
1.258533
1.258533
1.258533
1.258533
1.258533
1.258533
1.258533
1.258533
1.258533
1.258533
1.258533
1.258533
1.258533
1.258533
1.258533
1.258533
1.258533
1.258533
1.258533
1.258533
1.258533
1.258533
1.258533
1.258533
1.258533
1.258533
1.258533
1.258533
1.258533
1.258533
1.258533
1.258533
1.258533
1.258533
1.258533
1.258533
1.258533
-1.2585309999999996
-1.2585309999999996
-1.2585309999999996
-1.2585309999999996
-1.2585309999999996
-1.2585309999999996
-1.2585309999999996
-1.2585309999999996
-1.2585309999999996
-1.2585309999999996
-1.2585309999999996
-1.2585309999999996
-1.2585309999999996
-1.2585309999999996
-1.2585309999999996
-1.2585309999999996
-1.2585309999999996
-1.2585309999999996
-1.2585309999999996
-1.2585309999999996
-1.2585309999999996
-1.2585309999999996
-1.2585309999999996
-1.2585309999999996
-1.2585309999999996
-1.2585309999999996
-1.2585309999999996
-1.2585309999999996
-1.2585309999999996
-1.2585309999999996
-1.2585309999999996
-1.2585309999999996
-1.2585309999999996
-1.2585309999999996
-1.2585309999999996
-1.2585309999999996
-1.2585309999999996
-1.2585309999999996
-1.2585309999999996
-1.2585309999999996
-1.2585309999999996
-1.2585309999999996
-1.2585309999999996
-1.2585309999999996
-1.2585309999999996
-1.2585309999999996
-1.2585309999999996
-1.2585309999999996
-1.2585309999999996
-1.2585309999999996
-1.2585309999999996
-1.2585309999999996
-1.2585309999999996
-1.2585309999999996
