1.3945050000000005
1.3945050000000005
1.3945050000000005
1.3945050000000005
1.3945050000000005
1.3945050000000005
1.3945050000000005
1.3945050000000005
1.3945050000000005
1.3945050000000005
1.3945050000000005
1.3945050000000005
1.3945050000000005
1.3945050000000005
1.3945050000000005
1.3945050000000005
1.3945050000000005
1.3945050000000005
1.3945050000000005
1.3945050000000005
1.3945050000000005
1.3945050000000005
1.3945050000000005
1.3945050000000005
1.3945050000000005
1.3945050000000005
1.3945050000000005
1.3945050000000005
1.3945050000000005
1.3945050000000005
1.3945050000000005
1.3945050000000005
1.3945050000000005
1.3945050000000005
1.3945050000000005
1.3945050000000005
1.3945050000000005
1.3945050000000005
1.3945050000000005
1.3945050000000005
1.3945050000000005
1.3945050000000005
1.3945050000000005
1.3945050000000005
1.3945050000000005
1.3945050000000005
1.3945050000000005
1.3945050000000005
1.3945050000000005
1.3945050000000005
1.3945050000000005
1.3945050000000005
1.3945050000000005
1.3945050000000005
-1.3945040000000004
-1.3945040000000004
-1.3945040000000004
-1.3945040000000004
-1.3945040000000004
-1.3945040000000004
-1.3945040000000004
-1.3945040000000004
-1.3945040000000004
-1.3945040000000004
-1.3945040000000004
-1.3945040000000004
-1.3945040000000004
-1.3945040000000004
-1.3945040000000004
-1.3945040000000004
-1.3945040000000004
-1.3945040000000004
-1.3945040000000004
-1.3945040000000004
-1.3945040000000004
-1.3945040000000004
-1.3945040000000004
-1.3945040000000004
-1.3945040000000004
-1.3945040000000004
-1.3945040000000004
-1.3945040000000004
-1.3945040000000004
-1.3945040000000004
-1.3945040000000004
-1.3945040000000004
-1.3945040000000004
-1.3945040000000004
-1.3945040000000004
-1.3945040000000004
-1.3945040000000004
-1.3945040000000004
-1.3945040000000004
-1.3945040000000004
-1.3945040000000004
-1.3945040000000004
-1.3945040000000004
-1.3945040000000004
-1.3945040000000004
-1.3945040000000004
-1.3945040000000004
-1.3945040000000004
-1.3945040000000004
-1.3945040000000004
-1.3945040000000004
-1.3945040000000004
-1.3945040000000004
-1.3945040000000004
