1.247966
1.247966
1.247966
1.247966
1.247966
1.247966
1.247966
1.247966
1.247966
1.247966
1.247966
1.247966
1.247966
1.247966
1.247966
1.247966
1.247966
1.247966
1.247966
1.247966
1.247966
1.247966
1.247966
1.247966
1.247966
1.247966
1.247966
-1.247966
-1.247966
-1.247966
-1.247966
-1.247966
-1.247966
-1.247966
-1.247966
-1.247966
-1.247966
-1.247966
-1.247966
-1.247966
-1.247966
-1.247966
-1.247966
-1.247966
-1.247966
-1.247966
-1.247966
-1.247966
-1.247966
-1.247966
-1.247966
-1.247966
-1.247966
-1.247966
