1.4200719999999993
1.4200719999999993
1.4200719999999993
1.4200719999999993
1.4200719999999993
1.4200719999999993
1.4200719999999993
1.4200719999999993
1.4200719999999993
1.4200719999999993
1.4200719999999993
1.4200719999999993
1.4200719999999993
1.4200719999999993
1.4200719999999993
1.4200719999999993
1.4200719999999993
1.4200719999999993
1.4200719999999993
1.4200719999999993
1.4200719999999993
1.4200719999999993
1.4200719999999993
1.4200719999999993
1.4200719999999993
1.4200719999999993
1.4200719999999993
1.4200719999999993
1.4200719999999993
1.4200719999999993
1.4200719999999993
1.4200719999999993
1.4200719999999993
1.4200719999999993
1.4200719999999993
1.4200719999999993
1.4200719999999993
1.4200719999999993
1.4200719999999993
1.4200719999999993
1.4200719999999993
1.4200719999999993
1.4200719999999993
1.4200719999999993
1.4200719999999993
1.4200719999999993
1.4200719999999993
1.4200719999999993
1.4200719999999993
1.4200719999999993
1.4200719999999993
1.4200719999999993
1.4200719999999993
1.4200719999999993
1.4200719999999993
1.4200719999999993
1.4200719999999993
1.4200719999999993
1.4200719999999993
1.4200719999999993
1.4200719999999993
1.4200719999999993
1.4200719999999993
1.4200719999999993
-1.420071
-1.420071
-1.420071
-1.420071
-1.420071
-1.420071
-1.420071
-1.420071
-1.420071
-1.420071
-1.420071
-1.420071
-1.420071
-1.420071
-1.420071
-1.420071
-1.420071
-1.420071
-1.420071
-1.420071
-1.420071
-1.420071
-1.420071
-1.420071
-1.420071
-1.420071
-1.420071
-1.420071
-1.420071
-1.420071
-1.420071
-1.420071
-1.420071
-1.420071
-1.420071
-1.420071
-1.420071
-1.420071
-1.420071
-1.420071
-1.420071
-1.420071
-1.420071
-1.420071
-1.420071
-1.420071
-1.420071
-1.420071
-1.420071
-1.420071
-1.420071
-1.420071
-1.420071
-1.420071
-1.420071
-1.420071
-1.420071
-1.420071
-1.420071
-1.420071
-1.420071
-1.420071
-1.420071
-1.420071
