1.3603100000000001
1.3425770000000004
1.3603100000000001
1.3425770000000004
1.3603100000000001
1.3425770000000004
1.3603100000000001
1.3425770000000004
1.3603100000000001
1.3425770000000004
1.3603100000000001
1.3425770000000004
1.3603100000000001
1.3425770000000004
1.3603100000000001
1.3425770000000004
1.3603100000000001
1.3425770000000004
1.3603100000000001
1.3425770000000004
1.3603100000000001
1.3425770000000004
1.3603100000000001
1.3425770000000004
1.3603100000000001
1.3425770000000004
1.3603100000000001
1.3425770000000004
1.3603100000000001
1.3425770000000004
1.3603100000000001
1.3425770000000004
1.3603100000000001
1.3425770000000004
1.3603100000000001
1.3425770000000004
1.3603100000000001
1.3425770000000004
1.3603100000000001
1.3425770000000004
1.3603100000000001
1.3425770000000004
1.3603100000000001
1.3425770000000004
1.3603100000000001
1.3425770000000004
1.3603100000000001
1.3425770000000004
1.3603100000000001
1.3425770000000004
1.3603100000000001
1.3425770000000004
1.3603100000000001
1.3425770000000004
1.3603100000000001
1.3425770000000004
1.3603100000000001
1.3425770000000004
1.3603100000000001
1.3425770000000004
1.3603100000000001
1.3425770000000004
1.3603100000000001
1.3425770000000004
1.3603100000000001
1.3425770000000004
1.3603100000000001
1.3425770000000004
1.3603100000000001
1.3425770000000004
1.3603100000000001
1.3425770000000004
1.3603100000000001
1.3425770000000004
1.3603100000000001
1.3425770000000004
1.3603100000000001
1.3425770000000004
1.3603100000000001
1.3425770000000004
1.3603100000000001
1.3425770000000004
1.3603100000000001
1.3425770000000004
1.3603100000000001
1.3425770000000004
1.3603100000000001
1.3425770000000004
1.3603100000000001
1.3425770000000004
1.3603100000000001
1.3425770000000004
1.3603100000000001
1.3425770000000004
1.3603100000000001
1.3425770000000004
-1.349233
-1.353656
-1.349233
-1.353656
-1.349233
-1.353656
-1.349233
-1.353656
-1.349233
-1.353656
-1.349233
-1.353656
-1.349233
-1.353656
-1.349233
-1.353656
-1.349233
-1.353656
-1.349233
-1.353656
-1.349233
-1.353656
-1.349233
-1.353656
-1.349233
-1.353656
-1.349233
-1.353656
-1.349233
-1.353656
-1.349233
-1.353656
-1.349233
-1.353656
-1.349233
-1.353656
-1.349233
-1.353656
-1.349233
-1.353656
-1.349233
-1.353656
-1.349233
-1.353656
-1.349233
-1.353656
-1.349233
-1.353656
-1.349233
-1.353656
-1.349233
-1.353656
-1.349233
-1.353656
-1.349233
-1.353656
-1.349233
-1.353656
-1.349233
-1.353656
-1.349233
-1.353656
-1.349233
-1.353656
-1.349233
-1.353656
-1.349233
-1.353656
-1.349233
-1.353656
-1.349233
-1.353656
-1.349233
-1.353656
-1.349233
-1.353656
-1.349233
-1.353656
-1.349233
-1.353656
-1.349233
-1.353656
-1.349233
-1.353656
-1.349233
-1.353656
-1.349233
-1.353656
-1.349233
-1.353656
-1.349233
-1.353656
-1.349233
-1.353656
-1.349233
-1.353656
