0.9885959999999994
0.9885959999999994
0.9885959999999994
0.9885959999999994
0.9885959999999994
0.9885959999999994
0.9885959999999994
0.9885959999999994
0.9885959999999994
0.9885959999999994
0.9885959999999994
0.9885959999999994
0.9885959999999994
0.9885959999999994
0.9885959999999994
0.9885959999999994
0.9885959999999994
0.9885959999999994
0.9885959999999994
0.9885959999999994
0.9885959999999994
0.9885959999999994
0.9885959999999994
0.9885959999999994
0.9885959999999994
0.9885959999999994
0.9885959999999994
0.9885959999999994
0.9885959999999994
0.9885959999999994
0.9885959999999994
0.9885959999999994
0.9885959999999994
0.9885959999999994
0.9885959999999994
0.9885959999999994
0.9885959999999994
0.9885959999999994
0.9885959999999994
0.9885959999999994
0.9885959999999994
0.9885959999999994
0.9885959999999994
0.9885959999999994
0.9885959999999994
0.9885959999999994
0.9885959999999994
0.9885959999999994
0.9885959999999994
0.9885959999999994
0.9885959999999994
0.9885959999999994
0.9885959999999994
0.9885959999999994
0.9885959999999994
0.9885959999999994
0.9885959999999994
0.9885959999999994
0.9885959999999994
0.9885959999999994
0.9885959999999994
0.9885959999999994
0.9885959999999994
0.9885959999999994
-0.9885950000000001
-0.9885950000000001
-0.9885950000000001
-0.9885950000000001
-0.9885950000000001
-0.9885950000000001
-0.9885950000000001
-0.9885950000000001
-0.9885950000000001
-0.9885950000000001
-0.9885950000000001
-0.9885950000000001
-0.9885950000000001
-0.9885950000000001
-0.9885950000000001
-0.9885950000000001
-0.9885950000000001
-0.9885950000000001
-0.9885950000000001
-0.9885950000000001
-0.9885950000000001
-0.9885950000000001
-0.9885950000000001
-0.9885950000000001
-0.9885950000000001
-0.9885950000000001
-0.9885950000000001
-0.9885950000000001
-0.9885950000000001
-0.9885950000000001
-0.9885950000000001
-0.9885950000000001
-0.9885950000000001
-0.9885950000000001
-0.9885950000000001
-0.9885950000000001
-0.9885950000000001
-0.9885950000000001
-0.9885950000000001
-0.9885950000000001
-0.9885950000000001
-0.9885950000000001
-0.9885950000000001
-0.9885950000000001
-0.9885950000000001
-0.9885950000000001
-0.9885950000000001
-0.9885950000000001
-0.9885950000000001
-0.9885950000000001
-0.9885950000000001
-0.9885950000000001
-0.9885950000000001
-0.9885950000000001
-0.9885950000000001
-0.9885950000000001
-0.9885950000000001
-0.9885950000000001
-0.9885950000000001
-0.9885950000000001
-0.9885950000000001
-0.9885950000000001
-0.9885950000000001
-0.9885950000000001
