1.2391660000000009
1.2428930000000005
1.2391660000000009
1.2428930000000005
1.2391660000000009
1.2428930000000005
1.2391660000000009
1.2428930000000005
1.2391660000000009
1.2428930000000005
1.2391660000000009
1.2428930000000005
1.2391660000000009
1.2428930000000005
1.2391660000000009
1.2428930000000005
1.2391660000000009
1.2428930000000005
1.2391660000000009
1.2428930000000005
1.2391660000000009
1.2428930000000005
1.2391660000000009
1.2428930000000005
1.2391660000000009
1.2428930000000005
1.2391660000000009
1.2428930000000005
1.2391660000000009
1.2428930000000005
1.2391660000000009
1.2428930000000005
1.2391660000000009
1.2428930000000005
1.2391660000000009
1.2428930000000005
1.2391660000000009
1.2428930000000005
1.2391660000000009
1.2428930000000005
1.2391660000000009
1.2428930000000005
1.2391660000000009
1.2428930000000005
1.2391660000000009
1.2428930000000005
1.2391660000000009
1.2428930000000005
1.2391660000000009
1.2428930000000005
1.2391660000000009
1.2428930000000005
1.2391660000000009
1.2428930000000005
1.2391660000000009
1.2428930000000005
1.2391660000000009
1.2428930000000005
1.2391660000000009
1.2428930000000005
1.2391660000000009
1.2428930000000005
1.2391660000000009
1.2428930000000005
1.2391660000000009
1.2428930000000005
1.2391660000000009
1.2428930000000005
1.2391660000000009
1.2428930000000005
1.2391660000000009
1.2428930000000005
1.2391660000000009
1.2428930000000005
1.2391660000000009
1.2428930000000005
1.2391660000000009
1.2428930000000005
1.2391660000000009
1.2428930000000005
1.2391660000000009
1.2428930000000005
1.2391660000000009
1.2428930000000005
1.2391660000000009
1.2428930000000005
1.2391660000000009
1.2428930000000005
1.2391660000000009
1.2428930000000005
1.2391660000000009
1.2428930000000005
1.2391660000000009
1.2428930000000005
1.2391660000000009
1.2428930000000005
1.2391660000000009
1.2428930000000005
1.2391660000000009
1.2428930000000005
1.2391660000000009
1.2428930000000005
1.2391660000000009
1.2428930000000005
1.2391660000000009
1.2428930000000005
1.2391660000000009
1.2428930000000005
-1.2437079999999998
-1.238352
-1.2437079999999998
-1.238352
-1.2437079999999998
-1.238352
-1.2437079999999998
-1.238352
-1.2437079999999998
-1.238352
-1.2437079999999998
-1.238352
-1.2437079999999998
-1.238352
-1.2437079999999998
-1.238352
-1.2437079999999998
-1.238352
-1.2437079999999998
-1.238352
-1.2437079999999998
-1.238352
-1.2437079999999998
-1.238352
-1.2437079999999998
-1.238352
-1.2437079999999998
-1.238352
-1.2437079999999998
-1.238352
-1.2437079999999998
-1.238352
-1.2437079999999998
-1.238352
-1.2437079999999998
-1.238352
-1.2437079999999998
-1.238352
-1.2437079999999998
-1.238352
-1.2437079999999998
-1.238352
-1.2437079999999998
-1.238352
-1.2437079999999998
-1.238352
-1.2437079999999998
-1.238352
-1.2437079999999998
-1.238352
-1.2437079999999998
-1.238352
-1.2437079999999998
-1.238352
-1.2437079999999998
-1.238352
-1.2437079999999998
-1.238352
-1.2437079999999998
-1.238352
-1.2437079999999998
-1.238352
-1.2437079999999998
-1.238352
-1.2437079999999998
-1.238352
-1.2437079999999998
-1.238352
-1.2437079999999998
-1.238352
-1.2437079999999998
-1.238352
-1.2437079999999998
-1.238352
-1.2437079999999998
-1.238352
-1.2437079999999998
-1.238352
-1.2437079999999998
-1.238352
-1.2437079999999998
-1.238352
-1.2437079999999998
-1.238352
-1.2437079999999998
-1.238352
-1.2437079999999998
-1.238352
-1.2437079999999998
-1.238352
-1.2437079999999998
-1.238352
-1.2437079999999998
-1.238352
-1.2437079999999998
-1.238352
-1.2437079999999998
-1.238352
-1.2437079999999998
-1.238352
-1.2437079999999998
-1.238352
-1.2437079999999998
-1.238352
-1.2437079999999998
-1.238352
-1.2437079999999998
-1.238352
