1.439152
1.4350660000000008
1.4383239999999997
1.4399409999999992
1.439152
1.4350660000000008
1.4383239999999997
1.4399409999999992
1.439152
1.4350660000000008
1.4383239999999997
1.4399409999999992
1.439152
1.4350660000000008
1.4383239999999997
1.4399409999999992
1.439152
1.4350660000000008
1.4383239999999997
1.4399409999999992
1.439152
1.4350660000000008
1.4383239999999997
1.4399409999999992
1.439152
1.4350660000000008
1.4383239999999997
1.4399409999999992
1.439152
1.4350660000000008
1.4383239999999997
1.4399409999999992
1.439152
1.4350660000000008
1.4383239999999997
1.4399409999999992
1.439152
1.4350660000000008
1.4383239999999997
1.4399409999999992
1.439152
1.4350660000000008
1.4383239999999997
1.4399409999999992
1.439152
1.4350660000000008
1.4383239999999997
1.4399409999999992
1.439152
1.4350660000000008
1.4383239999999997
1.4399409999999992
1.439152
1.4350660000000008
1.4383239999999997
1.4399409999999992
1.439152
1.4350660000000008
1.4383239999999997
1.4399409999999992
1.439152
1.4350660000000008
1.4383239999999997
1.4399409999999992
1.439152
1.4350660000000008
1.4383239999999997
1.4399409999999992
1.439152
1.4350660000000008
1.4383239999999997
1.4399409999999992
1.439152
1.4350660000000008
1.4383239999999997
1.4399409999999992
1.439152
1.4350660000000008
1.4383239999999997
1.4399409999999992
1.439152
1.4350660000000008
1.4383239999999997
1.4399409999999992
1.439152
1.4350660000000008
1.4383239999999997
1.4399409999999992
1.439152
1.4350660000000008
1.4383239999999997
1.4399409999999992
1.439152
1.4350660000000008
1.4383239999999997
1.4399409999999992
1.439152
1.4350660000000008
1.4383239999999997
1.4399409999999992
1.439152
1.4350660000000008
1.4383239999999997
1.4399409999999992
1.439152
1.4350660000000008
1.4383239999999997
1.4399409999999992
1.439152
1.4350660000000008
1.4383239999999997
1.4399409999999992
1.439152
1.4350660000000008
1.4383239999999997
1.4399409999999992
1.439152
1.4350660000000008
1.4383239999999997
1.4399409999999992
1.439152
1.4350660000000008
1.4383239999999997
1.4399409999999992
1.439152
1.4350660000000008
1.4383239999999997
1.4399409999999992
1.439152
1.4350660000000008
1.4383239999999997
1.4399409999999992
1.439152
1.4350660000000008
1.4383239999999997
1.4399409999999992
1.439152
1.4350660000000008
1.4383239999999997
1.4399409999999992
1.439152
1.4350660000000008
1.4383239999999997
1.4399409999999992
-1.4382640000000002
-1.4374070000000003
-1.438154
-1.4386530000000004
-1.4382640000000002
-1.4374070000000003
-1.438154
-1.4386530000000004
-1.4382640000000002
-1.4374070000000003
-1.438154
-1.4386530000000004
-1.4382640000000002
-1.4374070000000003
-1.438154
-1.4386530000000004
-1.4382640000000002
-1.4374070000000003
-1.438154
-1.4386530000000004
-1.4382640000000002
-1.4374070000000003
-1.438154
-1.4386530000000004
-1.4382640000000002
-1.4374070000000003
-1.438154
-1.4386530000000004
-1.4382640000000002
-1.4374070000000003
-1.438154
-1.4386530000000004
-1.4382640000000002
-1.4374070000000003
-1.438154
-1.4386530000000004
-1.4382640000000002
-1.4374070000000003
-1.438154
-1.4386530000000004
-1.4382640000000002
-1.4374070000000003
-1.438154
-1.4386530000000004
-1.4382640000000002
-1.4374070000000003
-1.438154
-1.4386530000000004
-1.4382640000000002
-1.4374070000000003
-1.438154
-1.4386530000000004
-1.4382640000000002
-1.4374070000000003
-1.438154
-1.4386530000000004
-1.4382640000000002
-1.4374070000000003
-1.438154
-1.4386530000000004
-1.4382640000000002
-1.4374070000000003
-1.438154
-1.4386530000000004
-1.4382640000000002
-1.4374070000000003
-1.438154
-1.4386530000000004
-1.4382640000000002
-1.4374070000000003
-1.438154
-1.4386530000000004
-1.4382640000000002
-1.4374070000000003
-1.438154
-1.4386530000000004
-1.4382640000000002
-1.4374070000000003
-1.438154
-1.4386530000000004
-1.4382640000000002
-1.4374070000000003
-1.438154
-1.4386530000000004
-1.4382640000000002
-1.4374070000000003
-1.438154
-1.4386530000000004
-1.4382640000000002
-1.4374070000000003
-1.438154
-1.4386530000000004
-1.4382640000000002
-1.4374070000000003
-1.438154
-1.4386530000000004
-1.4382640000000002
-1.4374070000000003
-1.438154
-1.4386530000000004
-1.4382640000000002
-1.4374070000000003
-1.438154
-1.4386530000000004
-1.4382640000000002
-1.4374070000000003
-1.438154
-1.4386530000000004
-1.4382640000000002
-1.4374070000000003
-1.438154
-1.4386530000000004
-1.4382640000000002
-1.4374070000000003
-1.438154
-1.4386530000000004
-1.4382640000000002
-1.4374070000000003
-1.438154
-1.4386530000000004
-1.4382640000000002
-1.4374070000000003
-1.438154
-1.4386530000000004
-1.4382640000000002
-1.4374070000000003
-1.438154
-1.4386530000000004
-1.4382640000000002
-1.4374070000000003
-1.438154
-1.4386530000000004
-1.4382640000000002
-1.4374070000000003
-1.438154
-1.4386530000000004
-1.4382640000000002
-1.4374070000000003
-1.438154
-1.4386530000000004
-1.4382640000000002
-1.4374070000000003
-1.438154
-1.4386530000000004
