1.4152660000000008
1.4196559999999998
1.4178060000000006
1.4225340000000006
1.4152660000000008
1.4196559999999998
1.4178060000000006
1.4225340000000006
1.4152660000000008
1.4196559999999998
1.4178060000000006
1.4225340000000006
1.4152660000000008
1.4196559999999998
1.4178060000000006
1.4225340000000006
1.4152660000000008
1.4196559999999998
1.4178060000000006
1.4225340000000006
1.4152660000000008
1.4196559999999998
1.4178060000000006
1.4225340000000006
1.4152660000000008
1.4196559999999998
1.4178060000000006
1.4225340000000006
1.4152660000000008
1.4196559999999998
1.4178060000000006
1.4225340000000006
1.4152660000000008
1.4196559999999998
1.4178060000000006
1.4225340000000006
1.4152660000000008
1.4196559999999998
1.4178060000000006
1.4225340000000006
1.4152660000000008
1.4196559999999998
1.4178060000000006
1.4225340000000006
1.4152660000000008
1.4196559999999998
1.4178060000000006
1.4225340000000006
1.4152660000000008
1.4196559999999998
1.4178060000000006
1.4225340000000006
1.4152660000000008
1.4196559999999998
1.4178060000000006
1.4225340000000006
1.4152660000000008
1.4196559999999998
1.4178060000000006
1.4225340000000006
1.4152660000000008
1.4196559999999998
1.4178060000000006
1.4225340000000006
1.4152660000000008
1.4196559999999998
1.4178060000000006
1.4225340000000006
1.4152660000000008
1.4196559999999998
1.4178060000000006
1.4225340000000006
1.4152660000000008
1.4196559999999998
1.4178060000000006
1.4225340000000006
1.4152660000000008
1.4196559999999998
1.4178060000000006
1.4225340000000006
1.4152660000000008
1.4196559999999998
1.4178060000000006
1.4225340000000006
1.4152660000000008
1.4196559999999998
1.4178060000000006
1.4225340000000006
1.4152660000000008
1.4196559999999998
1.4178060000000006
1.4225340000000006
1.4152660000000008
1.4196559999999998
1.4178060000000006
1.4225340000000006
1.4152660000000008
1.4196559999999998
1.4178060000000006
1.4225340000000006
1.4152660000000008
1.4196559999999998
1.4178060000000006
1.4225340000000006
1.4152660000000008
1.4196559999999998
1.4178060000000006
1.4225340000000006
1.4152660000000008
1.4196559999999998
1.4178060000000006
1.4225340000000006
1.4152660000000008
1.4196559999999998
1.4178060000000006
1.4225340000000006
1.4152660000000008
1.4196559999999998
1.4178060000000006
1.4225340000000006
1.4152660000000008
1.4196559999999998
1.4178060000000006
1.4225340000000006
1.4152660000000008
1.4196559999999998
1.4178060000000006
1.4225340000000006
1.4152660000000008
1.4196559999999998
1.4178060000000006
1.4225340000000006
1.4152660000000008
1.4196559999999998
1.4178060000000006
1.4225340000000006
1.4152660000000008
1.4196559999999998
1.4178060000000006
1.4225340000000006
1.4152660000000008
1.4196559999999998
1.4178060000000006
1.4225340000000006
1.4152660000000008
1.4196559999999998
1.4178060000000006
1.4225340000000006
1.4152660000000008
1.4196559999999998
1.4178060000000006
1.4225340000000006
1.4152660000000008
1.4196559999999998
1.4178060000000006
1.4225340000000006
1.4152660000000008
1.4196559999999998
1.4178060000000006
1.4225340000000006
1.4152660000000008
1.4196559999999998
1.4178060000000006
1.4225340000000006
1.4152660000000008
1.4196559999999998
1.4178060000000006
1.4225340000000006
1.4152660000000008
1.4196559999999998
1.4178060000000006
1.4225340000000006
1.4152660000000008
1.4196559999999998
1.4178060000000006
1.4225340000000006
1.4152660000000008
1.4196559999999998
1.4178060000000006
1.4225340000000006
1.4152660000000008
1.4196559999999998
1.4178060000000006
1.4225340000000006
1.4152660000000008
1.4196559999999998
1.4178060000000006
1.4225340000000006
1.4152660000000008
1.4196559999999998
1.4178060000000006
1.4225340000000006
-1.4198120000000003
-1.4177819999999999
-1.4176780000000004
-1.419994
-1.4198120000000003
-1.4177819999999999
-1.4176780000000004
-1.419994
-1.4198120000000003
-1.4177819999999999
-1.4176780000000004
-1.419994
-1.4198120000000003
-1.4177819999999999
-1.4176780000000004
-1.419994
-1.4198120000000003
-1.4177819999999999
-1.4176780000000004
-1.419994
-1.4198120000000003
-1.4177819999999999
-1.4176780000000004
-1.419994
-1.4198120000000003
-1.4177819999999999
-1.4176780000000004
-1.419994
-1.4198120000000003
-1.4177819999999999
-1.4176780000000004
-1.419994
-1.4198120000000003
-1.4177819999999999
-1.4176780000000004
-1.419994
-1.4198120000000003
-1.4177819999999999
-1.4176780000000004
-1.419994
-1.4198120000000003
-1.4177819999999999
-1.4176780000000004
-1.419994
-1.4198120000000003
-1.4177819999999999
-1.4176780000000004
-1.419994
-1.4198120000000003
-1.4177819999999999
-1.4176780000000004
-1.419994
-1.4198120000000003
-1.4177819999999999
-1.4176780000000004
-1.419994
-1.4198120000000003
-1.4177819999999999
-1.4176780000000004
-1.419994
-1.4198120000000003
-1.4177819999999999
-1.4176780000000004
-1.419994
-1.4198120000000003
-1.4177819999999999
-1.4176780000000004
-1.419994
-1.4198120000000003
-1.4177819999999999
-1.4176780000000004
-1.419994
-1.4198120000000003
-1.4177819999999999
-1.4176780000000004
-1.419994
-1.4198120000000003
-1.4177819999999999
-1.4176780000000004
-1.419994
-1.4198120000000003
-1.4177819999999999
-1.4176780000000004
-1.419994
-1.4198120000000003
-1.4177819999999999
-1.4176780000000004
-1.419994
-1.4198120000000003
-1.4177819999999999
-1.4176780000000004
-1.419994
-1.4198120000000003
-1.4177819999999999
-1.4176780000000004
-1.419994
-1.4198120000000003
-1.4177819999999999
-1.4176780000000004
-1.419994
-1.4198120000000003
-1.4177819999999999
-1.4176780000000004
-1.419994
-1.4198120000000003
-1.4177819999999999
-1.4176780000000004
-1.419994
-1.4198120000000003
-1.4177819999999999
-1.4176780000000004
-1.419994
-1.4198120000000003
-1.4177819999999999
-1.4176780000000004
-1.419994
-1.4198120000000003
-1.4177819999999999
-1.4176780000000004
-1.419994
-1.4198120000000003
-1.4177819999999999
-1.4176780000000004
-1.419994
-1.4198120000000003
-1.4177819999999999
-1.4176780000000004
-1.419994
-1.4198120000000003
-1.4177819999999999
-1.4176780000000004
-1.419994
-1.4198120000000003
-1.4177819999999999
-1.4176780000000004
-1.419994
-1.4198120000000003
-1.4177819999999999
-1.4176780000000004
-1.419994
-1.4198120000000003
-1.4177819999999999
-1.4176780000000004
-1.419994
-1.4198120000000003
-1.4177819999999999
-1.4176780000000004
-1.419994
-1.4198120000000003
-1.4177819999999999
-1.4176780000000004
-1.419994
-1.4198120000000003
-1.4177819999999999
-1.4176780000000004
-1.419994
-1.4198120000000003
-1.4177819999999999
-1.4176780000000004
-1.419994
-1.4198120000000003
-1.4177819999999999
-1.4176780000000004
-1.419994
-1.4198120000000003
-1.4177819999999999
-1.4176780000000004
-1.419994
-1.4198120000000003
-1.4177819999999999
-1.4176780000000004
-1.419994
-1.4198120000000003
-1.4177819999999999
-1.4176780000000004
-1.419994
-1.4198120000000003
-1.4177819999999999
-1.4176780000000004
-1.419994
-1.4198120000000003
-1.4177819999999999
-1.4176780000000004
-1.419994
-1.4198120000000003
-1.4177819999999999
-1.4176780000000004
-1.419994
-1.4198120000000003
-1.4177819999999999
-1.4176780000000004
-1.419994
