1.4361449999999998
1.4361580000000007
1.4381380000000004
1.4352079999999994
1.4361449999999998
1.4361580000000007
1.4381380000000004
1.4352079999999994
1.4361449999999998
1.4361580000000007
1.4381380000000004
1.4352079999999994
1.4361449999999998
1.4361580000000007
1.4381380000000004
1.4352079999999994
1.4361449999999998
1.4361580000000007
1.4381380000000004
1.4352079999999994
1.4361449999999998
1.4361580000000007
1.4381380000000004
1.4352079999999994
1.4361449999999998
1.4361580000000007
1.4381380000000004
1.4352079999999994
1.4361449999999998
1.4361580000000007
1.4381380000000004
1.4352079999999994
1.4361449999999998
1.4361580000000007
1.4381380000000004
1.4352079999999994
1.4361449999999998
1.4361580000000007
1.4381380000000004
1.4352079999999994
1.4361449999999998
1.4361580000000007
1.4381380000000004
1.4352079999999994
1.4361449999999998
1.4361580000000007
1.4381380000000004
1.4352079999999994
1.4361449999999998
1.4361580000000007
1.4381380000000004
1.4352079999999994
1.4361449999999998
1.4361580000000007
1.4381380000000004
1.4352079999999994
1.4361449999999998
1.4361580000000007
1.4381380000000004
1.4352079999999994
1.4361449999999998
1.4361580000000007
1.4381380000000004
1.4352079999999994
1.4361449999999998
1.4361580000000007
1.4381380000000004
1.4352079999999994
1.4361449999999998
1.4361580000000007
1.4381380000000004
1.4352079999999994
1.4361449999999998
1.4361580000000007
1.4381380000000004
1.4352079999999994
1.4361449999999998
1.4361580000000007
1.4381380000000004
1.4352079999999994
1.4361449999999998
1.4361580000000007
1.4381380000000004
1.4352079999999994
1.4361449999999998
1.4361580000000007
1.4381380000000004
1.4352079999999994
1.4361449999999998
1.4361580000000007
1.4381380000000004
1.4352079999999994
1.4361449999999998
1.4361580000000007
1.4381380000000004
1.4352079999999994
1.4361449999999998
1.4361580000000007
1.4381380000000004
1.4352079999999994
1.4361449999999998
1.4361580000000007
1.4381380000000004
1.4352079999999994
1.4361449999999998
1.4361580000000007
1.4381380000000004
1.4352079999999994
1.4361449999999998
1.4361580000000007
1.4381380000000004
1.4352079999999994
1.4361449999999998
1.4361580000000007
1.4381380000000004
1.4352079999999994
1.4361449999999998
1.4361580000000007
1.4381380000000004
1.4352079999999994
1.4361449999999998
1.4361580000000007
1.4381380000000004
1.4352079999999994
1.4361449999999998
1.4361580000000007
1.4381380000000004
1.4352079999999994
1.4361449999999998
1.4361580000000007
1.4381380000000004
1.4352079999999994
1.4361449999999998
1.4361580000000007
1.4381380000000004
1.4352079999999994
1.4361449999999998
1.4361580000000007
1.4381380000000004
1.4352079999999994
1.4361449999999998
1.4361580000000007
1.4381380000000004
1.4352079999999994
-1.436185
-1.4356049999999998
-1.4366430000000001
-1.4372119999999997
-1.436185
-1.4356049999999998
-1.4366430000000001
-1.4372119999999997
-1.436185
-1.4356049999999998
-1.4366430000000001
-1.4372119999999997
-1.436185
-1.4356049999999998
-1.4366430000000001
-1.4372119999999997
-1.436185
-1.4356049999999998
-1.4366430000000001
-1.4372119999999997
-1.436185
-1.4356049999999998
-1.4366430000000001
-1.4372119999999997
-1.436185
-1.4356049999999998
-1.4366430000000001
-1.4372119999999997
-1.436185
-1.4356049999999998
-1.4366430000000001
-1.4372119999999997
-1.436185
-1.4356049999999998
-1.4366430000000001
-1.4372119999999997
-1.436185
-1.4356049999999998
-1.4366430000000001
-1.4372119999999997
-1.436185
-1.4356049999999998
-1.4366430000000001
-1.4372119999999997
-1.436185
-1.4356049999999998
-1.4366430000000001
-1.4372119999999997
-1.436185
-1.4356049999999998
-1.4366430000000001
-1.4372119999999997
-1.436185
-1.4356049999999998
-1.4366430000000001
-1.4372119999999997
-1.436185
-1.4356049999999998
-1.4366430000000001
-1.4372119999999997
-1.436185
-1.4356049999999998
-1.4366430000000001
-1.4372119999999997
-1.436185
-1.4356049999999998
-1.4366430000000001
-1.4372119999999997
-1.436185
-1.4356049999999998
-1.4366430000000001
-1.4372119999999997
-1.436185
-1.4356049999999998
-1.4366430000000001
-1.4372119999999997
-1.436185
-1.4356049999999998
-1.4366430000000001
-1.4372119999999997
-1.436185
-1.4356049999999998
-1.4366430000000001
-1.4372119999999997
-1.436185
-1.4356049999999998
-1.4366430000000001
-1.4372119999999997
-1.436185
-1.4356049999999998
-1.4366430000000001
-1.4372119999999997
-1.436185
-1.4356049999999998
-1.4366430000000001
-1.4372119999999997
-1.436185
-1.4356049999999998
-1.4366430000000001
-1.4372119999999997
-1.436185
-1.4356049999999998
-1.4366430000000001
-1.4372119999999997
-1.436185
-1.4356049999999998
-1.4366430000000001
-1.4372119999999997
-1.436185
-1.4356049999999998
-1.4366430000000001
-1.4372119999999997
-1.436185
-1.4356049999999998
-1.4366430000000001
-1.4372119999999997
-1.436185
-1.4356049999999998
-1.4366430000000001
-1.4372119999999997
-1.436185
-1.4356049999999998
-1.4366430000000001
-1.4372119999999997
-1.436185
-1.4356049999999998
-1.4366430000000001
-1.4372119999999997
-1.436185
-1.4356049999999998
-1.4366430000000001
-1.4372119999999997
-1.436185
-1.4356049999999998
-1.4366430000000001
-1.4372119999999997
-1.436185
-1.4356049999999998
-1.4366430000000001
-1.4372119999999997
-1.436185
-1.4356049999999998
-1.4366430000000001
-1.4372119999999997
