1.4023260000000004
1.4056979999999992
1.4023260000000004
1.4056979999999992
1.4023260000000004
1.4056979999999992
1.4023260000000004
1.4056979999999992
1.4023260000000004
1.4056979999999992
1.4023260000000004
1.4056979999999992
1.4023260000000004
1.4056979999999992
1.4023260000000004
1.4056979999999992
1.4023260000000004
1.4056979999999992
1.4023260000000004
1.4056979999999992
1.4023260000000004
1.4056979999999992
1.4023260000000004
1.4056979999999992
1.4023260000000004
1.4056979999999992
1.4023260000000004
1.4056979999999992
1.4023260000000004
1.4056979999999992
1.4023260000000004
1.4056979999999992
1.4023260000000004
1.4056979999999992
1.4023260000000004
1.4056979999999992
1.4023260000000004
1.4056979999999992
1.4023260000000004
1.4056979999999992
1.4023260000000004
1.4056979999999992
1.4023260000000004
1.4056979999999992
1.4023260000000004
1.4056979999999992
1.4023260000000004
1.4056979999999992
1.4023260000000004
1.4056979999999992
1.4023260000000004
1.4056979999999992
1.4023260000000004
1.4056979999999992
1.4023260000000004
1.4056979999999992
1.4023260000000004
1.4056979999999992
1.4023260000000004
1.4056979999999992
1.4023260000000004
1.4056979999999992
1.4023260000000004
1.4056979999999992
1.4023260000000004
1.4056979999999992
1.4023260000000004
1.4056979999999992
1.4023260000000004
1.4056979999999992
1.4023260000000004
1.4056979999999992
1.4023260000000004
1.4056979999999992
1.4023260000000004
1.4056979999999992
1.4023260000000004
1.4056979999999992
1.4023260000000004
1.4056979999999992
1.4023260000000004
1.4056979999999992
1.4023260000000004
1.4056979999999992
1.4023260000000004
1.4056979999999992
1.4023260000000004
1.4056979999999992
1.4023260000000004
1.4056979999999992
1.4023260000000004
1.4056979999999992
1.4023260000000004
1.4056979999999992
1.4023260000000004
1.4056979999999992
1.4023260000000004
1.4056979999999992
1.4023260000000004
1.4056979999999992
1.4023260000000004
1.4056979999999992
1.4023260000000004
1.4056979999999992
1.4023260000000004
1.4056979999999992
1.4023260000000004
1.4056979999999992
1.4023260000000004
1.4056979999999992
1.4023260000000004
1.4056979999999992
1.4023260000000004
1.4056979999999992
1.4023260000000004
1.4056979999999992
1.4023260000000004
1.4056979999999992
1.4023260000000004
1.4056979999999992
-1.403511
-1.4045110000000003
-1.403511
-1.4045110000000003
-1.403511
-1.4045110000000003
-1.403511
-1.4045110000000003
-1.403511
-1.4045110000000003
-1.403511
-1.4045110000000003
-1.403511
-1.4045110000000003
-1.403511
-1.4045110000000003
-1.403511
-1.4045110000000003
-1.403511
-1.4045110000000003
-1.403511
-1.4045110000000003
-1.403511
-1.4045110000000003
-1.403511
-1.4045110000000003
-1.403511
-1.4045110000000003
-1.403511
-1.4045110000000003
-1.403511
-1.4045110000000003
-1.403511
-1.4045110000000003
-1.403511
-1.4045110000000003
-1.403511
-1.4045110000000003
-1.403511
-1.4045110000000003
-1.403511
-1.4045110000000003
-1.403511
-1.4045110000000003
-1.403511
-1.4045110000000003
-1.403511
-1.4045110000000003
-1.403511
-1.4045110000000003
-1.403511
-1.4045110000000003
-1.403511
-1.4045110000000003
-1.403511
-1.4045110000000003
-1.403511
-1.4045110000000003
-1.403511
-1.4045110000000003
-1.403511
-1.4045110000000003
-1.403511
-1.4045110000000003
-1.403511
-1.4045110000000003
-1.403511
-1.4045110000000003
-1.403511
-1.4045110000000003
-1.403511
-1.4045110000000003
-1.403511
-1.4045110000000003
-1.403511
-1.4045110000000003
-1.403511
-1.4045110000000003
-1.403511
-1.4045110000000003
-1.403511
-1.4045110000000003
-1.403511
-1.4045110000000003
-1.403511
-1.4045110000000003
-1.403511
-1.4045110000000003
-1.403511
-1.4045110000000003
-1.403511
-1.4045110000000003
-1.403511
-1.4045110000000003
-1.403511
-1.4045110000000003
-1.403511
-1.4045110000000003
-1.403511
-1.4045110000000003
-1.403511
-1.4045110000000003
-1.403511
-1.4045110000000003
-1.403511
-1.4045110000000003
-1.403511
-1.4045110000000003
-1.403511
-1.4045110000000003
-1.403511
-1.4045110000000003
-1.403511
-1.4045110000000003
-1.403511
-1.4045110000000003
-1.403511
-1.4045110000000003
-1.403511
-1.4045110000000003
