1.3934619999999995
1.3934619999999995
1.3934619999999995
1.3934619999999995
1.3934619999999995
1.3934619999999995
1.3934619999999995
1.3934619999999995
1.3934619999999995
1.3934619999999995
1.3934619999999995
1.3934619999999995
1.3934619999999995
1.3934619999999995
1.3934619999999995
1.3934619999999995
1.3934619999999995
1.3934619999999995
1.3934619999999995
1.3934619999999995
1.3934619999999995
1.3934619999999995
1.3934619999999995
1.3934619999999995
1.3934619999999995
1.3934619999999995
1.3934619999999995
1.3934619999999995
1.3934619999999995
1.3934619999999995
1.3934619999999995
1.3934619999999995
1.3934619999999995
1.3934619999999995
1.3934619999999995
1.3934619999999995
1.3934619999999995
1.3934619999999995
1.3934619999999995
1.3934619999999995
1.3934619999999995
1.3934619999999995
1.3934619999999995
1.3934619999999995
1.3934619999999995
1.3934619999999995
1.3934619999999995
1.3934619999999995
1.3934619999999995
1.3934619999999995
1.3934619999999995
1.3934619999999995
1.3934619999999995
1.3934619999999995
1.3934619999999995
1.3934619999999995
1.3934619999999995
1.3934619999999995
1.3934619999999995
1.3934619999999995
1.3934619999999995
1.3934619999999995
1.3934619999999995
1.3934619999999995
-1.393466
-1.393466
-1.393466
-1.393466
-1.393466
-1.393466
-1.393466
-1.393466
-1.393466
-1.393466
-1.393466
-1.393466
-1.393466
-1.393466
-1.393466
-1.393466
-1.393466
-1.393466
-1.393466
-1.393466
-1.393466
-1.393466
-1.393466
-1.393466
-1.393466
-1.393466
-1.393466
-1.393466
-1.393466
-1.393466
-1.393466
-1.393466
-1.393466
-1.393466
-1.393466
-1.393466
-1.393466
-1.393466
-1.393466
-1.393466
-1.393466
-1.393466
-1.393466
-1.393466
-1.393466
-1.393466
-1.393466
-1.393466
-1.393466
-1.393466
-1.393466
-1.393466
-1.393466
-1.393466
-1.393466
-1.393466
-1.393466
-1.393466
-1.393466
-1.393466
-1.393466
-1.393466
-1.393466
-1.393466
