1.3954769999999996
1.4068769999999997
1.3954769999999996
1.4068769999999997
1.3954769999999996
1.4068769999999997
1.3954769999999996
1.4068769999999997
1.3954769999999996
1.4068769999999997
1.3954769999999996
1.4068769999999997
1.3954769999999996
1.4068769999999997
1.3954769999999996
1.4068769999999997
1.3954769999999996
1.4068769999999997
1.3954769999999996
1.4068769999999997
1.3954769999999996
1.4068769999999997
1.3954769999999996
1.4068769999999997
1.3954769999999996
1.4068769999999997
1.3954769999999996
1.4068769999999997
1.3954769999999996
1.4068769999999997
1.3954769999999996
1.4068769999999997
1.3954769999999996
1.4068769999999997
1.3954769999999996
1.4068769999999997
1.3954769999999996
1.4068769999999997
1.3954769999999996
1.4068769999999997
1.3954769999999996
1.4068769999999997
1.3954769999999996
1.4068769999999997
1.3954769999999996
1.4068769999999997
1.3954769999999996
1.4068769999999997
1.3954769999999996
1.4068769999999997
1.3954769999999996
1.4068769999999997
1.3954769999999996
1.4068769999999997
1.3954769999999996
1.4068769999999997
1.3954769999999996
1.4068769999999997
1.3954769999999996
1.4068769999999997
1.3954769999999996
1.4068769999999997
1.3954769999999996
1.4068769999999997
1.3954769999999996
1.4068769999999997
1.3954769999999996
1.4068769999999997
1.3954769999999996
1.4068769999999997
1.3954769999999996
1.4068769999999997
1.3954769999999996
1.4068769999999997
1.3954769999999996
1.4068769999999997
1.3954769999999996
1.4068769999999997
1.3954769999999996
1.4068769999999997
1.3954769999999996
1.4068769999999997
1.3954769999999996
1.4068769999999997
1.3954769999999996
1.4068769999999997
1.3954769999999996
1.4068769999999997
1.3954769999999996
1.4068769999999997
1.3954769999999996
1.4068769999999997
1.3954769999999996
1.4068769999999997
1.3954769999999996
1.4068769999999997
1.3954769999999996
1.4068769999999997
1.3954769999999996
1.4068769999999997
1.3954769999999996
1.4068769999999997
1.3954769999999996
1.4068769999999997
1.3954769999999996
1.4068769999999997
1.3954769999999996
1.4068769999999997
1.3954769999999996
1.4068769999999997
1.3954769999999996
1.4068769999999997
1.3954769999999996
1.4068769999999997
1.3954769999999996
1.4068769999999997
1.3954769999999996
1.4068769999999997
1.3954769999999996
1.4068769999999997
-1.399787
-1.4025689999999997
-1.399787
-1.4025689999999997
-1.399787
-1.4025689999999997
-1.399787
-1.4025689999999997
-1.399787
-1.4025689999999997
-1.399787
-1.4025689999999997
-1.399787
-1.4025689999999997
-1.399787
-1.4025689999999997
-1.399787
-1.4025689999999997
-1.399787
-1.4025689999999997
-1.399787
-1.4025689999999997
-1.399787
-1.4025689999999997
-1.399787
-1.4025689999999997
-1.399787
-1.4025689999999997
-1.399787
-1.4025689999999997
-1.399787
-1.4025689999999997
-1.399787
-1.4025689999999997
-1.399787
-1.4025689999999997
-1.399787
-1.4025689999999997
-1.399787
-1.4025689999999997
-1.399787
-1.4025689999999997
-1.399787
-1.4025689999999997
-1.399787
-1.4025689999999997
-1.399787
-1.4025689999999997
-1.399787
-1.4025689999999997
-1.399787
-1.4025689999999997
-1.399787
-1.4025689999999997
-1.399787
-1.4025689999999997
-1.399787
-1.4025689999999997
-1.399787
-1.4025689999999997
-1.399787
-1.4025689999999997
-1.399787
-1.4025689999999997
-1.399787
-1.4025689999999997
-1.399787
-1.4025689999999997
-1.399787
-1.4025689999999997
-1.399787
-1.4025689999999997
-1.399787
-1.4025689999999997
-1.399787
-1.4025689999999997
-1.399787
-1.4025689999999997
-1.399787
-1.4025689999999997
-1.399787
-1.4025689999999997
-1.399787
-1.4025689999999997
-1.399787
-1.4025689999999997
-1.399787
-1.4025689999999997
-1.399787
-1.4025689999999997
-1.399787
-1.4025689999999997
-1.399787
-1.4025689999999997
-1.399787
-1.4025689999999997
-1.399787
-1.4025689999999997
-1.399787
-1.4025689999999997
-1.399787
-1.4025689999999997
-1.399787
-1.4025689999999997
-1.399787
-1.4025689999999997
-1.399787
-1.4025689999999997
-1.399787
-1.4025689999999997
-1.399787
-1.4025689999999997
-1.399787
-1.4025689999999997
-1.399787
-1.4025689999999997
-1.399787
-1.4025689999999997
-1.399787
-1.4025689999999997
