1.2423059999999992
1.2423059999999992
1.2423059999999992
1.2423059999999992
1.2423059999999992
1.2423059999999992
1.2423059999999992
1.2423059999999992
1.2423059999999992
1.2423059999999992
1.2423059999999992
1.2423059999999992
1.2423059999999992
1.2423059999999992
1.2423059999999992
1.2423059999999992
1.2423059999999992
1.2423059999999992
1.2423059999999992
1.2423059999999992
1.2423059999999992
1.2423059999999992
1.2423059999999992
1.2423059999999992
1.2423059999999992
1.2423059999999992
1.2423059999999992
1.2423059999999992
1.2423059999999992
1.2423059999999992
1.2423059999999992
1.2423059999999992
1.2423059999999992
1.2423059999999992
1.2423059999999992
1.2423059999999992
1.2423059999999992
1.2423059999999992
1.2423059999999992
1.2423059999999992
1.2423059999999992
1.2423059999999992
1.2423059999999992
1.2423059999999992
1.2423059999999992
1.2423059999999992
1.2423059999999992
1.2423059999999992
1.2423059999999992
1.2423059999999992
1.2423059999999992
1.2423059999999992
1.2423059999999992
1.2423059999999992
1.2423059999999992
1.2423059999999992
1.2423059999999992
1.2423059999999992
1.2423059999999992
1.2423059999999992
1.2423059999999992
1.2423059999999992
1.2423059999999992
1.2423059999999992
1.2423059999999992
1.2423059999999992
1.2423059999999992
1.2423059999999992
1.2423059999999992
1.2423059999999992
1.2423059999999992
1.2423059999999992
1.2423059999999992
1.2423059999999992
1.2423059999999992
1.2423059999999992
1.2423059999999992
1.2423059999999992
1.2423059999999992
1.2423059999999992
1.2423059999999992
1.2423059999999992
1.2423059999999992
1.2423059999999992
1.2423059999999992
1.2423059999999992
1.2423059999999992
1.2423059999999992
1.2423059999999992
1.2423059999999992
-1.2423080000000004
-1.242305
-1.2423080000000004
-1.242305
-1.2423080000000004
-1.242305
-1.2423080000000004
-1.242305
-1.2423080000000004
-1.242305
-1.2423080000000004
-1.242305
-1.2423080000000004
-1.242305
-1.2423080000000004
-1.242305
-1.2423080000000004
-1.242305
-1.2423080000000004
-1.242305
-1.2423080000000004
-1.242305
-1.2423080000000004
-1.242305
-1.2423080000000004
-1.242305
-1.2423080000000004
-1.242305
-1.2423080000000004
-1.242305
-1.2423080000000004
-1.242305
-1.2423080000000004
-1.242305
-1.2423080000000004
-1.242305
-1.2423080000000004
-1.242305
-1.2423080000000004
-1.242305
-1.2423080000000004
-1.242305
-1.2423080000000004
-1.242305
-1.2423080000000004
-1.242305
-1.2423080000000004
-1.242305
-1.2423080000000004
-1.242305
-1.2423080000000004
-1.242305
-1.2423080000000004
-1.242305
-1.2423080000000004
-1.242305
-1.2423080000000004
-1.242305
-1.2423080000000004
-1.242305
-1.2423080000000004
-1.242305
-1.2423080000000004
-1.242305
-1.2423080000000004
-1.242305
-1.2423080000000004
-1.242305
-1.2423080000000004
-1.242305
-1.2423080000000004
-1.242305
-1.2423080000000004
-1.242305
-1.2423080000000004
-1.242305
-1.2423080000000004
-1.242305
-1.2423080000000004
-1.242305
-1.2423080000000004
-1.242305
-1.2423080000000004
-1.242305
-1.2423080000000004
-1.242305
-1.2423080000000004
-1.242305
-1.2423080000000004
-1.242305
