1.2117210000000007
1.1920769999999994
1.2117210000000007
1.1920769999999994
1.2117210000000007
1.1920769999999994
1.2117210000000007
1.1920769999999994
1.2117210000000007
1.1920769999999994
1.2117210000000007
1.1920769999999994
1.2117210000000007
1.1920769999999994
1.2117210000000007
1.1920769999999994
1.2117210000000007
1.1920769999999994
1.2117210000000007
1.1920769999999994
1.2117210000000007
1.1920769999999994
1.2117210000000007
1.1920769999999994
1.2117210000000007
1.1920769999999994
1.2117210000000007
1.1920769999999994
1.2117210000000007
1.1920769999999994
1.2117210000000007
1.1920769999999994
1.2117210000000007
1.1920769999999994
1.2117210000000007
1.1920769999999994
1.2117210000000007
1.1920769999999994
1.2117210000000007
1.1920769999999994
1.2117210000000007
1.1920769999999994
1.2117210000000007
1.1920769999999994
1.2117210000000007
1.1920769999999994
1.2117210000000007
1.1920769999999994
1.2117210000000007
1.1920769999999994
1.2117210000000007
1.1920769999999994
1.2117210000000007
1.1920769999999994
1.2117210000000007
1.1920769999999994
1.2117210000000007
1.1920769999999994
1.2117210000000007
1.1920769999999994
1.2117210000000007
1.1920769999999994
1.2117210000000007
1.1920769999999994
1.2117210000000007
1.1920769999999994
1.2117210000000007
1.1920769999999994
1.2117210000000007
1.1920769999999994
1.2117210000000007
1.1920769999999994
1.2117210000000007
1.1920769999999994
1.2117210000000007
1.1920769999999994
1.2117210000000007
1.1920769999999994
1.2117210000000007
1.1920769999999994
1.2117210000000007
1.1920769999999994
1.2117210000000007
1.1920769999999994
1.2117210000000007
1.1920769999999994
1.2117210000000007
1.1920769999999994
1.2117210000000007
1.1920769999999994
1.2117210000000007
1.1920769999999994
1.2117210000000007
1.1920769999999994
1.2117210000000007
1.1920769999999994
1.2117210000000007
1.1920769999999994
1.2117210000000007
1.1920769999999994
1.2117210000000007
1.1920769999999994
1.2117210000000007
1.1920769999999994
1.2117210000000007
1.1920769999999994
1.2117210000000007
1.1920769999999994
-1.2070949999999998
-1.1967030000000003
-1.2070949999999998
-1.1967030000000003
-1.2070949999999998
-1.1967030000000003
-1.2070949999999998
-1.1967030000000003
-1.2070949999999998
-1.1967030000000003
-1.2070949999999998
-1.1967030000000003
-1.2070949999999998
-1.1967030000000003
-1.2070949999999998
-1.1967030000000003
-1.2070949999999998
-1.1967030000000003
-1.2070949999999998
-1.1967030000000003
-1.2070949999999998
-1.1967030000000003
-1.2070949999999998
-1.1967030000000003
-1.2070949999999998
-1.1967030000000003
-1.2070949999999998
-1.1967030000000003
-1.2070949999999998
-1.1967030000000003
-1.2070949999999998
-1.1967030000000003
-1.2070949999999998
-1.1967030000000003
-1.2070949999999998
-1.1967030000000003
-1.2070949999999998
-1.1967030000000003
-1.2070949999999998
-1.1967030000000003
-1.2070949999999998
-1.1967030000000003
-1.2070949999999998
-1.1967030000000003
-1.2070949999999998
-1.1967030000000003
-1.2070949999999998
-1.1967030000000003
-1.2070949999999998
-1.1967030000000003
-1.2070949999999998
-1.1967030000000003
-1.2070949999999998
-1.1967030000000003
-1.2070949999999998
-1.1967030000000003
-1.2070949999999998
-1.1967030000000003
-1.2070949999999998
-1.1967030000000003
-1.2070949999999998
-1.1967030000000003
-1.2070949999999998
-1.1967030000000003
-1.2070949999999998
-1.1967030000000003
-1.2070949999999998
-1.1967030000000003
-1.2070949999999998
-1.1967030000000003
-1.2070949999999998
-1.1967030000000003
-1.2070949999999998
-1.1967030000000003
-1.2070949999999998
-1.1967030000000003
-1.2070949999999998
-1.1967030000000003
-1.2070949999999998
-1.1967030000000003
-1.2070949999999998
-1.1967030000000003
-1.2070949999999998
-1.1967030000000003
-1.2070949999999998
-1.1967030000000003
-1.2070949999999998
-1.1967030000000003
-1.2070949999999998
-1.1967030000000003
-1.2070949999999998
-1.1967030000000003
-1.2070949999999998
-1.1967030000000003
-1.2070949999999998
-1.1967030000000003
-1.2070949999999998
-1.1967030000000003
-1.2070949999999998
-1.1967030000000003
-1.2070949999999998
-1.1967030000000003
-1.2070949999999998
-1.1967030000000003
-1.2070949999999998
-1.1967030000000003
-1.2070949999999998
-1.1967030000000003
