1.2606739999999999
1.2716569999999994
1.2606739999999999
1.2716569999999994
1.2606739999999999
1.2716569999999994
1.2606739999999999
1.2716569999999994
1.2606739999999999
1.2716569999999994
1.2606739999999999
1.2716569999999994
1.2606739999999999
1.2716569999999994
1.2606739999999999
1.2716569999999994
1.2606739999999999
1.2716569999999994
1.2606739999999999
1.2716569999999994
1.2606739999999999
1.2716569999999994
1.2606739999999999
1.2716569999999994
1.2606739999999999
1.2716569999999994
1.2606739999999999
1.2716569999999994
1.2606739999999999
1.2716569999999994
1.2606739999999999
1.2716569999999994
1.2606739999999999
1.2716569999999994
1.2606739999999999
1.2716569999999994
1.2606739999999999
1.2716569999999994
1.2606739999999999
1.2716569999999994
1.2606739999999999
1.2716569999999994
1.2606739999999999
1.2716569999999994
1.2606739999999999
1.2716569999999994
1.2606739999999999
1.2716569999999994
1.2606739999999999
1.2716569999999994
1.2606739999999999
1.2716569999999994
1.2606739999999999
1.2716569999999994
1.2606739999999999
1.2716569999999994
1.2606739999999999
1.2716569999999994
1.2606739999999999
1.2716569999999994
1.2606739999999999
1.2716569999999994
1.2606739999999999
1.2716569999999994
1.2606739999999999
1.2716569999999994
1.2606739999999999
1.2716569999999994
1.2606739999999999
1.2716569999999994
1.2606739999999999
1.2716569999999994
1.2606739999999999
1.2716569999999994
1.2606739999999999
1.2716569999999994
1.2606739999999999
1.2716569999999994
1.2606739999999999
1.2716569999999994
1.2606739999999999
1.2716569999999994
1.2606739999999999
1.2716569999999994
1.2606739999999999
1.2716569999999994
1.2606739999999999
1.2716569999999994
1.2606739999999999
1.2716569999999994
1.2606739999999999
1.2716569999999994
1.2606739999999999
1.2716569999999994
1.2606739999999999
1.2716569999999994
1.2606739999999999
1.2716569999999994
1.2606739999999999
1.2716569999999994
1.2606739999999999
1.2716569999999994
1.2606739999999999
1.2716569999999994
1.2606739999999999
1.2716569999999994
1.2606739999999999
1.2716569999999994
-1.266115
-1.2662149999999999
-1.266115
-1.2662149999999999
-1.266115
-1.2662149999999999
-1.266115
-1.2662149999999999
-1.266115
-1.2662149999999999
-1.266115
-1.2662149999999999
-1.266115
-1.2662149999999999
-1.266115
-1.2662149999999999
-1.266115
-1.2662149999999999
-1.266115
-1.2662149999999999
-1.266115
-1.2662149999999999
-1.266115
-1.2662149999999999
-1.266115
-1.2662149999999999
-1.266115
-1.2662149999999999
-1.266115
-1.2662149999999999
-1.266115
-1.2662149999999999
-1.266115
-1.2662149999999999
-1.266115
-1.2662149999999999
-1.266115
-1.2662149999999999
-1.266115
-1.2662149999999999
-1.266115
-1.2662149999999999
-1.266115
-1.2662149999999999
-1.266115
-1.2662149999999999
-1.266115
-1.2662149999999999
-1.266115
-1.2662149999999999
-1.266115
-1.2662149999999999
-1.266115
-1.2662149999999999
-1.266115
-1.2662149999999999
-1.266115
-1.2662149999999999
-1.266115
-1.2662149999999999
-1.266115
-1.2662149999999999
-1.266115
-1.2662149999999999
-1.266115
-1.2662149999999999
-1.266115
-1.2662149999999999
-1.266115
-1.2662149999999999
-1.266115
-1.2662149999999999
-1.266115
-1.2662149999999999
-1.266115
-1.2662149999999999
-1.266115
-1.2662149999999999
-1.266115
-1.2662149999999999
-1.266115
-1.2662149999999999
-1.266115
-1.2662149999999999
-1.266115
-1.2662149999999999
-1.266115
-1.2662149999999999
-1.266115
-1.2662149999999999
-1.266115
-1.2662149999999999
-1.266115
-1.2662149999999999
-1.266115
-1.2662149999999999
-1.266115
-1.2662149999999999
-1.266115
-1.2662149999999999
-1.266115
-1.2662149999999999
-1.266115
-1.2662149999999999
-1.266115
-1.2662149999999999
-1.266115
-1.2662149999999999
