1.3931149999999999
1.389469
1.3931149999999999
1.389469
1.3931149999999999
1.389469
1.3931149999999999
1.389469
1.3931149999999999
1.389469
1.3931149999999999
1.389469
1.3931149999999999
1.389469
1.3931149999999999
1.389469
1.3931149999999999
1.389469
1.3931149999999999
1.389469
1.3931149999999999
1.389469
1.3931149999999999
1.389469
1.3931149999999999
1.389469
1.3931149999999999
1.389469
1.3931149999999999
1.389469
1.3931149999999999
1.389469
1.3931149999999999
1.389469
1.3931149999999999
1.389469
1.3931149999999999
1.389469
1.3931149999999999
1.389469
1.3931149999999999
1.389469
1.3931149999999999
1.389469
1.3931149999999999
1.389469
1.3931149999999999
1.389469
1.3931149999999999
1.389469
1.3931149999999999
1.389469
1.3931149999999999
1.389469
1.3931149999999999
1.389469
1.3931149999999999
1.389469
1.3931149999999999
1.389469
1.3931149999999999
1.389469
1.3931149999999999
1.389469
1.3931149999999999
1.389469
1.3931149999999999
1.389469
1.3931149999999999
1.389469
1.3931149999999999
1.389469
1.3931149999999999
1.389469
1.3931149999999999
1.389469
1.3931149999999999
1.389469
1.3931149999999999
1.389469
1.3931149999999999
1.389469
1.3931149999999999
1.389469
1.3931149999999999
1.389469
1.3931149999999999
1.389469
1.3931149999999999
1.389469
1.3931149999999999
1.389469
1.3931149999999999
1.389469
1.3931149999999999
1.389469
1.3931149999999999
1.389469
1.3931149999999999
1.389469
1.3931149999999999
1.389469
1.3931149999999999
1.389469
1.3931149999999999
1.389469
1.3931149999999999
1.389469
1.3931149999999999
1.389469
1.3931149999999999
1.389469
1.3931149999999999
1.389469
1.3931149999999999
1.389469
1.3931149999999999
1.389469
1.3931149999999999
1.389469
-1.3913469999999997
-1.3912370000000003
-1.3913469999999997
-1.3912370000000003
-1.3913469999999997
-1.3912370000000003
-1.3913469999999997
-1.3912370000000003
-1.3913469999999997
-1.3912370000000003
-1.3913469999999997
-1.3912370000000003
-1.3913469999999997
-1.3912370000000003
-1.3913469999999997
-1.3912370000000003
-1.3913469999999997
-1.3912370000000003
-1.3913469999999997
-1.3912370000000003
-1.3913469999999997
-1.3912370000000003
-1.3913469999999997
-1.3912370000000003
-1.3913469999999997
-1.3912370000000003
-1.3913469999999997
-1.3912370000000003
-1.3913469999999997
-1.3912370000000003
-1.3913469999999997
-1.3912370000000003
-1.3913469999999997
-1.3912370000000003
-1.3913469999999997
-1.3912370000000003
-1.3913469999999997
-1.3912370000000003
-1.3913469999999997
-1.3912370000000003
-1.3913469999999997
-1.3912370000000003
-1.3913469999999997
-1.3912370000000003
-1.3913469999999997
-1.3912370000000003
-1.3913469999999997
-1.3912370000000003
-1.3913469999999997
-1.3912370000000003
-1.3913469999999997
-1.3912370000000003
-1.3913469999999997
-1.3912370000000003
-1.3913469999999997
-1.3912370000000003
-1.3913469999999997
-1.3912370000000003
-1.3913469999999997
-1.3912370000000003
-1.3913469999999997
-1.3912370000000003
-1.3913469999999997
-1.3912370000000003
-1.3913469999999997
-1.3912370000000003
-1.3913469999999997
-1.3912370000000003
-1.3913469999999997
-1.3912370000000003
-1.3913469999999997
-1.3912370000000003
-1.3913469999999997
-1.3912370000000003
-1.3913469999999997
-1.3912370000000003
-1.3913469999999997
-1.3912370000000003
-1.3913469999999997
-1.3912370000000003
-1.3913469999999997
-1.3912370000000003
-1.3913469999999997
-1.3912370000000003
-1.3913469999999997
-1.3912370000000003
-1.3913469999999997
-1.3912370000000003
-1.3913469999999997
-1.3912370000000003
-1.3913469999999997
-1.3912370000000003
-1.3913469999999997
-1.3912370000000003
-1.3913469999999997
-1.3912370000000003
-1.3913469999999997
-1.3912370000000003
-1.3913469999999997
-1.3912370000000003
-1.3913469999999997
-1.3912370000000003
-1.3913469999999997
-1.3912370000000003
-1.3913469999999997
-1.3912370000000003
-1.3913469999999997
-1.3912370000000003
-1.3913469999999997
-1.3912370000000003
-1.3913469999999997
-1.3912370000000003
-1.3913469999999997
-1.3912370000000003
-1.3913469999999997
-1.3912370000000003
-1.3913469999999997
-1.3912370000000003
-1.3913469999999997
-1.3912370000000003
