1.3878000000000004
1.4004209999999997
1.3878000000000004
1.4004209999999997
1.3878000000000004
1.4004209999999997
1.3878000000000004
1.4004209999999997
1.3878000000000004
1.4004209999999997
1.3878000000000004
1.4004209999999997
1.3878000000000004
1.4004209999999997
1.3878000000000004
1.4004209999999997
1.3878000000000004
1.4004209999999997
1.3878000000000004
1.4004209999999997
1.3878000000000004
1.4004209999999997
1.3878000000000004
1.4004209999999997
1.3878000000000004
1.4004209999999997
1.3878000000000004
1.4004209999999997
1.3878000000000004
1.4004209999999997
1.3878000000000004
1.4004209999999997
1.3878000000000004
1.4004209999999997
1.3878000000000004
1.4004209999999997
1.3878000000000004
1.4004209999999997
1.3878000000000004
1.4004209999999997
1.3878000000000004
1.4004209999999997
1.3878000000000004
1.4004209999999997
1.3878000000000004
1.4004209999999997
1.3878000000000004
1.4004209999999997
1.3878000000000004
1.4004209999999997
1.3878000000000004
1.4004209999999997
1.3878000000000004
1.4004209999999997
1.3878000000000004
1.4004209999999997
1.3878000000000004
1.4004209999999997
1.3878000000000004
1.4004209999999997
1.3878000000000004
1.4004209999999997
1.3878000000000004
1.4004209999999997
1.3878000000000004
1.4004209999999997
1.3878000000000004
1.4004209999999997
1.3878000000000004
1.4004209999999997
1.3878000000000004
1.4004209999999997
1.3878000000000004
1.4004209999999997
1.3878000000000004
1.4004209999999997
1.3878000000000004
1.4004209999999997
1.3878000000000004
1.4004209999999997
1.3878000000000004
1.4004209999999997
1.3878000000000004
1.4004209999999997
1.3878000000000004
1.4004209999999997
1.3878000000000004
1.4004209999999997
1.3878000000000004
1.4004209999999997
1.3878000000000004
1.4004209999999997
1.3878000000000004
1.4004209999999997
1.3878000000000004
1.4004209999999997
1.3878000000000004
1.4004209999999997
1.3878000000000004
1.4004209999999997
1.3878000000000004
1.4004209999999997
1.3878000000000004
1.4004209999999997
1.3878000000000004
1.4004209999999997
1.3878000000000004
1.4004209999999997
1.3878000000000004
1.4004209999999997
1.3878000000000004
1.4004209999999997
1.3878000000000004
1.4004209999999997
1.3878000000000004
1.4004209999999997
1.3878000000000004
1.4004209999999997
1.3878000000000004
1.4004209999999997
-1.3918999999999997
-1.3963200000000002
-1.3918999999999997
-1.3963200000000002
-1.3918999999999997
-1.3963200000000002
-1.3918999999999997
-1.3963200000000002
-1.3918999999999997
-1.3963200000000002
-1.3918999999999997
-1.3963200000000002
-1.3918999999999997
-1.3963200000000002
-1.3918999999999997
-1.3963200000000002
-1.3918999999999997
-1.3963200000000002
-1.3918999999999997
-1.3963200000000002
-1.3918999999999997
-1.3963200000000002
-1.3918999999999997
-1.3963200000000002
-1.3918999999999997
-1.3963200000000002
-1.3918999999999997
-1.3963200000000002
-1.3918999999999997
-1.3963200000000002
-1.3918999999999997
-1.3963200000000002
-1.3918999999999997
-1.3963200000000002
-1.3918999999999997
-1.3963200000000002
-1.3918999999999997
-1.3963200000000002
-1.3918999999999997
-1.3963200000000002
-1.3918999999999997
-1.3963200000000002
-1.3918999999999997
-1.3963200000000002
-1.3918999999999997
-1.3963200000000002
-1.3918999999999997
-1.3963200000000002
-1.3918999999999997
-1.3963200000000002
-1.3918999999999997
-1.3963200000000002
-1.3918999999999997
-1.3963200000000002
-1.3918999999999997
-1.3963200000000002
-1.3918999999999997
-1.3963200000000002
-1.3918999999999997
-1.3963200000000002
-1.3918999999999997
-1.3963200000000002
-1.3918999999999997
-1.3963200000000002
-1.3918999999999997
-1.3963200000000002
-1.3918999999999997
-1.3963200000000002
-1.3918999999999997
-1.3963200000000002
-1.3918999999999997
-1.3963200000000002
-1.3918999999999997
-1.3963200000000002
-1.3918999999999997
-1.3963200000000002
-1.3918999999999997
-1.3963200000000002
-1.3918999999999997
-1.3963200000000002
-1.3918999999999997
-1.3963200000000002
-1.3918999999999997
-1.3963200000000002
-1.3918999999999997
-1.3963200000000002
-1.3918999999999997
-1.3963200000000002
-1.3918999999999997
-1.3963200000000002
-1.3918999999999997
-1.3963200000000002
-1.3918999999999997
-1.3963200000000002
-1.3918999999999997
-1.3963200000000002
-1.3918999999999997
-1.3963200000000002
-1.3918999999999997
-1.3963200000000002
-1.3918999999999997
-1.3963200000000002
-1.3918999999999997
-1.3963200000000002
-1.3918999999999997
-1.3963200000000002
-1.3918999999999997
-1.3963200000000002
-1.3918999999999997
-1.3963200000000002
-1.3918999999999997
-1.3963200000000002
-1.3918999999999997
-1.3963200000000002
-1.3918999999999997
-1.3963200000000002
-1.3918999999999997
-1.3963200000000002
-1.3918999999999997
-1.3963200000000002
