0.4333120000000008
0.4333120000000008
0.4333120000000008
0.4333120000000008
0.4333120000000008
0.4333120000000008
0.4333120000000008
0.4333120000000008
0.4333120000000008
0.4333120000000008
0.4333120000000008
0.4333120000000008
0.4333120000000008
0.4333120000000008
0.4333120000000008
0.4333120000000008
0.4333120000000008
0.4333120000000008
0.4333120000000008
0.4333120000000008
0.4333120000000008
0.4333120000000008
0.4333120000000008
0.4333120000000008
0.4333120000000008
0.4333120000000008
0.4333120000000008
0.4333120000000008
0.4333120000000008
0.4333120000000008
0.4333120000000008
0.4333120000000008
0.4333120000000008
0.4333120000000008
0.4333120000000008
0.4333120000000008
0.4333120000000008
0.4333120000000008
0.4333120000000008
0.4333120000000008
0.4333120000000008
0.4333120000000008
0.4333120000000008
0.4333120000000008
0.4333120000000008
0.4333120000000008
0.4333120000000008
0.4333120000000008
0.4333120000000008
0.4333120000000008
-0.4333109999999998
-0.4333109999999998
-0.4333109999999998
-0.4333109999999998
-0.4333109999999998
-0.4333109999999998
-0.4333109999999998
-0.4333109999999998
-0.4333109999999998
-0.4333109999999998
-0.4333109999999998
-0.4333109999999998
-0.4333109999999998
-0.4333109999999998
-0.4333109999999998
-0.4333109999999998
-0.4333109999999998
-0.4333109999999998
-0.4333109999999998
-0.4333109999999998
-0.4333109999999998
-0.4333109999999998
-0.4333109999999998
-0.4333109999999998
-0.4333109999999998
-0.4333109999999998
-0.4333109999999998
-0.4333109999999998
-0.4333109999999998
-0.4333109999999998
-0.4333109999999998
-0.4333109999999998
-0.4333109999999998
-0.4333109999999998
-0.4333109999999998
-0.4333109999999998
-0.4333109999999998
-0.4333109999999998
-0.4333109999999998
-0.4333109999999998
-0.4333109999999998
-0.4333109999999998
-0.4333109999999998
-0.4333109999999998
-0.4333109999999998
-0.4333109999999998
-0.4333109999999998
-0.4333109999999998
-0.4333109999999998
-0.4333109999999998
