1.445093
1.4460829999999998
1.446066
1.4464480000000002
1.445093
1.4460829999999998
1.446066
1.4464480000000002
1.445093
1.4460829999999998
1.446066
1.4464480000000002
1.445093
1.4460829999999998
1.446066
1.4464480000000002
1.445093
1.4460829999999998
1.446066
1.4464480000000002
1.445093
1.4460829999999998
1.446066
1.4464480000000002
1.445093
1.4460829999999998
1.446066
1.4464480000000002
1.445093
1.4460829999999998
1.446066
1.4464480000000002
1.445093
1.4460829999999998
1.446066
1.4464480000000002
1.445093
1.4460829999999998
1.446066
1.4464480000000002
1.445093
1.4460829999999998
1.446066
1.4464480000000002
1.445093
1.4460829999999998
1.446066
1.4464480000000002
1.445093
1.4460829999999998
1.446066
1.4464480000000002
1.445093
1.4460829999999998
1.446066
1.4464480000000002
1.445093
1.4460829999999998
1.446066
1.4464480000000002
1.445093
1.4460829999999998
1.446066
1.4464480000000002
1.445093
1.4460829999999998
1.446066
1.4464480000000002
1.445093
1.4460829999999998
1.446066
1.4464480000000002
1.445093
1.4460829999999998
1.446066
1.4464480000000002
1.445093
1.4460829999999998
1.446066
1.4464480000000002
1.445093
1.4460829999999998
1.446066
1.4464480000000002
1.445093
1.4460829999999998
1.446066
1.4464480000000002
1.445093
1.4460829999999998
1.446066
1.4464480000000002
1.445093
1.4460829999999998
1.446066
1.4464480000000002
1.445093
1.4460829999999998
1.446066
1.4464480000000002
1.445093
1.4460829999999998
1.446066
1.4464480000000002
1.445093
1.4460829999999998
1.446066
1.4464480000000002
-1.4459749999999998
-1.4462989999999998
-1.445278
-1.446141
-1.4459749999999998
-1.4462989999999998
-1.445278
-1.446141
-1.4459749999999998
-1.4462989999999998
-1.445278
-1.446141
-1.4459749999999998
-1.4462989999999998
-1.445278
-1.446141
-1.4459749999999998
-1.4462989999999998
-1.445278
-1.446141
-1.4459749999999998
-1.4462989999999998
-1.445278
-1.446141
-1.4459749999999998
-1.4462989999999998
-1.445278
-1.446141
-1.4459749999999998
-1.4462989999999998
-1.445278
-1.446141
-1.4459749999999998
-1.4462989999999998
-1.445278
-1.446141
-1.4459749999999998
-1.4462989999999998
-1.445278
-1.446141
-1.4459749999999998
-1.4462989999999998
-1.445278
-1.446141
-1.4459749999999998
-1.4462989999999998
-1.445278
-1.446141
-1.4459749999999998
-1.4462989999999998
-1.445278
-1.446141
-1.4459749999999998
-1.4462989999999998
-1.445278
-1.446141
-1.4459749999999998
-1.4462989999999998
-1.445278
-1.446141
-1.4459749999999998
-1.4462989999999998
-1.445278
-1.446141
-1.4459749999999998
-1.4462989999999998
-1.445278
-1.446141
-1.4459749999999998
-1.4462989999999998
-1.445278
-1.446141
-1.4459749999999998
-1.4462989999999998
-1.445278
-1.446141
-1.4459749999999998
-1.4462989999999998
-1.445278
-1.446141
-1.4459749999999998
-1.4462989999999998
-1.445278
-1.446141
-1.4459749999999998
-1.4462989999999998
-1.445278
-1.446141
-1.4459749999999998
-1.4462989999999998
-1.445278
-1.446141
-1.4459749999999998
-1.4462989999999998
-1.445278
-1.446141
-1.4459749999999998
-1.4462989999999998
-1.445278
-1.446141
-1.4459749999999998
-1.4462989999999998
-1.445278
-1.446141
-1.4459749999999998
-1.4462989999999998
-1.445278
-1.446141
