1.4390509999999992
1.4394670000000005
1.4391730000000003
1.4391499999999997
1.4390509999999992
1.4394670000000005
1.4391730000000003
1.4391499999999997
1.4390509999999992
1.4394670000000005
1.4391730000000003
1.4391499999999997
1.4390509999999992
1.4394670000000005
1.4391730000000003
1.4391499999999997
1.4390509999999992
1.4394670000000005
1.4391730000000003
1.4391499999999997
1.4390509999999992
1.4394670000000005
1.4391730000000003
1.4391499999999997
1.4390509999999992
1.4394670000000005
1.4391730000000003
1.4391499999999997
1.4390509999999992
1.4394670000000005
1.4391730000000003
1.4391499999999997
1.4390509999999992
1.4394670000000005
1.4391730000000003
1.4391499999999997
1.4390509999999992
1.4394670000000005
1.4391730000000003
1.4391499999999997
1.4390509999999992
1.4394670000000005
1.4391730000000003
1.4391499999999997
1.4390509999999992
1.4394670000000005
1.4391730000000003
1.4391499999999997
1.4390509999999992
1.4394670000000005
1.4391730000000003
1.4391499999999997
1.4390509999999992
1.4394670000000005
1.4391730000000003
1.4391499999999997
1.4390509999999992
1.4394670000000005
1.4391730000000003
1.4391499999999997
1.4390509999999992
1.4394670000000005
1.4391730000000003
1.4391499999999997
1.4390509999999992
1.4394670000000005
1.4391730000000003
1.4391499999999997
1.4390509999999992
1.4394670000000005
1.4391730000000003
1.4391499999999997
1.4390509999999992
1.4394670000000005
1.4391730000000003
1.4391499999999997
1.4390509999999992
1.4394670000000005
1.4391730000000003
1.4391499999999997
1.4390509999999992
1.4394670000000005
1.4391730000000003
1.4391499999999997
1.4390509999999992
1.4394670000000005
1.4391730000000003
1.4391499999999997
1.4390509999999992
1.4394670000000005
1.4391730000000003
1.4391499999999997
1.4390509999999992
1.4394670000000005
1.4391730000000003
1.4391499999999997
1.4390509999999992
1.4394670000000005
1.4391730000000003
1.4391499999999997
1.4390509999999992
1.4394670000000005
1.4391730000000003
1.4391499999999997
1.4390509999999992
1.4394670000000005
1.4391730000000003
1.4391499999999997
-1.4392550000000002
-1.4390999999999998
-1.439412
-1.4390780000000003
-1.4392550000000002
-1.4390999999999998
-1.439412
-1.4390780000000003
-1.4392550000000002
-1.4390999999999998
-1.439412
-1.4390780000000003
-1.4392550000000002
-1.4390999999999998
-1.439412
-1.4390780000000003
-1.4392550000000002
-1.4390999999999998
-1.439412
-1.4390780000000003
-1.4392550000000002
-1.4390999999999998
-1.439412
-1.4390780000000003
-1.4392550000000002
-1.4390999999999998
-1.439412
-1.4390780000000003
-1.4392550000000002
-1.4390999999999998
-1.439412
-1.4390780000000003
-1.4392550000000002
-1.4390999999999998
-1.439412
-1.4390780000000003
-1.4392550000000002
-1.4390999999999998
-1.439412
-1.4390780000000003
-1.4392550000000002
-1.4390999999999998
-1.439412
-1.4390780000000003
-1.4392550000000002
-1.4390999999999998
-1.439412
-1.4390780000000003
-1.4392550000000002
-1.4390999999999998
-1.439412
-1.4390780000000003
-1.4392550000000002
-1.4390999999999998
-1.439412
-1.4390780000000003
-1.4392550000000002
-1.4390999999999998
-1.439412
-1.4390780000000003
-1.4392550000000002
-1.4390999999999998
-1.439412
-1.4390780000000003
-1.4392550000000002
-1.4390999999999998
-1.439412
-1.4390780000000003
-1.4392550000000002
-1.4390999999999998
-1.439412
-1.4390780000000003
-1.4392550000000002
-1.4390999999999998
-1.439412
-1.4390780000000003
-1.4392550000000002
-1.4390999999999998
-1.439412
-1.4390780000000003
-1.4392550000000002
-1.4390999999999998
-1.439412
-1.4390780000000003
-1.4392550000000002
-1.4390999999999998
-1.439412
-1.4390780000000003
-1.4392550000000002
-1.4390999999999998
-1.439412
-1.4390780000000003
-1.4392550000000002
-1.4390999999999998
-1.439412
-1.4390780000000003
-1.4392550000000002
-1.4390999999999998
-1.439412
-1.4390780000000003
-1.4392550000000002
-1.4390999999999998
-1.439412
-1.4390780000000003
-1.4392550000000002
-1.4390999999999998
-1.439412
-1.4390780000000003
