1.4323999999999995
1.4331180000000003
1.435575
1.4352060000000009
1.4323999999999995
1.4331180000000003
1.435575
1.4352060000000009
1.4323999999999995
1.4331180000000003
1.435575
1.4352060000000009
1.4323999999999995
1.4331180000000003
1.435575
1.4352060000000009
1.4323999999999995
1.4331180000000003
1.435575
1.4352060000000009
1.4323999999999995
1.4331180000000003
1.435575
1.4352060000000009
1.4323999999999995
1.4331180000000003
1.435575
1.4352060000000009
1.4323999999999995
1.4331180000000003
1.435575
1.4352060000000009
1.4323999999999995
1.4331180000000003
1.435575
1.4352060000000009
1.4323999999999995
1.4331180000000003
1.435575
1.4352060000000009
1.4323999999999995
1.4331180000000003
1.435575
1.4352060000000009
1.4323999999999995
1.4331180000000003
1.435575
1.4352060000000009
1.4323999999999995
1.4331180000000003
1.435575
1.4352060000000009
1.4323999999999995
1.4331180000000003
1.435575
1.4352060000000009
1.4323999999999995
1.4331180000000003
1.435575
1.4352060000000009
1.4323999999999995
1.4331180000000003
1.435575
1.4352060000000009
1.4323999999999995
1.4331180000000003
1.435575
1.4352060000000009
1.4323999999999995
1.4331180000000003
1.435575
1.4352060000000009
1.4323999999999995
1.4331180000000003
1.435575
1.4352060000000009
1.4323999999999995
1.4331180000000003
1.435575
1.4352060000000009
1.4323999999999995
1.4331180000000003
1.435575
1.4352060000000009
1.4323999999999995
1.4331180000000003
1.435575
1.4352060000000009
1.4323999999999995
1.4331180000000003
1.435575
1.4352060000000009
1.4323999999999995
1.4331180000000003
1.435575
1.4352060000000009
1.4323999999999995
1.4331180000000003
1.435575
1.4352060000000009
1.4323999999999995
1.4331180000000003
1.435575
1.4352060000000009
1.4323999999999995
1.4331180000000003
1.435575
1.4352060000000009
1.4323999999999995
1.4331180000000003
1.435575
1.4352060000000009
1.4323999999999995
1.4331180000000003
1.435575
1.4352060000000009
1.4323999999999995
1.4331180000000003
1.435575
1.4352060000000009
1.4323999999999995
1.4331180000000003
1.435575
1.4352060000000009
1.4323999999999995
1.4331180000000003
1.435575
1.4352060000000009
1.4323999999999995
1.4331180000000003
1.435575
1.4352060000000009
1.4323999999999995
1.4331180000000003
1.435575
1.4352060000000009
1.4323999999999995
1.4331180000000003
1.435575
1.4352060000000009
1.4323999999999995
1.4331180000000003
1.435575
1.4352060000000009
-1.4351599999999998
-1.4336960000000003
-1.4327899999999998
-1.434654
-1.4351599999999998
-1.4336960000000003
-1.4327899999999998
-1.434654
-1.4351599999999998
-1.4336960000000003
-1.4327899999999998
-1.434654
-1.4351599999999998
-1.4336960000000003
-1.4327899999999998
-1.434654
-1.4351599999999998
-1.4336960000000003
-1.4327899999999998
-1.434654
-1.4351599999999998
-1.4336960000000003
-1.4327899999999998
-1.434654
-1.4351599999999998
-1.4336960000000003
-1.4327899999999998
-1.434654
-1.4351599999999998
-1.4336960000000003
-1.4327899999999998
-1.434654
-1.4351599999999998
-1.4336960000000003
-1.4327899999999998
-1.434654
-1.4351599999999998
-1.4336960000000003
-1.4327899999999998
-1.434654
-1.4351599999999998
-1.4336960000000003
-1.4327899999999998
-1.434654
-1.4351599999999998
-1.4336960000000003
-1.4327899999999998
-1.434654
-1.4351599999999998
-1.4336960000000003
-1.4327899999999998
-1.434654
-1.4351599999999998
-1.4336960000000003
-1.4327899999999998
-1.434654
-1.4351599999999998
-1.4336960000000003
-1.4327899999999998
-1.434654
-1.4351599999999998
-1.4336960000000003
-1.4327899999999998
-1.434654
-1.4351599999999998
-1.4336960000000003
-1.4327899999999998
-1.434654
-1.4351599999999998
-1.4336960000000003
-1.4327899999999998
-1.434654
-1.4351599999999998
-1.4336960000000003
-1.4327899999999998
-1.434654
-1.4351599999999998
-1.4336960000000003
-1.4327899999999998
-1.434654
-1.4351599999999998
-1.4336960000000003
-1.4327899999999998
-1.434654
-1.4351599999999998
-1.4336960000000003
-1.4327899999999998
-1.434654
-1.4351599999999998
-1.4336960000000003
-1.4327899999999998
-1.434654
-1.4351599999999998
-1.4336960000000003
-1.4327899999999998
-1.434654
-1.4351599999999998
-1.4336960000000003
-1.4327899999999998
-1.434654
-1.4351599999999998
-1.4336960000000003
-1.4327899999999998
-1.434654
-1.4351599999999998
-1.4336960000000003
-1.4327899999999998
-1.434654
-1.4351599999999998
-1.4336960000000003
-1.4327899999999998
-1.434654
-1.4351599999999998
-1.4336960000000003
-1.4327899999999998
-1.434654
-1.4351599999999998
-1.4336960000000003
-1.4327899999999998
-1.434654
-1.4351599999999998
-1.4336960000000003
-1.4327899999999998
-1.434654
-1.4351599999999998
-1.4336960000000003
-1.4327899999999998
-1.434654
-1.4351599999999998
-1.4336960000000003
-1.4327899999999998
-1.434654
-1.4351599999999998
-1.4336960000000003
-1.4327899999999998
-1.434654
-1.4351599999999998
-1.4336960000000003
-1.4327899999999998
-1.434654
-1.4351599999999998
-1.4336960000000003
-1.4327899999999998
-1.434654
