1.452959
1.452947
1.452349
1.4531469999999995
1.452959
1.452947
1.452349
1.4531469999999995
1.452959
1.452947
1.452349
1.4531469999999995
1.452959
1.452947
1.452349
1.4531469999999995
1.452959
1.452947
1.452349
1.4531469999999995
1.452959
1.452947
1.452349
1.4531469999999995
1.452959
1.452947
1.452349
1.4531469999999995
1.452959
1.452947
1.452349
1.4531469999999995
1.452959
1.452947
1.452349
1.4531469999999995
1.452959
1.452947
1.452349
1.4531469999999995
1.452959
1.452947
1.452349
1.4531469999999995
1.452959
1.452947
1.452349
1.4531469999999995
1.452959
1.452947
1.452349
1.4531469999999995
1.452959
1.452947
1.452349
1.4531469999999995
1.452959
1.452947
1.452349
1.4531469999999995
1.452959
1.452947
1.452349
1.4531469999999995
1.452959
1.452947
1.452349
1.4531469999999995
1.452959
1.452947
1.452349
1.4531469999999995
1.452959
1.452947
1.452349
1.4531469999999995
1.452959
1.452947
1.452349
1.4531469999999995
1.452959
1.452947
1.452349
1.4531469999999995
1.452959
1.452947
1.452349
1.4531469999999995
1.452959
1.452947
1.452349
1.4531469999999995
1.452959
1.452947
1.452349
1.4531469999999995
1.452959
1.452947
1.452349
1.4531469999999995
1.452959
1.452947
1.452349
1.4531469999999995
1.452959
1.452947
1.452349
1.4531469999999995
-1.4515859999999998
-1.453634
-1.452827
-1.453353
-1.4515859999999998
-1.453634
-1.452827
-1.453353
-1.4515859999999998
-1.453634
-1.452827
-1.453353
-1.4515859999999998
-1.453634
-1.452827
-1.453353
-1.4515859999999998
-1.453634
-1.452827
-1.453353
-1.4515859999999998
-1.453634
-1.452827
-1.453353
-1.4515859999999998
-1.453634
-1.452827
-1.453353
-1.4515859999999998
-1.453634
-1.452827
-1.453353
-1.4515859999999998
-1.453634
-1.452827
-1.453353
-1.4515859999999998
-1.453634
-1.452827
-1.453353
-1.4515859999999998
-1.453634
-1.452827
-1.453353
-1.4515859999999998
-1.453634
-1.452827
-1.453353
-1.4515859999999998
-1.453634
-1.452827
-1.453353
-1.4515859999999998
-1.453634
-1.452827
-1.453353
-1.4515859999999998
-1.453634
-1.452827
-1.453353
-1.4515859999999998
-1.453634
-1.452827
-1.453353
-1.4515859999999998
-1.453634
-1.452827
-1.453353
-1.4515859999999998
-1.453634
-1.452827
-1.453353
-1.4515859999999998
-1.453634
-1.452827
-1.453353
-1.4515859999999998
-1.453634
-1.452827
-1.453353
-1.4515859999999998
-1.453634
-1.452827
-1.453353
-1.4515859999999998
-1.453634
-1.452827
-1.453353
-1.4515859999999998
-1.453634
-1.452827
-1.453353
-1.4515859999999998
-1.453634
-1.452827
-1.453353
-1.4515859999999998
-1.453634
-1.452827
-1.453353
-1.4515859999999998
-1.453634
-1.452827
-1.453353
-1.4515859999999998
-1.453634
-1.452827
-1.453353
