1.375356
1.3818380000000001
1.375356
1.3818380000000001
1.375356
1.3818380000000001
1.375356
1.3818380000000001
1.375356
1.3818380000000001
1.375356
1.3818380000000001
1.375356
1.3818380000000001
1.375356
1.3818380000000001
1.375356
1.3818380000000001
1.375356
1.3818380000000001
1.375356
1.3818380000000001
1.375356
1.3818380000000001
1.375356
1.3818380000000001
1.375356
1.3818380000000001
1.375356
1.3818380000000001
1.375356
1.3818380000000001
1.375356
1.3818380000000001
1.375356
1.3818380000000001
1.375356
1.3818380000000001
1.375356
1.3818380000000001
1.375356
1.3818380000000001
1.375356
1.3818380000000001
1.375356
1.3818380000000001
1.375356
1.3818380000000001
1.375356
1.3818380000000001
1.375356
1.3818380000000001
1.375356
1.3818380000000001
1.375356
1.3818380000000001
1.375356
1.3818380000000001
1.375356
1.3818380000000001
1.375356
1.3818380000000001
1.375356
1.3818380000000001
1.375356
1.3818380000000001
1.375356
1.3818380000000001
1.375356
1.3818380000000001
1.375356
1.3818380000000001
1.375356
1.3818380000000001
1.375356
1.3818380000000001
1.375356
1.3818380000000001
1.375356
1.3818380000000001
1.375356
1.3818380000000001
1.375356
1.3818380000000001
1.375356
1.3818380000000001
1.375356
1.3818380000000001
1.375356
1.3818380000000001
1.375356
1.3818380000000001
1.375356
1.3818380000000001
1.375356
1.3818380000000001
1.375356
1.3818380000000001
1.375356
1.3818380000000001
1.375356
1.3818380000000001
1.375356
1.3818380000000001
1.375356
1.3818380000000001
1.375356
1.3818380000000001
1.375356
1.3818380000000001
1.375356
1.3818380000000001
1.375356
1.3818380000000001
1.375356
1.3818380000000001
1.375356
1.3818380000000001
1.375356
1.3818380000000001
-1.3821950000000003
-1.375
-1.3821950000000003
-1.375
-1.3821950000000003
-1.375
-1.3821950000000003
-1.375
-1.3821950000000003
-1.375
-1.3821950000000003
-1.375
-1.3821950000000003
-1.375
-1.3821950000000003
-1.375
-1.3821950000000003
-1.375
-1.3821950000000003
-1.375
-1.3821950000000003
-1.375
-1.3821950000000003
-1.375
-1.3821950000000003
-1.375
-1.3821950000000003
-1.375
-1.3821950000000003
-1.375
-1.3821950000000003
-1.375
-1.3821950000000003
-1.375
-1.3821950000000003
-1.375
-1.3821950000000003
-1.375
-1.3821950000000003
-1.375
-1.3821950000000003
-1.375
-1.3821950000000003
-1.375
-1.3821950000000003
-1.375
-1.3821950000000003
-1.375
-1.3821950000000003
-1.375
-1.3821950000000003
-1.375
-1.3821950000000003
-1.375
-1.3821950000000003
-1.375
-1.3821950000000003
-1.375
-1.3821950000000003
-1.375
-1.3821950000000003
-1.375
-1.3821950000000003
-1.375
-1.3821950000000003
-1.375
-1.3821950000000003
-1.375
-1.3821950000000003
-1.375
-1.3821950000000003
-1.375
-1.3821950000000003
-1.375
-1.3821950000000003
-1.375
-1.3821950000000003
-1.375
-1.3821950000000003
-1.375
-1.3821950000000003
-1.375
-1.3821950000000003
-1.375
-1.3821950000000003
-1.375
-1.3821950000000003
-1.375
-1.3821950000000003
-1.375
-1.3821950000000003
-1.375
-1.3821950000000003
-1.375
-1.3821950000000003
-1.375
-1.3821950000000003
-1.375
-1.3821950000000003
-1.375
-1.3821950000000003
-1.375
-1.3821950000000003
-1.375
-1.3821950000000003
-1.375
-1.3821950000000003
-1.375
-1.3821950000000003
-1.375
-1.3821950000000003
-1.375
-1.3821950000000003
-1.375
-1.3821950000000003
-1.375
-1.3821950000000003
-1.375
-1.3821950000000003
-1.375
