1.4416309999999992
1.4058089999999996
1.4416309999999992
1.4058089999999996
1.4416309999999992
1.4058089999999996
1.4416309999999992
1.4058089999999996
1.4416309999999992
1.4058089999999996
1.4416309999999992
1.4058089999999996
1.4416309999999992
1.4058089999999996
1.4416309999999992
1.4058089999999996
1.4416309999999992
1.4058089999999996
1.4416309999999992
1.4058089999999996
1.4416309999999992
1.4058089999999996
1.4416309999999992
1.4058089999999996
1.4416309999999992
1.4058089999999996
1.4416309999999992
1.4058089999999996
1.4416309999999992
1.4058089999999996
1.4416309999999992
1.4058089999999996
1.4416309999999992
1.4058089999999996
1.4416309999999992
1.4058089999999996
1.4416309999999992
1.4058089999999996
1.4416309999999992
1.4058089999999996
1.4416309999999992
1.4058089999999996
1.4416309999999992
1.4058089999999996
1.4416309999999992
1.4058089999999996
1.4416309999999992
1.4058089999999996
1.4416309999999992
1.4058089999999996
1.4416309999999992
1.4058089999999996
1.4416309999999992
1.4058089999999996
1.4416309999999992
1.4058089999999996
1.4416309999999992
1.4058089999999996
1.4416309999999992
1.4058089999999996
1.4416309999999992
1.4058089999999996
1.4416309999999992
1.4058089999999996
1.4416309999999992
1.4058089999999996
1.4416309999999992
1.4058089999999996
1.4416309999999992
1.4058089999999996
1.4416309999999992
1.4058089999999996
1.4416309999999992
1.4058089999999996
1.4416309999999992
1.4058089999999996
1.4416309999999992
1.4058089999999996
1.4416309999999992
1.4058089999999996
1.4416309999999992
1.4058089999999996
1.4416309999999992
1.4058089999999996
1.4416309999999992
1.4058089999999996
1.4416309999999992
1.4058089999999996
1.4416309999999992
1.4058089999999996
1.4416309999999992
1.4058089999999996
1.4416309999999992
1.4058089999999996
1.4416309999999992
1.4058089999999996
-1.4157279999999997
-1.4317130000000002
-1.4157279999999997
-1.4317130000000002
-1.4157279999999997
-1.4317130000000002
-1.4157279999999997
-1.4317130000000002
-1.4157279999999997
-1.4317130000000002
-1.4157279999999997
-1.4317130000000002
-1.4157279999999997
-1.4317130000000002
-1.4157279999999997
-1.4317130000000002
-1.4157279999999997
-1.4317130000000002
-1.4157279999999997
-1.4317130000000002
-1.4157279999999997
-1.4317130000000002
-1.4157279999999997
-1.4317130000000002
-1.4157279999999997
-1.4317130000000002
-1.4157279999999997
-1.4317130000000002
-1.4157279999999997
-1.4317130000000002
-1.4157279999999997
-1.4317130000000002
-1.4157279999999997
-1.4317130000000002
-1.4157279999999997
-1.4317130000000002
-1.4157279999999997
-1.4317130000000002
-1.4157279999999997
-1.4317130000000002
-1.4157279999999997
-1.4317130000000002
-1.4157279999999997
-1.4317130000000002
-1.4157279999999997
-1.4317130000000002
-1.4157279999999997
-1.4317130000000002
-1.4157279999999997
-1.4317130000000002
-1.4157279999999997
-1.4317130000000002
-1.4157279999999997
-1.4317130000000002
-1.4157279999999997
-1.4317130000000002
-1.4157279999999997
-1.4317130000000002
-1.4157279999999997
-1.4317130000000002
-1.4157279999999997
-1.4317130000000002
-1.4157279999999997
-1.4317130000000002
-1.4157279999999997
-1.4317130000000002
-1.4157279999999997
-1.4317130000000002
-1.4157279999999997
-1.4317130000000002
-1.4157279999999997
-1.4317130000000002
-1.4157279999999997
-1.4317130000000002
-1.4157279999999997
-1.4317130000000002
-1.4157279999999997
-1.4317130000000002
-1.4157279999999997
-1.4317130000000002
-1.4157279999999997
-1.4317130000000002
-1.4157279999999997
-1.4317130000000002
-1.4157279999999997
-1.4317130000000002
-1.4157279999999997
-1.4317130000000002
-1.4157279999999997
-1.4317130000000002
-1.4157279999999997
-1.4317130000000002
-1.4157279999999997
-1.4317130000000002
-1.4157279999999997
-1.4317130000000002
