1.4522139999999997
1.447863
1.451428
1.4516760000000009
1.4522139999999997
1.447863
1.451428
1.4516760000000009
1.4522139999999997
1.447863
1.451428
1.4516760000000009
1.4522139999999997
1.447863
1.451428
1.4516760000000009
1.4522139999999997
1.447863
1.451428
1.4516760000000009
1.4522139999999997
1.447863
1.451428
1.4516760000000009
1.4522139999999997
1.447863
1.451428
1.4516760000000009
1.4522139999999997
1.447863
1.451428
1.4516760000000009
1.4522139999999997
1.447863
1.451428
1.4516760000000009
1.4522139999999997
1.447863
1.451428
1.4516760000000009
1.4522139999999997
1.447863
1.451428
1.4516760000000009
1.4522139999999997
1.447863
1.451428
1.4516760000000009
1.4522139999999997
1.447863
1.451428
1.4516760000000009
1.4522139999999997
1.447863
1.451428
1.4516760000000009
1.4522139999999997
1.447863
1.451428
1.4516760000000009
1.4522139999999997
1.447863
1.451428
1.4516760000000009
1.4522139999999997
1.447863
1.451428
1.4516760000000009
1.4522139999999997
1.447863
1.451428
1.4516760000000009
1.4522139999999997
1.447863
1.451428
1.4516760000000009
1.4522139999999997
1.447863
1.451428
1.4516760000000009
1.4522139999999997
1.447863
1.451428
1.4516760000000009
1.4522139999999997
1.447863
1.451428
1.4516760000000009
1.4522139999999997
1.447863
1.451428
1.4516760000000009
1.4522139999999997
1.447863
1.451428
1.4516760000000009
1.4522139999999997
1.447863
1.451428
1.4516760000000009
1.4522139999999997
1.447863
1.451428
1.4516760000000009
1.4522139999999997
1.447863
1.451428
1.4516760000000009
-1.4510180000000004
-1.4490020000000001
-1.4517600000000002
-1.4514019999999999
-1.4510180000000004
-1.4490020000000001
-1.4517600000000002
-1.4514019999999999
-1.4510180000000004
-1.4490020000000001
-1.4517600000000002
-1.4514019999999999
-1.4510180000000004
-1.4490020000000001
-1.4517600000000002
-1.4514019999999999
-1.4510180000000004
-1.4490020000000001
-1.4517600000000002
-1.4514019999999999
-1.4510180000000004
-1.4490020000000001
-1.4517600000000002
-1.4514019999999999
-1.4510180000000004
-1.4490020000000001
-1.4517600000000002
-1.4514019999999999
-1.4510180000000004
-1.4490020000000001
-1.4517600000000002
-1.4514019999999999
-1.4510180000000004
-1.4490020000000001
-1.4517600000000002
-1.4514019999999999
-1.4510180000000004
-1.4490020000000001
-1.4517600000000002
-1.4514019999999999
-1.4510180000000004
-1.4490020000000001
-1.4517600000000002
-1.4514019999999999
-1.4510180000000004
-1.4490020000000001
-1.4517600000000002
-1.4514019999999999
-1.4510180000000004
-1.4490020000000001
-1.4517600000000002
-1.4514019999999999
-1.4510180000000004
-1.4490020000000001
-1.4517600000000002
-1.4514019999999999
-1.4510180000000004
-1.4490020000000001
-1.4517600000000002
-1.4514019999999999
-1.4510180000000004
-1.4490020000000001
-1.4517600000000002
-1.4514019999999999
-1.4510180000000004
-1.4490020000000001
-1.4517600000000002
-1.4514019999999999
-1.4510180000000004
-1.4490020000000001
-1.4517600000000002
-1.4514019999999999
-1.4510180000000004
-1.4490020000000001
-1.4517600000000002
-1.4514019999999999
-1.4510180000000004
-1.4490020000000001
-1.4517600000000002
-1.4514019999999999
-1.4510180000000004
-1.4490020000000001
-1.4517600000000002
-1.4514019999999999
-1.4510180000000004
-1.4490020000000001
-1.4517600000000002
-1.4514019999999999
-1.4510180000000004
-1.4490020000000001
-1.4517600000000002
-1.4514019999999999
-1.4510180000000004
-1.4490020000000001
-1.4517600000000002
-1.4514019999999999
-1.4510180000000004
-1.4490020000000001
-1.4517600000000002
-1.4514019999999999
-1.4510180000000004
-1.4490020000000001
-1.4517600000000002
-1.4514019999999999
-1.4510180000000004
-1.4490020000000001
-1.4517600000000002
-1.4514019999999999
