1.4404380000000003
1.4403710000000007
1.4401829999999993
1.4407630000000005
1.4404380000000003
1.4403710000000007
1.4401829999999993
1.4407630000000005
1.4404380000000003
1.4403710000000007
1.4401829999999993
1.4407630000000005
1.4404380000000003
1.4403710000000007
1.4401829999999993
1.4407630000000005
1.4404380000000003
1.4403710000000007
1.4401829999999993
1.4407630000000005
1.4404380000000003
1.4403710000000007
1.4401829999999993
1.4407630000000005
1.4404380000000003
1.4403710000000007
1.4401829999999993
1.4407630000000005
1.4404380000000003
1.4403710000000007
1.4401829999999993
1.4407630000000005
1.4404380000000003
1.4403710000000007
1.4401829999999993
1.4407630000000005
1.4404380000000003
1.4403710000000007
1.4401829999999993
1.4407630000000005
1.4404380000000003
1.4403710000000007
1.4401829999999993
1.4407630000000005
1.4404380000000003
1.4403710000000007
1.4401829999999993
1.4407630000000005
1.4404380000000003
1.4403710000000007
1.4401829999999993
1.4407630000000005
1.4404380000000003
1.4403710000000007
1.4401829999999993
1.4407630000000005
1.4404380000000003
1.4403710000000007
1.4401829999999993
1.4407630000000005
1.4404380000000003
1.4403710000000007
1.4401829999999993
1.4407630000000005
1.4404380000000003
1.4403710000000007
1.4401829999999993
1.4407630000000005
1.4404380000000003
1.4403710000000007
1.4401829999999993
1.4407630000000005
1.4404380000000003
1.4403710000000007
1.4401829999999993
1.4407630000000005
1.4404380000000003
1.4403710000000007
1.4401829999999993
1.4407630000000005
1.4404380000000003
1.4403710000000007
1.4401829999999993
1.4407630000000005
1.4404380000000003
1.4403710000000007
1.4401829999999993
1.4407630000000005
1.4404380000000003
1.4403710000000007
1.4401829999999993
1.4407630000000005
1.4404380000000003
1.4403710000000007
1.4401829999999993
1.4407630000000005
1.4404380000000003
1.4403710000000007
1.4401829999999993
1.4407630000000005
1.4404380000000003
1.4403710000000007
1.4401829999999993
1.4407630000000005
1.4404380000000003
1.4403710000000007
1.4401829999999993
1.4407630000000005
1.4404380000000003
1.4403710000000007
1.4401829999999993
1.4407630000000005
1.4404380000000003
1.4403710000000007
1.4401829999999993
1.4407630000000005
1.4404380000000003
1.4403710000000007
1.4401829999999993
1.4407630000000005
1.4404380000000003
1.4403710000000007
1.4401829999999993
1.4407630000000005
1.4404380000000003
1.4403710000000007
1.4401829999999993
1.4407630000000005
1.4404380000000003
1.4403710000000007
1.4401829999999993
1.4407630000000005
1.4404380000000003
1.4403710000000007
1.4401829999999993
1.4407630000000005
1.4404380000000003
1.4403710000000007
1.4401829999999993
1.4407630000000005
1.4404380000000003
1.4403710000000007
1.4401829999999993
1.4407630000000005
-1.439324
-1.441026
-1.4407079999999999
-1.4406980000000003
-1.439324
-1.441026
-1.4407079999999999
-1.4406980000000003
-1.439324
-1.441026
-1.4407079999999999
-1.4406980000000003
-1.439324
-1.441026
-1.4407079999999999
-1.4406980000000003
-1.439324
-1.441026
-1.4407079999999999
-1.4406980000000003
-1.439324
-1.441026
-1.4407079999999999
-1.4406980000000003
-1.439324
-1.441026
-1.4407079999999999
-1.4406980000000003
-1.439324
-1.441026
-1.4407079999999999
-1.4406980000000003
-1.439324
-1.441026
-1.4407079999999999
-1.4406980000000003
-1.439324
-1.441026
-1.4407079999999999
-1.4406980000000003
-1.439324
-1.441026
-1.4407079999999999
-1.4406980000000003
-1.439324
-1.441026
-1.4407079999999999
-1.4406980000000003
-1.439324
-1.441026
-1.4407079999999999
-1.4406980000000003
-1.439324
-1.441026
-1.4407079999999999
-1.4406980000000003
-1.439324
-1.441026
-1.4407079999999999
-1.4406980000000003
-1.439324
-1.441026
-1.4407079999999999
-1.4406980000000003
-1.439324
-1.441026
-1.4407079999999999
-1.4406980000000003
-1.439324
-1.441026
-1.4407079999999999
-1.4406980000000003
-1.439324
-1.441026
-1.4407079999999999
-1.4406980000000003
-1.439324
-1.441026
-1.4407079999999999
-1.4406980000000003
-1.439324
-1.441026
-1.4407079999999999
-1.4406980000000003
-1.439324
-1.441026
-1.4407079999999999
-1.4406980000000003
-1.439324
-1.441026
-1.4407079999999999
-1.4406980000000003
-1.439324
-1.441026
-1.4407079999999999
-1.4406980000000003
-1.439324
-1.441026
-1.4407079999999999
-1.4406980000000003
-1.439324
-1.441026
-1.4407079999999999
-1.4406980000000003
-1.439324
-1.441026
-1.4407079999999999
-1.4406980000000003
-1.439324
-1.441026
-1.4407079999999999
-1.4406980000000003
-1.439324
-1.441026
-1.4407079999999999
-1.4406980000000003
-1.439324
-1.441026
-1.4407079999999999
-1.4406980000000003
-1.439324
-1.441026
-1.4407079999999999
-1.4406980000000003
-1.439324
-1.441026
-1.4407079999999999
-1.4406980000000003
-1.439324
-1.441026
-1.4407079999999999
-1.4406980000000003
-1.439324
-1.441026
-1.4407079999999999
-1.4406980000000003
-1.439324
-1.441026
-1.4407079999999999
-1.4406980000000003
-1.439324
-1.441026
-1.4407079999999999
-1.4406980000000003
