1.4025470000000002
1.4053909999999998
1.3637029999999992
1.3868430000000007
1.4025470000000002
1.4053909999999998
1.3637029999999992
1.3868430000000007
1.4025470000000002
1.4053909999999998
1.3637029999999992
1.3868430000000007
1.4025470000000002
1.4053909999999998
1.3637029999999992
1.3868430000000007
1.4025470000000002
1.4053909999999998
1.3637029999999992
1.3868430000000007
1.4025470000000002
1.4053909999999998
1.3637029999999992
1.3868430000000007
1.4025470000000002
1.4053909999999998
1.3637029999999992
1.3868430000000007
1.4025470000000002
1.4053909999999998
1.3637029999999992
1.3868430000000007
1.4025470000000002
1.4053909999999998
1.3637029999999992
1.3868430000000007
1.4025470000000002
1.4053909999999998
1.3637029999999992
1.3868430000000007
1.4025470000000002
1.4053909999999998
1.3637029999999992
1.3868430000000007
1.4025470000000002
1.4053909999999998
1.3637029999999992
1.3868430000000007
1.4025470000000002
1.4053909999999998
1.3637029999999992
1.3868430000000007
1.4025470000000002
1.4053909999999998
1.3637029999999992
1.3868430000000007
1.4025470000000002
1.4053909999999998
1.3637029999999992
1.3868430000000007
1.4025470000000002
1.4053909999999998
1.3637029999999992
1.3868430000000007
1.4025470000000002
1.4053909999999998
1.3637029999999992
1.3868430000000007
1.4025470000000002
1.4053909999999998
1.3637029999999992
1.3868430000000007
1.4025470000000002
1.4053909999999998
1.3637029999999992
1.3868430000000007
1.4025470000000002
1.4053909999999998
1.3637029999999992
1.3868430000000007
1.4025470000000002
1.4053909999999998
1.3637029999999992
1.3868430000000007
1.4025470000000002
1.4053909999999998
1.3637029999999992
1.3868430000000007
1.4025470000000002
1.4053909999999998
1.3637029999999992
1.3868430000000007
1.4025470000000002
1.4053909999999998
1.3637029999999992
1.3868430000000007
1.4025470000000002
1.4053909999999998
1.3637029999999992
1.3868430000000007
1.4025470000000002
1.4053909999999998
1.3637029999999992
1.3868430000000007
1.4025470000000002
1.4053909999999998
1.3637029999999992
1.3868430000000007
1.4025470000000002
1.4053909999999998
1.3637029999999992
1.3868430000000007
1.4025470000000002
1.4053909999999998
1.3637029999999992
1.3868430000000007
1.4025470000000002
1.4053909999999998
1.3637029999999992
1.3868430000000007
1.4025470000000002
1.4053909999999998
1.3637029999999992
1.3868430000000007
1.4025470000000002
1.4053909999999998
1.3637029999999992
1.3868430000000007
1.4025470000000002
1.4053909999999998
1.3637029999999992
1.3868430000000007
1.4025470000000002
1.4053909999999998
1.3637029999999992
1.3868430000000007
1.4025470000000002
1.4053909999999998
1.3637029999999992
1.3868430000000007
1.4025470000000002
1.4053909999999998
1.3637029999999992
1.3868430000000007
-1.401992
-1.39006
-1.3658830000000002
-1.4005460000000003
-1.401992
-1.39006
-1.3658830000000002
-1.4005460000000003
-1.401992
-1.39006
-1.3658830000000002
-1.4005460000000003
-1.401992
-1.39006
-1.3658830000000002
-1.4005460000000003
-1.401992
-1.39006
-1.3658830000000002
-1.4005460000000003
-1.401992
-1.39006
-1.3658830000000002
-1.4005460000000003
-1.401992
-1.39006
-1.3658830000000002
-1.4005460000000003
-1.401992
-1.39006
-1.3658830000000002
-1.4005460000000003
-1.401992
-1.39006
-1.3658830000000002
-1.4005460000000003
-1.401992
-1.39006
-1.3658830000000002
-1.4005460000000003
-1.401992
-1.39006
-1.3658830000000002
-1.4005460000000003
-1.401992
-1.39006
-1.3658830000000002
-1.4005460000000003
-1.401992
-1.39006
-1.3658830000000002
-1.4005460000000003
-1.401992
-1.39006
-1.3658830000000002
-1.4005460000000003
-1.401992
-1.39006
-1.3658830000000002
-1.4005460000000003
-1.401992
-1.39006
-1.3658830000000002
-1.4005460000000003
-1.401992
-1.39006
-1.3658830000000002
-1.4005460000000003
-1.401992
-1.39006
-1.3658830000000002
-1.4005460000000003
-1.401992
-1.39006
-1.3658830000000002
-1.4005460000000003
-1.401992
-1.39006
-1.3658830000000002
-1.4005460000000003
-1.401992
-1.39006
-1.3658830000000002
-1.4005460000000003
-1.401992
-1.39006
-1.3658830000000002
-1.4005460000000003
-1.401992
-1.39006
-1.3658830000000002
-1.4005460000000003
-1.401992
-1.39006
-1.3658830000000002
-1.4005460000000003
-1.401992
-1.39006
-1.3658830000000002
-1.4005460000000003
-1.401992
-1.39006
-1.3658830000000002
-1.4005460000000003
-1.401992
-1.39006
-1.3658830000000002
-1.4005460000000003
-1.401992
-1.39006
-1.3658830000000002
-1.4005460000000003
-1.401992
-1.39006
-1.3658830000000002
-1.4005460000000003
-1.401992
-1.39006
-1.3658830000000002
-1.4005460000000003
-1.401992
-1.39006
-1.3658830000000002
-1.4005460000000003
-1.401992
-1.39006
-1.3658830000000002
-1.4005460000000003
-1.401992
-1.39006
-1.3658830000000002
-1.4005460000000003
-1.401992
-1.39006
-1.3658830000000002
-1.4005460000000003
-1.401992
-1.39006
-1.3658830000000002
-1.4005460000000003
-1.401992
-1.39006
-1.3658830000000002
-1.4005460000000003
