1.1143970000000003
1.1143970000000003
1.1143970000000003
1.1143970000000003
1.1143970000000003
1.1143970000000003
1.1143970000000003
1.1143970000000003
1.1143970000000003
1.1143970000000003
1.1143970000000003
1.1143970000000003
1.1143970000000003
1.1143970000000003
1.1143970000000003
1.1143970000000003
1.1143970000000003
1.1143970000000003
1.1143970000000003
1.1143970000000003
1.1143970000000003
1.1143970000000003
1.1143970000000003
1.1143970000000003
1.1143970000000003
1.1143970000000003
1.1143970000000003
-1.114395
-1.114395
-1.114395
-1.114395
-1.114395
-1.114395
-1.114395
-1.114395
-1.114395
-1.114395
-1.114395
-1.114395
-1.114395
-1.114395
-1.114395
-1.114395
-1.114395
-1.114395
-1.114395
-1.114395
-1.114395
-1.114395
-1.114395
-1.114395
-1.114395
-1.114395
-1.114395
