1.4382359999999998
1.436109
1.4344599999999996
1.4366590000000006
1.4382359999999998
1.436109
1.4344599999999996
1.4366590000000006
1.4382359999999998
1.436109
1.4344599999999996
1.4366590000000006
1.4382359999999998
1.436109
1.4344599999999996
1.4366590000000006
1.4382359999999998
1.436109
1.4344599999999996
1.4366590000000006
1.4382359999999998
1.436109
1.4344599999999996
1.4366590000000006
1.4382359999999998
1.436109
1.4344599999999996
1.4366590000000006
1.4382359999999998
1.436109
1.4344599999999996
1.4366590000000006
1.4382359999999998
1.436109
1.4344599999999996
1.4366590000000006
1.4382359999999998
1.436109
1.4344599999999996
1.4366590000000006
1.4382359999999998
1.436109
1.4344599999999996
1.4366590000000006
1.4382359999999998
1.436109
1.4344599999999996
1.4366590000000006
1.4382359999999998
1.436109
1.4344599999999996
1.4366590000000006
1.4382359999999998
1.436109
1.4344599999999996
1.4366590000000006
1.4382359999999998
1.436109
1.4344599999999996
1.4366590000000006
1.4382359999999998
1.436109
1.4344599999999996
1.4366590000000006
1.4382359999999998
1.436109
1.4344599999999996
1.4366590000000006
1.4382359999999998
1.436109
1.4344599999999996
1.4366590000000006
1.4382359999999998
1.436109
1.4344599999999996
1.4366590000000006
1.4382359999999998
1.436109
1.4344599999999996
1.4366590000000006
1.4382359999999998
1.436109
1.4344599999999996
1.4366590000000006
1.4382359999999998
1.436109
1.4344599999999996
1.4366590000000006
1.4382359999999998
1.436109
1.4344599999999996
1.4366590000000006
1.4382359999999998
1.436109
1.4344599999999996
1.4366590000000006
1.4382359999999998
1.436109
1.4344599999999996
1.4366590000000006
1.4382359999999998
1.436109
1.4344599999999996
1.4366590000000006
1.4382359999999998
1.436109
1.4344599999999996
1.4366590000000006
1.4382359999999998
1.436109
1.4344599999999996
1.4366590000000006
1.4382359999999998
1.436109
1.4344599999999996
1.4366590000000006
1.4382359999999998
1.436109
1.4344599999999996
1.4366590000000006
1.4382359999999998
1.436109
1.4344599999999996
1.4366590000000006
1.4382359999999998
1.436109
1.4344599999999996
1.4366590000000006
1.4382359999999998
1.436109
1.4344599999999996
1.4366590000000006
1.4382359999999998
1.436109
1.4344599999999996
1.4366590000000006
1.4382359999999998
1.436109
1.4344599999999996
1.4366590000000006
1.4382359999999998
1.436109
1.4344599999999996
1.4366590000000006
-1.437672
-1.4365439999999996
-1.4347659999999998
-1.436483
-1.437672
-1.4365439999999996
-1.4347659999999998
-1.436483
-1.437672
-1.4365439999999996
-1.4347659999999998
-1.436483
-1.437672
-1.4365439999999996
-1.4347659999999998
-1.436483
-1.437672
-1.4365439999999996
-1.4347659999999998
-1.436483
-1.437672
-1.4365439999999996
-1.4347659999999998
-1.436483
-1.437672
-1.4365439999999996
-1.4347659999999998
-1.436483
-1.437672
-1.4365439999999996
-1.4347659999999998
-1.436483
-1.437672
-1.4365439999999996
-1.4347659999999998
-1.436483
-1.437672
-1.4365439999999996
-1.4347659999999998
-1.436483
-1.437672
-1.4365439999999996
-1.4347659999999998
-1.436483
-1.437672
-1.4365439999999996
-1.4347659999999998
-1.436483
-1.437672
-1.4365439999999996
-1.4347659999999998
-1.436483
-1.437672
-1.4365439999999996
-1.4347659999999998
-1.436483
-1.437672
-1.4365439999999996
-1.4347659999999998
-1.436483
-1.437672
-1.4365439999999996
-1.4347659999999998
-1.436483
-1.437672
-1.4365439999999996
-1.4347659999999998
-1.436483
-1.437672
-1.4365439999999996
-1.4347659999999998
-1.436483
-1.437672
-1.4365439999999996
-1.4347659999999998
-1.436483
-1.437672
-1.4365439999999996
-1.4347659999999998
-1.436483
-1.437672
-1.4365439999999996
-1.4347659999999998
-1.436483
-1.437672
-1.4365439999999996
-1.4347659999999998
-1.436483
-1.437672
-1.4365439999999996
-1.4347659999999998
-1.436483
-1.437672
-1.4365439999999996
-1.4347659999999998
-1.436483
-1.437672
-1.4365439999999996
-1.4347659999999998
-1.436483
-1.437672
-1.4365439999999996
-1.4347659999999998
-1.436483
-1.437672
-1.4365439999999996
-1.4347659999999998
-1.436483
-1.437672
-1.4365439999999996
-1.4347659999999998
-1.436483
-1.437672
-1.4365439999999996
-1.4347659999999998
-1.436483
-1.437672
-1.4365439999999996
-1.4347659999999998
-1.436483
-1.437672
-1.4365439999999996
-1.4347659999999998
-1.436483
-1.437672
-1.4365439999999996
-1.4347659999999998
-1.436483
-1.437672
-1.4365439999999996
-1.4347659999999998
-1.436483
-1.437672
-1.4365439999999996
-1.4347659999999998
-1.436483
-1.437672
-1.4365439999999996
-1.4347659999999998
-1.436483
-1.437672
-1.4365439999999996
-1.4347659999999998
-1.436483
