1.4343939999999993
1.4266229999999993
1.4302390000000003
1.4320400000000006
1.4343939999999993
1.4266229999999993
1.4302390000000003
1.4320400000000006
1.4343939999999993
1.4266229999999993
1.4302390000000003
1.4320400000000006
1.4343939999999993
1.4266229999999993
1.4302390000000003
1.4320400000000006
1.4343939999999993
1.4266229999999993
1.4302390000000003
1.4320400000000006
1.4343939999999993
1.4266229999999993
1.4302390000000003
1.4320400000000006
1.4343939999999993
1.4266229999999993
1.4302390000000003
1.4320400000000006
1.4343939999999993
1.4266229999999993
1.4302390000000003
1.4320400000000006
1.4343939999999993
1.4266229999999993
1.4302390000000003
1.4320400000000006
1.4343939999999993
1.4266229999999993
1.4302390000000003
1.4320400000000006
1.4343939999999993
1.4266229999999993
1.4302390000000003
1.4320400000000006
1.4343939999999993
1.4266229999999993
1.4302390000000003
1.4320400000000006
1.4343939999999993
1.4266229999999993
1.4302390000000003
1.4320400000000006
1.4343939999999993
1.4266229999999993
1.4302390000000003
1.4320400000000006
1.4343939999999993
1.4266229999999993
1.4302390000000003
1.4320400000000006
1.4343939999999993
1.4266229999999993
1.4302390000000003
1.4320400000000006
1.4343939999999993
1.4266229999999993
1.4302390000000003
1.4320400000000006
1.4343939999999993
1.4266229999999993
1.4302390000000003
1.4320400000000006
1.4343939999999993
1.4266229999999993
1.4302390000000003
1.4320400000000006
1.4343939999999993
1.4266229999999993
1.4302390000000003
1.4320400000000006
1.4343939999999993
1.4266229999999993
1.4302390000000003
1.4320400000000006
1.4343939999999993
1.4266229999999993
1.4302390000000003
1.4320400000000006
1.4343939999999993
1.4266229999999993
1.4302390000000003
1.4320400000000006
1.4343939999999993
1.4266229999999993
1.4302390000000003
1.4320400000000006
1.4343939999999993
1.4266229999999993
1.4302390000000003
1.4320400000000006
1.4343939999999993
1.4266229999999993
1.4302390000000003
1.4320400000000006
1.4343939999999993
1.4266229999999993
1.4302390000000003
1.4320400000000006
1.4343939999999993
1.4266229999999993
1.4302390000000003
1.4320400000000006
1.4343939999999993
1.4266229999999993
1.4302390000000003
1.4320400000000006
1.4343939999999993
1.4266229999999993
1.4302390000000003
1.4320400000000006
1.4343939999999993
1.4266229999999993
1.4302390000000003
1.4320400000000006
1.4343939999999993
1.4266229999999993
1.4302390000000003
1.4320400000000006
1.4343939999999993
1.4266229999999993
1.4302390000000003
1.4320400000000006
1.4343939999999993
1.4266229999999993
1.4302390000000003
1.4320400000000006
1.4343939999999993
1.4266229999999993
1.4302390000000003
1.4320400000000006
1.4343939999999993
1.4266229999999993
1.4302390000000003
1.4320400000000006
-1.4324899999999996
-1.4302169999999998
-1.432614
-1.4279760000000001
-1.4324899999999996
-1.4302169999999998
-1.432614
-1.4279760000000001
-1.4324899999999996
-1.4302169999999998
-1.432614
-1.4279760000000001
-1.4324899999999996
-1.4302169999999998
-1.432614
-1.4279760000000001
-1.4324899999999996
-1.4302169999999998
-1.432614
-1.4279760000000001
-1.4324899999999996
-1.4302169999999998
-1.432614
-1.4279760000000001
-1.4324899999999996
-1.4302169999999998
-1.432614
-1.4279760000000001
-1.4324899999999996
-1.4302169999999998
-1.432614
-1.4279760000000001
-1.4324899999999996
-1.4302169999999998
-1.432614
-1.4279760000000001
-1.4324899999999996
-1.4302169999999998
-1.432614
-1.4279760000000001
-1.4324899999999996
-1.4302169999999998
-1.432614
-1.4279760000000001
-1.4324899999999996
-1.4302169999999998
-1.432614
-1.4279760000000001
-1.4324899999999996
-1.4302169999999998
-1.432614
-1.4279760000000001
-1.4324899999999996
-1.4302169999999998
-1.432614
-1.4279760000000001
-1.4324899999999996
-1.4302169999999998
-1.432614
-1.4279760000000001
-1.4324899999999996
-1.4302169999999998
-1.432614
-1.4279760000000001
-1.4324899999999996
-1.4302169999999998
-1.432614
-1.4279760000000001
-1.4324899999999996
-1.4302169999999998
-1.432614
-1.4279760000000001
-1.4324899999999996
-1.4302169999999998
-1.432614
-1.4279760000000001
-1.4324899999999996
-1.4302169999999998
-1.432614
-1.4279760000000001
-1.4324899999999996
-1.4302169999999998
-1.432614
-1.4279760000000001
-1.4324899999999996
-1.4302169999999998
-1.432614
-1.4279760000000001
-1.4324899999999996
-1.4302169999999998
-1.432614
-1.4279760000000001
-1.4324899999999996
-1.4302169999999998
-1.432614
-1.4279760000000001
-1.4324899999999996
-1.4302169999999998
-1.432614
-1.4279760000000001
-1.4324899999999996
-1.4302169999999998
-1.432614
-1.4279760000000001
-1.4324899999999996
-1.4302169999999998
-1.432614
-1.4279760000000001
-1.4324899999999996
-1.4302169999999998
-1.432614
-1.4279760000000001
-1.4324899999999996
-1.4302169999999998
-1.432614
-1.4279760000000001
-1.4324899999999996
-1.4302169999999998
-1.432614
-1.4279760000000001
-1.4324899999999996
-1.4302169999999998
-1.432614
-1.4279760000000001
-1.4324899999999996
-1.4302169999999998
-1.432614
-1.4279760000000001
-1.4324899999999996
-1.4302169999999998
-1.432614
-1.4279760000000001
-1.4324899999999996
-1.4302169999999998
-1.432614
-1.4279760000000001
-1.4324899999999996
-1.4302169999999998
-1.432614
-1.4279760000000001
-1.4324899999999996
-1.4302169999999998
-1.432614
-1.4279760000000001
