1.3927779999999998
1.3920069999999996
1.3888449999999999
1.4069710000000004
1.3927779999999998
1.3920069999999996
1.3888449999999999
1.4069710000000004
1.3927779999999998
1.3920069999999996
1.3888449999999999
1.4069710000000004
1.3927779999999998
1.3920069999999996
1.3888449999999999
1.4069710000000004
1.3927779999999998
1.3920069999999996
1.3888449999999999
1.4069710000000004
1.3927779999999998
1.3920069999999996
1.3888449999999999
1.4069710000000004
1.3927779999999998
1.3920069999999996
1.3888449999999999
1.4069710000000004
1.3927779999999998
1.3920069999999996
1.3888449999999999
1.4069710000000004
1.3927779999999998
1.3920069999999996
1.3888449999999999
1.4069710000000004
1.3927779999999998
1.3920069999999996
1.3888449999999999
1.4069710000000004
1.3927779999999998
1.3920069999999996
1.3888449999999999
1.4069710000000004
1.3927779999999998
1.3920069999999996
1.3888449999999999
1.4069710000000004
1.3927779999999998
1.3920069999999996
1.3888449999999999
1.4069710000000004
1.3927779999999998
1.3920069999999996
1.3888449999999999
1.4069710000000004
1.3927779999999998
1.3920069999999996
1.3888449999999999
1.4069710000000004
1.3927779999999998
1.3920069999999996
1.3888449999999999
1.4069710000000004
1.3927779999999998
1.3920069999999996
1.3888449999999999
1.4069710000000004
1.3927779999999998
1.3920069999999996
1.3888449999999999
1.4069710000000004
1.3927779999999998
1.3920069999999996
1.3888449999999999
1.4069710000000004
1.3927779999999998
1.3920069999999996
1.3888449999999999
1.4069710000000004
1.3927779999999998
1.3920069999999996
1.3888449999999999
1.4069710000000004
1.3927779999999998
1.3920069999999996
1.3888449999999999
1.4069710000000004
1.3927779999999998
1.3920069999999996
1.3888449999999999
1.4069710000000004
1.3927779999999998
1.3920069999999996
1.3888449999999999
1.4069710000000004
1.3927779999999998
1.3920069999999996
1.3888449999999999
1.4069710000000004
1.3927779999999998
1.3920069999999996
1.3888449999999999
1.4069710000000004
1.3927779999999998
1.3920069999999996
1.3888449999999999
1.4069710000000004
1.3927779999999998
1.3920069999999996
1.3888449999999999
1.4069710000000004
1.3927779999999998
1.3920069999999996
1.3888449999999999
1.4069710000000004
1.3927779999999998
1.3920069999999996
1.3888449999999999
1.4069710000000004
1.3927779999999998
1.3920069999999996
1.3888449999999999
1.4069710000000004
1.3927779999999998
1.3920069999999996
1.3888449999999999
1.4069710000000004
1.3927779999999998
1.3920069999999996
1.3888449999999999
1.4069710000000004
1.3927779999999998
1.3920069999999996
1.3888449999999999
1.4069710000000004
1.3927779999999998
1.3920069999999996
1.3888449999999999
1.4069710000000004
1.3927779999999998
1.3920069999999996
1.3888449999999999
1.4069710000000004
1.3927779999999998
1.3920069999999996
1.3888449999999999
1.4069710000000004
1.3927779999999998
1.3920069999999996
1.3888449999999999
1.4069710000000004
1.3927779999999998
1.3920069999999996
1.3888449999999999
1.4069710000000004
1.3927779999999998
1.3920069999999996
1.3888449999999999
1.4069710000000004
1.3927779999999998
1.3920069999999996
1.3888449999999999
1.4069710000000004
1.3927779999999998
1.3920069999999996
1.3888449999999999
1.4069710000000004
1.3927779999999998
1.3920069999999996
1.3888449999999999
1.4069710000000004
1.3927779999999998
1.3920069999999996
1.3888449999999999
1.4069710000000004
1.3927779999999998
1.3920069999999996
1.3888449999999999
1.4069710000000004
1.3927779999999998
1.3920069999999996
1.3888449999999999
1.4069710000000004
1.3927779999999998
1.3920069999999996
1.3888449999999999
1.4069710000000004
1.3927779999999998
1.3920069999999996
1.3888449999999999
1.4069710000000004
-1.3918540000000004
-1.3942449999999997
-1.39398
-1.4005239999999999
-1.3918540000000004
-1.3942449999999997
-1.39398
-1.4005239999999999
-1.3918540000000004
-1.3942449999999997
-1.39398
-1.4005239999999999
-1.3918540000000004
-1.3942449999999997
-1.39398
-1.4005239999999999
-1.3918540000000004
-1.3942449999999997
-1.39398
-1.4005239999999999
-1.3918540000000004
-1.3942449999999997
-1.39398
-1.4005239999999999
-1.3918540000000004
-1.3942449999999997
-1.39398
-1.4005239999999999
-1.3918540000000004
-1.3942449999999997
-1.39398
-1.4005239999999999
-1.3918540000000004
-1.3942449999999997
-1.39398
-1.4005239999999999
-1.3918540000000004
-1.3942449999999997
-1.39398
-1.4005239999999999
-1.3918540000000004
-1.3942449999999997
-1.39398
-1.4005239999999999
-1.3918540000000004
-1.3942449999999997
-1.39398
-1.4005239999999999
-1.3918540000000004
-1.3942449999999997
-1.39398
-1.4005239999999999
-1.3918540000000004
-1.3942449999999997
-1.39398
-1.4005239999999999
-1.3918540000000004
-1.3942449999999997
-1.39398
-1.4005239999999999
-1.3918540000000004
-1.3942449999999997
-1.39398
-1.4005239999999999
-1.3918540000000004
-1.3942449999999997
-1.39398
-1.4005239999999999
-1.3918540000000004
-1.3942449999999997
-1.39398
-1.4005239999999999
-1.3918540000000004
-1.3942449999999997
-1.39398
-1.4005239999999999
-1.3918540000000004
-1.3942449999999997
-1.39398
-1.4005239999999999
-1.3918540000000004
-1.3942449999999997
-1.39398
-1.4005239999999999
-1.3918540000000004
-1.3942449999999997
-1.39398
-1.4005239999999999
-1.3918540000000004
-1.3942449999999997
-1.39398
-1.4005239999999999
-1.3918540000000004
-1.3942449999999997
-1.39398
-1.4005239999999999
-1.3918540000000004
-1.3942449999999997
-1.39398
-1.4005239999999999
-1.3918540000000004
-1.3942449999999997
-1.39398
-1.4005239999999999
-1.3918540000000004
-1.3942449999999997
-1.39398
-1.4005239999999999
-1.3918540000000004
-1.3942449999999997
-1.39398
-1.4005239999999999
-1.3918540000000004
-1.3942449999999997
-1.39398
-1.4005239999999999
-1.3918540000000004
-1.3942449999999997
-1.39398
-1.4005239999999999
-1.3918540000000004
-1.3942449999999997
-1.39398
-1.4005239999999999
-1.3918540000000004
-1.3942449999999997
-1.39398
-1.4005239999999999
-1.3918540000000004
-1.3942449999999997
-1.39398
-1.4005239999999999
-1.3918540000000004
-1.3942449999999997
-1.39398
-1.4005239999999999
-1.3918540000000004
-1.3942449999999997
-1.39398
-1.4005239999999999
-1.3918540000000004
-1.3942449999999997
-1.39398
-1.4005239999999999
-1.3918540000000004
-1.3942449999999997
-1.39398
-1.4005239999999999
-1.3918540000000004
-1.3942449999999997
-1.39398
-1.4005239999999999
-1.3918540000000004
-1.3942449999999997
-1.39398
-1.4005239999999999
-1.3918540000000004
-1.3942449999999997
-1.39398
-1.4005239999999999
-1.3918540000000004
-1.3942449999999997
-1.39398
-1.4005239999999999
-1.3918540000000004
-1.3942449999999997
-1.39398
-1.4005239999999999
-1.3918540000000004
-1.3942449999999997
-1.39398
-1.4005239999999999
-1.3918540000000004
-1.3942449999999997
-1.39398
-1.4005239999999999
-1.3918540000000004
-1.3942449999999997
-1.39398
-1.4005239999999999
-1.3918540000000004
-1.3942449999999997
-1.39398
-1.4005239999999999
-1.3918540000000004
-1.3942449999999997
-1.39398
-1.4005239999999999
-1.3918540000000004
-1.3942449999999997
-1.39398
-1.4005239999999999
