1.328709
1.3324119999999997
1.328709
1.3324119999999997
1.328709
1.3324119999999997
1.328709
1.3324119999999997
1.328709
1.3324119999999997
1.328709
1.3324119999999997
1.328709
1.3324119999999997
1.328709
1.3324119999999997
1.328709
1.3324119999999997
1.328709
1.3324119999999997
1.328709
1.3324119999999997
1.328709
1.3324119999999997
1.328709
1.3324119999999997
1.328709
1.3324119999999997
1.328709
1.3324119999999997
1.328709
1.3324119999999997
1.328709
1.3324119999999997
1.328709
1.3324119999999997
1.328709
1.3324119999999997
1.328709
1.3324119999999997
1.328709
1.3324119999999997
1.328709
1.3324119999999997
1.328709
1.3324119999999997
1.328709
1.3324119999999997
1.328709
1.3324119999999997
1.328709
1.3324119999999997
1.328709
1.3324119999999997
1.328709
1.3324119999999997
1.328709
1.3324119999999997
1.328709
1.3324119999999997
1.328709
1.3324119999999997
1.328709
1.3324119999999997
1.328709
1.3324119999999997
1.328709
1.3324119999999997
1.328709
1.3324119999999997
1.328709
1.3324119999999997
1.328709
1.3324119999999997
1.328709
1.3324119999999997
1.328709
1.3324119999999997
1.328709
1.3324119999999997
1.328709
1.3324119999999997
1.328709
1.3324119999999997
1.328709
1.3324119999999997
1.328709
1.3324119999999997
1.328709
1.3324119999999997
-1.327121
-1.3340009999999998
-1.327121
-1.3340009999999998
-1.327121
-1.3340009999999998
-1.327121
-1.3340009999999998
-1.327121
-1.3340009999999998
-1.327121
-1.3340009999999998
-1.327121
-1.3340009999999998
-1.327121
-1.3340009999999998
-1.327121
-1.3340009999999998
-1.327121
-1.3340009999999998
-1.327121
-1.3340009999999998
-1.327121
-1.3340009999999998
-1.327121
-1.3340009999999998
-1.327121
-1.3340009999999998
-1.327121
-1.3340009999999998
-1.327121
-1.3340009999999998
-1.327121
-1.3340009999999998
-1.327121
-1.3340009999999998
-1.327121
-1.3340009999999998
-1.327121
-1.3340009999999998
-1.327121
-1.3340009999999998
-1.327121
-1.3340009999999998
-1.327121
-1.3340009999999998
-1.327121
-1.3340009999999998
-1.327121
-1.3340009999999998
-1.327121
-1.3340009999999998
-1.327121
-1.3340009999999998
-1.327121
-1.3340009999999998
-1.327121
-1.3340009999999998
-1.327121
-1.3340009999999998
-1.327121
-1.3340009999999998
-1.327121
-1.3340009999999998
-1.327121
-1.3340009999999998
-1.327121
-1.3340009999999998
-1.327121
-1.3340009999999998
-1.327121
-1.3340009999999998
-1.327121
-1.3340009999999998
-1.327121
-1.3340009999999998
-1.327121
-1.3340009999999998
-1.327121
-1.3340009999999998
-1.327121
-1.3340009999999998
-1.327121
-1.3340009999999998
-1.327121
-1.3340009999999998
-1.327121
-1.3340009999999998
-1.327121
-1.3340009999999998
