1.1531610000000008
1.3111219999999992
1.410387
1.3573269999999997
1.1531610000000008
1.3111219999999992
1.410387
1.3573269999999997
1.1531610000000008
1.3111219999999992
1.410387
1.3573269999999997
1.1531610000000008
1.3111219999999992
1.410387
1.3573269999999997
1.1531610000000008
1.3111219999999992
1.410387
1.3573269999999997
1.1531610000000008
1.3111219999999992
1.410387
1.3573269999999997
1.1531610000000008
1.3111219999999992
1.410387
1.3573269999999997
1.1531610000000008
1.3111219999999992
1.410387
1.3573269999999997
1.1531610000000008
1.3111219999999992
1.410387
1.3573269999999997
1.1531610000000008
1.3111219999999992
1.410387
1.3573269999999997
1.1531610000000008
1.3111219999999992
1.410387
1.3573269999999997
1.1531610000000008
1.3111219999999992
1.410387
1.3573269999999997
1.1531610000000008
1.3111219999999992
1.410387
1.3573269999999997
1.1531610000000008
1.3111219999999992
1.410387
1.3573269999999997
1.1531610000000008
1.3111219999999992
1.410387
1.3573269999999997
1.1531610000000008
1.3111219999999992
1.410387
1.3573269999999997
1.1531610000000008
1.3111219999999992
1.410387
1.3573269999999997
1.1531610000000008
1.3111219999999992
1.410387
1.3573269999999997
1.1531610000000008
1.3111219999999992
1.410387
1.3573269999999997
1.1531610000000008
1.3111219999999992
1.410387
1.3573269999999997
1.1531610000000008
1.3111219999999992
1.410387
1.3573269999999997
1.1531610000000008
1.3111219999999992
1.410387
1.3573269999999997
1.1531610000000008
1.3111219999999992
1.410387
1.3573269999999997
1.1531610000000008
1.3111219999999992
1.410387
1.3573269999999997
1.1531610000000008
1.3111219999999992
1.410387
1.3573269999999997
1.1531610000000008
1.3111219999999992
1.410387
1.3573269999999997
1.1531610000000008
1.3111219999999992
1.410387
1.3573269999999997
1.1531610000000008
1.3111219999999992
1.410387
1.3573269999999997
1.1531610000000008
1.3111219999999992
1.410387
1.3573269999999997
1.1531610000000008
1.3111219999999992
1.410387
1.3573269999999997
-1.33838
-1.2932129999999997
-1.2919359999999998
-1.3084689999999997
-1.33838
-1.2932129999999997
-1.2919359999999998
-1.3084689999999997
-1.33838
-1.2932129999999997
-1.2919359999999998
-1.3084689999999997
-1.33838
-1.2932129999999997
-1.2919359999999998
-1.3084689999999997
-1.33838
-1.2932129999999997
-1.2919359999999998
-1.3084689999999997
-1.33838
-1.2932129999999997
-1.2919359999999998
-1.3084689999999997
-1.33838
-1.2932129999999997
-1.2919359999999998
-1.3084689999999997
-1.33838
-1.2932129999999997
-1.2919359999999998
-1.3084689999999997
-1.33838
-1.2932129999999997
-1.2919359999999998
-1.3084689999999997
-1.33838
-1.2932129999999997
-1.2919359999999998
-1.3084689999999997
-1.33838
-1.2932129999999997
-1.2919359999999998
-1.3084689999999997
-1.33838
-1.2932129999999997
-1.2919359999999998
-1.3084689999999997
-1.33838
-1.2932129999999997
-1.2919359999999998
-1.3084689999999997
-1.33838
-1.2932129999999997
-1.2919359999999998
-1.3084689999999997
-1.33838
-1.2932129999999997
-1.2919359999999998
-1.3084689999999997
-1.33838
-1.2932129999999997
-1.2919359999999998
-1.3084689999999997
-1.33838
-1.2932129999999997
-1.2919359999999998
-1.3084689999999997
-1.33838
-1.2932129999999997
-1.2919359999999998
-1.3084689999999997
-1.33838
-1.2932129999999997
-1.2919359999999998
-1.3084689999999997
-1.33838
-1.2932129999999997
-1.2919359999999998
-1.3084689999999997
-1.33838
-1.2932129999999997
-1.2919359999999998
-1.3084689999999997
-1.33838
-1.2932129999999997
-1.2919359999999998
-1.3084689999999997
-1.33838
-1.2932129999999997
-1.2919359999999998
-1.3084689999999997
-1.33838
-1.2932129999999997
-1.2919359999999998
-1.3084689999999997
-1.33838
-1.2932129999999997
-1.2919359999999998
-1.3084689999999997
-1.33838
-1.2932129999999997
-1.2919359999999998
-1.3084689999999997
-1.33838
-1.2932129999999997
-1.2919359999999998
-1.3084689999999997
-1.33838
-1.2932129999999997
-1.2919359999999998
-1.3084689999999997
-1.33838
-1.2932129999999997
-1.2919359999999998
-1.3084689999999997
-1.33838
-1.2932129999999997
-1.2919359999999998
-1.3084689999999997
