1.221793
1.221793
1.221793
1.221793
1.221793
1.221793
1.221793
1.221793
1.221793
1.221793
1.221793
1.221793
1.221793
1.221793
1.221793
1.221793
1.221793
1.221793
1.221793
1.221793
1.221793
1.221793
1.221793
1.221793
-1.2217919999999998
-1.2217919999999998
-1.2217919999999998
-1.2217919999999998
-1.2217919999999998
-1.2217919999999998
-1.2217919999999998
-1.2217919999999998
-1.2217919999999998
-1.2217919999999998
-1.2217919999999998
-1.2217919999999998
-1.2217919999999998
-1.2217919999999998
-1.2217919999999998
-1.2217919999999998
-1.2217919999999998
-1.2217919999999998
-1.2217919999999998
-1.2217919999999998
-1.2217919999999998
-1.2217919999999998
-1.2217919999999998
-1.2217919999999998
