1.4712610000000002
1.4712610000000002
1.4712610000000002
1.4712610000000002
1.4712610000000002
1.4712610000000002
1.4712610000000002
1.4712610000000002
1.4712610000000002
1.4712610000000002
1.4712610000000002
1.4712610000000002
1.4712610000000002
1.4712610000000002
1.4712610000000002
1.4712610000000002
1.4712610000000002
1.4712610000000002
1.4712610000000002
1.4712610000000002
1.4712610000000002
1.4712610000000002
1.4712610000000002
1.4712610000000002
1.4712610000000002
1.4712610000000002
1.4712610000000002
1.4712610000000002
1.4712610000000002
1.4712610000000002
1.4712610000000002
1.4712610000000002
1.4712610000000002
1.4712610000000002
1.4712610000000002
1.4712610000000002
1.4712610000000002
1.4712610000000002
1.4712610000000002
1.4712610000000002
1.4712610000000002
1.4712610000000002
1.4712610000000002
1.4712610000000002
1.4712610000000002
1.4712610000000002
1.4712610000000002
1.4712610000000002
1.4712610000000002
1.4712610000000002
1.4712610000000002
1.4712610000000002
1.4712610000000002
1.4712610000000002
1.4712610000000002
1.4712610000000002
1.4712610000000002
1.4712610000000002
1.4712610000000002
1.4712610000000002
1.4712610000000002
1.4712610000000002
1.4712610000000002
1.4712610000000002
1.4712610000000002
1.4712610000000002
1.4712610000000002
1.4712610000000002
1.4712610000000002
1.4712610000000002
1.4712610000000002
1.4712610000000002
-1.47126
-1.47126
-1.47126
-1.47126
-1.47126
-1.47126
-1.47126
-1.47126
-1.47126
-1.47126
-1.47126
-1.47126
-1.47126
-1.47126
-1.47126
-1.47126
-1.47126
-1.47126
-1.47126
-1.47126
-1.47126
-1.47126
-1.47126
-1.47126
-1.47126
-1.47126
-1.47126
-1.47126
-1.47126
-1.47126
-1.47126
-1.47126
-1.47126
-1.47126
-1.47126
-1.47126
-1.47126
-1.47126
-1.47126
-1.47126
-1.47126
-1.47126
-1.47126
-1.47126
-1.47126
-1.47126
-1.47126
-1.47126
-1.47126
-1.47126
-1.47126
-1.47126
-1.47126
-1.47126
-1.47126
-1.47126
-1.47126
-1.47126
-1.47126
-1.47126
-1.47126
-1.47126
-1.47126
-1.47126
-1.47126
-1.47126
-1.47126
-1.47126
-1.47126
-1.47126
-1.47126
-1.47126
