0.9581619999999997
0.9581619999999997
0.9581619999999997
0.9581619999999997
0.9581619999999997
0.9581619999999997
0.9581619999999997
0.9581619999999997
0.9581619999999997
0.9581619999999997
0.9581619999999997
0.9581619999999997
0.9581619999999997
0.9581619999999997
0.9581619999999997
0.9581619999999997
0.9581619999999997
0.9581619999999997
0.9581619999999997
0.9581619999999997
0.9581619999999997
0.9581619999999997
0.9581619999999997
0.9581619999999997
0.9581619999999997
0.9581619999999997
0.9581619999999997
0.9581619999999997
0.9581619999999997
0.9581619999999997
0.9581619999999997
0.9581619999999997
0.9581619999999997
0.9581619999999997
0.9581619999999997
0.9581619999999997
0.9581619999999997
0.9581619999999997
0.9581619999999997
0.9581619999999997
0.9581619999999997
0.9581619999999997
0.9581619999999997
0.9581619999999997
0.9581619999999997
0.9581619999999997
0.9581619999999997
0.9581619999999997
0.9581619999999997
0.9581619999999997
0.9581619999999997
0.9581619999999997
0.9581619999999997
0.9581619999999997
0.9581619999999997
0.9581619999999997
0.9581619999999997
0.9581619999999997
0.9581619999999997
0.9581619999999997
0.9581619999999997
0.9581619999999997
0.9581619999999997
0.9581619999999997
-0.9581619999999997
-0.9581619999999997
-0.9581619999999997
-0.9581619999999997
-0.9581619999999997
-0.9581619999999997
-0.9581619999999997
-0.9581619999999997
-0.9581619999999997
-0.9581619999999997
-0.9581619999999997
-0.9581619999999997
-0.9581619999999997
-0.9581619999999997
-0.9581619999999997
-0.9581619999999997
-0.9581619999999997
-0.9581619999999997
-0.9581619999999997
-0.9581619999999997
-0.9581619999999997
-0.9581619999999997
-0.9581619999999997
-0.9581619999999997
-0.9581619999999997
-0.9581619999999997
-0.9581619999999997
-0.9581619999999997
-0.9581619999999997
-0.9581619999999997
-0.9581619999999997
-0.9581619999999997
-0.9581619999999997
-0.9581619999999997
-0.9581619999999997
-0.9581619999999997
-0.9581619999999997
-0.9581619999999997
-0.9581619999999997
-0.9581619999999997
-0.9581619999999997
-0.9581619999999997
-0.9581619999999997
-0.9581619999999997
-0.9581619999999997
-0.9581619999999997
-0.9581619999999997
-0.9581619999999997
-0.9581619999999997
-0.9581619999999997
-0.9581619999999997
-0.9581619999999997
-0.9581619999999997
-0.9581619999999997
-0.9581619999999997
-0.9581619999999997
-0.9581619999999997
-0.9581619999999997
-0.9581619999999997
-0.9581619999999997
-0.9581619999999997
-0.9581619999999997
-0.9581619999999997
-0.9581619999999997
