1.374772
1.2844239999999996
1.2504519999999992
1.1709169999999993
1.374772
1.2844239999999996
1.2504519999999992
1.1709169999999993
1.374772
1.2844239999999996
1.2504519999999992
1.1709169999999993
1.374772
1.2844239999999996
1.2504519999999992
1.1709169999999993
1.374772
1.2844239999999996
1.2504519999999992
1.1709169999999993
1.374772
1.2844239999999996
1.2504519999999992
1.1709169999999993
1.374772
1.2844239999999996
1.2504519999999992
1.1709169999999993
1.374772
1.2844239999999996
1.2504519999999992
1.1709169999999993
1.374772
1.2844239999999996
1.2504519999999992
1.1709169999999993
1.374772
1.2844239999999996
1.2504519999999992
1.1709169999999993
1.374772
1.2844239999999996
1.2504519999999992
1.1709169999999993
1.374772
1.2844239999999996
1.2504519999999992
1.1709169999999993
1.374772
1.2844239999999996
1.2504519999999992
1.1709169999999993
1.374772
1.2844239999999996
1.2504519999999992
1.1709169999999993
1.374772
1.2844239999999996
1.2504519999999992
1.1709169999999993
1.374772
1.2844239999999996
1.2504519999999992
1.1709169999999993
1.374772
1.2844239999999996
1.2504519999999992
1.1709169999999993
1.374772
1.2844239999999996
1.2504519999999992
1.1709169999999993
1.374772
1.2844239999999996
1.2504519999999992
1.1709169999999993
1.374772
1.2844239999999996
1.2504519999999992
1.1709169999999993
1.374772
1.2844239999999996
1.2504519999999992
1.1709169999999993
1.374772
1.2844239999999996
1.2504519999999992
1.1709169999999993
1.374772
1.2844239999999996
1.2504519999999992
1.1709169999999993
1.374772
1.2844239999999996
1.2504519999999992
1.1709169999999993
1.374772
1.2844239999999996
1.2504519999999992
1.1709169999999993
1.374772
1.2844239999999996
1.2504519999999992
1.1709169999999993
1.374772
1.2844239999999996
1.2504519999999992
1.1709169999999993
1.374772
1.2844239999999996
1.2504519999999992
1.1709169999999993
1.374772
1.2844239999999996
1.2504519999999992
1.1709169999999993
1.374772
1.2844239999999996
1.2504519999999992
1.1709169999999993
1.374772
1.2844239999999996
1.2504519999999992
1.1709169999999993
1.374772
1.2844239999999996
1.2504519999999992
1.1709169999999993
1.374772
1.2844239999999996
1.2504519999999992
1.1709169999999993
1.374772
1.2844239999999996
1.2504519999999992
1.1709169999999993
1.374772
1.2844239999999996
1.2504519999999992
1.1709169999999993
1.374772
1.2844239999999996
1.2504519999999992
1.1709169999999993
1.374772
1.2844239999999996
1.2504519999999992
1.1709169999999993
1.374772
1.2844239999999996
1.2504519999999992
1.1709169999999993
1.374772
1.2844239999999996
1.2504519999999992
1.1709169999999993
1.374772
1.2844239999999996
1.2504519999999992
1.1709169999999993
1.374772
1.2844239999999996
1.2504519999999992
1.1709169999999993
1.374772
1.2844239999999996
1.2504519999999992
1.1709169999999993
1.374772
1.2844239999999996
1.2504519999999992
1.1709169999999993
1.374772
1.2844239999999996
1.2504519999999992
1.1709169999999993
1.374772
1.2844239999999996
1.2504519999999992
1.1709169999999993
-1.1814220000000004
-1.3550899999999997
-1.2531020000000002
-1.2909480000000002
-1.1814220000000004
-1.3550899999999997
-1.2531020000000002
-1.2909480000000002
-1.1814220000000004
-1.3550899999999997
-1.2531020000000002
-1.2909480000000002
-1.1814220000000004
-1.3550899999999997
-1.2531020000000002
-1.2909480000000002
-1.1814220000000004
-1.3550899999999997
-1.2531020000000002
-1.2909480000000002
-1.1814220000000004
-1.3550899999999997
-1.2531020000000002
-1.2909480000000002
-1.1814220000000004
-1.3550899999999997
-1.2531020000000002
-1.2909480000000002
-1.1814220000000004
-1.3550899999999997
-1.2531020000000002
-1.2909480000000002
-1.1814220000000004
-1.3550899999999997
-1.2531020000000002
-1.2909480000000002
-1.1814220000000004
-1.3550899999999997
-1.2531020000000002
-1.2909480000000002
-1.1814220000000004
-1.3550899999999997
-1.2531020000000002
-1.2909480000000002
-1.1814220000000004
-1.3550899999999997
-1.2531020000000002
-1.2909480000000002
-1.1814220000000004
-1.3550899999999997
-1.2531020000000002
-1.2909480000000002
-1.1814220000000004
-1.3550899999999997
-1.2531020000000002
-1.2909480000000002
-1.1814220000000004
-1.3550899999999997
-1.2531020000000002
-1.2909480000000002
-1.1814220000000004
-1.3550899999999997
-1.2531020000000002
-1.2909480000000002
-1.1814220000000004
-1.3550899999999997
-1.2531020000000002
-1.2909480000000002
-1.1814220000000004
-1.3550899999999997
-1.2531020000000002
-1.2909480000000002
-1.1814220000000004
-1.3550899999999997
-1.2531020000000002
-1.2909480000000002
-1.1814220000000004
-1.3550899999999997
-1.2531020000000002
-1.2909480000000002
-1.1814220000000004
-1.3550899999999997
-1.2531020000000002
-1.2909480000000002
-1.1814220000000004
-1.3550899999999997
-1.2531020000000002
-1.2909480000000002
-1.1814220000000004
-1.3550899999999997
-1.2531020000000002
-1.2909480000000002
-1.1814220000000004
-1.3550899999999997
-1.2531020000000002
-1.2909480000000002
-1.1814220000000004
-1.3550899999999997
-1.2531020000000002
-1.2909480000000002
-1.1814220000000004
-1.3550899999999997
-1.2531020000000002
-1.2909480000000002
-1.1814220000000004
-1.3550899999999997
-1.2531020000000002
-1.2909480000000002
-1.1814220000000004
-1.3550899999999997
-1.2531020000000002
-1.2909480000000002
-1.1814220000000004
-1.3550899999999997
-1.2531020000000002
-1.2909480000000002
-1.1814220000000004
-1.3550899999999997
-1.2531020000000002
-1.2909480000000002
-1.1814220000000004
-1.3550899999999997
-1.2531020000000002
-1.2909480000000002
-1.1814220000000004
-1.3550899999999997
-1.2531020000000002
-1.2909480000000002
-1.1814220000000004
-1.3550899999999997
-1.2531020000000002
-1.2909480000000002
-1.1814220000000004
-1.3550899999999997
-1.2531020000000002
-1.2909480000000002
-1.1814220000000004
-1.3550899999999997
-1.2531020000000002
-1.2909480000000002
-1.1814220000000004
-1.3550899999999997
-1.2531020000000002
-1.2909480000000002
-1.1814220000000004
-1.3550899999999997
-1.2531020000000002
-1.2909480000000002
-1.1814220000000004
-1.3550899999999997
-1.2531020000000002
-1.2909480000000002
-1.1814220000000004
-1.3550899999999997
-1.2531020000000002
-1.2909480000000002
-1.1814220000000004
-1.3550899999999997
-1.2531020000000002
-1.2909480000000002
-1.1814220000000004
-1.3550899999999997
-1.2531020000000002
-1.2909480000000002
-1.1814220000000004
-1.3550899999999997
-1.2531020000000002
-1.2909480000000002
-1.1814220000000004
-1.3550899999999997
-1.2531020000000002
-1.2909480000000002
-1.1814220000000004
-1.3550899999999997
-1.2531020000000002
-1.2909480000000002
-1.1814220000000004
-1.3550899999999997
-1.2531020000000002
-1.2909480000000002
