1.4484829999999995
1.4473380000000002
1.4442369999999993
1.4465780000000006
1.4484829999999995
1.4473380000000002
1.4442369999999993
1.4465780000000006
1.4484829999999995
1.4473380000000002
1.4442369999999993
1.4465780000000006
1.4484829999999995
1.4473380000000002
1.4442369999999993
1.4465780000000006
1.4484829999999995
1.4473380000000002
1.4442369999999993
1.4465780000000006
1.4484829999999995
1.4473380000000002
1.4442369999999993
1.4465780000000006
1.4484829999999995
1.4473380000000002
1.4442369999999993
1.4465780000000006
1.4484829999999995
1.4473380000000002
1.4442369999999993
1.4465780000000006
1.4484829999999995
1.4473380000000002
1.4442369999999993
1.4465780000000006
1.4484829999999995
1.4473380000000002
1.4442369999999993
1.4465780000000006
1.4484829999999995
1.4473380000000002
1.4442369999999993
1.4465780000000006
1.4484829999999995
1.4473380000000002
1.4442369999999993
1.4465780000000006
1.4484829999999995
1.4473380000000002
1.4442369999999993
1.4465780000000006
1.4484829999999995
1.4473380000000002
1.4442369999999993
1.4465780000000006
1.4484829999999995
1.4473380000000002
1.4442369999999993
1.4465780000000006
1.4484829999999995
1.4473380000000002
1.4442369999999993
1.4465780000000006
1.4484829999999995
1.4473380000000002
1.4442369999999993
1.4465780000000006
1.4484829999999995
1.4473380000000002
1.4442369999999993
1.4465780000000006
1.4484829999999995
1.4473380000000002
1.4442369999999993
1.4465780000000006
1.4484829999999995
1.4473380000000002
1.4442369999999993
1.4465780000000006
1.4484829999999995
1.4473380000000002
1.4442369999999993
1.4465780000000006
1.4484829999999995
1.4473380000000002
1.4442369999999993
1.4465780000000006
1.4484829999999995
1.4473380000000002
1.4442369999999993
1.4465780000000006
1.4484829999999995
1.4473380000000002
1.4442369999999993
1.4465780000000006
1.4484829999999995
1.4473380000000002
1.4442369999999993
1.4465780000000006
1.4484829999999995
1.4473380000000002
1.4442369999999993
1.4465780000000006
1.4484829999999995
1.4473380000000002
1.4442369999999993
1.4465780000000006
-1.4468740000000002
-1.447851
-1.4459910000000002
-1.4459179999999998
-1.4468740000000002
-1.447851
-1.4459910000000002
-1.4459179999999998
-1.4468740000000002
-1.447851
-1.4459910000000002
-1.4459179999999998
-1.4468740000000002
-1.447851
-1.4459910000000002
-1.4459179999999998
-1.4468740000000002
-1.447851
-1.4459910000000002
-1.4459179999999998
-1.4468740000000002
-1.447851
-1.4459910000000002
-1.4459179999999998
-1.4468740000000002
-1.447851
-1.4459910000000002
-1.4459179999999998
-1.4468740000000002
-1.447851
-1.4459910000000002
-1.4459179999999998
-1.4468740000000002
-1.447851
-1.4459910000000002
-1.4459179999999998
-1.4468740000000002
-1.447851
-1.4459910000000002
-1.4459179999999998
-1.4468740000000002
-1.447851
-1.4459910000000002
-1.4459179999999998
-1.4468740000000002
-1.447851
-1.4459910000000002
-1.4459179999999998
-1.4468740000000002
-1.447851
-1.4459910000000002
-1.4459179999999998
-1.4468740000000002
-1.447851
-1.4459910000000002
-1.4459179999999998
-1.4468740000000002
-1.447851
-1.4459910000000002
-1.4459179999999998
-1.4468740000000002
-1.447851
-1.4459910000000002
-1.4459179999999998
-1.4468740000000002
-1.447851
-1.4459910000000002
-1.4459179999999998
-1.4468740000000002
-1.447851
-1.4459910000000002
-1.4459179999999998
-1.4468740000000002
-1.447851
-1.4459910000000002
-1.4459179999999998
-1.4468740000000002
-1.447851
-1.4459910000000002
-1.4459179999999998
-1.4468740000000002
-1.447851
-1.4459910000000002
-1.4459179999999998
-1.4468740000000002
-1.447851
-1.4459910000000002
-1.4459179999999998
-1.4468740000000002
-1.447851
-1.4459910000000002
-1.4459179999999998
-1.4468740000000002
-1.447851
-1.4459910000000002
-1.4459179999999998
-1.4468740000000002
-1.447851
-1.4459910000000002
-1.4459179999999998
-1.4468740000000002
-1.447851
-1.4459910000000002
-1.4459179999999998
-1.4468740000000002
-1.447851
-1.4459910000000002
-1.4459179999999998
