0.7167340000000006
0.7167340000000006
0.7167340000000006
0.7167340000000006
0.7167340000000006
0.7167340000000006
0.7167340000000006
0.7167340000000006
0.7167340000000006
0.7167340000000006
0.7167340000000006
0.7167340000000006
0.7167340000000006
0.7167340000000006
0.7167340000000006
0.7167340000000006
0.7167340000000006
0.7167340000000006
0.7167340000000006
0.7167340000000006
0.7167340000000006
0.7167340000000006
0.7167340000000006
0.7167340000000006
0.7167340000000006
0.7167340000000006
0.7167340000000006
0.7167340000000006
0.7167340000000006
0.7167340000000006
0.7167340000000006
0.7167340000000006
0.7167340000000006
0.7167340000000006
0.7167340000000006
0.7167340000000006
0.7167340000000006
0.7167340000000006
0.7167340000000006
0.7167340000000006
0.7167340000000006
0.7167340000000006
0.7167340000000006
0.7167340000000006
0.7167340000000006
0.7167340000000006
0.7167340000000006
0.7167340000000006
0.7167340000000006
0.7167340000000006
0.7167340000000006
0.7167340000000006
0.7167340000000006
0.7167340000000006
0.7167340000000006
0.7167340000000006
0.7167340000000006
0.7167340000000006
0.7167340000000006
0.7167340000000006
0.7167340000000006
0.7167340000000006
0.7167340000000006
0.7167340000000006
-0.7167329999999996
-0.7167329999999996
-0.7167329999999996
-0.7167329999999996
-0.7167329999999996
-0.7167329999999996
-0.7167329999999996
-0.7167329999999996
-0.7167329999999996
-0.7167329999999996
-0.7167329999999996
-0.7167329999999996
-0.7167329999999996
-0.7167329999999996
-0.7167329999999996
-0.7167329999999996
-0.7167329999999996
-0.7167329999999996
-0.7167329999999996
-0.7167329999999996
-0.7167329999999996
-0.7167329999999996
-0.7167329999999996
-0.7167329999999996
-0.7167329999999996
-0.7167329999999996
-0.7167329999999996
-0.7167329999999996
-0.7167329999999996
-0.7167329999999996
-0.7167329999999996
-0.7167329999999996
-0.7167329999999996
-0.7167329999999996
-0.7167329999999996
-0.7167329999999996
-0.7167329999999996
-0.7167329999999996
-0.7167329999999996
-0.7167329999999996
-0.7167329999999996
-0.7167329999999996
-0.7167329999999996
-0.7167329999999996
-0.7167329999999996
-0.7167329999999996
-0.7167329999999996
-0.7167329999999996
-0.7167329999999996
-0.7167329999999996
-0.7167329999999996
-0.7167329999999996
-0.7167329999999996
-0.7167329999999996
-0.7167329999999996
-0.7167329999999996
-0.7167329999999996
-0.7167329999999996
-0.7167329999999996
-0.7167329999999996
-0.7167329999999996
-0.7167329999999996
-0.7167329999999996
-0.7167329999999996
