1.3468219999999995
1.3740740000000002
1.3468219999999995
1.3740740000000002
1.3468219999999995
1.3740740000000002
1.3468219999999995
1.3740740000000002
1.3468219999999995
1.3740740000000002
1.3468219999999995
1.3740740000000002
1.3468219999999995
1.3740740000000002
1.3468219999999995
1.3740740000000002
1.3468219999999995
1.3740740000000002
1.3468219999999995
1.3740740000000002
1.3468219999999995
1.3740740000000002
1.3468219999999995
1.3740740000000002
1.3468219999999995
1.3740740000000002
1.3468219999999995
1.3740740000000002
1.3468219999999995
1.3740740000000002
1.3468219999999995
1.3740740000000002
1.3468219999999995
1.3740740000000002
1.3468219999999995
1.3740740000000002
1.3468219999999995
1.3740740000000002
1.3468219999999995
1.3740740000000002
1.3468219999999995
1.3740740000000002
1.3468219999999995
1.3740740000000002
1.3468219999999995
1.3740740000000002
1.3468219999999995
1.3740740000000002
1.3468219999999995
1.3740740000000002
1.3468219999999995
1.3740740000000002
1.3468219999999995
1.3740740000000002
1.3468219999999995
1.3740740000000002
1.3468219999999995
1.3740740000000002
1.3468219999999995
1.3740740000000002
1.3468219999999995
1.3740740000000002
1.3468219999999995
1.3740740000000002
1.3468219999999995
1.3740740000000002
1.3468219999999995
1.3740740000000002
1.3468219999999995
1.3740740000000002
1.3468219999999995
1.3740740000000002
1.3468219999999995
1.3740740000000002
1.3468219999999995
1.3740740000000002
1.3468219999999995
1.3740740000000002
1.3468219999999995
1.3740740000000002
1.3468219999999995
1.3740740000000002
1.3468219999999995
1.3740740000000002
1.3468219999999995
1.3740740000000002
1.3468219999999995
1.3740740000000002
1.3468219999999995
1.3740740000000002
1.3468219999999995
1.3740740000000002
1.3468219999999995
1.3740740000000002
1.3468219999999995
1.3740740000000002
1.3468219999999995
1.3740740000000002
1.3468219999999995
1.3740740000000002
1.3468219999999995
1.3740740000000002
1.3468219999999995
1.3740740000000002
1.3468219999999995
1.3740740000000002
1.3468219999999995
1.3740740000000002
1.3468219999999995
1.3740740000000002
1.3468219999999995
1.3740740000000002
1.3468219999999995
1.3740740000000002
1.3468219999999995
1.3740740000000002
1.3468219999999995
1.3740740000000002
1.3468219999999995
1.3740740000000002
-1.353262
-1.367636
-1.353262
-1.367636
-1.353262
-1.367636
-1.353262
-1.367636
-1.353262
-1.367636
-1.353262
-1.367636
-1.353262
-1.367636
-1.353262
-1.367636
-1.353262
-1.367636
-1.353262
-1.367636
-1.353262
-1.367636
-1.353262
-1.367636
-1.353262
-1.367636
-1.353262
-1.367636
-1.353262
-1.367636
-1.353262
-1.367636
-1.353262
-1.367636
-1.353262
-1.367636
-1.353262
-1.367636
-1.353262
-1.367636
-1.353262
-1.367636
-1.353262
-1.367636
-1.353262
-1.367636
-1.353262
-1.367636
-1.353262
-1.367636
-1.353262
-1.367636
-1.353262
-1.367636
-1.353262
-1.367636
-1.353262
-1.367636
-1.353262
-1.367636
-1.353262
-1.367636
-1.353262
-1.367636
-1.353262
-1.367636
-1.353262
-1.367636
-1.353262
-1.367636
-1.353262
-1.367636
-1.353262
-1.367636
-1.353262
-1.367636
-1.353262
-1.367636
-1.353262
-1.367636
-1.353262
-1.367636
-1.353262
-1.367636
-1.353262
-1.367636
-1.353262
-1.367636
-1.353262
-1.367636
-1.353262
-1.367636
-1.353262
-1.367636
-1.353262
-1.367636
-1.353262
-1.367636
-1.353262
-1.367636
-1.353262
-1.367636
-1.353262
-1.367636
-1.353262
-1.367636
-1.353262
-1.367636
-1.353262
-1.367636
-1.353262
-1.367636
-1.353262
-1.367636
-1.353262
-1.367636
-1.353262
-1.367636
-1.353262
-1.367636
