1.4303229999999996
1.426463
1.4307730000000003
1.4317329999999995
1.4303229999999996
1.426463
1.4307730000000003
1.4317329999999995
1.4303229999999996
1.426463
1.4307730000000003
1.4317329999999995
1.4303229999999996
1.426463
1.4307730000000003
1.4317329999999995
1.4303229999999996
1.426463
1.4307730000000003
1.4317329999999995
1.4303229999999996
1.426463
1.4307730000000003
1.4317329999999995
1.4303229999999996
1.426463
1.4307730000000003
1.4317329999999995
1.4303229999999996
1.426463
1.4307730000000003
1.4317329999999995
1.4303229999999996
1.426463
1.4307730000000003
1.4317329999999995
1.4303229999999996
1.426463
1.4307730000000003
1.4317329999999995
1.4303229999999996
1.426463
1.4307730000000003
1.4317329999999995
1.4303229999999996
1.426463
1.4307730000000003
1.4317329999999995
1.4303229999999996
1.426463
1.4307730000000003
1.4317329999999995
1.4303229999999996
1.426463
1.4307730000000003
1.4317329999999995
1.4303229999999996
1.426463
1.4307730000000003
1.4317329999999995
1.4303229999999996
1.426463
1.4307730000000003
1.4317329999999995
1.4303229999999996
1.426463
1.4307730000000003
1.4317329999999995
1.4303229999999996
1.426463
1.4307730000000003
1.4317329999999995
1.4303229999999996
1.426463
1.4307730000000003
1.4317329999999995
1.4303229999999996
1.426463
1.4307730000000003
1.4317329999999995
1.4303229999999996
1.426463
1.4307730000000003
1.4317329999999995
1.4303229999999996
1.426463
1.4307730000000003
1.4317329999999995
1.4303229999999996
1.426463
1.4307730000000003
1.4317329999999995
1.4303229999999996
1.426463
1.4307730000000003
1.4317329999999995
1.4303229999999996
1.426463
1.4307730000000003
1.4317329999999995
1.4303229999999996
1.426463
1.4307730000000003
1.4317329999999995
1.4303229999999996
1.426463
1.4307730000000003
1.4317329999999995
1.4303229999999996
1.426463
1.4307730000000003
1.4317329999999995
1.4303229999999996
1.426463
1.4307730000000003
1.4317329999999995
1.4303229999999996
1.426463
1.4307730000000003
1.4317329999999995
1.4303229999999996
1.426463
1.4307730000000003
1.4317329999999995
1.4303229999999996
1.426463
1.4307730000000003
1.4317329999999995
1.4303229999999996
1.426463
1.4307730000000003
1.4317329999999995
1.4303229999999996
1.426463
1.4307730000000003
1.4317329999999995
1.4303229999999996
1.426463
1.4307730000000003
1.4317329999999995
1.4303229999999996
1.426463
1.4307730000000003
1.4317329999999995
-1.4303489999999996
-1.429977
-1.429977
-1.428992
-1.4303489999999996
-1.429977
-1.429977
-1.428992
-1.4303489999999996
-1.429977
-1.429977
-1.428992
-1.4303489999999996
-1.429977
-1.429977
-1.428992
-1.4303489999999996
-1.429977
-1.429977
-1.428992
-1.4303489999999996
-1.429977
-1.429977
-1.428992
-1.4303489999999996
-1.429977
-1.429977
-1.428992
-1.4303489999999996
-1.429977
-1.429977
-1.428992
-1.4303489999999996
-1.429977
-1.429977
-1.428992
-1.4303489999999996
-1.429977
-1.429977
-1.428992
-1.4303489999999996
-1.429977
-1.429977
-1.428992
-1.4303489999999996
-1.429977
-1.429977
-1.428992
-1.4303489999999996
-1.429977
-1.429977
-1.428992
-1.4303489999999996
-1.429977
-1.429977
-1.428992
-1.4303489999999996
-1.429977
-1.429977
-1.428992
-1.4303489999999996
-1.429977
-1.429977
-1.428992
-1.4303489999999996
-1.429977
-1.429977
-1.428992
-1.4303489999999996
-1.429977
-1.429977
-1.428992
-1.4303489999999996
-1.429977
-1.429977
-1.428992
-1.4303489999999996
-1.429977
-1.429977
-1.428992
-1.4303489999999996
-1.429977
-1.429977
-1.428992
-1.4303489999999996
-1.429977
-1.429977
-1.428992
-1.4303489999999996
-1.429977
-1.429977
-1.428992
-1.4303489999999996
-1.429977
-1.429977
-1.428992
-1.4303489999999996
-1.429977
-1.429977
-1.428992
-1.4303489999999996
-1.429977
-1.429977
-1.428992
-1.4303489999999996
-1.429977
-1.429977
-1.428992
-1.4303489999999996
-1.429977
-1.429977
-1.428992
-1.4303489999999996
-1.429977
-1.429977
-1.428992
-1.4303489999999996
-1.429977
-1.429977
-1.428992
-1.4303489999999996
-1.429977
-1.429977
-1.428992
-1.4303489999999996
-1.429977
-1.429977
-1.428992
-1.4303489999999996
-1.429977
-1.429977
-1.428992
-1.4303489999999996
-1.429977
-1.429977
-1.428992
-1.4303489999999996
-1.429977
-1.429977
-1.428992
-1.4303489999999996
-1.429977
-1.429977
-1.428992
