1.3260330000000007
1.3260330000000007
1.3260330000000007
1.3260330000000007
1.3260330000000007
1.3260330000000007
1.3260330000000007
1.3260330000000007
1.3260330000000007
1.3260330000000007
1.3260330000000007
1.3260330000000007
1.3260330000000007
1.3260330000000007
1.3260330000000007
1.3260330000000007
1.3260330000000007
1.3260330000000007
1.3260330000000007
1.3260330000000007
1.3260330000000007
1.3260330000000007
1.3260330000000007
1.3260330000000007
1.3260330000000007
1.3260330000000007
1.3260330000000007
1.3260330000000007
1.3260330000000007
1.3260330000000007
1.3260330000000007
1.3260330000000007
1.3260330000000007
1.3260330000000007
1.3260330000000007
1.3260330000000007
1.3260330000000007
1.3260330000000007
1.3260330000000007
1.3260330000000007
1.3260330000000007
1.3260330000000007
1.3260330000000007
1.3260330000000007
1.3260330000000007
1.3260330000000007
1.3260330000000007
1.3260330000000007
1.3260330000000007
1.3260330000000007
1.3260330000000007
1.3260330000000007
1.3260330000000007
1.3260330000000007
-1.3260360000000002
-1.3260360000000002
-1.3260360000000002
-1.3260360000000002
-1.3260360000000002
-1.3260360000000002
-1.3260360000000002
-1.3260360000000002
-1.3260360000000002
-1.3260360000000002
-1.3260360000000002
-1.3260360000000002
-1.3260360000000002
-1.3260360000000002
-1.3260360000000002
-1.3260360000000002
-1.3260360000000002
-1.3260360000000002
-1.3260360000000002
-1.3260360000000002
-1.3260360000000002
-1.3260360000000002
-1.3260360000000002
-1.3260360000000002
-1.3260360000000002
-1.3260360000000002
-1.3260360000000002
-1.3260360000000002
-1.3260360000000002
-1.3260360000000002
-1.3260360000000002
-1.3260360000000002
-1.3260360000000002
-1.3260360000000002
-1.3260360000000002
-1.3260360000000002
-1.3260360000000002
-1.3260360000000002
-1.3260360000000002
-1.3260360000000002
-1.3260360000000002
-1.3260360000000002
-1.3260360000000002
-1.3260360000000002
-1.3260360000000002
-1.3260360000000002
-1.3260360000000002
-1.3260360000000002
-1.3260360000000002
-1.3260360000000002
-1.3260360000000002
-1.3260360000000002
-1.3260360000000002
-1.3260360000000002
