1.1618820000000003
1.1618820000000003
1.1618820000000003
1.1618820000000003
1.1618820000000003
1.1618820000000003
1.1618820000000003
1.1618820000000003
1.1618820000000003
1.1618820000000003
1.1618820000000003
1.1618820000000003
1.1618820000000003
1.1618820000000003
1.1618820000000003
1.1618820000000003
1.1618820000000003
1.1618820000000003
1.1618820000000003
1.1618820000000003
1.1618820000000003
1.1618820000000003
1.1618820000000003
1.1618820000000003
1.1618820000000003
1.1618820000000003
1.1618820000000003
-1.1618820000000003
-1.1618820000000003
-1.1618820000000003
-1.1618820000000003
-1.1618820000000003
-1.1618820000000003
-1.1618820000000003
-1.1618820000000003
-1.1618820000000003
-1.1618820000000003
-1.1618820000000003
-1.1618820000000003
-1.1618820000000003
-1.1618820000000003
-1.1618820000000003
-1.1618820000000003
-1.1618820000000003
-1.1618820000000003
-1.1618820000000003
-1.1618820000000003
-1.1618820000000003
-1.1618820000000003
-1.1618820000000003
-1.1618820000000003
-1.1618820000000003
-1.1618820000000003
-1.1618820000000003
