1.0590840000000004
1.0590840000000004
1.0590840000000004
1.0590840000000004
1.0590840000000004
1.0590840000000004
1.0590840000000004
1.0590840000000004
1.0590840000000004
1.0590840000000004
1.0590840000000004
1.0590840000000004
1.0590840000000004
1.0590840000000004
1.0590840000000004
1.0590840000000004
1.0590840000000004
1.0590840000000004
1.0590840000000004
1.0590840000000004
1.0590840000000004
1.0590840000000004
1.0590840000000004
1.0590840000000004
1.0590840000000004
1.0590840000000004
1.0590840000000004
-1.0590830000000002
-1.0590830000000002
-1.0590830000000002
-1.0590830000000002
-1.0590830000000002
-1.0590830000000002
-1.0590830000000002
-1.0590830000000002
-1.0590830000000002
-1.0590830000000002
-1.0590830000000002
-1.0590830000000002
-1.0590830000000002
-1.0590830000000002
-1.0590830000000002
-1.0590830000000002
-1.0590830000000002
-1.0590830000000002
-1.0590830000000002
-1.0590830000000002
-1.0590830000000002
-1.0590830000000002
-1.0590830000000002
-1.0590830000000002
-1.0590830000000002
-1.0590830000000002
-1.0590830000000002
