1.4607469999999996
1.4607469999999996
1.4607469999999996
1.4607469999999996
1.4607469999999996
1.4607469999999996
1.4607469999999996
1.4607469999999996
1.4607469999999996
1.4607469999999996
1.4607469999999996
1.4607469999999996
1.4607469999999996
1.4607469999999996
1.4607469999999996
1.4607469999999996
1.4607469999999996
1.4607469999999996
1.4607469999999996
1.4607469999999996
1.4607469999999996
1.4607469999999996
1.4607469999999996
1.4607469999999996
1.4607469999999996
1.4607469999999996
1.4607469999999996
1.4607469999999996
1.4607469999999996
1.4607469999999996
1.4607469999999996
1.4607469999999996
1.4607469999999996
1.4607469999999996
1.4607469999999996
1.4607469999999996
1.4607469999999996
1.4607469999999996
1.4607469999999996
1.4607469999999996
1.4607469999999996
1.4607469999999996
1.4607469999999996
1.4607469999999996
1.4607469999999996
1.4607469999999996
1.4607469999999996
1.4607469999999996
1.4607469999999996
1.4607469999999996
1.4607469999999996
1.4607469999999996
1.4607469999999996
1.4607469999999996
1.4607469999999996
1.4607469999999996
1.4607469999999996
1.4607469999999996
1.4607469999999996
1.4607469999999996
1.4607469999999996
1.4607469999999996
1.4607469999999996
1.4607469999999996
1.4607469999999996
1.4607469999999996
1.4607469999999996
1.4607469999999996
1.4607469999999996
1.4607469999999996
1.4607469999999996
1.4607469999999996
-1.4607469999999996
-1.4607469999999996
-1.4607469999999996
-1.4607469999999996
-1.4607469999999996
-1.4607469999999996
-1.4607469999999996
-1.4607469999999996
-1.4607469999999996
-1.4607469999999996
-1.4607469999999996
-1.4607469999999996
-1.4607469999999996
-1.4607469999999996
-1.4607469999999996
-1.4607469999999996
-1.4607469999999996
-1.4607469999999996
-1.4607469999999996
-1.4607469999999996
-1.4607469999999996
-1.4607469999999996
-1.4607469999999996
-1.4607469999999996
-1.4607469999999996
-1.4607469999999996
-1.4607469999999996
-1.4607469999999996
-1.4607469999999996
-1.4607469999999996
-1.4607469999999996
-1.4607469999999996
-1.4607469999999996
-1.4607469999999996
-1.4607469999999996
-1.4607469999999996
-1.4607469999999996
-1.4607469999999996
-1.4607469999999996
-1.4607469999999996
-1.4607469999999996
-1.4607469999999996
-1.4607469999999996
-1.4607469999999996
-1.4607469999999996
-1.4607469999999996
-1.4607469999999996
-1.4607469999999996
-1.4607469999999996
-1.4607469999999996
-1.4607469999999996
-1.4607469999999996
-1.4607469999999996
-1.4607469999999996
-1.4607469999999996
-1.4607469999999996
-1.4607469999999996
-1.4607469999999996
-1.4607469999999996
-1.4607469999999996
-1.4607469999999996
-1.4607469999999996
-1.4607469999999996
-1.4607469999999996
-1.4607469999999996
-1.4607469999999996
-1.4607469999999996
-1.4607469999999996
-1.4607469999999996
-1.4607469999999996
-1.4607469999999996
-1.4607469999999996
