1.4148379999999996
1.412502
1.4148379999999996
1.412502
1.4148379999999996
1.412502
1.4148379999999996
1.412502
1.4148379999999996
1.412502
1.4148379999999996
1.412502
1.4148379999999996
1.412502
1.4148379999999996
1.412502
1.4148379999999996
1.412502
1.4148379999999996
1.412502
1.4148379999999996
1.412502
1.4148379999999996
1.412502
1.4148379999999996
1.412502
1.4148379999999996
1.412502
1.4148379999999996
1.412502
1.4148379999999996
1.412502
1.4148379999999996
1.412502
1.4148379999999996
1.412502
1.4148379999999996
1.412502
1.4148379999999996
1.412502
1.4148379999999996
1.412502
1.4148379999999996
1.412502
1.4148379999999996
1.412502
1.4148379999999996
1.412502
1.4148379999999996
1.412502
1.4148379999999996
1.412502
1.4148379999999996
1.412502
1.4148379999999996
1.412502
1.4148379999999996
1.412502
1.4148379999999996
1.412502
1.4148379999999996
1.412502
1.4148379999999996
1.412502
1.4148379999999996
1.412502
1.4148379999999996
1.412502
1.4148379999999996
1.412502
1.4148379999999996
1.412502
1.4148379999999996
1.412502
1.4148379999999996
1.412502
1.4148379999999996
1.412502
1.4148379999999996
1.412502
1.4148379999999996
1.412502
1.4148379999999996
1.412502
1.4148379999999996
1.412502
1.4148379999999996
1.412502
1.4148379999999996
1.412502
-1.414084
-1.4132569999999998
-1.414084
-1.4132569999999998
-1.414084
-1.4132569999999998
-1.414084
-1.4132569999999998
-1.414084
-1.4132569999999998
-1.414084
-1.4132569999999998
-1.414084
-1.4132569999999998
-1.414084
-1.4132569999999998
-1.414084
-1.4132569999999998
-1.414084
-1.4132569999999998
-1.414084
-1.4132569999999998
-1.414084
-1.4132569999999998
-1.414084
-1.4132569999999998
-1.414084
-1.4132569999999998
-1.414084
-1.4132569999999998
-1.414084
-1.4132569999999998
-1.414084
-1.4132569999999998
-1.414084
-1.4132569999999998
-1.414084
-1.4132569999999998
-1.414084
-1.4132569999999998
-1.414084
-1.4132569999999998
-1.414084
-1.4132569999999998
-1.414084
-1.4132569999999998
-1.414084
-1.4132569999999998
-1.414084
-1.4132569999999998
-1.414084
-1.4132569999999998
-1.414084
-1.4132569999999998
-1.414084
-1.4132569999999998
-1.414084
-1.4132569999999998
-1.414084
-1.4132569999999998
-1.414084
-1.4132569999999998
-1.414084
-1.4132569999999998
-1.414084
-1.4132569999999998
-1.414084
-1.4132569999999998
-1.414084
-1.4132569999999998
-1.414084
-1.4132569999999998
-1.414084
-1.4132569999999998
-1.414084
-1.4132569999999998
-1.414084
-1.4132569999999998
-1.414084
-1.4132569999999998
-1.414084
-1.4132569999999998
-1.414084
-1.4132569999999998
-1.414084
-1.4132569999999998
-1.414084
-1.4132569999999998
-1.414084
-1.4132569999999998
