1.4306699999999992
1.4295469999999995
1.4309449999999995
1.4321269999999995
1.4306699999999992
1.4295469999999995
1.4309449999999995
1.4321269999999995
1.4306699999999992
1.4295469999999995
1.4309449999999995
1.4321269999999995
1.4306699999999992
1.4295469999999995
1.4309449999999995
1.4321269999999995
1.4306699999999992
1.4295469999999995
1.4309449999999995
1.4321269999999995
1.4306699999999992
1.4295469999999995
1.4309449999999995
1.4321269999999995
1.4306699999999992
1.4295469999999995
1.4309449999999995
1.4321269999999995
1.4306699999999992
1.4295469999999995
1.4309449999999995
1.4321269999999995
1.4306699999999992
1.4295469999999995
1.4309449999999995
1.4321269999999995
1.4306699999999992
1.4295469999999995
1.4309449999999995
1.4321269999999995
1.4306699999999992
1.4295469999999995
1.4309449999999995
1.4321269999999995
1.4306699999999992
1.4295469999999995
1.4309449999999995
1.4321269999999995
1.4306699999999992
1.4295469999999995
1.4309449999999995
1.4321269999999995
1.4306699999999992
1.4295469999999995
1.4309449999999995
1.4321269999999995
1.4306699999999992
1.4295469999999995
1.4309449999999995
1.4321269999999995
1.4306699999999992
1.4295469999999995
1.4309449999999995
1.4321269999999995
1.4306699999999992
1.4295469999999995
1.4309449999999995
1.4321269999999995
1.4306699999999992
1.4295469999999995
1.4309449999999995
1.4321269999999995
1.4306699999999992
1.4295469999999995
1.4309449999999995
1.4321269999999995
1.4306699999999992
1.4295469999999995
1.4309449999999995
1.4321269999999995
1.4306699999999992
1.4295469999999995
1.4309449999999995
1.4321269999999995
1.4306699999999992
1.4295469999999995
1.4309449999999995
1.4321269999999995
1.4306699999999992
1.4295469999999995
1.4309449999999995
1.4321269999999995
1.4306699999999992
1.4295469999999995
1.4309449999999995
1.4321269999999995
1.4306699999999992
1.4295469999999995
1.4309449999999995
1.4321269999999995
1.4306699999999992
1.4295469999999995
1.4309449999999995
1.4321269999999995
1.4306699999999992
1.4295469999999995
1.4309449999999995
1.4321269999999995
1.4306699999999992
1.4295469999999995
1.4309449999999995
1.4321269999999995
1.4306699999999992
1.4295469999999995
1.4309449999999995
1.4321269999999995
1.4306699999999992
1.4295469999999995
1.4309449999999995
1.4321269999999995
1.4306699999999992
1.4295469999999995
1.4309449999999995
1.4321269999999995
1.4306699999999992
1.4295469999999995
1.4309449999999995
1.4321269999999995
1.4306699999999992
1.4295469999999995
1.4309449999999995
1.4321269999999995
1.4306699999999992
1.4295469999999995
1.4309449999999995
1.4321269999999995
1.4306699999999992
1.4295469999999995
1.4309449999999995
1.4321269999999995
1.4306699999999992
1.4295469999999995
1.4309449999999995
1.4321269999999995
-1.431851
-1.4309710000000004
-1.4305320000000004
-1.4299359999999997
-1.431851
-1.4309710000000004
-1.4305320000000004
-1.4299359999999997
-1.431851
-1.4309710000000004
-1.4305320000000004
-1.4299359999999997
-1.431851
-1.4309710000000004
-1.4305320000000004
-1.4299359999999997
-1.431851
-1.4309710000000004
-1.4305320000000004
-1.4299359999999997
-1.431851
-1.4309710000000004
-1.4305320000000004
-1.4299359999999997
-1.431851
-1.4309710000000004
-1.4305320000000004
-1.4299359999999997
-1.431851
-1.4309710000000004
-1.4305320000000004
-1.4299359999999997
-1.431851
-1.4309710000000004
-1.4305320000000004
-1.4299359999999997
-1.431851
-1.4309710000000004
-1.4305320000000004
-1.4299359999999997
-1.431851
-1.4309710000000004
-1.4305320000000004
-1.4299359999999997
-1.431851
-1.4309710000000004
-1.4305320000000004
-1.4299359999999997
-1.431851
-1.4309710000000004
-1.4305320000000004
-1.4299359999999997
-1.431851
-1.4309710000000004
-1.4305320000000004
-1.4299359999999997
-1.431851
-1.4309710000000004
-1.4305320000000004
-1.4299359999999997
-1.431851
-1.4309710000000004
-1.4305320000000004
-1.4299359999999997
-1.431851
-1.4309710000000004
-1.4305320000000004
-1.4299359999999997
-1.431851
-1.4309710000000004
-1.4305320000000004
-1.4299359999999997
-1.431851
-1.4309710000000004
-1.4305320000000004
-1.4299359999999997
-1.431851
-1.4309710000000004
-1.4305320000000004
-1.4299359999999997
-1.431851
-1.4309710000000004
-1.4305320000000004
-1.4299359999999997
-1.431851
-1.4309710000000004
-1.4305320000000004
-1.4299359999999997
-1.431851
-1.4309710000000004
-1.4305320000000004
-1.4299359999999997
-1.431851
-1.4309710000000004
-1.4305320000000004
-1.4299359999999997
-1.431851
-1.4309710000000004
-1.4305320000000004
-1.4299359999999997
-1.431851
-1.4309710000000004
-1.4305320000000004
-1.4299359999999997
-1.431851
-1.4309710000000004
-1.4305320000000004
-1.4299359999999997
-1.431851
-1.4309710000000004
-1.4305320000000004
-1.4299359999999997
-1.431851
-1.4309710000000004
-1.4305320000000004
-1.4299359999999997
-1.431851
-1.4309710000000004
-1.4305320000000004
-1.4299359999999997
-1.431851
-1.4309710000000004
-1.4305320000000004
-1.4299359999999997
-1.431851
-1.4309710000000004
-1.4305320000000004
-1.4299359999999997
-1.431851
-1.4309710000000004
-1.4305320000000004
-1.4299359999999997
-1.431851
-1.4309710000000004
-1.4305320000000004
-1.4299359999999997
-1.431851
-1.4309710000000004
-1.4305320000000004
-1.4299359999999997
-1.431851
-1.4309710000000004
-1.4305320000000004
-1.4299359999999997
