0.7204920000000001
0.7204920000000001
0.7204920000000001
0.7204920000000001
0.7204920000000001
0.7204920000000001
0.7204920000000001
0.7204920000000001
0.7204920000000001
0.7204920000000001
0.7204920000000001
0.7204920000000001
0.7204920000000001
0.7204920000000001
0.7204920000000001
0.7204920000000001
0.7204920000000001
0.7204920000000001
0.7204920000000001
0.7204920000000001
0.7204920000000001
0.7204920000000001
0.7204920000000001
0.7204920000000001
0.7204920000000001
0.7204920000000001
0.7204920000000001
0.7204920000000001
0.7204920000000001
0.7204920000000001
0.7204920000000001
0.7204920000000001
0.7204920000000001
0.7204920000000001
0.7204920000000001
0.7204920000000001
0.7204920000000001
0.7204920000000001
0.7204920000000001
0.7204920000000001
0.7204920000000001
0.7204920000000001
0.7204920000000001
0.7204920000000001
0.7204920000000001
0.7204920000000001
0.7204920000000001
0.7204920000000001
0.7204920000000001
0.7204920000000001
0.7204920000000001
0.7204920000000001
0.7204920000000001
0.7204920000000001
0.7204920000000001
0.7204920000000001
0.7204920000000001
0.7204920000000001
0.7204920000000001
0.7204920000000001
0.7204920000000001
0.7204920000000001
0.7204920000000001
0.7204920000000001
-0.7204920000000001
-0.7204920000000001
-0.7204920000000001
-0.7204920000000001
-0.7204920000000001
-0.7204920000000001
-0.7204920000000001
-0.7204920000000001
-0.7204920000000001
-0.7204920000000001
-0.7204920000000001
-0.7204920000000001
-0.7204920000000001
-0.7204920000000001
-0.7204920000000001
-0.7204920000000001
-0.7204920000000001
-0.7204920000000001
-0.7204920000000001
-0.7204920000000001
-0.7204920000000001
-0.7204920000000001
-0.7204920000000001
-0.7204920000000001
-0.7204920000000001
-0.7204920000000001
-0.7204920000000001
-0.7204920000000001
-0.7204920000000001
-0.7204920000000001
-0.7204920000000001
-0.7204920000000001
-0.7204920000000001
-0.7204920000000001
-0.7204920000000001
-0.7204920000000001
-0.7204920000000001
-0.7204920000000001
-0.7204920000000001
-0.7204920000000001
-0.7204920000000001
-0.7204920000000001
-0.7204920000000001
-0.7204920000000001
-0.7204920000000001
-0.7204920000000001
-0.7204920000000001
-0.7204920000000001
-0.7204920000000001
-0.7204920000000001
-0.7204920000000001
-0.7204920000000001
-0.7204920000000001
-0.7204920000000001
-0.7204920000000001
-0.7204920000000001
-0.7204920000000001
-0.7204920000000001
-0.7204920000000001
-0.7204920000000001
-0.7204920000000001
-0.7204920000000001
-0.7204920000000001
-0.7204920000000001
