1.4394740000000006
1.4386679999999998
1.4379360000000005
1.4391870000000004
1.4394740000000006
1.4386679999999998
1.4379360000000005
1.4391870000000004
1.4394740000000006
1.4386679999999998
1.4379360000000005
1.4391870000000004
1.4394740000000006
1.4386679999999998
1.4379360000000005
1.4391870000000004
1.4394740000000006
1.4386679999999998
1.4379360000000005
1.4391870000000004
1.4394740000000006
1.4386679999999998
1.4379360000000005
1.4391870000000004
1.4394740000000006
1.4386679999999998
1.4379360000000005
1.4391870000000004
1.4394740000000006
1.4386679999999998
1.4379360000000005
1.4391870000000004
1.4394740000000006
1.4386679999999998
1.4379360000000005
1.4391870000000004
1.4394740000000006
1.4386679999999998
1.4379360000000005
1.4391870000000004
1.4394740000000006
1.4386679999999998
1.4379360000000005
1.4391870000000004
1.4394740000000006
1.4386679999999998
1.4379360000000005
1.4391870000000004
1.4394740000000006
1.4386679999999998
1.4379360000000005
1.4391870000000004
1.4394740000000006
1.4386679999999998
1.4379360000000005
1.4391870000000004
1.4394740000000006
1.4386679999999998
1.4379360000000005
1.4391870000000004
1.4394740000000006
1.4386679999999998
1.4379360000000005
1.4391870000000004
1.4394740000000006
1.4386679999999998
1.4379360000000005
1.4391870000000004
1.4394740000000006
1.4386679999999998
1.4379360000000005
1.4391870000000004
1.4394740000000006
1.4386679999999998
1.4379360000000005
1.4391870000000004
1.4394740000000006
1.4386679999999998
1.4379360000000005
1.4391870000000004
1.4394740000000006
1.4386679999999998
1.4379360000000005
1.4391870000000004
1.4394740000000006
1.4386679999999998
1.4379360000000005
1.4391870000000004
1.4394740000000006
1.4386679999999998
1.4379360000000005
1.4391870000000004
1.4394740000000006
1.4386679999999998
1.4379360000000005
1.4391870000000004
1.4394740000000006
1.4386679999999998
1.4379360000000005
1.4391870000000004
1.4394740000000006
1.4386679999999998
1.4379360000000005
1.4391870000000004
1.4394740000000006
1.4386679999999998
1.4379360000000005
1.4391870000000004
1.4394740000000006
1.4386679999999998
1.4379360000000005
1.4391870000000004
1.4394740000000006
1.4386679999999998
1.4379360000000005
1.4391870000000004
1.4394740000000006
1.4386679999999998
1.4379360000000005
1.4391870000000004
1.4394740000000006
1.4386679999999998
1.4379360000000005
1.4391870000000004
1.4394740000000006
1.4386679999999998
1.4379360000000005
1.4391870000000004
1.4394740000000006
1.4386679999999998
1.4379360000000005
1.4391870000000004
1.4394740000000006
1.4386679999999998
1.4379360000000005
1.4391870000000004
1.4394740000000006
1.4386679999999998
1.4379360000000005
1.4391870000000004
1.4394740000000006
1.4386679999999998
1.4379360000000005
1.4391870000000004
-1.4389529999999997
-1.438962
-1.439781
-1.43757
-1.4389529999999997
-1.438962
-1.439781
-1.43757
-1.4389529999999997
-1.438962
-1.439781
-1.43757
-1.4389529999999997
-1.438962
-1.439781
-1.43757
-1.4389529999999997
-1.438962
-1.439781
-1.43757
-1.4389529999999997
-1.438962
-1.439781
-1.43757
-1.4389529999999997
-1.438962
-1.439781
-1.43757
-1.4389529999999997
-1.438962
-1.439781
-1.43757
-1.4389529999999997
-1.438962
-1.439781
-1.43757
-1.4389529999999997
-1.438962
-1.439781
-1.43757
-1.4389529999999997
-1.438962
-1.439781
-1.43757
-1.4389529999999997
-1.438962
-1.439781
-1.43757
-1.4389529999999997
-1.438962
-1.439781
-1.43757
-1.4389529999999997
-1.438962
-1.439781
-1.43757
-1.4389529999999997
-1.438962
-1.439781
-1.43757
-1.4389529999999997
-1.438962
-1.439781
-1.43757
-1.4389529999999997
-1.438962
-1.439781
-1.43757
-1.4389529999999997
-1.438962
-1.439781
-1.43757
-1.4389529999999997
-1.438962
-1.439781
-1.43757
-1.4389529999999997
-1.438962
-1.439781
-1.43757
-1.4389529999999997
-1.438962
-1.439781
-1.43757
-1.4389529999999997
-1.438962
-1.439781
-1.43757
-1.4389529999999997
-1.438962
-1.439781
-1.43757
-1.4389529999999997
-1.438962
-1.439781
-1.43757
-1.4389529999999997
-1.438962
-1.439781
-1.43757
-1.4389529999999997
-1.438962
-1.439781
-1.43757
-1.4389529999999997
-1.438962
-1.439781
-1.43757
-1.4389529999999997
-1.438962
-1.439781
-1.43757
-1.4389529999999997
-1.438962
-1.439781
-1.43757
-1.4389529999999997
-1.438962
-1.439781
-1.43757
-1.4389529999999997
-1.438962
-1.439781
-1.43757
-1.4389529999999997
-1.438962
-1.439781
-1.43757
-1.4389529999999997
-1.438962
-1.439781
-1.43757
-1.4389529999999997
-1.438962
-1.439781
-1.43757
-1.4389529999999997
-1.438962
-1.439781
-1.43757
-1.4389529999999997
-1.438962
-1.439781
-1.43757
