1.4386650000000003
1.4221020000000006
1.4381140000000006
1.4347569999999994
1.4386650000000003
1.4221020000000006
1.4381140000000006
1.4347569999999994
1.4386650000000003
1.4221020000000006
1.4381140000000006
1.4347569999999994
1.4386650000000003
1.4221020000000006
1.4381140000000006
1.4347569999999994
1.4386650000000003
1.4221020000000006
1.4381140000000006
1.4347569999999994
1.4386650000000003
1.4221020000000006
1.4381140000000006
1.4347569999999994
1.4386650000000003
1.4221020000000006
1.4381140000000006
1.4347569999999994
1.4386650000000003
1.4221020000000006
1.4381140000000006
1.4347569999999994
1.4386650000000003
1.4221020000000006
1.4381140000000006
1.4347569999999994
1.4386650000000003
1.4221020000000006
1.4381140000000006
1.4347569999999994
1.4386650000000003
1.4221020000000006
1.4381140000000006
1.4347569999999994
1.4386650000000003
1.4221020000000006
1.4381140000000006
1.4347569999999994
1.4386650000000003
1.4221020000000006
1.4381140000000006
1.4347569999999994
1.4386650000000003
1.4221020000000006
1.4381140000000006
1.4347569999999994
1.4386650000000003
1.4221020000000006
1.4381140000000006
1.4347569999999994
1.4386650000000003
1.4221020000000006
1.4381140000000006
1.4347569999999994
1.4386650000000003
1.4221020000000006
1.4381140000000006
1.4347569999999994
1.4386650000000003
1.4221020000000006
1.4381140000000006
1.4347569999999994
1.4386650000000003
1.4221020000000006
1.4381140000000006
1.4347569999999994
1.4386650000000003
1.4221020000000006
1.4381140000000006
1.4347569999999994
1.4386650000000003
1.4221020000000006
1.4381140000000006
1.4347569999999994
1.4386650000000003
1.4221020000000006
1.4381140000000006
1.4347569999999994
1.4386650000000003
1.4221020000000006
1.4381140000000006
1.4347569999999994
1.4386650000000003
1.4221020000000006
1.4381140000000006
1.4347569999999994
1.4386650000000003
1.4221020000000006
1.4381140000000006
1.4347569999999994
1.4386650000000003
1.4221020000000006
1.4381140000000006
1.4347569999999994
1.4386650000000003
1.4221020000000006
1.4381140000000006
1.4347569999999994
-1.4353749999999996
-1.4348729999999996
-1.4295609999999996
-1.433828
-1.4353749999999996
-1.4348729999999996
-1.4295609999999996
-1.433828
-1.4353749999999996
-1.4348729999999996
-1.4295609999999996
-1.433828
-1.4353749999999996
-1.4348729999999996
-1.4295609999999996
-1.433828
-1.4353749999999996
-1.4348729999999996
-1.4295609999999996
-1.433828
-1.4353749999999996
-1.4348729999999996
-1.4295609999999996
-1.433828
-1.4353749999999996
-1.4348729999999996
-1.4295609999999996
-1.433828
-1.4353749999999996
-1.4348729999999996
-1.4295609999999996
-1.433828
-1.4353749999999996
-1.4348729999999996
-1.4295609999999996
-1.433828
-1.4353749999999996
-1.4348729999999996
-1.4295609999999996
-1.433828
-1.4353749999999996
-1.4348729999999996
-1.4295609999999996
-1.433828
-1.4353749999999996
-1.4348729999999996
-1.4295609999999996
-1.433828
-1.4353749999999996
-1.4348729999999996
-1.4295609999999996
-1.433828
-1.4353749999999996
-1.4348729999999996
-1.4295609999999996
-1.433828
-1.4353749999999996
-1.4348729999999996
-1.4295609999999996
-1.433828
-1.4353749999999996
-1.4348729999999996
-1.4295609999999996
-1.433828
-1.4353749999999996
-1.4348729999999996
-1.4295609999999996
-1.433828
-1.4353749999999996
-1.4348729999999996
-1.4295609999999996
-1.433828
-1.4353749999999996
-1.4348729999999996
-1.4295609999999996
-1.433828
-1.4353749999999996
-1.4348729999999996
-1.4295609999999996
-1.433828
-1.4353749999999996
-1.4348729999999996
-1.4295609999999996
-1.433828
-1.4353749999999996
-1.4348729999999996
-1.4295609999999996
-1.433828
-1.4353749999999996
-1.4348729999999996
-1.4295609999999996
-1.433828
-1.4353749999999996
-1.4348729999999996
-1.4295609999999996
-1.433828
-1.4353749999999996
-1.4348729999999996
-1.4295609999999996
-1.433828
-1.4353749999999996
-1.4348729999999996
-1.4295609999999996
-1.433828
-1.4353749999999996
-1.4348729999999996
-1.4295609999999996
-1.433828
