1.4000880000000002
1.3853500000000007
1.3985160000000008
1.388496
1.4000880000000002
1.3853500000000007
1.3985160000000008
1.388496
1.4000880000000002
1.3853500000000007
1.3985160000000008
1.388496
1.4000880000000002
1.3853500000000007
1.3985160000000008
1.388496
1.4000880000000002
1.3853500000000007
1.3985160000000008
1.388496
1.4000880000000002
1.3853500000000007
1.3985160000000008
1.388496
1.4000880000000002
1.3853500000000007
1.3985160000000008
1.388496
1.4000880000000002
1.3853500000000007
1.3985160000000008
1.388496
1.4000880000000002
1.3853500000000007
1.3985160000000008
1.388496
1.4000880000000002
1.3853500000000007
1.3985160000000008
1.388496
1.4000880000000002
1.3853500000000007
1.3985160000000008
1.388496
1.4000880000000002
1.3853500000000007
1.3985160000000008
1.388496
1.4000880000000002
1.3853500000000007
1.3985160000000008
1.388496
1.4000880000000002
1.3853500000000007
1.3985160000000008
1.388496
1.4000880000000002
1.3853500000000007
1.3985160000000008
1.388496
1.4000880000000002
1.3853500000000007
1.3985160000000008
1.388496
1.4000880000000002
1.3853500000000007
1.3985160000000008
1.388496
1.4000880000000002
1.3853500000000007
1.3985160000000008
1.388496
1.4000880000000002
1.3853500000000007
1.3985160000000008
1.388496
1.4000880000000002
1.3853500000000007
1.3985160000000008
1.388496
1.4000880000000002
1.3853500000000007
1.3985160000000008
1.388496
1.4000880000000002
1.3853500000000007
1.3985160000000008
1.388496
1.4000880000000002
1.3853500000000007
1.3985160000000008
1.388496
1.4000880000000002
1.3853500000000007
1.3985160000000008
1.388496
1.4000880000000002
1.3853500000000007
1.3985160000000008
1.388496
1.4000880000000002
1.3853500000000007
1.3985160000000008
1.388496
1.4000880000000002
1.3853500000000007
1.3985160000000008
1.388496
1.4000880000000002
1.3853500000000007
1.3985160000000008
1.388496
1.4000880000000002
1.3853500000000007
1.3985160000000008
1.388496
1.4000880000000002
1.3853500000000007
1.3985160000000008
1.388496
1.4000880000000002
1.3853500000000007
1.3985160000000008
1.388496
1.4000880000000002
1.3853500000000007
1.3985160000000008
1.388496
1.4000880000000002
1.3853500000000007
1.3985160000000008
1.388496
1.4000880000000002
1.3853500000000007
1.3985160000000008
1.388496
1.4000880000000002
1.3853500000000007
1.3985160000000008
1.388496
1.4000880000000002
1.3853500000000007
1.3985160000000008
1.388496
-1.39743
-1.3907249999999998
-1.3974390000000003
-1.3868539999999996
-1.39743
-1.3907249999999998
-1.3974390000000003
-1.3868539999999996
-1.39743
-1.3907249999999998
-1.3974390000000003
-1.3868539999999996
-1.39743
-1.3907249999999998
-1.3974390000000003
-1.3868539999999996
-1.39743
-1.3907249999999998
-1.3974390000000003
-1.3868539999999996
-1.39743
-1.3907249999999998
-1.3974390000000003
-1.3868539999999996
-1.39743
-1.3907249999999998
-1.3974390000000003
-1.3868539999999996
-1.39743
-1.3907249999999998
-1.3974390000000003
-1.3868539999999996
-1.39743
-1.3907249999999998
-1.3974390000000003
-1.3868539999999996
-1.39743
-1.3907249999999998
-1.3974390000000003
-1.3868539999999996
-1.39743
-1.3907249999999998
-1.3974390000000003
-1.3868539999999996
-1.39743
-1.3907249999999998
-1.3974390000000003
-1.3868539999999996
-1.39743
-1.3907249999999998
-1.3974390000000003
-1.3868539999999996
-1.39743
-1.3907249999999998
-1.3974390000000003
-1.3868539999999996
-1.39743
-1.3907249999999998
-1.3974390000000003
-1.3868539999999996
-1.39743
-1.3907249999999998
-1.3974390000000003
-1.3868539999999996
-1.39743
-1.3907249999999998
-1.3974390000000003
-1.3868539999999996
-1.39743
-1.3907249999999998
-1.3974390000000003
-1.3868539999999996
-1.39743
-1.3907249999999998
-1.3974390000000003
-1.3868539999999996
-1.39743
-1.3907249999999998
-1.3974390000000003
-1.3868539999999996
-1.39743
-1.3907249999999998
-1.3974390000000003
-1.3868539999999996
-1.39743
-1.3907249999999998
-1.3974390000000003
-1.3868539999999996
-1.39743
-1.3907249999999998
-1.3974390000000003
-1.3868539999999996
-1.39743
-1.3907249999999998
-1.3974390000000003
-1.3868539999999996
-1.39743
-1.3907249999999998
-1.3974390000000003
-1.3868539999999996
-1.39743
-1.3907249999999998
-1.3974390000000003
-1.3868539999999996
-1.39743
-1.3907249999999998
-1.3974390000000003
-1.3868539999999996
-1.39743
-1.3907249999999998
-1.3974390000000003
-1.3868539999999996
-1.39743
-1.3907249999999998
-1.3974390000000003
-1.3868539999999996
-1.39743
-1.3907249999999998
-1.3974390000000003
-1.3868539999999996
-1.39743
-1.3907249999999998
-1.3974390000000003
-1.3868539999999996
-1.39743
-1.3907249999999998
-1.3974390000000003
-1.3868539999999996
-1.39743
-1.3907249999999998
-1.3974390000000003
-1.3868539999999996
-1.39743
-1.3907249999999998
-1.3974390000000003
-1.3868539999999996
-1.39743
-1.3907249999999998
-1.3974390000000003
-1.3868539999999996
-1.39743
-1.3907249999999998
-1.3974390000000003
-1.3868539999999996
