1.4692109999999996
1.4692109999999996
1.4692109999999996
1.4692109999999996
1.4692109999999996
1.4692109999999996
1.4692109999999996
1.4692109999999996
1.4692109999999996
1.4692109999999996
1.4692109999999996
1.4692109999999996
1.4692109999999996
1.4692109999999996
1.4692109999999996
1.4692109999999996
1.4692109999999996
1.4692109999999996
1.4692109999999996
1.4692109999999996
1.4692109999999996
1.4692109999999996
1.4692109999999996
1.4692109999999996
1.4692109999999996
1.4692109999999996
1.4692109999999996
1.4692109999999996
1.4692109999999996
1.4692109999999996
1.4692109999999996
1.4692109999999996
1.4692109999999996
1.4692109999999996
1.4692109999999996
1.4692109999999996
1.4692109999999996
1.4692109999999996
1.4692109999999996
1.4692109999999996
1.4692109999999996
1.4692109999999996
1.4692109999999996
1.4692109999999996
1.4692109999999996
1.4692109999999996
1.4692109999999996
1.4692109999999996
1.4692109999999996
1.4692109999999996
1.4692109999999996
1.4692109999999996
1.4692109999999996
1.4692109999999996
1.4692109999999996
1.4692109999999996
1.4692109999999996
1.4692109999999996
1.4692109999999996
1.4692109999999996
1.4692109999999996
1.4692109999999996
1.4692109999999996
1.4692109999999996
1.4692109999999996
1.4692109999999996
1.4692109999999996
1.4692109999999996
1.4692109999999996
1.4692109999999996
1.4692109999999996
1.4692109999999996
-1.4692109999999996
-1.4692109999999996
-1.4692109999999996
-1.4692109999999996
-1.4692109999999996
-1.4692109999999996
-1.4692109999999996
-1.4692109999999996
-1.4692109999999996
-1.4692109999999996
-1.4692109999999996
-1.4692109999999996
-1.4692109999999996
-1.4692109999999996
-1.4692109999999996
-1.4692109999999996
-1.4692109999999996
-1.4692109999999996
-1.4692109999999996
-1.4692109999999996
-1.4692109999999996
-1.4692109999999996
-1.4692109999999996
-1.4692109999999996
-1.4692109999999996
-1.4692109999999996
-1.4692109999999996
-1.4692109999999996
-1.4692109999999996
-1.4692109999999996
-1.4692109999999996
-1.4692109999999996
-1.4692109999999996
-1.4692109999999996
-1.4692109999999996
-1.4692109999999996
-1.4692109999999996
-1.4692109999999996
-1.4692109999999996
-1.4692109999999996
-1.4692109999999996
-1.4692109999999996
-1.4692109999999996
-1.4692109999999996
-1.4692109999999996
-1.4692109999999996
-1.4692109999999996
-1.4692109999999996
-1.4692109999999996
-1.4692109999999996
-1.4692109999999996
-1.4692109999999996
-1.4692109999999996
-1.4692109999999996
-1.4692109999999996
-1.4692109999999996
-1.4692109999999996
-1.4692109999999996
-1.4692109999999996
-1.4692109999999996
-1.4692109999999996
-1.4692109999999996
-1.4692109999999996
-1.4692109999999996
-1.4692109999999996
-1.4692109999999996
-1.4692109999999996
-1.4692109999999996
-1.4692109999999996
-1.4692109999999996
-1.4692109999999996
-1.4692109999999996
