1.3991489999999995
1.3923850000000009
1.4072840000000006
1.4084489999999992
1.3991489999999995
1.3923850000000009
1.4072840000000006
1.4084489999999992
1.3991489999999995
1.3923850000000009
1.4072840000000006
1.4084489999999992
1.3991489999999995
1.3923850000000009
1.4072840000000006
1.4084489999999992
1.3991489999999995
1.3923850000000009
1.4072840000000006
1.4084489999999992
1.3991489999999995
1.3923850000000009
1.4072840000000006
1.4084489999999992
1.3991489999999995
1.3923850000000009
1.4072840000000006
1.4084489999999992
1.3991489999999995
1.3923850000000009
1.4072840000000006
1.4084489999999992
1.3991489999999995
1.3923850000000009
1.4072840000000006
1.4084489999999992
1.3991489999999995
1.3923850000000009
1.4072840000000006
1.4084489999999992
1.3991489999999995
1.3923850000000009
1.4072840000000006
1.4084489999999992
1.3991489999999995
1.3923850000000009
1.4072840000000006
1.4084489999999992
1.3991489999999995
1.3923850000000009
1.4072840000000006
1.4084489999999992
1.3991489999999995
1.3923850000000009
1.4072840000000006
1.4084489999999992
1.3991489999999995
1.3923850000000009
1.4072840000000006
1.4084489999999992
1.3991489999999995
1.3923850000000009
1.4072840000000006
1.4084489999999992
1.3991489999999995
1.3923850000000009
1.4072840000000006
1.4084489999999992
1.3991489999999995
1.3923850000000009
1.4072840000000006
1.4084489999999992
1.3991489999999995
1.3923850000000009
1.4072840000000006
1.4084489999999992
1.3991489999999995
1.3923850000000009
1.4072840000000006
1.4084489999999992
1.3991489999999995
1.3923850000000009
1.4072840000000006
1.4084489999999992
1.3991489999999995
1.3923850000000009
1.4072840000000006
1.4084489999999992
1.3991489999999995
1.3923850000000009
1.4072840000000006
1.4084489999999992
1.3991489999999995
1.3923850000000009
1.4072840000000006
1.4084489999999992
1.3991489999999995
1.3923850000000009
1.4072840000000006
1.4084489999999992
1.3991489999999995
1.3923850000000009
1.4072840000000006
1.4084489999999992
1.3991489999999995
1.3923850000000009
1.4072840000000006
1.4084489999999992
1.3991489999999995
1.3923850000000009
1.4072840000000006
1.4084489999999992
1.3991489999999995
1.3923850000000009
1.4072840000000006
1.4084489999999992
1.3991489999999995
1.3923850000000009
1.4072840000000006
1.4084489999999992
1.3991489999999995
1.3923850000000009
1.4072840000000006
1.4084489999999992
1.3991489999999995
1.3923850000000009
1.4072840000000006
1.4084489999999992
1.3991489999999995
1.3923850000000009
1.4072840000000006
1.4084489999999992
1.3991489999999995
1.3923850000000009
1.4072840000000006
1.4084489999999992
1.3991489999999995
1.3923850000000009
1.4072840000000006
1.4084489999999992
1.3991489999999995
1.3923850000000009
1.4072840000000006
1.4084489999999992
1.3991489999999995
1.3923850000000009
1.4072840000000006
1.4084489999999992
1.3991489999999995
1.3923850000000009
1.4072840000000006
1.4084489999999992
1.3991489999999995
1.3923850000000009
1.4072840000000006
1.4084489999999992
1.3991489999999995
1.3923850000000009
1.4072840000000006
1.4084489999999992
1.3991489999999995
1.3923850000000009
1.4072840000000006
1.4084489999999992
1.3991489999999995
1.3923850000000009
1.4072840000000006
1.4084489999999992
1.3991489999999995
1.3923850000000009
1.4072840000000006
1.4084489999999992
1.3991489999999995
1.3923850000000009
1.4072840000000006
1.4084489999999992
1.3991489999999995
1.3923850000000009
1.4072840000000006
1.4084489999999992
1.3991489999999995
1.3923850000000009
1.4072840000000006
1.4084489999999992
1.3991489999999995
1.3923850000000009
1.4072840000000006
1.4084489999999992
1.3991489999999995
1.3923850000000009
1.4072840000000006
1.4084489999999992
-1.4040600000000003
-1.3973719999999998
-1.399515
-1.40632
-1.4040600000000003
-1.3973719999999998
-1.399515
-1.40632
-1.4040600000000003
-1.3973719999999998
-1.399515
-1.40632
-1.4040600000000003
-1.3973719999999998
-1.399515
-1.40632
-1.4040600000000003
-1.3973719999999998
-1.399515
-1.40632
-1.4040600000000003
-1.3973719999999998
-1.399515
-1.40632
-1.4040600000000003
-1.3973719999999998
-1.399515
-1.40632
-1.4040600000000003
-1.3973719999999998
-1.399515
-1.40632
-1.4040600000000003
-1.3973719999999998
-1.399515
-1.40632
-1.4040600000000003
-1.3973719999999998
-1.399515
-1.40632
-1.4040600000000003
-1.3973719999999998
-1.399515
-1.40632
-1.4040600000000003
-1.3973719999999998
-1.399515
-1.40632
-1.4040600000000003
-1.3973719999999998
-1.399515
-1.40632
-1.4040600000000003
-1.3973719999999998
-1.399515
-1.40632
-1.4040600000000003
-1.3973719999999998
-1.399515
-1.40632
-1.4040600000000003
-1.3973719999999998
-1.399515
-1.40632
-1.4040600000000003
-1.3973719999999998
-1.399515
-1.40632
-1.4040600000000003
-1.3973719999999998
-1.399515
-1.40632
-1.4040600000000003
-1.3973719999999998
-1.399515
-1.40632
-1.4040600000000003
-1.3973719999999998
-1.399515
-1.40632
-1.4040600000000003
-1.3973719999999998
-1.399515
-1.40632
-1.4040600000000003
-1.3973719999999998
-1.399515
-1.40632
-1.4040600000000003
-1.3973719999999998
-1.399515
-1.40632
-1.4040600000000003
-1.3973719999999998
-1.399515
-1.40632
-1.4040600000000003
-1.3973719999999998
-1.399515
-1.40632
-1.4040600000000003
-1.3973719999999998
-1.399515
-1.40632
-1.4040600000000003
-1.3973719999999998
-1.399515
-1.40632
-1.4040600000000003
-1.3973719999999998
-1.399515
-1.40632
-1.4040600000000003
-1.3973719999999998
-1.399515
-1.40632
-1.4040600000000003
-1.3973719999999998
-1.399515
-1.40632
-1.4040600000000003
-1.3973719999999998
-1.399515
-1.40632
-1.4040600000000003
-1.3973719999999998
-1.399515
-1.40632
-1.4040600000000003
-1.3973719999999998
-1.399515
-1.40632
-1.4040600000000003
-1.3973719999999998
-1.399515
-1.40632
-1.4040600000000003
-1.3973719999999998
-1.399515
-1.40632
-1.4040600000000003
-1.3973719999999998
-1.399515
-1.40632
-1.4040600000000003
-1.3973719999999998
-1.399515
-1.40632
-1.4040600000000003
-1.3973719999999998
-1.399515
-1.40632
-1.4040600000000003
-1.3973719999999998
-1.399515
-1.40632
-1.4040600000000003
-1.3973719999999998
-1.399515
-1.40632
-1.4040600000000003
-1.3973719999999998
-1.399515
-1.40632
-1.4040600000000003
-1.3973719999999998
-1.399515
-1.40632
-1.4040600000000003
-1.3973719999999998
-1.399515
-1.40632
-1.4040600000000003
-1.3973719999999998
-1.399515
-1.40632
-1.4040600000000003
-1.3973719999999998
-1.399515
-1.40632
-1.4040600000000003
-1.3973719999999998
-1.399515
-1.40632
-1.4040600000000003
-1.3973719999999998
-1.399515
-1.40632
-1.4040600000000003
-1.3973719999999998
-1.399515
-1.40632
