1.4208610000000004
1.4271480000000007
1.4208610000000004
1.4271480000000007
1.4208610000000004
1.4271480000000007
1.4208610000000004
1.4271480000000007
1.4208610000000004
1.4271480000000007
1.4208610000000004
1.4271480000000007
1.4208610000000004
1.4271480000000007
1.4208610000000004
1.4271480000000007
1.4208610000000004
1.4271480000000007
1.4208610000000004
1.4271480000000007
1.4208610000000004
1.4271480000000007
1.4208610000000004
1.4271480000000007
1.4208610000000004
1.4271480000000007
1.4208610000000004
1.4271480000000007
1.4208610000000004
1.4271480000000007
1.4208610000000004
1.4271480000000007
1.4208610000000004
1.4271480000000007
1.4208610000000004
1.4271480000000007
1.4208610000000004
1.4271480000000007
1.4208610000000004
1.4271480000000007
1.4208610000000004
1.4271480000000007
1.4208610000000004
1.4271480000000007
1.4208610000000004
1.4271480000000007
1.4208610000000004
1.4271480000000007
1.4208610000000004
1.4271480000000007
1.4208610000000004
1.4271480000000007
1.4208610000000004
1.4271480000000007
1.4208610000000004
1.4271480000000007
1.4208610000000004
1.4271480000000007
1.4208610000000004
1.4271480000000007
1.4208610000000004
1.4271480000000007
1.4208610000000004
1.4271480000000007
1.4208610000000004
1.4271480000000007
1.4208610000000004
1.4271480000000007
1.4208610000000004
1.4271480000000007
1.4208610000000004
1.4271480000000007
1.4208610000000004
1.4271480000000007
1.4208610000000004
1.4271480000000007
1.4208610000000004
1.4271480000000007
1.4208610000000004
1.4271480000000007
1.4208610000000004
1.4271480000000007
1.4208610000000004
1.4271480000000007
1.4208610000000004
1.4271480000000007
1.4208610000000004
1.4271480000000007
1.4208610000000004
1.4271480000000007
1.4208610000000004
1.4271480000000007
1.4208610000000004
1.4271480000000007
1.4208610000000004
1.4271480000000007
-1.424366
-1.4236430000000002
-1.424366
-1.4236430000000002
-1.424366
-1.4236430000000002
-1.424366
-1.4236430000000002
-1.424366
-1.4236430000000002
-1.424366
-1.4236430000000002
-1.424366
-1.4236430000000002
-1.424366
-1.4236430000000002
-1.424366
-1.4236430000000002
-1.424366
-1.4236430000000002
-1.424366
-1.4236430000000002
-1.424366
-1.4236430000000002
-1.424366
-1.4236430000000002
-1.424366
-1.4236430000000002
-1.424366
-1.4236430000000002
-1.424366
-1.4236430000000002
-1.424366
-1.4236430000000002
-1.424366
-1.4236430000000002
-1.424366
-1.4236430000000002
-1.424366
-1.4236430000000002
-1.424366
-1.4236430000000002
-1.424366
-1.4236430000000002
-1.424366
-1.4236430000000002
-1.424366
-1.4236430000000002
-1.424366
-1.4236430000000002
-1.424366
-1.4236430000000002
-1.424366
-1.4236430000000002
-1.424366
-1.4236430000000002
-1.424366
-1.4236430000000002
-1.424366
-1.4236430000000002
-1.424366
-1.4236430000000002
-1.424366
-1.4236430000000002
-1.424366
-1.4236430000000002
-1.424366
-1.4236430000000002
-1.424366
-1.4236430000000002
-1.424366
-1.4236430000000002
-1.424366
-1.4236430000000002
-1.424366
-1.4236430000000002
-1.424366
-1.4236430000000002
-1.424366
-1.4236430000000002
-1.424366
-1.4236430000000002
-1.424366
-1.4236430000000002
-1.424366
-1.4236430000000002
-1.424366
-1.4236430000000002
-1.424366
-1.4236430000000002
-1.424366
-1.4236430000000002
-1.424366
-1.4236430000000002
-1.424366
-1.4236430000000002
