1.1412250000000004
1.1412250000000004
1.1412250000000004
1.1412250000000004
1.1412250000000004
1.1412250000000004
1.1412250000000004
1.1412250000000004
1.1412250000000004
1.1412250000000004
1.1412250000000004
1.1412250000000004
1.1412250000000004
1.1412250000000004
1.1412250000000004
1.1412250000000004
1.1412250000000004
1.1412250000000004
1.1412250000000004
1.1412250000000004
1.1412250000000004
1.1412250000000004
1.1412250000000004
1.1412250000000004
1.1412250000000004
1.1412250000000004
1.1412250000000004
-1.141223
-1.141223
-1.141223
-1.141223
-1.141223
-1.141223
-1.141223
-1.141223
-1.141223
-1.141223
-1.141223
-1.141223
-1.141223
-1.141223
-1.141223
-1.141223
-1.141223
-1.141223
-1.141223
-1.141223
-1.141223
-1.141223
-1.141223
-1.141223
-1.141223
-1.141223
-1.141223
