1.4247060000000005
1.4344280000000005
1.4285999999999994
1.4259140000000006
1.4247060000000005
1.4344280000000005
1.4285999999999994
1.4259140000000006
1.4247060000000005
1.4344280000000005
1.4285999999999994
1.4259140000000006
1.4247060000000005
1.4344280000000005
1.4285999999999994
1.4259140000000006
1.4247060000000005
1.4344280000000005
1.4285999999999994
1.4259140000000006
1.4247060000000005
1.4344280000000005
1.4285999999999994
1.4259140000000006
1.4247060000000005
1.4344280000000005
1.4285999999999994
1.4259140000000006
1.4247060000000005
1.4344280000000005
1.4285999999999994
1.4259140000000006
1.4247060000000005
1.4344280000000005
1.4285999999999994
1.4259140000000006
1.4247060000000005
1.4344280000000005
1.4285999999999994
1.4259140000000006
1.4247060000000005
1.4344280000000005
1.4285999999999994
1.4259140000000006
1.4247060000000005
1.4344280000000005
1.4285999999999994
1.4259140000000006
1.4247060000000005
1.4344280000000005
1.4285999999999994
1.4259140000000006
1.4247060000000005
1.4344280000000005
1.4285999999999994
1.4259140000000006
1.4247060000000005
1.4344280000000005
1.4285999999999994
1.4259140000000006
1.4247060000000005
1.4344280000000005
1.4285999999999994
1.4259140000000006
1.4247060000000005
1.4344280000000005
1.4285999999999994
1.4259140000000006
1.4247060000000005
1.4344280000000005
1.4285999999999994
1.4259140000000006
1.4247060000000005
1.4344280000000005
1.4285999999999994
1.4259140000000006
1.4247060000000005
1.4344280000000005
1.4285999999999994
1.4259140000000006
1.4247060000000005
1.4344280000000005
1.4285999999999994
1.4259140000000006
1.4247060000000005
1.4344280000000005
1.4285999999999994
1.4259140000000006
1.4247060000000005
1.4344280000000005
1.4285999999999994
1.4259140000000006
1.4247060000000005
1.4344280000000005
1.4285999999999994
1.4259140000000006
1.4247060000000005
1.4344280000000005
1.4285999999999994
1.4259140000000006
1.4247060000000005
1.4344280000000005
1.4285999999999994
1.4259140000000006
1.4247060000000005
1.4344280000000005
1.4285999999999994
1.4259140000000006
1.4247060000000005
1.4344280000000005
1.4285999999999994
1.4259140000000006
1.4247060000000005
1.4344280000000005
1.4285999999999994
1.4259140000000006
1.4247060000000005
1.4344280000000005
1.4285999999999994
1.4259140000000006
1.4247060000000005
1.4344280000000005
1.4285999999999994
1.4259140000000006
1.4247060000000005
1.4344280000000005
1.4285999999999994
1.4259140000000006
1.4247060000000005
1.4344280000000005
1.4285999999999994
1.4259140000000006
1.4247060000000005
1.4344280000000005
1.4285999999999994
1.4259140000000006
1.4247060000000005
1.4344280000000005
1.4285999999999994
1.4259140000000006
1.4247060000000005
1.4344280000000005
1.4285999999999994
1.4259140000000006
-1.4268989999999997
-1.430535
-1.4255649999999997
-1.4306450000000002
-1.4268989999999997
-1.430535
-1.4255649999999997
-1.4306450000000002
-1.4268989999999997
-1.430535
-1.4255649999999997
-1.4306450000000002
-1.4268989999999997
-1.430535
-1.4255649999999997
-1.4306450000000002
-1.4268989999999997
-1.430535
-1.4255649999999997
-1.4306450000000002
-1.4268989999999997
-1.430535
-1.4255649999999997
-1.4306450000000002
-1.4268989999999997
-1.430535
-1.4255649999999997
-1.4306450000000002
-1.4268989999999997
-1.430535
-1.4255649999999997
-1.4306450000000002
-1.4268989999999997
-1.430535
-1.4255649999999997
-1.4306450000000002
-1.4268989999999997
-1.430535
-1.4255649999999997
-1.4306450000000002
-1.4268989999999997
-1.430535
-1.4255649999999997
-1.4306450000000002
-1.4268989999999997
-1.430535
-1.4255649999999997
-1.4306450000000002
-1.4268989999999997
-1.430535
-1.4255649999999997
-1.4306450000000002
-1.4268989999999997
-1.430535
-1.4255649999999997
-1.4306450000000002
-1.4268989999999997
-1.430535
-1.4255649999999997
-1.4306450000000002
-1.4268989999999997
-1.430535
-1.4255649999999997
-1.4306450000000002
-1.4268989999999997
-1.430535
-1.4255649999999997
-1.4306450000000002
-1.4268989999999997
-1.430535
-1.4255649999999997
-1.4306450000000002
-1.4268989999999997
-1.430535
-1.4255649999999997
-1.4306450000000002
-1.4268989999999997
-1.430535
-1.4255649999999997
-1.4306450000000002
-1.4268989999999997
-1.430535
-1.4255649999999997
-1.4306450000000002
-1.4268989999999997
-1.430535
-1.4255649999999997
-1.4306450000000002
-1.4268989999999997
-1.430535
-1.4255649999999997
-1.4306450000000002
-1.4268989999999997
-1.430535
-1.4255649999999997
-1.4306450000000002
-1.4268989999999997
-1.430535
-1.4255649999999997
-1.4306450000000002
-1.4268989999999997
-1.430535
-1.4255649999999997
-1.4306450000000002
-1.4268989999999997
-1.430535
-1.4255649999999997
-1.4306450000000002
-1.4268989999999997
-1.430535
-1.4255649999999997
-1.4306450000000002
-1.4268989999999997
-1.430535
-1.4255649999999997
-1.4306450000000002
-1.4268989999999997
-1.430535
-1.4255649999999997
-1.4306450000000002
-1.4268989999999997
-1.430535
-1.4255649999999997
-1.4306450000000002
-1.4268989999999997
-1.430535
-1.4255649999999997
-1.4306450000000002
-1.4268989999999997
-1.430535
-1.4255649999999997
-1.4306450000000002
-1.4268989999999997
-1.430535
-1.4255649999999997
-1.4306450000000002
-1.4268989999999997
-1.430535
-1.4255649999999997
-1.4306450000000002
-1.4268989999999997
-1.430535
-1.4255649999999997
-1.4306450000000002
