1.3854419999999994
1.3880800000000004
1.3854419999999994
1.3880800000000004
1.3854419999999994
1.3880800000000004
1.3854419999999994
1.3880800000000004
1.3854419999999994
1.3880800000000004
1.3854419999999994
1.3880800000000004
1.3854419999999994
1.3880800000000004
1.3854419999999994
1.3880800000000004
1.3854419999999994
1.3880800000000004
1.3854419999999994
1.3880800000000004
1.3854419999999994
1.3880800000000004
1.3854419999999994
1.3880800000000004
1.3854419999999994
1.3880800000000004
1.3854419999999994
1.3880800000000004
1.3854419999999994
1.3880800000000004
1.3854419999999994
1.3880800000000004
1.3854419999999994
1.3880800000000004
1.3854419999999994
1.3880800000000004
1.3854419999999994
1.3880800000000004
1.3854419999999994
1.3880800000000004
1.3854419999999994
1.3880800000000004
1.3854419999999994
1.3880800000000004
1.3854419999999994
1.3880800000000004
1.3854419999999994
1.3880800000000004
1.3854419999999994
1.3880800000000004
1.3854419999999994
1.3880800000000004
1.3854419999999994
1.3880800000000004
1.3854419999999994
1.3880800000000004
1.3854419999999994
1.3880800000000004
1.3854419999999994
1.3880800000000004
1.3854419999999994
1.3880800000000004
1.3854419999999994
1.3880800000000004
1.3854419999999994
1.3880800000000004
1.3854419999999994
1.3880800000000004
1.3854419999999994
1.3880800000000004
1.3854419999999994
1.3880800000000004
1.3854419999999994
1.3880800000000004
1.3854419999999994
1.3880800000000004
1.3854419999999994
1.3880800000000004
1.3854419999999994
1.3880800000000004
1.3854419999999994
1.3880800000000004
1.3854419999999994
1.3880800000000004
1.3854419999999994
1.3880800000000004
1.3854419999999994
1.3880800000000004
1.3854419999999994
1.3880800000000004
1.3854419999999994
1.3880800000000004
1.3854419999999994
1.3880800000000004
1.3854419999999994
1.3880800000000004
1.3854419999999994
1.3880800000000004
1.3854419999999994
1.3880800000000004
1.3854419999999994
1.3880800000000004
1.3854419999999994
1.3880800000000004
1.3854419999999994
1.3880800000000004
1.3854419999999994
1.3880800000000004
1.3854419999999994
1.3880800000000004
1.3854419999999994
1.3880800000000004
1.3854419999999994
1.3880800000000004
1.3854419999999994
1.3880800000000004
1.3854419999999994
1.3880800000000004
1.3854419999999994
1.3880800000000004
-1.38685
-1.3866699999999996
-1.38685
-1.3866699999999996
-1.38685
-1.3866699999999996
-1.38685
-1.3866699999999996
-1.38685
-1.3866699999999996
-1.38685
-1.3866699999999996
-1.38685
-1.3866699999999996
-1.38685
-1.3866699999999996
-1.38685
-1.3866699999999996
-1.38685
-1.3866699999999996
-1.38685
-1.3866699999999996
-1.38685
-1.3866699999999996
-1.38685
-1.3866699999999996
-1.38685
-1.3866699999999996
-1.38685
-1.3866699999999996
-1.38685
-1.3866699999999996
-1.38685
-1.3866699999999996
-1.38685
-1.3866699999999996
-1.38685
-1.3866699999999996
-1.38685
-1.3866699999999996
-1.38685
-1.3866699999999996
-1.38685
-1.3866699999999996
-1.38685
-1.3866699999999996
-1.38685
-1.3866699999999996
-1.38685
-1.3866699999999996
-1.38685
-1.3866699999999996
-1.38685
-1.3866699999999996
-1.38685
-1.3866699999999996
-1.38685
-1.3866699999999996
-1.38685
-1.3866699999999996
-1.38685
-1.3866699999999996
-1.38685
-1.3866699999999996
-1.38685
-1.3866699999999996
-1.38685
-1.3866699999999996
-1.38685
-1.3866699999999996
-1.38685
-1.3866699999999996
-1.38685
-1.3866699999999996
-1.38685
-1.3866699999999996
-1.38685
-1.3866699999999996
-1.38685
-1.3866699999999996
-1.38685
-1.3866699999999996
-1.38685
-1.3866699999999996
-1.38685
-1.3866699999999996
-1.38685
-1.3866699999999996
-1.38685
-1.3866699999999996
-1.38685
-1.3866699999999996
-1.38685
-1.3866699999999996
-1.38685
-1.3866699999999996
-1.38685
-1.3866699999999996
-1.38685
-1.3866699999999996
-1.38685
-1.3866699999999996
-1.38685
-1.3866699999999996
-1.38685
-1.3866699999999996
-1.38685
-1.3866699999999996
-1.38685
-1.3866699999999996
-1.38685
-1.3866699999999996
-1.38685
-1.3866699999999996
-1.38685
-1.3866699999999996
-1.38685
-1.3866699999999996
-1.38685
-1.3866699999999996
