1.0201650000000004
1.0201650000000004
1.0201650000000004
1.0201650000000004
1.0201650000000004
1.0201650000000004
1.0201650000000004
1.0201650000000004
1.0201650000000004
1.0201650000000004
1.0201650000000004
1.0201650000000004
1.0201650000000004
1.0201650000000004
1.0201650000000004
1.0201650000000004
1.0201650000000004
1.0201650000000004
1.0201650000000004
1.0201650000000004
1.0201650000000004
1.0201650000000004
1.0201650000000004
1.0201650000000004
1.0201650000000004
1.0201650000000004
1.0201650000000004
-1.0201650000000004
-1.0201650000000004
-1.0201650000000004
-1.0201650000000004
-1.0201650000000004
-1.0201650000000004
-1.0201650000000004
-1.0201650000000004
-1.0201650000000004
-1.0201650000000004
-1.0201650000000004
-1.0201650000000004
-1.0201650000000004
-1.0201650000000004
-1.0201650000000004
-1.0201650000000004
-1.0201650000000004
-1.0201650000000004
-1.0201650000000004
-1.0201650000000004
-1.0201650000000004
-1.0201650000000004
-1.0201650000000004
-1.0201650000000004
-1.0201650000000004
-1.0201650000000004
-1.0201650000000004
