1.3864090000000004
1.3864090000000004
1.3864090000000004
1.3864090000000004
1.3864090000000004
1.3864090000000004
1.3864090000000004
1.3864090000000004
1.3864090000000004
1.3864090000000004
1.3864090000000004
1.3864090000000004
1.3864090000000004
1.3864090000000004
1.3864090000000004
1.3864090000000004
1.3864090000000004
1.3864090000000004
1.3864090000000004
1.3864090000000004
1.3864090000000004
1.3864090000000004
1.3864090000000004
1.3864090000000004
1.3864090000000004
1.3864090000000004
1.3864090000000004
1.3864090000000004
1.3864090000000004
1.3864090000000004
1.3864090000000004
1.3864090000000004
1.3864090000000004
1.3864090000000004
1.3864090000000004
1.3864090000000004
1.3864090000000004
1.3864090000000004
1.3864090000000004
1.3864090000000004
1.3864090000000004
1.3864090000000004
1.3864090000000004
1.3864090000000004
1.3864090000000004
1.3864090000000004
1.3864090000000004
1.3864090000000004
1.3864090000000004
1.3864090000000004
1.3864090000000004
1.3864090000000004
1.3864090000000004
1.3864090000000004
1.3864090000000004
1.3864090000000004
1.3864090000000004
1.3864090000000004
1.3864090000000004
1.3864090000000004
1.3864090000000004
1.3864090000000004
1.3864090000000004
1.3864090000000004
-1.3864080000000003
-1.3864080000000003
-1.3864080000000003
-1.3864080000000003
-1.3864080000000003
-1.3864080000000003
-1.3864080000000003
-1.3864080000000003
-1.3864080000000003
-1.3864080000000003
-1.3864080000000003
-1.3864080000000003
-1.3864080000000003
-1.3864080000000003
-1.3864080000000003
-1.3864080000000003
-1.3864080000000003
-1.3864080000000003
-1.3864080000000003
-1.3864080000000003
-1.3864080000000003
-1.3864080000000003
-1.3864080000000003
-1.3864080000000003
-1.3864080000000003
-1.3864080000000003
-1.3864080000000003
-1.3864080000000003
-1.3864080000000003
-1.3864080000000003
-1.3864080000000003
-1.3864080000000003
-1.3864080000000003
-1.3864080000000003
-1.3864080000000003
-1.3864080000000003
-1.3864080000000003
-1.3864080000000003
-1.3864080000000003
-1.3864080000000003
-1.3864080000000003
-1.3864080000000003
-1.3864080000000003
-1.3864080000000003
-1.3864080000000003
-1.3864080000000003
-1.3864080000000003
-1.3864080000000003
-1.3864080000000003
-1.3864080000000003
-1.3864080000000003
-1.3864080000000003
-1.3864080000000003
-1.3864080000000003
-1.3864080000000003
-1.3864080000000003
-1.3864080000000003
-1.3864080000000003
-1.3864080000000003
-1.3864080000000003
-1.3864080000000003
-1.3864080000000003
-1.3864080000000003
-1.3864080000000003
