1.3758529999999993
1.35506
1.3758529999999993
1.35506
1.3758529999999993
1.35506
1.3758529999999993
1.35506
1.3758529999999993
1.35506
1.3758529999999993
1.35506
1.3758529999999993
1.35506
1.3758529999999993
1.35506
1.3758529999999993
1.35506
1.3758529999999993
1.35506
1.3758529999999993
1.35506
1.3758529999999993
1.35506
1.3758529999999993
1.35506
1.3758529999999993
1.35506
1.3758529999999993
1.35506
1.3758529999999993
1.35506
1.3758529999999993
1.35506
1.3758529999999993
1.35506
1.3758529999999993
1.35506
1.3758529999999993
1.35506
1.3758529999999993
1.35506
1.3758529999999993
1.35506
1.3758529999999993
1.35506
1.3758529999999993
1.35506
1.3758529999999993
1.35506
1.3758529999999993
1.35506
1.3758529999999993
1.35506
1.3758529999999993
1.35506
1.3758529999999993
1.35506
1.3758529999999993
1.35506
1.3758529999999993
1.35506
1.3758529999999993
1.35506
1.3758529999999993
1.35506
1.3758529999999993
1.35506
1.3758529999999993
1.35506
1.3758529999999993
1.35506
1.3758529999999993
1.35506
1.3758529999999993
1.35506
1.3758529999999993
1.35506
1.3758529999999993
1.35506
1.3758529999999993
1.35506
1.3758529999999993
1.35506
1.3758529999999993
1.35506
1.3758529999999993
1.35506
1.3758529999999993
1.35506
1.3758529999999993
1.35506
1.3758529999999993
1.35506
1.3758529999999993
1.35506
1.3758529999999993
1.35506
1.3758529999999993
1.35506
1.3758529999999993
1.35506
1.3758529999999993
1.35506
1.3758529999999993
1.35506
1.3758529999999993
1.35506
1.3758529999999993
1.35506
1.3758529999999993
1.35506
1.3758529999999993
1.35506
1.3758529999999993
1.35506
1.3758529999999993
1.35506
1.3758529999999993
1.35506
-1.3635080000000004
-1.3674049999999998
-1.3635080000000004
-1.3674049999999998
-1.3635080000000004
-1.3674049999999998
-1.3635080000000004
-1.3674049999999998
-1.3635080000000004
-1.3674049999999998
-1.3635080000000004
-1.3674049999999998
-1.3635080000000004
-1.3674049999999998
-1.3635080000000004
-1.3674049999999998
-1.3635080000000004
-1.3674049999999998
-1.3635080000000004
-1.3674049999999998
-1.3635080000000004
-1.3674049999999998
-1.3635080000000004
-1.3674049999999998
-1.3635080000000004
-1.3674049999999998
-1.3635080000000004
-1.3674049999999998
-1.3635080000000004
-1.3674049999999998
-1.3635080000000004
-1.3674049999999998
-1.3635080000000004
-1.3674049999999998
-1.3635080000000004
-1.3674049999999998
-1.3635080000000004
-1.3674049999999998
-1.3635080000000004
-1.3674049999999998
-1.3635080000000004
-1.3674049999999998
-1.3635080000000004
-1.3674049999999998
-1.3635080000000004
-1.3674049999999998
-1.3635080000000004
-1.3674049999999998
-1.3635080000000004
-1.3674049999999998
-1.3635080000000004
-1.3674049999999998
-1.3635080000000004
-1.3674049999999998
-1.3635080000000004
-1.3674049999999998
-1.3635080000000004
-1.3674049999999998
-1.3635080000000004
-1.3674049999999998
-1.3635080000000004
-1.3674049999999998
-1.3635080000000004
-1.3674049999999998
-1.3635080000000004
-1.3674049999999998
-1.3635080000000004
-1.3674049999999998
-1.3635080000000004
-1.3674049999999998
-1.3635080000000004
-1.3674049999999998
-1.3635080000000004
-1.3674049999999998
-1.3635080000000004
-1.3674049999999998
-1.3635080000000004
-1.3674049999999998
-1.3635080000000004
-1.3674049999999998
-1.3635080000000004
-1.3674049999999998
-1.3635080000000004
-1.3674049999999998
-1.3635080000000004
-1.3674049999999998
-1.3635080000000004
-1.3674049999999998
-1.3635080000000004
-1.3674049999999998
-1.3635080000000004
-1.3674049999999998
-1.3635080000000004
-1.3674049999999998
-1.3635080000000004
-1.3674049999999998
-1.3635080000000004
-1.3674049999999998
-1.3635080000000004
-1.3674049999999998
-1.3635080000000004
-1.3674049999999998
-1.3635080000000004
-1.3674049999999998
-1.3635080000000004
-1.3674049999999998
-1.3635080000000004
-1.3674049999999998
-1.3635080000000004
-1.3674049999999998
-1.3635080000000004
-1.3674049999999998
-1.3635080000000004
-1.3674049999999998
-1.3635080000000004
-1.3674049999999998
-1.3635080000000004
-1.3674049999999998
-1.3635080000000004
-1.3674049999999998
