0.360004
0.360004
0.360004
0.360004
0.360004
0.360004
0.360004
0.360004
0.360004
0.360004
0.360004
0.360004
0.360004
0.360004
0.360004
0.360004
0.360004
0.360004
0.360004
0.360004
0.360004
0.360004
0.360004
0.360004
0.360004
0.360004
0.360004
0.360004
0.360004
0.360004
0.360004
0.360004
0.360004
0.360004
0.360004
0.360004
0.360004
0.360004
0.360004
0.360004
0.360004
0.360004
0.360004
0.360004
0.360004
0.360004
0.360004
0.360004
0.360004
0.360004
-0.36000500000000013
-0.36000500000000013
-0.36000500000000013
-0.36000500000000013
-0.36000500000000013
-0.36000500000000013
-0.36000500000000013
-0.36000500000000013
-0.36000500000000013
-0.36000500000000013
-0.36000500000000013
-0.36000500000000013
-0.36000500000000013
-0.36000500000000013
-0.36000500000000013
-0.36000500000000013
-0.36000500000000013
-0.36000500000000013
-0.36000500000000013
-0.36000500000000013
-0.36000500000000013
-0.36000500000000013
-0.36000500000000013
-0.36000500000000013
-0.36000500000000013
-0.36000500000000013
-0.36000500000000013
-0.36000500000000013
-0.36000500000000013
-0.36000500000000013
-0.36000500000000013
-0.36000500000000013
-0.36000500000000013
-0.36000500000000013
-0.36000500000000013
-0.36000500000000013
-0.36000500000000013
-0.36000500000000013
-0.36000500000000013
-0.36000500000000013
-0.36000500000000013
-0.36000500000000013
-0.36000500000000013
-0.36000500000000013
-0.36000500000000013
-0.36000500000000013
-0.36000500000000013
-0.36000500000000013
-0.36000500000000013
-0.36000500000000013
