1.4076269999999997
1.3966290000000008
1.4274070000000005
1.399317
1.4076269999999997
1.3966290000000008
1.4274070000000005
1.399317
1.4076269999999997
1.3966290000000008
1.4274070000000005
1.399317
1.4076269999999997
1.3966290000000008
1.4274070000000005
1.399317
1.4076269999999997
1.3966290000000008
1.4274070000000005
1.399317
1.4076269999999997
1.3966290000000008
1.4274070000000005
1.399317
1.4076269999999997
1.3966290000000008
1.4274070000000005
1.399317
1.4076269999999997
1.3966290000000008
1.4274070000000005
1.399317
1.4076269999999997
1.3966290000000008
1.4274070000000005
1.399317
1.4076269999999997
1.3966290000000008
1.4274070000000005
1.399317
1.4076269999999997
1.3966290000000008
1.4274070000000005
1.399317
1.4076269999999997
1.3966290000000008
1.4274070000000005
1.399317
1.4076269999999997
1.3966290000000008
1.4274070000000005
1.399317
1.4076269999999997
1.3966290000000008
1.4274070000000005
1.399317
1.4076269999999997
1.3966290000000008
1.4274070000000005
1.399317
1.4076269999999997
1.3966290000000008
1.4274070000000005
1.399317
1.4076269999999997
1.3966290000000008
1.4274070000000005
1.399317
1.4076269999999997
1.3966290000000008
1.4274070000000005
1.399317
1.4076269999999997
1.3966290000000008
1.4274070000000005
1.399317
1.4076269999999997
1.3966290000000008
1.4274070000000005
1.399317
1.4076269999999997
1.3966290000000008
1.4274070000000005
1.399317
1.4076269999999997
1.3966290000000008
1.4274070000000005
1.399317
1.4076269999999997
1.3966290000000008
1.4274070000000005
1.399317
1.4076269999999997
1.3966290000000008
1.4274070000000005
1.399317
1.4076269999999997
1.3966290000000008
1.4274070000000005
1.399317
1.4076269999999997
1.3966290000000008
1.4274070000000005
1.399317
1.4076269999999997
1.3966290000000008
1.4274070000000005
1.399317
1.4076269999999997
1.3966290000000008
1.4274070000000005
1.399317
1.4076269999999997
1.3966290000000008
1.4274070000000005
1.399317
1.4076269999999997
1.3966290000000008
1.4274070000000005
1.399317
1.4076269999999997
1.3966290000000008
1.4274070000000005
1.399317
1.4076269999999997
1.3966290000000008
1.4274070000000005
1.399317
1.4076269999999997
1.3966290000000008
1.4274070000000005
1.399317
1.4076269999999997
1.3966290000000008
1.4274070000000005
1.399317
1.4076269999999997
1.3966290000000008
1.4274070000000005
1.399317
1.4076269999999997
1.3966290000000008
1.4274070000000005
1.399317
-1.4160849999999998
-1.3996399999999998
-1.4101759999999999
-1.4050789999999997
-1.4160849999999998
-1.3996399999999998
-1.4101759999999999
-1.4050789999999997
-1.4160849999999998
-1.3996399999999998
-1.4101759999999999
-1.4050789999999997
-1.4160849999999998
-1.3996399999999998
-1.4101759999999999
-1.4050789999999997
-1.4160849999999998
-1.3996399999999998
-1.4101759999999999
-1.4050789999999997
-1.4160849999999998
-1.3996399999999998
-1.4101759999999999
-1.4050789999999997
-1.4160849999999998
-1.3996399999999998
-1.4101759999999999
-1.4050789999999997
-1.4160849999999998
-1.3996399999999998
-1.4101759999999999
-1.4050789999999997
-1.4160849999999998
-1.3996399999999998
-1.4101759999999999
-1.4050789999999997
-1.4160849999999998
-1.3996399999999998
-1.4101759999999999
-1.4050789999999997
-1.4160849999999998
-1.3996399999999998
-1.4101759999999999
-1.4050789999999997
-1.4160849999999998
-1.3996399999999998
-1.4101759999999999
-1.4050789999999997
-1.4160849999999998
-1.3996399999999998
-1.4101759999999999
-1.4050789999999997
-1.4160849999999998
-1.3996399999999998
-1.4101759999999999
-1.4050789999999997
-1.4160849999999998
-1.3996399999999998
-1.4101759999999999
-1.4050789999999997
-1.4160849999999998
-1.3996399999999998
-1.4101759999999999
-1.4050789999999997
-1.4160849999999998
-1.3996399999999998
-1.4101759999999999
-1.4050789999999997
-1.4160849999999998
-1.3996399999999998
-1.4101759999999999
-1.4050789999999997
-1.4160849999999998
-1.3996399999999998
-1.4101759999999999
-1.4050789999999997
-1.4160849999999998
-1.3996399999999998
-1.4101759999999999
-1.4050789999999997
-1.4160849999999998
-1.3996399999999998
-1.4101759999999999
-1.4050789999999997
-1.4160849999999998
-1.3996399999999998
-1.4101759999999999
-1.4050789999999997
-1.4160849999999998
-1.3996399999999998
-1.4101759999999999
-1.4050789999999997
-1.4160849999999998
-1.3996399999999998
-1.4101759999999999
-1.4050789999999997
-1.4160849999999998
-1.3996399999999998
-1.4101759999999999
-1.4050789999999997
-1.4160849999999998
-1.3996399999999998
-1.4101759999999999
-1.4050789999999997
-1.4160849999999998
-1.3996399999999998
-1.4101759999999999
-1.4050789999999997
-1.4160849999999998
-1.3996399999999998
-1.4101759999999999
-1.4050789999999997
-1.4160849999999998
-1.3996399999999998
-1.4101759999999999
-1.4050789999999997
-1.4160849999999998
-1.3996399999999998
-1.4101759999999999
-1.4050789999999997
-1.4160849999999998
-1.3996399999999998
-1.4101759999999999
-1.4050789999999997
-1.4160849999999998
-1.3996399999999998
-1.4101759999999999
-1.4050789999999997
-1.4160849999999998
-1.3996399999999998
-1.4101759999999999
-1.4050789999999997
-1.4160849999999998
-1.3996399999999998
-1.4101759999999999
-1.4050789999999997
-1.4160849999999998
-1.3996399999999998
-1.4101759999999999
-1.4050789999999997
-1.4160849999999998
-1.3996399999999998
-1.4101759999999999
-1.4050789999999997
