1.3728859999999994
1.3524019999999997
1.3728859999999994
1.3524019999999997
1.3728859999999994
1.3524019999999997
1.3728859999999994
1.3524019999999997
1.3728859999999994
1.3524019999999997
1.3728859999999994
1.3524019999999997
1.3728859999999994
1.3524019999999997
1.3728859999999994
1.3524019999999997
1.3728859999999994
1.3524019999999997
1.3728859999999994
1.3524019999999997
1.3728859999999994
1.3524019999999997
1.3728859999999994
1.3524019999999997
1.3728859999999994
1.3524019999999997
1.3728859999999994
1.3524019999999997
1.3728859999999994
1.3524019999999997
1.3728859999999994
1.3524019999999997
1.3728859999999994
1.3524019999999997
1.3728859999999994
1.3524019999999997
1.3728859999999994
1.3524019999999997
1.3728859999999994
1.3524019999999997
1.3728859999999994
1.3524019999999997
1.3728859999999994
1.3524019999999997
1.3728859999999994
1.3524019999999997
1.3728859999999994
1.3524019999999997
1.3728859999999994
1.3524019999999997
1.3728859999999994
1.3524019999999997
1.3728859999999994
1.3524019999999997
1.3728859999999994
1.3524019999999997
1.3728859999999994
1.3524019999999997
1.3728859999999994
1.3524019999999997
1.3728859999999994
1.3524019999999997
1.3728859999999994
1.3524019999999997
1.3728859999999994
1.3524019999999997
1.3728859999999994
1.3524019999999997
1.3728859999999994
1.3524019999999997
1.3728859999999994
1.3524019999999997
1.3728859999999994
1.3524019999999997
1.3728859999999994
1.3524019999999997
1.3728859999999994
1.3524019999999997
1.3728859999999994
1.3524019999999997
1.3728859999999994
1.3524019999999997
1.3728859999999994
1.3524019999999997
1.3728859999999994
1.3524019999999997
1.3728859999999994
1.3524019999999997
1.3728859999999994
1.3524019999999997
1.3728859999999994
1.3524019999999997
1.3728859999999994
1.3524019999999997
1.3728859999999994
1.3524019999999997
1.3728859999999994
1.3524019999999997
1.3728859999999994
1.3524019999999997
1.3728859999999994
1.3524019999999997
1.3728859999999994
1.3524019999999997
1.3728859999999994
1.3524019999999997
1.3728859999999994
1.3524019999999997
1.3728859999999994
1.3524019999999997
1.3728859999999994
1.3524019999999997
1.3728859999999994
1.3524019999999997
1.3728859999999994
1.3524019999999997
1.3728859999999994
1.3524019999999997
1.3728859999999994
1.3524019999999997
-1.3556220000000003
-1.3696659999999996
-1.3556220000000003
-1.3696659999999996
-1.3556220000000003
-1.3696659999999996
-1.3556220000000003
-1.3696659999999996
-1.3556220000000003
-1.3696659999999996
-1.3556220000000003
-1.3696659999999996
-1.3556220000000003
-1.3696659999999996
-1.3556220000000003
-1.3696659999999996
-1.3556220000000003
-1.3696659999999996
-1.3556220000000003
-1.3696659999999996
-1.3556220000000003
-1.3696659999999996
-1.3556220000000003
-1.3696659999999996
-1.3556220000000003
-1.3696659999999996
-1.3556220000000003
-1.3696659999999996
-1.3556220000000003
-1.3696659999999996
-1.3556220000000003
-1.3696659999999996
-1.3556220000000003
-1.3696659999999996
-1.3556220000000003
-1.3696659999999996
-1.3556220000000003
-1.3696659999999996
-1.3556220000000003
-1.3696659999999996
-1.3556220000000003
-1.3696659999999996
-1.3556220000000003
-1.3696659999999996
-1.3556220000000003
-1.3696659999999996
-1.3556220000000003
-1.3696659999999996
-1.3556220000000003
-1.3696659999999996
-1.3556220000000003
-1.3696659999999996
-1.3556220000000003
-1.3696659999999996
-1.3556220000000003
-1.3696659999999996
-1.3556220000000003
-1.3696659999999996
-1.3556220000000003
-1.3696659999999996
-1.3556220000000003
-1.3696659999999996
-1.3556220000000003
-1.3696659999999996
-1.3556220000000003
-1.3696659999999996
-1.3556220000000003
-1.3696659999999996
-1.3556220000000003
-1.3696659999999996
-1.3556220000000003
-1.3696659999999996
-1.3556220000000003
-1.3696659999999996
-1.3556220000000003
-1.3696659999999996
-1.3556220000000003
-1.3696659999999996
-1.3556220000000003
-1.3696659999999996
-1.3556220000000003
-1.3696659999999996
-1.3556220000000003
-1.3696659999999996
-1.3556220000000003
-1.3696659999999996
-1.3556220000000003
-1.3696659999999996
-1.3556220000000003
-1.3696659999999996
-1.3556220000000003
-1.3696659999999996
-1.3556220000000003
-1.3696659999999996
-1.3556220000000003
-1.3696659999999996
-1.3556220000000003
-1.3696659999999996
-1.3556220000000003
-1.3696659999999996
-1.3556220000000003
-1.3696659999999996
-1.3556220000000003
-1.3696659999999996
-1.3556220000000003
-1.3696659999999996
-1.3556220000000003
-1.3696659999999996
-1.3556220000000003
-1.3696659999999996
-1.3556220000000003
-1.3696659999999996
-1.3556220000000003
-1.3696659999999996
-1.3556220000000003
-1.3696659999999996
-1.3556220000000003
-1.3696659999999996
-1.3556220000000003
-1.3696659999999996
