1.4381240000000002
1.4381240000000002
1.4381240000000002
1.4381240000000002
1.4381240000000002
1.4381240000000002
1.4381240000000002
1.4381240000000002
1.4381240000000002
1.4381240000000002
1.4381240000000002
1.4381240000000002
1.4381240000000002
1.4381240000000002
1.4381240000000002
1.4381240000000002
1.4381240000000002
1.4381240000000002
1.4381240000000002
1.4381240000000002
1.4381240000000002
1.4381240000000002
1.4381240000000002
1.4381240000000002
1.4381240000000002
1.4381240000000002
1.4381240000000002
1.4381240000000002
1.4381240000000002
1.4381240000000002
1.4381240000000002
1.4381240000000002
1.4381240000000002
1.4381240000000002
1.4381240000000002
1.4381240000000002
1.4381240000000002
1.4381240000000002
1.4381240000000002
1.4381240000000002
1.4381240000000002
1.4381240000000002
1.4381240000000002
1.4381240000000002
1.4381240000000002
1.4381240000000002
1.4381240000000002
1.4381240000000002
1.4381240000000002
1.4381240000000002
1.4381240000000002
1.4381240000000002
1.4381240000000002
1.4381240000000002
1.4381240000000002
1.4381240000000002
1.4381240000000002
1.4381240000000002
1.4381240000000002
1.4381240000000002
1.4381240000000002
1.4381240000000002
1.4381240000000002
1.4381240000000002
-1.438122
-1.438122
-1.438122
-1.438122
-1.438122
-1.438122
-1.438122
-1.438122
-1.438122
-1.438122
-1.438122
-1.438122
-1.438122
-1.438122
-1.438122
-1.438122
-1.438122
-1.438122
-1.438122
-1.438122
-1.438122
-1.438122
-1.438122
-1.438122
-1.438122
-1.438122
-1.438122
-1.438122
-1.438122
-1.438122
-1.438122
-1.438122
-1.438122
-1.438122
-1.438122
-1.438122
-1.438122
-1.438122
-1.438122
-1.438122
-1.438122
-1.438122
-1.438122
-1.438122
-1.438122
-1.438122
-1.438122
-1.438122
-1.438122
-1.438122
-1.438122
-1.438122
-1.438122
-1.438122
-1.438122
-1.438122
-1.438122
-1.438122
-1.438122
-1.438122
-1.438122
-1.438122
-1.438122
-1.438122
