1.2841690000000003
1.2528240000000004
1.2863659999999992
1.2722820000000006
1.2841690000000003
1.2528240000000004
1.2863659999999992
1.2722820000000006
1.2841690000000003
1.2528240000000004
1.2863659999999992
1.2722820000000006
1.2841690000000003
1.2528240000000004
1.2863659999999992
1.2722820000000006
1.2841690000000003
1.2528240000000004
1.2863659999999992
1.2722820000000006
1.2841690000000003
1.2528240000000004
1.2863659999999992
1.2722820000000006
1.2841690000000003
1.2528240000000004
1.2863659999999992
1.2722820000000006
1.2841690000000003
1.2528240000000004
1.2863659999999992
1.2722820000000006
1.2841690000000003
1.2528240000000004
1.2863659999999992
1.2722820000000006
1.2841690000000003
1.2528240000000004
1.2863659999999992
1.2722820000000006
1.2841690000000003
1.2528240000000004
1.2863659999999992
1.2722820000000006
1.2841690000000003
1.2528240000000004
1.2863659999999992
1.2722820000000006
1.2841690000000003
1.2528240000000004
1.2863659999999992
1.2722820000000006
1.2841690000000003
1.2528240000000004
1.2863659999999992
1.2722820000000006
1.2841690000000003
1.2528240000000004
1.2863659999999992
1.2722820000000006
1.2841690000000003
1.2528240000000004
1.2863659999999992
1.2722820000000006
1.2841690000000003
1.2528240000000004
1.2863659999999992
1.2722820000000006
1.2841690000000003
1.2528240000000004
1.2863659999999992
1.2722820000000006
1.2841690000000003
1.2528240000000004
1.2863659999999992
1.2722820000000006
1.2841690000000003
1.2528240000000004
1.2863659999999992
1.2722820000000006
1.2841690000000003
1.2528240000000004
1.2863659999999992
1.2722820000000006
1.2841690000000003
1.2528240000000004
1.2863659999999992
1.2722820000000006
1.2841690000000003
1.2528240000000004
1.2863659999999992
1.2722820000000006
1.2841690000000003
1.2528240000000004
1.2863659999999992
1.2722820000000006
1.2841690000000003
1.2528240000000004
1.2863659999999992
1.2722820000000006
1.2841690000000003
1.2528240000000004
1.2863659999999992
1.2722820000000006
1.2841690000000003
1.2528240000000004
1.2863659999999992
1.2722820000000006
1.2841690000000003
1.2528240000000004
1.2863659999999992
1.2722820000000006
1.2841690000000003
1.2528240000000004
1.2863659999999992
1.2722820000000006
1.2841690000000003
1.2528240000000004
1.2863659999999992
1.2722820000000006
1.2841690000000003
1.2528240000000004
1.2863659999999992
1.2722820000000006
1.2841690000000003
1.2528240000000004
1.2863659999999992
1.2722820000000006
1.2841690000000003
1.2528240000000004
1.2863659999999992
1.2722820000000006
1.2841690000000003
1.2528240000000004
1.2863659999999992
1.2722820000000006
1.2841690000000003
1.2528240000000004
1.2863659999999992
1.2722820000000006
1.2841690000000003
1.2528240000000004
1.2863659999999992
1.2722820000000006
-1.2882230000000003
-1.259359
-1.2928569999999997
-1.2552009999999996
-1.2882230000000003
-1.259359
-1.2928569999999997
-1.2552009999999996
-1.2882230000000003
-1.259359
-1.2928569999999997
-1.2552009999999996
-1.2882230000000003
-1.259359
-1.2928569999999997
-1.2552009999999996
-1.2882230000000003
-1.259359
-1.2928569999999997
-1.2552009999999996
-1.2882230000000003
-1.259359
-1.2928569999999997
-1.2552009999999996
-1.2882230000000003
-1.259359
-1.2928569999999997
-1.2552009999999996
-1.2882230000000003
-1.259359
-1.2928569999999997
-1.2552009999999996
-1.2882230000000003
-1.259359
-1.2928569999999997
-1.2552009999999996
-1.2882230000000003
-1.259359
-1.2928569999999997
-1.2552009999999996
-1.2882230000000003
-1.259359
-1.2928569999999997
-1.2552009999999996
-1.2882230000000003
-1.259359
-1.2928569999999997
-1.2552009999999996
-1.2882230000000003
-1.259359
-1.2928569999999997
-1.2552009999999996
-1.2882230000000003
-1.259359
-1.2928569999999997
-1.2552009999999996
-1.2882230000000003
-1.259359
-1.2928569999999997
-1.2552009999999996
-1.2882230000000003
-1.259359
-1.2928569999999997
-1.2552009999999996
-1.2882230000000003
-1.259359
-1.2928569999999997
-1.2552009999999996
-1.2882230000000003
-1.259359
-1.2928569999999997
-1.2552009999999996
-1.2882230000000003
-1.259359
-1.2928569999999997
-1.2552009999999996
-1.2882230000000003
-1.259359
-1.2928569999999997
-1.2552009999999996
-1.2882230000000003
-1.259359
-1.2928569999999997
-1.2552009999999996
-1.2882230000000003
-1.259359
-1.2928569999999997
-1.2552009999999996
-1.2882230000000003
-1.259359
-1.2928569999999997
-1.2552009999999996
-1.2882230000000003
-1.259359
-1.2928569999999997
-1.2552009999999996
-1.2882230000000003
-1.259359
-1.2928569999999997
-1.2552009999999996
-1.2882230000000003
-1.259359
-1.2928569999999997
-1.2552009999999996
-1.2882230000000003
-1.259359
-1.2928569999999997
-1.2552009999999996
-1.2882230000000003
-1.259359
-1.2928569999999997
-1.2552009999999996
-1.2882230000000003
-1.259359
-1.2928569999999997
-1.2552009999999996
-1.2882230000000003
-1.259359
-1.2928569999999997
-1.2552009999999996
-1.2882230000000003
-1.259359
-1.2928569999999997
-1.2552009999999996
-1.2882230000000003
-1.259359
-1.2928569999999997
-1.2552009999999996
-1.2882230000000003
-1.259359
-1.2928569999999997
-1.2552009999999996
-1.2882230000000003
-1.259359
-1.2928569999999997
-1.2552009999999996
-1.2882230000000003
-1.259359
-1.2928569999999997
-1.2552009999999996
-1.2882230000000003
-1.259359
-1.2928569999999997
-1.2552009999999996
