1.4259240000000002
1.4245870000000007
1.4270320000000005
1.4281469999999992
1.4259240000000002
1.4245870000000007
1.4270320000000005
1.4281469999999992
1.4259240000000002
1.4245870000000007
1.4270320000000005
1.4281469999999992
1.4259240000000002
1.4245870000000007
1.4270320000000005
1.4281469999999992
1.4259240000000002
1.4245870000000007
1.4270320000000005
1.4281469999999992
1.4259240000000002
1.4245870000000007
1.4270320000000005
1.4281469999999992
1.4259240000000002
1.4245870000000007
1.4270320000000005
1.4281469999999992
1.4259240000000002
1.4245870000000007
1.4270320000000005
1.4281469999999992
1.4259240000000002
1.4245870000000007
1.4270320000000005
1.4281469999999992
1.4259240000000002
1.4245870000000007
1.4270320000000005
1.4281469999999992
1.4259240000000002
1.4245870000000007
1.4270320000000005
1.4281469999999992
1.4259240000000002
1.4245870000000007
1.4270320000000005
1.4281469999999992
1.4259240000000002
1.4245870000000007
1.4270320000000005
1.4281469999999992
1.4259240000000002
1.4245870000000007
1.4270320000000005
1.4281469999999992
1.4259240000000002
1.4245870000000007
1.4270320000000005
1.4281469999999992
1.4259240000000002
1.4245870000000007
1.4270320000000005
1.4281469999999992
1.4259240000000002
1.4245870000000007
1.4270320000000005
1.4281469999999992
1.4259240000000002
1.4245870000000007
1.4270320000000005
1.4281469999999992
1.4259240000000002
1.4245870000000007
1.4270320000000005
1.4281469999999992
1.4259240000000002
1.4245870000000007
1.4270320000000005
1.4281469999999992
1.4259240000000002
1.4245870000000007
1.4270320000000005
1.4281469999999992
1.4259240000000002
1.4245870000000007
1.4270320000000005
1.4281469999999992
1.4259240000000002
1.4245870000000007
1.4270320000000005
1.4281469999999992
1.4259240000000002
1.4245870000000007
1.4270320000000005
1.4281469999999992
1.4259240000000002
1.4245870000000007
1.4270320000000005
1.4281469999999992
1.4259240000000002
1.4245870000000007
1.4270320000000005
1.4281469999999992
1.4259240000000002
1.4245870000000007
1.4270320000000005
1.4281469999999992
1.4259240000000002
1.4245870000000007
1.4270320000000005
1.4281469999999992
1.4259240000000002
1.4245870000000007
1.4270320000000005
1.4281469999999992
1.4259240000000002
1.4245870000000007
1.4270320000000005
1.4281469999999992
1.4259240000000002
1.4245870000000007
1.4270320000000005
1.4281469999999992
1.4259240000000002
1.4245870000000007
1.4270320000000005
1.4281469999999992
1.4259240000000002
1.4245870000000007
1.4270320000000005
1.4281469999999992
1.4259240000000002
1.4245870000000007
1.4270320000000005
1.4281469999999992
1.4259240000000002
1.4245870000000007
1.4270320000000005
1.4281469999999992
1.4259240000000002
1.4245870000000007
1.4270320000000005
1.4281469999999992
-1.4284559999999997
-1.4257710000000001
-1.4247189999999996
-1.426743
-1.4284559999999997
-1.4257710000000001
-1.4247189999999996
-1.426743
-1.4284559999999997
-1.4257710000000001
-1.4247189999999996
-1.426743
-1.4284559999999997
-1.4257710000000001
-1.4247189999999996
-1.426743
-1.4284559999999997
-1.4257710000000001
-1.4247189999999996
-1.426743
-1.4284559999999997
-1.4257710000000001
-1.4247189999999996
-1.426743
-1.4284559999999997
-1.4257710000000001
-1.4247189999999996
-1.426743
-1.4284559999999997
-1.4257710000000001
-1.4247189999999996
-1.426743
-1.4284559999999997
-1.4257710000000001
-1.4247189999999996
-1.426743
-1.4284559999999997
-1.4257710000000001
-1.4247189999999996
-1.426743
-1.4284559999999997
-1.4257710000000001
-1.4247189999999996
-1.426743
-1.4284559999999997
-1.4257710000000001
-1.4247189999999996
-1.426743
-1.4284559999999997
-1.4257710000000001
-1.4247189999999996
-1.426743
-1.4284559999999997
-1.4257710000000001
-1.4247189999999996
-1.426743
-1.4284559999999997
-1.4257710000000001
-1.4247189999999996
-1.426743
-1.4284559999999997
-1.4257710000000001
-1.4247189999999996
-1.426743
-1.4284559999999997
-1.4257710000000001
-1.4247189999999996
-1.426743
-1.4284559999999997
-1.4257710000000001
-1.4247189999999996
-1.426743
-1.4284559999999997
-1.4257710000000001
-1.4247189999999996
-1.426743
-1.4284559999999997
-1.4257710000000001
-1.4247189999999996
-1.426743
-1.4284559999999997
-1.4257710000000001
-1.4247189999999996
-1.426743
-1.4284559999999997
-1.4257710000000001
-1.4247189999999996
-1.426743
-1.4284559999999997
-1.4257710000000001
-1.4247189999999996
-1.426743
-1.4284559999999997
-1.4257710000000001
-1.4247189999999996
-1.426743
-1.4284559999999997
-1.4257710000000001
-1.4247189999999996
-1.426743
-1.4284559999999997
-1.4257710000000001
-1.4247189999999996
-1.426743
-1.4284559999999997
-1.4257710000000001
-1.4247189999999996
-1.426743
-1.4284559999999997
-1.4257710000000001
-1.4247189999999996
-1.426743
-1.4284559999999997
-1.4257710000000001
-1.4247189999999996
-1.426743
-1.4284559999999997
-1.4257710000000001
-1.4247189999999996
-1.426743
-1.4284559999999997
-1.4257710000000001
-1.4247189999999996
-1.426743
-1.4284559999999997
-1.4257710000000001
-1.4247189999999996
-1.426743
-1.4284559999999997
-1.4257710000000001
-1.4247189999999996
-1.426743
-1.4284559999999997
-1.4257710000000001
-1.4247189999999996
-1.426743
-1.4284559999999997
-1.4257710000000001
-1.4247189999999996
-1.426743
-1.4284559999999997
-1.4257710000000001
-1.4247189999999996
-1.426743
