1.4357930000000003
1.4371369999999999
1.432829
1.4380810000000004
1.4357930000000003
1.4371369999999999
1.432829
1.4380810000000004
1.4357930000000003
1.4371369999999999
1.432829
1.4380810000000004
1.4357930000000003
1.4371369999999999
1.432829
1.4380810000000004
1.4357930000000003
1.4371369999999999
1.432829
1.4380810000000004
1.4357930000000003
1.4371369999999999
1.432829
1.4380810000000004
1.4357930000000003
1.4371369999999999
1.432829
1.4380810000000004
1.4357930000000003
1.4371369999999999
1.432829
1.4380810000000004
1.4357930000000003
1.4371369999999999
1.432829
1.4380810000000004
1.4357930000000003
1.4371369999999999
1.432829
1.4380810000000004
1.4357930000000003
1.4371369999999999
1.432829
1.4380810000000004
1.4357930000000003
1.4371369999999999
1.432829
1.4380810000000004
1.4357930000000003
1.4371369999999999
1.432829
1.4380810000000004
1.4357930000000003
1.4371369999999999
1.432829
1.4380810000000004
1.4357930000000003
1.4371369999999999
1.432829
1.4380810000000004
1.4357930000000003
1.4371369999999999
1.432829
1.4380810000000004
1.4357930000000003
1.4371369999999999
1.432829
1.4380810000000004
1.4357930000000003
1.4371369999999999
1.432829
1.4380810000000004
1.4357930000000003
1.4371369999999999
1.432829
1.4380810000000004
1.4357930000000003
1.4371369999999999
1.432829
1.4380810000000004
1.4357930000000003
1.4371369999999999
1.432829
1.4380810000000004
1.4357930000000003
1.4371369999999999
1.432829
1.4380810000000004
1.4357930000000003
1.4371369999999999
1.432829
1.4380810000000004
1.4357930000000003
1.4371369999999999
1.432829
1.4380810000000004
1.4357930000000003
1.4371369999999999
1.432829
1.4380810000000004
1.4357930000000003
1.4371369999999999
1.432829
1.4380810000000004
1.4357930000000003
1.4371369999999999
1.432829
1.4380810000000004
1.4357930000000003
1.4371369999999999
1.432829
1.4380810000000004
1.4357930000000003
1.4371369999999999
1.432829
1.4380810000000004
1.4357930000000003
1.4371369999999999
1.432829
1.4380810000000004
1.4357930000000003
1.4371369999999999
1.432829
1.4380810000000004
1.4357930000000003
1.4371369999999999
1.432829
1.4380810000000004
1.4357930000000003
1.4371369999999999
1.432829
1.4380810000000004
1.4357930000000003
1.4371369999999999
1.432829
1.4380810000000004
1.4357930000000003
1.4371369999999999
1.432829
1.4380810000000004
1.4357930000000003
1.4371369999999999
1.432829
1.4380810000000004
-1.435334
-1.4372790000000002
-1.4342430000000004
-1.436985
-1.435334
-1.4372790000000002
-1.4342430000000004
-1.436985
-1.435334
-1.4372790000000002
-1.4342430000000004
-1.436985
-1.435334
-1.4372790000000002
-1.4342430000000004
-1.436985
-1.435334
-1.4372790000000002
-1.4342430000000004
-1.436985
-1.435334
-1.4372790000000002
-1.4342430000000004
-1.436985
-1.435334
-1.4372790000000002
-1.4342430000000004
-1.436985
-1.435334
-1.4372790000000002
-1.4342430000000004
-1.436985
-1.435334
-1.4372790000000002
-1.4342430000000004
-1.436985
-1.435334
-1.4372790000000002
-1.4342430000000004
-1.436985
-1.435334
-1.4372790000000002
-1.4342430000000004
-1.436985
-1.435334
-1.4372790000000002
-1.4342430000000004
-1.436985
-1.435334
-1.4372790000000002
-1.4342430000000004
-1.436985
-1.435334
-1.4372790000000002
-1.4342430000000004
-1.436985
-1.435334
-1.4372790000000002
-1.4342430000000004
-1.436985
-1.435334
-1.4372790000000002
-1.4342430000000004
-1.436985
-1.435334
-1.4372790000000002
-1.4342430000000004
-1.436985
-1.435334
-1.4372790000000002
-1.4342430000000004
-1.436985
-1.435334
-1.4372790000000002
-1.4342430000000004
-1.436985
-1.435334
-1.4372790000000002
-1.4342430000000004
-1.436985
-1.435334
-1.4372790000000002
-1.4342430000000004
-1.436985
-1.435334
-1.4372790000000002
-1.4342430000000004
-1.436985
-1.435334
-1.4372790000000002
-1.4342430000000004
-1.436985
-1.435334
-1.4372790000000002
-1.4342430000000004
-1.436985
-1.435334
-1.4372790000000002
-1.4342430000000004
-1.436985
-1.435334
-1.4372790000000002
-1.4342430000000004
-1.436985
-1.435334
-1.4372790000000002
-1.4342430000000004
-1.436985
-1.435334
-1.4372790000000002
-1.4342430000000004
-1.436985
-1.435334
-1.4372790000000002
-1.4342430000000004
-1.436985
-1.435334
-1.4372790000000002
-1.4342430000000004
-1.436985
-1.435334
-1.4372790000000002
-1.4342430000000004
-1.436985
-1.435334
-1.4372790000000002
-1.4342430000000004
-1.436985
-1.435334
-1.4372790000000002
-1.4342430000000004
-1.436985
-1.435334
-1.4372790000000002
-1.4342430000000004
-1.436985
-1.435334
-1.4372790000000002
-1.4342430000000004
-1.436985
-1.435334
-1.4372790000000002
-1.4342430000000004
-1.436985
