1.3609740000000006
1.3587260000000008
1.3609740000000006
1.3587260000000008
1.3609740000000006
1.3587260000000008
1.3609740000000006
1.3587260000000008
1.3609740000000006
1.3587260000000008
1.3609740000000006
1.3587260000000008
1.3609740000000006
1.3587260000000008
1.3609740000000006
1.3587260000000008
1.3609740000000006
1.3587260000000008
1.3609740000000006
1.3587260000000008
1.3609740000000006
1.3587260000000008
1.3609740000000006
1.3587260000000008
1.3609740000000006
1.3587260000000008
1.3609740000000006
1.3587260000000008
1.3609740000000006
1.3587260000000008
1.3609740000000006
1.3587260000000008
1.3609740000000006
1.3587260000000008
1.3609740000000006
1.3587260000000008
1.3609740000000006
1.3587260000000008
1.3609740000000006
1.3587260000000008
1.3609740000000006
1.3587260000000008
1.3609740000000006
1.3587260000000008
1.3609740000000006
1.3587260000000008
1.3609740000000006
1.3587260000000008
1.3609740000000006
1.3587260000000008
1.3609740000000006
1.3587260000000008
1.3609740000000006
1.3587260000000008
1.3609740000000006
1.3587260000000008
1.3609740000000006
1.3587260000000008
1.3609740000000006
1.3587260000000008
1.3609740000000006
1.3587260000000008
1.3609740000000006
1.3587260000000008
1.3609740000000006
1.3587260000000008
1.3609740000000006
1.3587260000000008
1.3609740000000006
1.3587260000000008
1.3609740000000006
1.3587260000000008
1.3609740000000006
1.3587260000000008
1.3609740000000006
1.3587260000000008
1.3609740000000006
1.3587260000000008
1.3609740000000006
1.3587260000000008
1.3609740000000006
1.3587260000000008
1.3609740000000006
1.3587260000000008
1.3609740000000006
1.3587260000000008
1.3609740000000006
1.3587260000000008
1.3609740000000006
1.3587260000000008
1.3609740000000006
1.3587260000000008
1.3609740000000006
1.3587260000000008
1.3609740000000006
1.3587260000000008
1.3609740000000006
1.3587260000000008
1.3609740000000006
1.3587260000000008
1.3609740000000006
1.3587260000000008
1.3609740000000006
1.3587260000000008
1.3609740000000006
1.3587260000000008
1.3609740000000006
1.3587260000000008
1.3609740000000006
1.3587260000000008
1.3609740000000006
1.3587260000000008
1.3609740000000006
1.3587260000000008
1.3609740000000006
1.3587260000000008
1.3609740000000006
1.3587260000000008
1.3609740000000006
1.3587260000000008
-1.3587759999999998
-1.3609270000000002
-1.3587759999999998
-1.3609270000000002
-1.3587759999999998
-1.3609270000000002
-1.3587759999999998
-1.3609270000000002
-1.3587759999999998
-1.3609270000000002
-1.3587759999999998
-1.3609270000000002
-1.3587759999999998
-1.3609270000000002
-1.3587759999999998
-1.3609270000000002
-1.3587759999999998
-1.3609270000000002
-1.3587759999999998
-1.3609270000000002
-1.3587759999999998
-1.3609270000000002
-1.3587759999999998
-1.3609270000000002
-1.3587759999999998
-1.3609270000000002
-1.3587759999999998
-1.3609270000000002
-1.3587759999999998
-1.3609270000000002
-1.3587759999999998
-1.3609270000000002
-1.3587759999999998
-1.3609270000000002
-1.3587759999999998
-1.3609270000000002
-1.3587759999999998
-1.3609270000000002
-1.3587759999999998
-1.3609270000000002
-1.3587759999999998
-1.3609270000000002
-1.3587759999999998
-1.3609270000000002
-1.3587759999999998
-1.3609270000000002
-1.3587759999999998
-1.3609270000000002
-1.3587759999999998
-1.3609270000000002
-1.3587759999999998
-1.3609270000000002
-1.3587759999999998
-1.3609270000000002
-1.3587759999999998
-1.3609270000000002
-1.3587759999999998
-1.3609270000000002
-1.3587759999999998
-1.3609270000000002
-1.3587759999999998
-1.3609270000000002
-1.3587759999999998
-1.3609270000000002
-1.3587759999999998
-1.3609270000000002
-1.3587759999999998
-1.3609270000000002
-1.3587759999999998
-1.3609270000000002
-1.3587759999999998
-1.3609270000000002
-1.3587759999999998
-1.3609270000000002
-1.3587759999999998
-1.3609270000000002
-1.3587759999999998
-1.3609270000000002
-1.3587759999999998
-1.3609270000000002
-1.3587759999999998
-1.3609270000000002
-1.3587759999999998
-1.3609270000000002
-1.3587759999999998
-1.3609270000000002
-1.3587759999999998
-1.3609270000000002
-1.3587759999999998
-1.3609270000000002
-1.3587759999999998
-1.3609270000000002
-1.3587759999999998
-1.3609270000000002
-1.3587759999999998
-1.3609270000000002
-1.3587759999999998
-1.3609270000000002
-1.3587759999999998
-1.3609270000000002
-1.3587759999999998
-1.3609270000000002
-1.3587759999999998
-1.3609270000000002
-1.3587759999999998
-1.3609270000000002
-1.3587759999999998
-1.3609270000000002
-1.3587759999999998
-1.3609270000000002
-1.3587759999999998
-1.3609270000000002
-1.3587759999999998
-1.3609270000000002
-1.3587759999999998
-1.3609270000000002
-1.3587759999999998
-1.3609270000000002
-1.3587759999999998
-1.3609270000000002
