0.8772970000000004
0.8772970000000004
0.8772970000000004
0.8772970000000004
0.8772970000000004
0.8772970000000004
0.8772970000000004
0.8772970000000004
0.8772970000000004
0.8772970000000004
0.8772970000000004
0.8772970000000004
0.8772970000000004
0.8772970000000004
0.8772970000000004
0.8772970000000004
0.8772970000000004
0.8772970000000004
0.8772970000000004
0.8772970000000004
0.8772970000000004
0.8772970000000004
0.8772970000000004
0.8772970000000004
0.8772970000000004
0.8772970000000004
0.8772970000000004
0.8772970000000004
0.8772970000000004
0.8772970000000004
0.8772970000000004
0.8772970000000004
0.8772970000000004
0.8772970000000004
0.8772970000000004
0.8772970000000004
0.8772970000000004
0.8772970000000004
0.8772970000000004
0.8772970000000004
0.8772970000000004
0.8772970000000004
0.8772970000000004
0.8772970000000004
0.8772970000000004
0.8772970000000004
0.8772970000000004
0.8772970000000004
0.8772970000000004
0.8772970000000004
0.8772970000000004
0.8772970000000004
0.8772970000000004
0.8772970000000004
0.8772970000000004
0.8772970000000004
0.8772970000000004
0.8772970000000004
0.8772970000000004
0.8772970000000004
0.8772970000000004
0.8772970000000004
0.8772970000000004
0.8772970000000004
-0.8772960000000003
-0.8772960000000003
-0.8772960000000003
-0.8772960000000003
-0.8772960000000003
-0.8772960000000003
-0.8772960000000003
-0.8772960000000003
-0.8772960000000003
-0.8772960000000003
-0.8772960000000003
-0.8772960000000003
-0.8772960000000003
-0.8772960000000003
-0.8772960000000003
-0.8772960000000003
-0.8772960000000003
-0.8772960000000003
-0.8772960000000003
-0.8772960000000003
-0.8772960000000003
-0.8772960000000003
-0.8772960000000003
-0.8772960000000003
-0.8772960000000003
-0.8772960000000003
-0.8772960000000003
-0.8772960000000003
-0.8772960000000003
-0.8772960000000003
-0.8772960000000003
-0.8772960000000003
-0.8772960000000003
-0.8772960000000003
-0.8772960000000003
-0.8772960000000003
-0.8772960000000003
-0.8772960000000003
-0.8772960000000003
-0.8772960000000003
-0.8772960000000003
-0.8772960000000003
-0.8772960000000003
-0.8772960000000003
-0.8772960000000003
-0.8772960000000003
-0.8772960000000003
-0.8772960000000003
-0.8772960000000003
-0.8772960000000003
-0.8772960000000003
-0.8772960000000003
-0.8772960000000003
-0.8772960000000003
-0.8772960000000003
-0.8772960000000003
-0.8772960000000003
-0.8772960000000003
-0.8772960000000003
-0.8772960000000003
-0.8772960000000003
-0.8772960000000003
-0.8772960000000003
-0.8772960000000003
