1.4628960000000006
1.4628960000000006
1.4628960000000006
1.4628960000000006
1.4628960000000006
1.4628960000000006
1.4628960000000006
1.4628960000000006
1.4628960000000006
1.4628960000000006
1.4628960000000006
1.4628960000000006
1.4628960000000006
1.4628960000000006
1.4628960000000006
1.4628960000000006
1.4628960000000006
1.4628960000000006
1.4628960000000006
1.4628960000000006
1.4628960000000006
1.4628960000000006
1.4628960000000006
1.4628960000000006
1.4628960000000006
1.4628960000000006
1.4628960000000006
1.4628960000000006
1.4628960000000006
1.4628960000000006
1.4628960000000006
1.4628960000000006
1.4628960000000006
1.4628960000000006
1.4628960000000006
1.4628960000000006
1.4628960000000006
1.4628960000000006
1.4628960000000006
1.4628960000000006
1.4628960000000006
1.4628960000000006
1.4628960000000006
1.4628960000000006
1.4628960000000006
1.4628960000000006
1.4628960000000006
1.4628960000000006
1.4628960000000006
1.4628960000000006
1.4628960000000006
1.4628960000000006
1.4628960000000006
1.4628960000000006
1.4628960000000006
1.4628960000000006
1.4628960000000006
1.4628960000000006
1.4628960000000006
1.4628960000000006
1.4628960000000006
1.4628960000000006
1.4628960000000006
1.4628960000000006
-1.462897
-1.462897
-1.462897
-1.462897
-1.462897
-1.462897
-1.462897
-1.462897
-1.462897
-1.462897
-1.462897
-1.462897
-1.462897
-1.462897
-1.462897
-1.462897
-1.462897
-1.462897
-1.462897
-1.462897
-1.462897
-1.462897
-1.462897
-1.462897
-1.462897
-1.462897
-1.462897
-1.462897
-1.462897
-1.462897
-1.462897
-1.462897
-1.462897
-1.462897
-1.462897
-1.462897
-1.462897
-1.462897
-1.462897
-1.462897
-1.462897
-1.462897
-1.462897
-1.462897
-1.462897
-1.462897
-1.462897
-1.462897
-1.462897
-1.462897
-1.462897
-1.462897
-1.462897
-1.462897
-1.462897
-1.462897
-1.462897
-1.462897
-1.462897
-1.462897
-1.462897
-1.462897
-1.462897
-1.462897
