1.3035759999999996
1.287108
1.3035759999999996
1.287108
1.3035759999999996
1.287108
1.3035759999999996
1.287108
1.3035759999999996
1.287108
1.3035759999999996
1.287108
1.3035759999999996
1.287108
1.3035759999999996
1.287108
1.3035759999999996
1.287108
1.3035759999999996
1.287108
1.3035759999999996
1.287108
1.3035759999999996
1.287108
1.3035759999999996
1.287108
1.3035759999999996
1.287108
1.3035759999999996
1.287108
1.3035759999999996
1.287108
1.3035759999999996
1.287108
1.3035759999999996
1.287108
1.3035759999999996
1.287108
1.3035759999999996
1.287108
1.3035759999999996
1.287108
1.3035759999999996
1.287108
1.3035759999999996
1.287108
1.3035759999999996
1.287108
1.3035759999999996
1.287108
1.3035759999999996
1.287108
1.3035759999999996
1.287108
1.3035759999999996
1.287108
1.3035759999999996
1.287108
1.3035759999999996
1.287108
1.3035759999999996
1.287108
1.3035759999999996
1.287108
1.3035759999999996
1.287108
1.3035759999999996
1.287108
1.3035759999999996
1.287108
1.3035759999999996
1.287108
1.3035759999999996
1.287108
1.3035759999999996
1.287108
1.3035759999999996
1.287108
1.3035759999999996
1.287108
1.3035759999999996
1.287108
1.3035759999999996
1.287108
1.3035759999999996
1.287108
1.3035759999999996
1.287108
1.3035759999999996
1.287108
1.3035759999999996
1.287108
1.3035759999999996
1.287108
1.3035759999999996
1.287108
1.3035759999999996
1.287108
1.3035759999999996
1.287108
1.3035759999999996
1.287108
1.3035759999999996
1.287108
1.3035759999999996
1.287108
1.3035759999999996
1.287108
1.3035759999999996
1.287108
1.3035759999999996
1.287108
1.3035759999999996
1.287108
1.3035759999999996
1.287108
1.3035759999999996
1.287108
1.3035759999999996
1.287108
-1.2911299999999999
-1.2995539999999997
-1.2911299999999999
-1.2995539999999997
-1.2911299999999999
-1.2995539999999997
-1.2911299999999999
-1.2995539999999997
-1.2911299999999999
-1.2995539999999997
-1.2911299999999999
-1.2995539999999997
-1.2911299999999999
-1.2995539999999997
-1.2911299999999999
-1.2995539999999997
-1.2911299999999999
-1.2995539999999997
-1.2911299999999999
-1.2995539999999997
-1.2911299999999999
-1.2995539999999997
-1.2911299999999999
-1.2995539999999997
-1.2911299999999999
-1.2995539999999997
-1.2911299999999999
-1.2995539999999997
-1.2911299999999999
-1.2995539999999997
-1.2911299999999999
-1.2995539999999997
-1.2911299999999999
-1.2995539999999997
-1.2911299999999999
-1.2995539999999997
-1.2911299999999999
-1.2995539999999997
-1.2911299999999999
-1.2995539999999997
-1.2911299999999999
-1.2995539999999997
-1.2911299999999999
-1.2995539999999997
-1.2911299999999999
-1.2995539999999997
-1.2911299999999999
-1.2995539999999997
-1.2911299999999999
-1.2995539999999997
-1.2911299999999999
-1.2995539999999997
-1.2911299999999999
-1.2995539999999997
-1.2911299999999999
-1.2995539999999997
-1.2911299999999999
-1.2995539999999997
-1.2911299999999999
-1.2995539999999997
-1.2911299999999999
-1.2995539999999997
-1.2911299999999999
-1.2995539999999997
-1.2911299999999999
-1.2995539999999997
-1.2911299999999999
-1.2995539999999997
-1.2911299999999999
-1.2995539999999997
-1.2911299999999999
-1.2995539999999997
-1.2911299999999999
-1.2995539999999997
-1.2911299999999999
-1.2995539999999997
-1.2911299999999999
-1.2995539999999997
-1.2911299999999999
-1.2995539999999997
-1.2911299999999999
-1.2995539999999997
-1.2911299999999999
-1.2995539999999997
-1.2911299999999999
-1.2995539999999997
-1.2911299999999999
-1.2995539999999997
-1.2911299999999999
-1.2995539999999997
-1.2911299999999999
-1.2995539999999997
-1.2911299999999999
-1.2995539999999997
-1.2911299999999999
-1.2995539999999997
-1.2911299999999999
-1.2995539999999997
-1.2911299999999999
-1.2995539999999997
-1.2911299999999999
-1.2995539999999997
-1.2911299999999999
-1.2995539999999997
-1.2911299999999999
-1.2995539999999997
-1.2911299999999999
-1.2995539999999997
-1.2911299999999999
-1.2995539999999997
-1.2911299999999999
-1.2995539999999997
-1.2911299999999999
-1.2995539999999997
-1.2911299999999999
-1.2995539999999997
-1.2911299999999999
-1.2995539999999997
-1.2911299999999999
-1.2995539999999997
