1.4435839999999995
1.4432989999999997
1.4432069999999992
1.4433629999999997
1.4435839999999995
1.4432989999999997
1.4432069999999992
1.4433629999999997
1.4435839999999995
1.4432989999999997
1.4432069999999992
1.4433629999999997
1.4435839999999995
1.4432989999999997
1.4432069999999992
1.4433629999999997
1.4435839999999995
1.4432989999999997
1.4432069999999992
1.4433629999999997
1.4435839999999995
1.4432989999999997
1.4432069999999992
1.4433629999999997
1.4435839999999995
1.4432989999999997
1.4432069999999992
1.4433629999999997
1.4435839999999995
1.4432989999999997
1.4432069999999992
1.4433629999999997
1.4435839999999995
1.4432989999999997
1.4432069999999992
1.4433629999999997
1.4435839999999995
1.4432989999999997
1.4432069999999992
1.4433629999999997
1.4435839999999995
1.4432989999999997
1.4432069999999992
1.4433629999999997
1.4435839999999995
1.4432989999999997
1.4432069999999992
1.4433629999999997
1.4435839999999995
1.4432989999999997
1.4432069999999992
1.4433629999999997
1.4435839999999995
1.4432989999999997
1.4432069999999992
1.4433629999999997
1.4435839999999995
1.4432989999999997
1.4432069999999992
1.4433629999999997
1.4435839999999995
1.4432989999999997
1.4432069999999992
1.4433629999999997
1.4435839999999995
1.4432989999999997
1.4432069999999992
1.4433629999999997
1.4435839999999995
1.4432989999999997
1.4432069999999992
1.4433629999999997
1.4435839999999995
1.4432989999999997
1.4432069999999992
1.4433629999999997
1.4435839999999995
1.4432989999999997
1.4432069999999992
1.4433629999999997
1.4435839999999995
1.4432989999999997
1.4432069999999992
1.4433629999999997
1.4435839999999995
1.4432989999999997
1.4432069999999992
1.4433629999999997
1.4435839999999995
1.4432989999999997
1.4432069999999992
1.4433629999999997
1.4435839999999995
1.4432989999999997
1.4432069999999992
1.4433629999999997
1.4435839999999995
1.4432989999999997
1.4432069999999992
1.4433629999999997
1.4435839999999995
1.4432989999999997
1.4432069999999992
1.4433629999999997
1.4435839999999995
1.4432989999999997
1.4432069999999992
1.4433629999999997
-1.443295
-1.443467
-1.443302
-1.4433870000000004
-1.443295
-1.443467
-1.443302
-1.4433870000000004
-1.443295
-1.443467
-1.443302
-1.4433870000000004
-1.443295
-1.443467
-1.443302
-1.4433870000000004
-1.443295
-1.443467
-1.443302
-1.4433870000000004
-1.443295
-1.443467
-1.443302
-1.4433870000000004
-1.443295
-1.443467
-1.443302
-1.4433870000000004
-1.443295
-1.443467
-1.443302
-1.4433870000000004
-1.443295
-1.443467
-1.443302
-1.4433870000000004
-1.443295
-1.443467
-1.443302
-1.4433870000000004
-1.443295
-1.443467
-1.443302
-1.4433870000000004
-1.443295
-1.443467
-1.443302
-1.4433870000000004
-1.443295
-1.443467
-1.443302
-1.4433870000000004
-1.443295
-1.443467
-1.443302
-1.4433870000000004
-1.443295
-1.443467
-1.443302
-1.4433870000000004
-1.443295
-1.443467
-1.443302
-1.4433870000000004
-1.443295
-1.443467
-1.443302
-1.4433870000000004
-1.443295
-1.443467
-1.443302
-1.4433870000000004
-1.443295
-1.443467
-1.443302
-1.4433870000000004
-1.443295
-1.443467
-1.443302
-1.4433870000000004
-1.443295
-1.443467
-1.443302
-1.4433870000000004
-1.443295
-1.443467
-1.443302
-1.4433870000000004
-1.443295
-1.443467
-1.443302
-1.4433870000000004
-1.443295
-1.443467
-1.443302
-1.4433870000000004
-1.443295
-1.443467
-1.443302
-1.4433870000000004
-1.443295
-1.443467
-1.443302
-1.4433870000000004
-1.443295
-1.443467
-1.443302
-1.4433870000000004
