1.3838000000000008
1.3878830000000004
1.3838000000000008
1.3878830000000004
1.3838000000000008
1.3878830000000004
1.3838000000000008
1.3878830000000004
1.3838000000000008
1.3878830000000004
1.3838000000000008
1.3878830000000004
1.3838000000000008
1.3878830000000004
1.3838000000000008
1.3878830000000004
1.3838000000000008
1.3878830000000004
1.3838000000000008
1.3878830000000004
1.3838000000000008
1.3878830000000004
1.3838000000000008
1.3878830000000004
1.3838000000000008
1.3878830000000004
1.3838000000000008
1.3878830000000004
1.3838000000000008
1.3878830000000004
1.3838000000000008
1.3878830000000004
1.3838000000000008
1.3878830000000004
1.3838000000000008
1.3878830000000004
1.3838000000000008
1.3878830000000004
1.3838000000000008
1.3878830000000004
1.3838000000000008
1.3878830000000004
1.3838000000000008
1.3878830000000004
1.3838000000000008
1.3878830000000004
1.3838000000000008
1.3878830000000004
1.3838000000000008
1.3878830000000004
1.3838000000000008
1.3878830000000004
1.3838000000000008
1.3878830000000004
1.3838000000000008
1.3878830000000004
1.3838000000000008
1.3878830000000004
1.3838000000000008
1.3878830000000004
1.3838000000000008
1.3878830000000004
1.3838000000000008
1.3878830000000004
1.3838000000000008
1.3878830000000004
1.3838000000000008
1.3878830000000004
1.3838000000000008
1.3878830000000004
1.3838000000000008
1.3878830000000004
1.3838000000000008
1.3878830000000004
1.3838000000000008
1.3878830000000004
1.3838000000000008
1.3878830000000004
1.3838000000000008
1.3878830000000004
1.3838000000000008
1.3878830000000004
1.3838000000000008
1.3878830000000004
1.3838000000000008
1.3878830000000004
1.3838000000000008
1.3878830000000004
1.3838000000000008
1.3878830000000004
1.3838000000000008
1.3878830000000004
1.3838000000000008
1.3878830000000004
1.3838000000000008
1.3878830000000004
1.3838000000000008
1.3878830000000004
1.3838000000000008
1.3878830000000004
1.3838000000000008
1.3878830000000004
1.3838000000000008
1.3878830000000004
1.3838000000000008
1.3878830000000004
1.3838000000000008
1.3878830000000004
1.3838000000000008
1.3878830000000004
1.3838000000000008
1.3878830000000004
1.3838000000000008
1.3878830000000004
1.3838000000000008
1.3878830000000004
1.3838000000000008
1.3878830000000004
1.3838000000000008
1.3878830000000004
-1.3884210000000001
-1.3832630000000004
-1.3884210000000001
-1.3832630000000004
-1.3884210000000001
-1.3832630000000004
-1.3884210000000001
-1.3832630000000004
-1.3884210000000001
-1.3832630000000004
-1.3884210000000001
-1.3832630000000004
-1.3884210000000001
-1.3832630000000004
-1.3884210000000001
-1.3832630000000004
-1.3884210000000001
-1.3832630000000004
-1.3884210000000001
-1.3832630000000004
-1.3884210000000001
-1.3832630000000004
-1.3884210000000001
-1.3832630000000004
-1.3884210000000001
-1.3832630000000004
-1.3884210000000001
-1.3832630000000004
-1.3884210000000001
-1.3832630000000004
-1.3884210000000001
-1.3832630000000004
-1.3884210000000001
-1.3832630000000004
-1.3884210000000001
-1.3832630000000004
-1.3884210000000001
-1.3832630000000004
-1.3884210000000001
-1.3832630000000004
-1.3884210000000001
-1.3832630000000004
-1.3884210000000001
-1.3832630000000004
-1.3884210000000001
-1.3832630000000004
-1.3884210000000001
-1.3832630000000004
-1.3884210000000001
-1.3832630000000004
-1.3884210000000001
-1.3832630000000004
-1.3884210000000001
-1.3832630000000004
-1.3884210000000001
-1.3832630000000004
-1.3884210000000001
-1.3832630000000004
-1.3884210000000001
-1.3832630000000004
-1.3884210000000001
-1.3832630000000004
-1.3884210000000001
-1.3832630000000004
-1.3884210000000001
-1.3832630000000004
-1.3884210000000001
-1.3832630000000004
-1.3884210000000001
-1.3832630000000004
-1.3884210000000001
-1.3832630000000004
-1.3884210000000001
-1.3832630000000004
-1.3884210000000001
-1.3832630000000004
-1.3884210000000001
-1.3832630000000004
-1.3884210000000001
-1.3832630000000004
-1.3884210000000001
-1.3832630000000004
-1.3884210000000001
-1.3832630000000004
-1.3884210000000001
-1.3832630000000004
-1.3884210000000001
-1.3832630000000004
-1.3884210000000001
-1.3832630000000004
-1.3884210000000001
-1.3832630000000004
-1.3884210000000001
-1.3832630000000004
-1.3884210000000001
-1.3832630000000004
-1.3884210000000001
-1.3832630000000004
-1.3884210000000001
-1.3832630000000004
-1.3884210000000001
-1.3832630000000004
-1.3884210000000001
-1.3832630000000004
-1.3884210000000001
-1.3832630000000004
-1.3884210000000001
-1.3832630000000004
-1.3884210000000001
-1.3832630000000004
-1.3884210000000001
-1.3832630000000004
-1.3884210000000001
-1.3832630000000004
-1.3884210000000001
-1.3832630000000004
-1.3884210000000001
-1.3832630000000004
-1.3884210000000001
-1.3832630000000004
