1.390834
1.3882999999999992
1.390834
1.3882999999999992
1.390834
1.3882999999999992
1.390834
1.3882999999999992
1.390834
1.3882999999999992
1.390834
1.3882999999999992
1.390834
1.3882999999999992
1.390834
1.3882999999999992
1.390834
1.3882999999999992
1.390834
1.3882999999999992
1.390834
1.3882999999999992
1.390834
1.3882999999999992
1.390834
1.3882999999999992
1.390834
1.3882999999999992
1.390834
1.3882999999999992
1.390834
1.3882999999999992
1.390834
1.3882999999999992
1.390834
1.3882999999999992
1.390834
1.3882999999999992
1.390834
1.3882999999999992
1.390834
1.3882999999999992
1.390834
1.3882999999999992
1.390834
1.3882999999999992
1.390834
1.3882999999999992
1.390834
1.3882999999999992
1.390834
1.3882999999999992
1.390834
1.3882999999999992
1.390834
1.3882999999999992
1.390834
1.3882999999999992
1.390834
1.3882999999999992
1.390834
1.3882999999999992
1.390834
1.3882999999999992
1.390834
1.3882999999999992
1.390834
1.3882999999999992
1.390834
1.3882999999999992
1.390834
1.3882999999999992
1.390834
1.3882999999999992
1.390834
1.3882999999999992
1.390834
1.3882999999999992
1.390834
1.3882999999999992
1.390834
1.3882999999999992
1.390834
1.3882999999999992
1.390834
1.3882999999999992
1.390834
1.3882999999999992
1.390834
1.3882999999999992
1.390834
1.3882999999999992
1.390834
1.3882999999999992
1.390834
1.3882999999999992
1.390834
1.3882999999999992
1.390834
1.3882999999999992
1.390834
1.3882999999999992
1.390834
1.3882999999999992
1.390834
1.3882999999999992
1.390834
1.3882999999999992
1.390834
1.3882999999999992
1.390834
1.3882999999999992
1.390834
1.3882999999999992
1.390834
1.3882999999999992
1.390834
1.3882999999999992
1.390834
1.3882999999999992
-1.3895780000000002
-1.389557
-1.3895780000000002
-1.389557
-1.3895780000000002
-1.389557
-1.3895780000000002
-1.389557
-1.3895780000000002
-1.389557
-1.3895780000000002
-1.389557
-1.3895780000000002
-1.389557
-1.3895780000000002
-1.389557
-1.3895780000000002
-1.389557
-1.3895780000000002
-1.389557
-1.3895780000000002
-1.389557
-1.3895780000000002
-1.389557
-1.3895780000000002
-1.389557
-1.3895780000000002
-1.389557
-1.3895780000000002
-1.389557
-1.3895780000000002
-1.389557
-1.3895780000000002
-1.389557
-1.3895780000000002
-1.389557
-1.3895780000000002
-1.389557
-1.3895780000000002
-1.389557
-1.3895780000000002
-1.389557
-1.3895780000000002
-1.389557
-1.3895780000000002
-1.389557
-1.3895780000000002
-1.389557
-1.3895780000000002
-1.389557
-1.3895780000000002
-1.389557
-1.3895780000000002
-1.389557
-1.3895780000000002
-1.389557
-1.3895780000000002
-1.389557
-1.3895780000000002
-1.389557
-1.3895780000000002
-1.389557
-1.3895780000000002
-1.389557
-1.3895780000000002
-1.389557
-1.3895780000000002
-1.389557
-1.3895780000000002
-1.389557
-1.3895780000000002
-1.389557
-1.3895780000000002
-1.389557
-1.3895780000000002
-1.389557
-1.3895780000000002
-1.389557
-1.3895780000000002
-1.389557
-1.3895780000000002
-1.389557
-1.3895780000000002
-1.389557
-1.3895780000000002
-1.389557
-1.3895780000000002
-1.389557
-1.3895780000000002
-1.389557
-1.3895780000000002
-1.389557
-1.3895780000000002
-1.389557
-1.3895780000000002
-1.389557
-1.3895780000000002
-1.389557
-1.3895780000000002
-1.389557
-1.3895780000000002
-1.389557
-1.3895780000000002
-1.389557
-1.3895780000000002
-1.389557
-1.3895780000000002
-1.389557
-1.3895780000000002
-1.389557
-1.3895780000000002
-1.389557
-1.3895780000000002
-1.389557
-1.3895780000000002
-1.389557
-1.3895780000000002
-1.389557
-1.3895780000000002
-1.389557
