1.3706390000000006
1.3706390000000006
1.3706390000000006
1.3706390000000006
1.3706390000000006
1.3706390000000006
1.3706390000000006
1.3706390000000006
1.3706390000000006
1.3706390000000006
1.3706390000000006
1.3706390000000006
1.3706390000000006
1.3706390000000006
1.3706390000000006
1.3706390000000006
1.3706390000000006
1.3706390000000006
1.3706390000000006
1.3706390000000006
1.3706390000000006
1.3706390000000006
1.3706390000000006
1.3706390000000006
1.3706390000000006
1.3706390000000006
1.3706390000000006
1.3706390000000006
1.3706390000000006
1.3706390000000006
1.3706390000000006
1.3706390000000006
1.3706390000000006
1.3706390000000006
1.3706390000000006
1.3706390000000006
1.3706390000000006
1.3706390000000006
1.3706390000000006
1.3706390000000006
1.3706390000000006
1.3706390000000006
1.3706390000000006
1.3706390000000006
1.3706390000000006
1.3706390000000006
1.3706390000000006
1.3706390000000006
1.3706390000000006
1.3706390000000006
1.3706390000000006
1.3706390000000006
1.3706390000000006
1.3706390000000006
1.3706390000000006
1.3706390000000006
1.3706390000000006
1.3706390000000006
1.3706390000000006
1.3706390000000006
1.3706390000000006
1.3706390000000006
1.3706390000000006
1.3706390000000006
1.3706390000000006
1.3706390000000006
1.3706390000000006
1.3706390000000006
1.3706390000000006
1.3706390000000006
1.3706390000000006
1.3706390000000006
1.3706390000000006
1.3706390000000006
1.3706390000000006
1.3706390000000006
1.3706390000000006
1.3706390000000006
1.3706390000000006
1.3706390000000006
1.3706390000000006
1.3706390000000006
1.3706390000000006
1.3706390000000006
1.3706390000000006
1.3706390000000006
1.3706390000000006
1.3706390000000006
1.3706390000000006
1.3706390000000006
1.3706390000000006
1.3706390000000006
1.3706390000000006
1.3706390000000006
1.3706390000000006
1.3706390000000006
-1.3706370000000003
-1.3706389999999997
-1.3706370000000003
-1.3706389999999997
-1.3706370000000003
-1.3706389999999997
-1.3706370000000003
-1.3706389999999997
-1.3706370000000003
-1.3706389999999997
-1.3706370000000003
-1.3706389999999997
-1.3706370000000003
-1.3706389999999997
-1.3706370000000003
-1.3706389999999997
-1.3706370000000003
-1.3706389999999997
-1.3706370000000003
-1.3706389999999997
-1.3706370000000003
-1.3706389999999997
-1.3706370000000003
-1.3706389999999997
-1.3706370000000003
-1.3706389999999997
-1.3706370000000003
-1.3706389999999997
-1.3706370000000003
-1.3706389999999997
-1.3706370000000003
-1.3706389999999997
-1.3706370000000003
-1.3706389999999997
-1.3706370000000003
-1.3706389999999997
-1.3706370000000003
-1.3706389999999997
-1.3706370000000003
-1.3706389999999997
-1.3706370000000003
-1.3706389999999997
-1.3706370000000003
-1.3706389999999997
-1.3706370000000003
-1.3706389999999997
-1.3706370000000003
-1.3706389999999997
-1.3706370000000003
-1.3706389999999997
-1.3706370000000003
-1.3706389999999997
-1.3706370000000003
-1.3706389999999997
-1.3706370000000003
-1.3706389999999997
-1.3706370000000003
-1.3706389999999997
-1.3706370000000003
-1.3706389999999997
-1.3706370000000003
-1.3706389999999997
-1.3706370000000003
-1.3706389999999997
-1.3706370000000003
-1.3706389999999997
-1.3706370000000003
-1.3706389999999997
-1.3706370000000003
-1.3706389999999997
-1.3706370000000003
-1.3706389999999997
-1.3706370000000003
-1.3706389999999997
-1.3706370000000003
-1.3706389999999997
-1.3706370000000003
-1.3706389999999997
-1.3706370000000003
-1.3706389999999997
-1.3706370000000003
-1.3706389999999997
-1.3706370000000003
-1.3706389999999997
-1.3706370000000003
-1.3706389999999997
-1.3706370000000003
-1.3706389999999997
-1.3706370000000003
-1.3706389999999997
-1.3706370000000003
-1.3706389999999997
-1.3706370000000003
-1.3706389999999997
-1.3706370000000003
-1.3706389999999997
