1.4015749999999993
1.4340419999999998
1.4015749999999993
1.4340419999999998
1.4015749999999993
1.4340419999999998
1.4015749999999993
1.4340419999999998
1.4015749999999993
1.4340419999999998
1.4015749999999993
1.4340419999999998
1.4015749999999993
1.4340419999999998
1.4015749999999993
1.4340419999999998
1.4015749999999993
1.4340419999999998
1.4015749999999993
1.4340419999999998
1.4015749999999993
1.4340419999999998
1.4015749999999993
1.4340419999999998
1.4015749999999993
1.4340419999999998
1.4015749999999993
1.4340419999999998
1.4015749999999993
1.4340419999999998
1.4015749999999993
1.4340419999999998
1.4015749999999993
1.4340419999999998
1.4015749999999993
1.4340419999999998
1.4015749999999993
1.4340419999999998
1.4015749999999993
1.4340419999999998
1.4015749999999993
1.4340419999999998
1.4015749999999993
1.4340419999999998
1.4015749999999993
1.4340419999999998
1.4015749999999993
1.4340419999999998
1.4015749999999993
1.4340419999999998
1.4015749999999993
1.4340419999999998
1.4015749999999993
1.4340419999999998
1.4015749999999993
1.4340419999999998
1.4015749999999993
1.4340419999999998
1.4015749999999993
1.4340419999999998
1.4015749999999993
1.4340419999999998
1.4015749999999993
1.4340419999999998
1.4015749999999993
1.4340419999999998
1.4015749999999993
1.4340419999999998
1.4015749999999993
1.4340419999999998
1.4015749999999993
1.4340419999999998
1.4015749999999993
1.4340419999999998
1.4015749999999993
1.4340419999999998
1.4015749999999993
1.4340419999999998
1.4015749999999993
1.4340419999999998
1.4015749999999993
1.4340419999999998
1.4015749999999993
1.4340419999999998
1.4015749999999993
1.4340419999999998
1.4015749999999993
1.4340419999999998
1.4015749999999993
1.4340419999999998
1.4015749999999993
1.4340419999999998
1.4015749999999993
1.4340419999999998
1.4015749999999993
1.4340419999999998
-1.421488
-1.4141310000000002
-1.421488
-1.4141310000000002
-1.421488
-1.4141310000000002
-1.421488
-1.4141310000000002
-1.421488
-1.4141310000000002
-1.421488
-1.4141310000000002
-1.421488
-1.4141310000000002
-1.421488
-1.4141310000000002
-1.421488
-1.4141310000000002
-1.421488
-1.4141310000000002
-1.421488
-1.4141310000000002
-1.421488
-1.4141310000000002
-1.421488
-1.4141310000000002
-1.421488
-1.4141310000000002
-1.421488
-1.4141310000000002
-1.421488
-1.4141310000000002
-1.421488
-1.4141310000000002
-1.421488
-1.4141310000000002
-1.421488
-1.4141310000000002
-1.421488
-1.4141310000000002
-1.421488
-1.4141310000000002
-1.421488
-1.4141310000000002
-1.421488
-1.4141310000000002
-1.421488
-1.4141310000000002
-1.421488
-1.4141310000000002
-1.421488
-1.4141310000000002
-1.421488
-1.4141310000000002
-1.421488
-1.4141310000000002
-1.421488
-1.4141310000000002
-1.421488
-1.4141310000000002
-1.421488
-1.4141310000000002
-1.421488
-1.4141310000000002
-1.421488
-1.4141310000000002
-1.421488
-1.4141310000000002
-1.421488
-1.4141310000000002
-1.421488
-1.4141310000000002
-1.421488
-1.4141310000000002
-1.421488
-1.4141310000000002
-1.421488
-1.4141310000000002
-1.421488
-1.4141310000000002
-1.421488
-1.4141310000000002
-1.421488
-1.4141310000000002
-1.421488
-1.4141310000000002
-1.421488
-1.4141310000000002
-1.421488
-1.4141310000000002
-1.421488
-1.4141310000000002
-1.421488
-1.4141310000000002
-1.421488
-1.4141310000000002
