1.1905009999999994
1.1799630000000008
1.1905009999999994
1.1799630000000008
1.1905009999999994
1.1799630000000008
1.1905009999999994
1.1799630000000008
1.1905009999999994
1.1799630000000008
1.1905009999999994
1.1799630000000008
1.1905009999999994
1.1799630000000008
1.1905009999999994
1.1799630000000008
1.1905009999999994
1.1799630000000008
1.1905009999999994
1.1799630000000008
1.1905009999999994
1.1799630000000008
1.1905009999999994
1.1799630000000008
1.1905009999999994
1.1799630000000008
1.1905009999999994
1.1799630000000008
1.1905009999999994
1.1799630000000008
1.1905009999999994
1.1799630000000008
1.1905009999999994
1.1799630000000008
1.1905009999999994
1.1799630000000008
1.1905009999999994
1.1799630000000008
1.1905009999999994
1.1799630000000008
1.1905009999999994
1.1799630000000008
1.1905009999999994
1.1799630000000008
1.1905009999999994
1.1799630000000008
1.1905009999999994
1.1799630000000008
1.1905009999999994
1.1799630000000008
1.1905009999999994
1.1799630000000008
1.1905009999999994
1.1799630000000008
1.1905009999999994
1.1799630000000008
1.1905009999999994
1.1799630000000008
1.1905009999999994
1.1799630000000008
1.1905009999999994
1.1799630000000008
1.1905009999999994
1.1799630000000008
1.1905009999999994
1.1799630000000008
1.1905009999999994
1.1799630000000008
1.1905009999999994
1.1799630000000008
1.1905009999999994
1.1799630000000008
1.1905009999999994
1.1799630000000008
1.1905009999999994
1.1799630000000008
1.1905009999999994
1.1799630000000008
1.1905009999999994
1.1799630000000008
1.1905009999999994
1.1799630000000008
1.1905009999999994
1.1799630000000008
1.1905009999999994
1.1799630000000008
1.1905009999999994
1.1799630000000008
1.1905009999999994
1.1799630000000008
1.1905009999999994
1.1799630000000008
1.1905009999999994
1.1799630000000008
1.1905009999999994
1.1799630000000008
1.1905009999999994
1.1799630000000008
1.1905009999999994
1.1799630000000008
1.1905009999999994
1.1799630000000008
1.1905009999999994
1.1799630000000008
1.1905009999999994
1.1799630000000008
1.1905009999999994
1.1799630000000008
-1.1785360000000003
-1.1919279999999999
-1.1785360000000003
-1.1919279999999999
-1.1785360000000003
-1.1919279999999999
-1.1785360000000003
-1.1919279999999999
-1.1785360000000003
-1.1919279999999999
-1.1785360000000003
-1.1919279999999999
-1.1785360000000003
-1.1919279999999999
-1.1785360000000003
-1.1919279999999999
-1.1785360000000003
-1.1919279999999999
-1.1785360000000003
-1.1919279999999999
-1.1785360000000003
-1.1919279999999999
-1.1785360000000003
-1.1919279999999999
-1.1785360000000003
-1.1919279999999999
-1.1785360000000003
-1.1919279999999999
-1.1785360000000003
-1.1919279999999999
-1.1785360000000003
-1.1919279999999999
-1.1785360000000003
-1.1919279999999999
-1.1785360000000003
-1.1919279999999999
-1.1785360000000003
-1.1919279999999999
-1.1785360000000003
-1.1919279999999999
-1.1785360000000003
-1.1919279999999999
-1.1785360000000003
-1.1919279999999999
-1.1785360000000003
-1.1919279999999999
-1.1785360000000003
-1.1919279999999999
-1.1785360000000003
-1.1919279999999999
-1.1785360000000003
-1.1919279999999999
-1.1785360000000003
-1.1919279999999999
-1.1785360000000003
-1.1919279999999999
-1.1785360000000003
-1.1919279999999999
-1.1785360000000003
-1.1919279999999999
-1.1785360000000003
-1.1919279999999999
-1.1785360000000003
-1.1919279999999999
-1.1785360000000003
-1.1919279999999999
-1.1785360000000003
-1.1919279999999999
-1.1785360000000003
-1.1919279999999999
-1.1785360000000003
-1.1919279999999999
-1.1785360000000003
-1.1919279999999999
-1.1785360000000003
-1.1919279999999999
-1.1785360000000003
-1.1919279999999999
-1.1785360000000003
-1.1919279999999999
-1.1785360000000003
-1.1919279999999999
-1.1785360000000003
-1.1919279999999999
-1.1785360000000003
-1.1919279999999999
-1.1785360000000003
-1.1919279999999999
-1.1785360000000003
-1.1919279999999999
-1.1785360000000003
-1.1919279999999999
-1.1785360000000003
-1.1919279999999999
-1.1785360000000003
-1.1919279999999999
-1.1785360000000003
-1.1919279999999999
-1.1785360000000003
-1.1919279999999999
-1.1785360000000003
-1.1919279999999999
-1.1785360000000003
-1.1919279999999999
-1.1785360000000003
-1.1919279999999999
-1.1785360000000003
-1.1919279999999999
