1.3127639999999996
1.3031699999999997
1.3127639999999996
1.3031699999999997
1.3127639999999996
1.3031699999999997
1.3127639999999996
1.3031699999999997
1.3127639999999996
1.3031699999999997
1.3127639999999996
1.3031699999999997
1.3127639999999996
1.3031699999999997
1.3127639999999996
1.3031699999999997
1.3127639999999996
1.3031699999999997
1.3127639999999996
1.3031699999999997
1.3127639999999996
1.3031699999999997
1.3127639999999996
1.3031699999999997
1.3127639999999996
1.3031699999999997
1.3127639999999996
1.3031699999999997
1.3127639999999996
1.3031699999999997
1.3127639999999996
1.3031699999999997
1.3127639999999996
1.3031699999999997
1.3127639999999996
1.3031699999999997
1.3127639999999996
1.3031699999999997
1.3127639999999996
1.3031699999999997
1.3127639999999996
1.3031699999999997
1.3127639999999996
1.3031699999999997
1.3127639999999996
1.3031699999999997
1.3127639999999996
1.3031699999999997
1.3127639999999996
1.3031699999999997
1.3127639999999996
1.3031699999999997
1.3127639999999996
1.3031699999999997
1.3127639999999996
1.3031699999999997
1.3127639999999996
1.3031699999999997
1.3127639999999996
1.3031699999999997
1.3127639999999996
1.3031699999999997
1.3127639999999996
1.3031699999999997
1.3127639999999996
1.3031699999999997
1.3127639999999996
1.3031699999999997
1.3127639999999996
1.3031699999999997
1.3127639999999996
1.3031699999999997
1.3127639999999996
1.3031699999999997
1.3127639999999996
1.3031699999999997
1.3127639999999996
1.3031699999999997
1.3127639999999996
1.3031699999999997
1.3127639999999996
1.3031699999999997
1.3127639999999996
1.3031699999999997
1.3127639999999996
1.3031699999999997
1.3127639999999996
1.3031699999999997
1.3127639999999996
1.3031699999999997
1.3127639999999996
1.3031699999999997
1.3127639999999996
1.3031699999999997
1.3127639999999996
1.3031699999999997
1.3127639999999996
1.3031699999999997
1.3127639999999996
1.3031699999999997
1.3127639999999996
1.3031699999999997
1.3127639999999996
1.3031699999999997
1.3127639999999996
1.3031699999999997
1.3127639999999996
1.3031699999999997
1.3127639999999996
1.3031699999999997
1.3127639999999996
1.3031699999999997
1.3127639999999996
1.3031699999999997
1.3127639999999996
1.3031699999999997
1.3127639999999996
1.3031699999999997
1.3127639999999996
1.3031699999999997
-1.3012110000000003
-1.3147250000000001
-1.3012110000000003
-1.3147250000000001
-1.3012110000000003
-1.3147250000000001
-1.3012110000000003
-1.3147250000000001
-1.3012110000000003
-1.3147250000000001
-1.3012110000000003
-1.3147250000000001
-1.3012110000000003
-1.3147250000000001
-1.3012110000000003
-1.3147250000000001
-1.3012110000000003
-1.3147250000000001
-1.3012110000000003
-1.3147250000000001
-1.3012110000000003
-1.3147250000000001
-1.3012110000000003
-1.3147250000000001
-1.3012110000000003
-1.3147250000000001
-1.3012110000000003
-1.3147250000000001
-1.3012110000000003
-1.3147250000000001
-1.3012110000000003
-1.3147250000000001
-1.3012110000000003
-1.3147250000000001
-1.3012110000000003
-1.3147250000000001
-1.3012110000000003
-1.3147250000000001
-1.3012110000000003
-1.3147250000000001
-1.3012110000000003
-1.3147250000000001
-1.3012110000000003
-1.3147250000000001
-1.3012110000000003
-1.3147250000000001
-1.3012110000000003
-1.3147250000000001
-1.3012110000000003
-1.3147250000000001
-1.3012110000000003
-1.3147250000000001
-1.3012110000000003
-1.3147250000000001
-1.3012110000000003
-1.3147250000000001
-1.3012110000000003
-1.3147250000000001
-1.3012110000000003
-1.3147250000000001
-1.3012110000000003
-1.3147250000000001
-1.3012110000000003
-1.3147250000000001
-1.3012110000000003
-1.3147250000000001
-1.3012110000000003
-1.3147250000000001
-1.3012110000000003
-1.3147250000000001
-1.3012110000000003
-1.3147250000000001
-1.3012110000000003
-1.3147250000000001
-1.3012110000000003
-1.3147250000000001
-1.3012110000000003
-1.3147250000000001
-1.3012110000000003
-1.3147250000000001
-1.3012110000000003
-1.3147250000000001
-1.3012110000000003
-1.3147250000000001
-1.3012110000000003
-1.3147250000000001
-1.3012110000000003
-1.3147250000000001
-1.3012110000000003
-1.3147250000000001
-1.3012110000000003
-1.3147250000000001
-1.3012110000000003
-1.3147250000000001
-1.3012110000000003
-1.3147250000000001
-1.3012110000000003
-1.3147250000000001
-1.3012110000000003
-1.3147250000000001
-1.3012110000000003
-1.3147250000000001
-1.3012110000000003
-1.3147250000000001
-1.3012110000000003
-1.3147250000000001
-1.3012110000000003
-1.3147250000000001
-1.3012110000000003
-1.3147250000000001
-1.3012110000000003
-1.3147250000000001
-1.3012110000000003
-1.3147250000000001
-1.3012110000000003
-1.3147250000000001
-1.3012110000000003
-1.3147250000000001
-1.3012110000000003
-1.3147250000000001
