1.0566119999999994
1.0566119999999994
1.0566119999999994
1.0566119999999994
1.0566119999999994
1.0566119999999994
1.0566119999999994
1.0566119999999994
1.0566119999999994
1.0566119999999994
1.0566119999999994
1.0566119999999994
1.0566119999999994
1.0566119999999994
1.0566119999999994
1.0566119999999994
1.0566119999999994
1.0566119999999994
1.0566119999999994
1.0566119999999994
1.0566119999999994
1.0566119999999994
1.0566119999999994
1.0566119999999994
1.0566119999999994
1.0566119999999994
1.0566119999999994
-1.0566120000000003
-1.0566120000000003
-1.0566120000000003
-1.0566120000000003
-1.0566120000000003
-1.0566120000000003
-1.0566120000000003
-1.0566120000000003
-1.0566120000000003
-1.0566120000000003
-1.0566120000000003
-1.0566120000000003
-1.0566120000000003
-1.0566120000000003
-1.0566120000000003
-1.0566120000000003
-1.0566120000000003
-1.0566120000000003
-1.0566120000000003
-1.0566120000000003
-1.0566120000000003
-1.0566120000000003
-1.0566120000000003
-1.0566120000000003
-1.0566120000000003
-1.0566120000000003
-1.0566120000000003
