1.4305369999999993
1.4263390000000005
1.4264150000000004
1.4266670000000001
1.4305369999999993
1.4263390000000005
1.4264150000000004
1.4266670000000001
1.4305369999999993
1.4263390000000005
1.4264150000000004
1.4266670000000001
1.4305369999999993
1.4263390000000005
1.4264150000000004
1.4266670000000001
1.4305369999999993
1.4263390000000005
1.4264150000000004
1.4266670000000001
1.4305369999999993
1.4263390000000005
1.4264150000000004
1.4266670000000001
1.4305369999999993
1.4263390000000005
1.4264150000000004
1.4266670000000001
1.4305369999999993
1.4263390000000005
1.4264150000000004
1.4266670000000001
1.4305369999999993
1.4263390000000005
1.4264150000000004
1.4266670000000001
1.4305369999999993
1.4263390000000005
1.4264150000000004
1.4266670000000001
1.4305369999999993
1.4263390000000005
1.4264150000000004
1.4266670000000001
1.4305369999999993
1.4263390000000005
1.4264150000000004
1.4266670000000001
1.4305369999999993
1.4263390000000005
1.4264150000000004
1.4266670000000001
1.4305369999999993
1.4263390000000005
1.4264150000000004
1.4266670000000001
1.4305369999999993
1.4263390000000005
1.4264150000000004
1.4266670000000001
1.4305369999999993
1.4263390000000005
1.4264150000000004
1.4266670000000001
1.4305369999999993
1.4263390000000005
1.4264150000000004
1.4266670000000001
1.4305369999999993
1.4263390000000005
1.4264150000000004
1.4266670000000001
1.4305369999999993
1.4263390000000005
1.4264150000000004
1.4266670000000001
1.4305369999999993
1.4263390000000005
1.4264150000000004
1.4266670000000001
1.4305369999999993
1.4263390000000005
1.4264150000000004
1.4266670000000001
1.4305369999999993
1.4263390000000005
1.4264150000000004
1.4266670000000001
1.4305369999999993
1.4263390000000005
1.4264150000000004
1.4266670000000001
1.4305369999999993
1.4263390000000005
1.4264150000000004
1.4266670000000001
1.4305369999999993
1.4263390000000005
1.4264150000000004
1.4266670000000001
1.4305369999999993
1.4263390000000005
1.4264150000000004
1.4266670000000001
1.4305369999999993
1.4263390000000005
1.4264150000000004
1.4266670000000001
1.4305369999999993
1.4263390000000005
1.4264150000000004
1.4266670000000001
1.4305369999999993
1.4263390000000005
1.4264150000000004
1.4266670000000001
1.4305369999999993
1.4263390000000005
1.4264150000000004
1.4266670000000001
1.4305369999999993
1.4263390000000005
1.4264150000000004
1.4266670000000001
1.4305369999999993
1.4263390000000005
1.4264150000000004
1.4266670000000001
1.4305369999999993
1.4263390000000005
1.4264150000000004
1.4266670000000001
1.4305369999999993
1.4263390000000005
1.4264150000000004
1.4266670000000001
1.4305369999999993
1.4263390000000005
1.4264150000000004
1.4266670000000001
1.4305369999999993
1.4263390000000005
1.4264150000000004
1.4266670000000001
-1.428865
-1.4235699999999998
-1.430047
-1.4274750000000003
-1.428865
-1.4235699999999998
-1.430047
-1.4274750000000003
-1.428865
-1.4235699999999998
-1.430047
-1.4274750000000003
-1.428865
-1.4235699999999998
-1.430047
-1.4274750000000003
-1.428865
-1.4235699999999998
-1.430047
-1.4274750000000003
-1.428865
-1.4235699999999998
-1.430047
-1.4274750000000003
-1.428865
-1.4235699999999998
-1.430047
-1.4274750000000003
-1.428865
-1.4235699999999998
-1.430047
-1.4274750000000003
-1.428865
-1.4235699999999998
-1.430047
-1.4274750000000003
-1.428865
-1.4235699999999998
-1.430047
-1.4274750000000003
-1.428865
-1.4235699999999998
-1.430047
-1.4274750000000003
-1.428865
-1.4235699999999998
-1.430047
-1.4274750000000003
-1.428865
-1.4235699999999998
-1.430047
-1.4274750000000003
-1.428865
-1.4235699999999998
-1.430047
-1.4274750000000003
-1.428865
-1.4235699999999998
-1.430047
-1.4274750000000003
-1.428865
-1.4235699999999998
-1.430047
-1.4274750000000003
-1.428865
-1.4235699999999998
-1.430047
-1.4274750000000003
-1.428865
-1.4235699999999998
-1.430047
-1.4274750000000003
-1.428865
-1.4235699999999998
-1.430047
-1.4274750000000003
-1.428865
-1.4235699999999998
-1.430047
-1.4274750000000003
-1.428865
-1.4235699999999998
-1.430047
-1.4274750000000003
-1.428865
-1.4235699999999998
-1.430047
-1.4274750000000003
-1.428865
-1.4235699999999998
-1.430047
-1.4274750000000003
-1.428865
-1.4235699999999998
-1.430047
-1.4274750000000003
-1.428865
-1.4235699999999998
-1.430047
-1.4274750000000003
-1.428865
-1.4235699999999998
-1.430047
-1.4274750000000003
-1.428865
-1.4235699999999998
-1.430047
-1.4274750000000003
-1.428865
-1.4235699999999998
-1.430047
-1.4274750000000003
-1.428865
-1.4235699999999998
-1.430047
-1.4274750000000003
-1.428865
-1.4235699999999998
-1.430047
-1.4274750000000003
-1.428865
-1.4235699999999998
-1.430047
-1.4274750000000003
-1.428865
-1.4235699999999998
-1.430047
-1.4274750000000003
-1.428865
-1.4235699999999998
-1.430047
-1.4274750000000003
-1.428865
-1.4235699999999998
-1.430047
-1.4274750000000003
-1.428865
-1.4235699999999998
-1.430047
-1.4274750000000003
-1.428865
-1.4235699999999998
-1.430047
-1.4274750000000003
