1.4254460000000009
1.4220050000000004
1.4254870000000004
1.4162870000000005
1.4254460000000009
1.4220050000000004
1.4254870000000004
1.4162870000000005
1.4254460000000009
1.4220050000000004
1.4254870000000004
1.4162870000000005
1.4254460000000009
1.4220050000000004
1.4254870000000004
1.4162870000000005
1.4254460000000009
1.4220050000000004
1.4254870000000004
1.4162870000000005
1.4254460000000009
1.4220050000000004
1.4254870000000004
1.4162870000000005
1.4254460000000009
1.4220050000000004
1.4254870000000004
1.4162870000000005
1.4254460000000009
1.4220050000000004
1.4254870000000004
1.4162870000000005
1.4254460000000009
1.4220050000000004
1.4254870000000004
1.4162870000000005
1.4254460000000009
1.4220050000000004
1.4254870000000004
1.4162870000000005
1.4254460000000009
1.4220050000000004
1.4254870000000004
1.4162870000000005
1.4254460000000009
1.4220050000000004
1.4254870000000004
1.4162870000000005
1.4254460000000009
1.4220050000000004
1.4254870000000004
1.4162870000000005
1.4254460000000009
1.4220050000000004
1.4254870000000004
1.4162870000000005
1.4254460000000009
1.4220050000000004
1.4254870000000004
1.4162870000000005
1.4254460000000009
1.4220050000000004
1.4254870000000004
1.4162870000000005
1.4254460000000009
1.4220050000000004
1.4254870000000004
1.4162870000000005
1.4254460000000009
1.4220050000000004
1.4254870000000004
1.4162870000000005
1.4254460000000009
1.4220050000000004
1.4254870000000004
1.4162870000000005
1.4254460000000009
1.4220050000000004
1.4254870000000004
1.4162870000000005
1.4254460000000009
1.4220050000000004
1.4254870000000004
1.4162870000000005
1.4254460000000009
1.4220050000000004
1.4254870000000004
1.4162870000000005
1.4254460000000009
1.4220050000000004
1.4254870000000004
1.4162870000000005
1.4254460000000009
1.4220050000000004
1.4254870000000004
1.4162870000000005
1.4254460000000009
1.4220050000000004
1.4254870000000004
1.4162870000000005
1.4254460000000009
1.4220050000000004
1.4254870000000004
1.4162870000000005
1.4254460000000009
1.4220050000000004
1.4254870000000004
1.4162870000000005
1.4254460000000009
1.4220050000000004
1.4254870000000004
1.4162870000000005
1.4254460000000009
1.4220050000000004
1.4254870000000004
1.4162870000000005
1.4254460000000009
1.4220050000000004
1.4254870000000004
1.4162870000000005
1.4254460000000009
1.4220050000000004
1.4254870000000004
1.4162870000000005
1.4254460000000009
1.4220050000000004
1.4254870000000004
1.4162870000000005
1.4254460000000009
1.4220050000000004
1.4254870000000004
1.4162870000000005
1.4254460000000009
1.4220050000000004
1.4254870000000004
1.4162870000000005
1.4254460000000009
1.4220050000000004
1.4254870000000004
1.4162870000000005
1.4254460000000009
1.4220050000000004
1.4254870000000004
1.4162870000000005
-1.4247690000000004
-1.4201620000000004
-1.4248640000000004
-1.4194259999999996
-1.4247690000000004
-1.4201620000000004
-1.4248640000000004
-1.4194259999999996
-1.4247690000000004
-1.4201620000000004
-1.4248640000000004
-1.4194259999999996
-1.4247690000000004
-1.4201620000000004
-1.4248640000000004
-1.4194259999999996
-1.4247690000000004
-1.4201620000000004
-1.4248640000000004
-1.4194259999999996
-1.4247690000000004
-1.4201620000000004
-1.4248640000000004
-1.4194259999999996
-1.4247690000000004
-1.4201620000000004
-1.4248640000000004
-1.4194259999999996
-1.4247690000000004
-1.4201620000000004
-1.4248640000000004
-1.4194259999999996
-1.4247690000000004
-1.4201620000000004
-1.4248640000000004
-1.4194259999999996
-1.4247690000000004
-1.4201620000000004
-1.4248640000000004
-1.4194259999999996
-1.4247690000000004
-1.4201620000000004
-1.4248640000000004
-1.4194259999999996
-1.4247690000000004
-1.4201620000000004
-1.4248640000000004
-1.4194259999999996
-1.4247690000000004
-1.4201620000000004
-1.4248640000000004
-1.4194259999999996
-1.4247690000000004
-1.4201620000000004
-1.4248640000000004
-1.4194259999999996
-1.4247690000000004
-1.4201620000000004
-1.4248640000000004
-1.4194259999999996
-1.4247690000000004
-1.4201620000000004
-1.4248640000000004
-1.4194259999999996
-1.4247690000000004
-1.4201620000000004
-1.4248640000000004
-1.4194259999999996
-1.4247690000000004
-1.4201620000000004
-1.4248640000000004
-1.4194259999999996
-1.4247690000000004
-1.4201620000000004
-1.4248640000000004
-1.4194259999999996
-1.4247690000000004
-1.4201620000000004
-1.4248640000000004
-1.4194259999999996
-1.4247690000000004
-1.4201620000000004
-1.4248640000000004
-1.4194259999999996
-1.4247690000000004
-1.4201620000000004
-1.4248640000000004
-1.4194259999999996
-1.4247690000000004
-1.4201620000000004
-1.4248640000000004
-1.4194259999999996
-1.4247690000000004
-1.4201620000000004
-1.4248640000000004
-1.4194259999999996
-1.4247690000000004
-1.4201620000000004
-1.4248640000000004
-1.4194259999999996
-1.4247690000000004
-1.4201620000000004
-1.4248640000000004
-1.4194259999999996
-1.4247690000000004
-1.4201620000000004
-1.4248640000000004
-1.4194259999999996
-1.4247690000000004
-1.4201620000000004
-1.4248640000000004
-1.4194259999999996
-1.4247690000000004
-1.4201620000000004
-1.4248640000000004
-1.4194259999999996
-1.4247690000000004
-1.4201620000000004
-1.4248640000000004
-1.4194259999999996
-1.4247690000000004
-1.4201620000000004
-1.4248640000000004
-1.4194259999999996
-1.4247690000000004
-1.4201620000000004
-1.4248640000000004
-1.4194259999999996
-1.4247690000000004
-1.4201620000000004
-1.4248640000000004
-1.4194259999999996
-1.4247690000000004
-1.4201620000000004
-1.4248640000000004
-1.4194259999999996
-1.4247690000000004
-1.4201620000000004
-1.4248640000000004
-1.4194259999999996
-1.4247690000000004
-1.4201620000000004
-1.4248640000000004
-1.4194259999999996
