1.4414180000000005
1.4416499999999992
1.4395889999999998
1.441535
1.4414180000000005
1.4416499999999992
1.4395889999999998
1.441535
1.4414180000000005
1.4416499999999992
1.4395889999999998
1.441535
1.4414180000000005
1.4416499999999992
1.4395889999999998
1.441535
1.4414180000000005
1.4416499999999992
1.4395889999999998
1.441535
1.4414180000000005
1.4416499999999992
1.4395889999999998
1.441535
1.4414180000000005
1.4416499999999992
1.4395889999999998
1.441535
1.4414180000000005
1.4416499999999992
1.4395889999999998
1.441535
1.4414180000000005
1.4416499999999992
1.4395889999999998
1.441535
1.4414180000000005
1.4416499999999992
1.4395889999999998
1.441535
1.4414180000000005
1.4416499999999992
1.4395889999999998
1.441535
1.4414180000000005
1.4416499999999992
1.4395889999999998
1.441535
1.4414180000000005
1.4416499999999992
1.4395889999999998
1.441535
1.4414180000000005
1.4416499999999992
1.4395889999999998
1.441535
1.4414180000000005
1.4416499999999992
1.4395889999999998
1.441535
1.4414180000000005
1.4416499999999992
1.4395889999999998
1.441535
1.4414180000000005
1.4416499999999992
1.4395889999999998
1.441535
1.4414180000000005
1.4416499999999992
1.4395889999999998
1.441535
1.4414180000000005
1.4416499999999992
1.4395889999999998
1.441535
1.4414180000000005
1.4416499999999992
1.4395889999999998
1.441535
1.4414180000000005
1.4416499999999992
1.4395889999999998
1.441535
1.4414180000000005
1.4416499999999992
1.4395889999999998
1.441535
1.4414180000000005
1.4416499999999992
1.4395889999999998
1.441535
1.4414180000000005
1.4416499999999992
1.4395889999999998
1.441535
1.4414180000000005
1.4416499999999992
1.4395889999999998
1.441535
1.4414180000000005
1.4416499999999992
1.4395889999999998
1.441535
1.4414180000000005
1.4416499999999992
1.4395889999999998
1.441535
1.4414180000000005
1.4416499999999992
1.4395889999999998
1.441535
1.4414180000000005
1.4416499999999992
1.4395889999999998
1.441535
1.4414180000000005
1.4416499999999992
1.4395889999999998
1.441535
1.4414180000000005
1.4416499999999992
1.4395889999999998
1.441535
1.4414180000000005
1.4416499999999992
1.4395889999999998
1.441535
1.4414180000000005
1.4416499999999992
1.4395889999999998
1.441535
1.4414180000000005
1.4416499999999992
1.4395889999999998
1.441535
1.4414180000000005
1.4416499999999992
1.4395889999999998
1.441535
1.4414180000000005
1.4416499999999992
1.4395889999999998
1.441535
-1.4413289999999996
-1.4411399999999999
-1.4404579999999996
-1.441268
-1.4413289999999996
-1.4411399999999999
-1.4404579999999996
-1.441268
-1.4413289999999996
-1.4411399999999999
-1.4404579999999996
-1.441268
-1.4413289999999996
-1.4411399999999999
-1.4404579999999996
-1.441268
-1.4413289999999996
-1.4411399999999999
-1.4404579999999996
-1.441268
-1.4413289999999996
-1.4411399999999999
-1.4404579999999996
-1.441268
-1.4413289999999996
-1.4411399999999999
-1.4404579999999996
-1.441268
-1.4413289999999996
-1.4411399999999999
-1.4404579999999996
-1.441268
-1.4413289999999996
-1.4411399999999999
-1.4404579999999996
-1.441268
-1.4413289999999996
-1.4411399999999999
-1.4404579999999996
-1.441268
-1.4413289999999996
-1.4411399999999999
-1.4404579999999996
-1.441268
-1.4413289999999996
-1.4411399999999999
-1.4404579999999996
-1.441268
-1.4413289999999996
-1.4411399999999999
-1.4404579999999996
-1.441268
-1.4413289999999996
-1.4411399999999999
-1.4404579999999996
-1.441268
-1.4413289999999996
-1.4411399999999999
-1.4404579999999996
-1.441268
-1.4413289999999996
-1.4411399999999999
-1.4404579999999996
-1.441268
-1.4413289999999996
-1.4411399999999999
-1.4404579999999996
-1.441268
-1.4413289999999996
-1.4411399999999999
-1.4404579999999996
-1.441268
-1.4413289999999996
-1.4411399999999999
-1.4404579999999996
-1.441268
-1.4413289999999996
-1.4411399999999999
-1.4404579999999996
-1.441268
-1.4413289999999996
-1.4411399999999999
-1.4404579999999996
-1.441268
-1.4413289999999996
-1.4411399999999999
-1.4404579999999996
-1.441268
-1.4413289999999996
-1.4411399999999999
-1.4404579999999996
-1.441268
-1.4413289999999996
-1.4411399999999999
-1.4404579999999996
-1.441268
-1.4413289999999996
-1.4411399999999999
-1.4404579999999996
-1.441268
-1.4413289999999996
-1.4411399999999999
-1.4404579999999996
-1.441268
-1.4413289999999996
-1.4411399999999999
-1.4404579999999996
-1.441268
-1.4413289999999996
-1.4411399999999999
-1.4404579999999996
-1.441268
-1.4413289999999996
-1.4411399999999999
-1.4404579999999996
-1.441268
-1.4413289999999996
-1.4411399999999999
-1.4404579999999996
-1.441268
-1.4413289999999996
-1.4411399999999999
-1.4404579999999996
-1.441268
-1.4413289999999996
-1.4411399999999999
-1.4404579999999996
-1.441268
-1.4413289999999996
-1.4411399999999999
-1.4404579999999996
-1.441268
-1.4413289999999996
-1.4411399999999999
-1.4404579999999996
-1.441268
-1.4413289999999996
-1.4411399999999999
-1.4404579999999996
-1.441268
-1.4413289999999996
-1.4411399999999999
-1.4404579999999996
-1.441268
