1.3599949999999996
1.3529490000000006
1.3224409999999995
1.4019189999999995
1.3599949999999996
1.3529490000000006
1.3224409999999995
1.4019189999999995
1.3599949999999996
1.3529490000000006
1.3224409999999995
1.4019189999999995
1.3599949999999996
1.3529490000000006
1.3224409999999995
1.4019189999999995
1.3599949999999996
1.3529490000000006
1.3224409999999995
1.4019189999999995
1.3599949999999996
1.3529490000000006
1.3224409999999995
1.4019189999999995
1.3599949999999996
1.3529490000000006
1.3224409999999995
1.4019189999999995
1.3599949999999996
1.3529490000000006
1.3224409999999995
1.4019189999999995
1.3599949999999996
1.3529490000000006
1.3224409999999995
1.4019189999999995
1.3599949999999996
1.3529490000000006
1.3224409999999995
1.4019189999999995
1.3599949999999996
1.3529490000000006
1.3224409999999995
1.4019189999999995
1.3599949999999996
1.3529490000000006
1.3224409999999995
1.4019189999999995
1.3599949999999996
1.3529490000000006
1.3224409999999995
1.4019189999999995
1.3599949999999996
1.3529490000000006
1.3224409999999995
1.4019189999999995
1.3599949999999996
1.3529490000000006
1.3224409999999995
1.4019189999999995
1.3599949999999996
1.3529490000000006
1.3224409999999995
1.4019189999999995
1.3599949999999996
1.3529490000000006
1.3224409999999995
1.4019189999999995
1.3599949999999996
1.3529490000000006
1.3224409999999995
1.4019189999999995
1.3599949999999996
1.3529490000000006
1.3224409999999995
1.4019189999999995
1.3599949999999996
1.3529490000000006
1.3224409999999995
1.4019189999999995
1.3599949999999996
1.3529490000000006
1.3224409999999995
1.4019189999999995
1.3599949999999996
1.3529490000000006
1.3224409999999995
1.4019189999999995
1.3599949999999996
1.3529490000000006
1.3224409999999995
1.4019189999999995
1.3599949999999996
1.3529490000000006
1.3224409999999995
1.4019189999999995
1.3599949999999996
1.3529490000000006
1.3224409999999995
1.4019189999999995
1.3599949999999996
1.3529490000000006
1.3224409999999995
1.4019189999999995
1.3599949999999996
1.3529490000000006
1.3224409999999995
1.4019189999999995
1.3599949999999996
1.3529490000000006
1.3224409999999995
1.4019189999999995
1.3599949999999996
1.3529490000000006
1.3224409999999995
1.4019189999999995
1.3599949999999996
1.3529490000000006
1.3224409999999995
1.4019189999999995
1.3599949999999996
1.3529490000000006
1.3224409999999995
1.4019189999999995
1.3599949999999996
1.3529490000000006
1.3224409999999995
1.4019189999999995
1.3599949999999996
1.3529490000000006
1.3224409999999995
1.4019189999999995
1.3599949999999996
1.3529490000000006
1.3224409999999995
1.4019189999999995
1.3599949999999996
1.3529490000000006
1.3224409999999995
1.4019189999999995
1.3599949999999996
1.3529490000000006
1.3224409999999995
1.4019189999999995
1.3599949999999996
1.3529490000000006
1.3224409999999995
1.4019189999999995
1.3599949999999996
1.3529490000000006
1.3224409999999995
1.4019189999999995
1.3599949999999996
1.3529490000000006
1.3224409999999995
1.4019189999999995
1.3599949999999996
1.3529490000000006
1.3224409999999995
1.4019189999999995
1.3599949999999996
1.3529490000000006
1.3224409999999995
1.4019189999999995
1.3599949999999996
1.3529490000000006
1.3224409999999995
1.4019189999999995
1.3599949999999996
1.3529490000000006
1.3224409999999995
1.4019189999999995
1.3599949999999996
1.3529490000000006
1.3224409999999995
1.4019189999999995
1.3599949999999996
1.3529490000000006
1.3224409999999995
1.4019189999999995
1.3599949999999996
1.3529490000000006
1.3224409999999995
1.4019189999999995
1.3599949999999996
1.3529490000000006
1.3224409999999995
1.4019189999999995
1.3599949999999996
1.3529490000000006
1.3224409999999995
1.4019189999999995
-1.3268310000000003
-1.3613369999999998
-1.3669539999999998
-1.382186
-1.3268310000000003
-1.3613369999999998
-1.3669539999999998
-1.382186
-1.3268310000000003
-1.3613369999999998
-1.3669539999999998
-1.382186
-1.3268310000000003
-1.3613369999999998
-1.3669539999999998
-1.382186
-1.3268310000000003
-1.3613369999999998
-1.3669539999999998
-1.382186
-1.3268310000000003
-1.3613369999999998
-1.3669539999999998
-1.382186
-1.3268310000000003
-1.3613369999999998
-1.3669539999999998
-1.382186
-1.3268310000000003
-1.3613369999999998
-1.3669539999999998
-1.382186
-1.3268310000000003
-1.3613369999999998
-1.3669539999999998
-1.382186
-1.3268310000000003
-1.3613369999999998
-1.3669539999999998
-1.382186
-1.3268310000000003
-1.3613369999999998
-1.3669539999999998
-1.382186
-1.3268310000000003
-1.3613369999999998
-1.3669539999999998
-1.382186
-1.3268310000000003
-1.3613369999999998
-1.3669539999999998
-1.382186
-1.3268310000000003
-1.3613369999999998
-1.3669539999999998
-1.382186
-1.3268310000000003
-1.3613369999999998
-1.3669539999999998
-1.382186
-1.3268310000000003
-1.3613369999999998
-1.3669539999999998
-1.382186
-1.3268310000000003
-1.3613369999999998
-1.3669539999999998
-1.382186
-1.3268310000000003
-1.3613369999999998
-1.3669539999999998
-1.382186
-1.3268310000000003
-1.3613369999999998
-1.3669539999999998
-1.382186
-1.3268310000000003
-1.3613369999999998
-1.3669539999999998
-1.382186
-1.3268310000000003
-1.3613369999999998
-1.3669539999999998
-1.382186
-1.3268310000000003
-1.3613369999999998
-1.3669539999999998
-1.382186
-1.3268310000000003
-1.3613369999999998
-1.3669539999999998
-1.382186
-1.3268310000000003
-1.3613369999999998
-1.3669539999999998
-1.382186
-1.3268310000000003
-1.3613369999999998
-1.3669539999999998
-1.382186
-1.3268310000000003
-1.3613369999999998
-1.3669539999999998
-1.382186
-1.3268310000000003
-1.3613369999999998
-1.3669539999999998
-1.382186
-1.3268310000000003
-1.3613369999999998
-1.3669539999999998
-1.382186
-1.3268310000000003
-1.3613369999999998
-1.3669539999999998
-1.382186
-1.3268310000000003
-1.3613369999999998
-1.3669539999999998
-1.382186
-1.3268310000000003
-1.3613369999999998
-1.3669539999999998
-1.382186
-1.3268310000000003
-1.3613369999999998
-1.3669539999999998
-1.382186
-1.3268310000000003
-1.3613369999999998
-1.3669539999999998
-1.382186
-1.3268310000000003
-1.3613369999999998
-1.3669539999999998
-1.382186
-1.3268310000000003
-1.3613369999999998
-1.3669539999999998
-1.382186
-1.3268310000000003
-1.3613369999999998
-1.3669539999999998
-1.382186
-1.3268310000000003
-1.3613369999999998
-1.3669539999999998
-1.382186
-1.3268310000000003
-1.3613369999999998
-1.3669539999999998
-1.382186
-1.3268310000000003
-1.3613369999999998
-1.3669539999999998
-1.382186
-1.3268310000000003
-1.3613369999999998
-1.3669539999999998
-1.382186
-1.3268310000000003
-1.3613369999999998
-1.3669539999999998
-1.382186
-1.3268310000000003
-1.3613369999999998
-1.3669539999999998
-1.382186
-1.3268310000000003
-1.3613369999999998
-1.3669539999999998
-1.382186
-1.3268310000000003
-1.3613369999999998
-1.3669539999999998
-1.382186
-1.3268310000000003
-1.3613369999999998
-1.3669539999999998
-1.382186
-1.3268310000000003
-1.3613369999999998
-1.3669539999999998
-1.382186
-1.3268310000000003
-1.3613369999999998
-1.3669539999999998
-1.382186
-1.3268310000000003
-1.3613369999999998
-1.3669539999999998
-1.382186
