1.4491779999999999
1.447571
1.4496959999999994
1.4472120000000004
1.4491779999999999
1.447571
1.4496959999999994
1.4472120000000004
1.4491779999999999
1.447571
1.4496959999999994
1.4472120000000004
1.4491779999999999
1.447571
1.4496959999999994
1.4472120000000004
1.4491779999999999
1.447571
1.4496959999999994
1.4472120000000004
1.4491779999999999
1.447571
1.4496959999999994
1.4472120000000004
1.4491779999999999
1.447571
1.4496959999999994
1.4472120000000004
1.4491779999999999
1.447571
1.4496959999999994
1.4472120000000004
1.4491779999999999
1.447571
1.4496959999999994
1.4472120000000004
1.4491779999999999
1.447571
1.4496959999999994
1.4472120000000004
1.4491779999999999
1.447571
1.4496959999999994
1.4472120000000004
1.4491779999999999
1.447571
1.4496959999999994
1.4472120000000004
1.4491779999999999
1.447571
1.4496959999999994
1.4472120000000004
1.4491779999999999
1.447571
1.4496959999999994
1.4472120000000004
1.4491779999999999
1.447571
1.4496959999999994
1.4472120000000004
1.4491779999999999
1.447571
1.4496959999999994
1.4472120000000004
1.4491779999999999
1.447571
1.4496959999999994
1.4472120000000004
1.4491779999999999
1.447571
1.4496959999999994
1.4472120000000004
1.4491779999999999
1.447571
1.4496959999999994
1.4472120000000004
1.4491779999999999
1.447571
1.4496959999999994
1.4472120000000004
1.4491779999999999
1.447571
1.4496959999999994
1.4472120000000004
1.4491779999999999
1.447571
1.4496959999999994
1.4472120000000004
1.4491779999999999
1.447571
1.4496959999999994
1.4472120000000004
1.4491779999999999
1.447571
1.4496959999999994
1.4472120000000004
1.4491779999999999
1.447571
1.4496959999999994
1.4472120000000004
1.4491779999999999
1.447571
1.4496959999999994
1.4472120000000004
1.4491779999999999
1.447571
1.4496959999999994
1.4472120000000004
-1.4490379999999998
-1.4474109999999998
-1.4490860000000003
-1.4481210000000004
-1.4490379999999998
-1.4474109999999998
-1.4490860000000003
-1.4481210000000004
-1.4490379999999998
-1.4474109999999998
-1.4490860000000003
-1.4481210000000004
-1.4490379999999998
-1.4474109999999998
-1.4490860000000003
-1.4481210000000004
-1.4490379999999998
-1.4474109999999998
-1.4490860000000003
-1.4481210000000004
-1.4490379999999998
-1.4474109999999998
-1.4490860000000003
-1.4481210000000004
-1.4490379999999998
-1.4474109999999998
-1.4490860000000003
-1.4481210000000004
-1.4490379999999998
-1.4474109999999998
-1.4490860000000003
-1.4481210000000004
-1.4490379999999998
-1.4474109999999998
-1.4490860000000003
-1.4481210000000004
-1.4490379999999998
-1.4474109999999998
-1.4490860000000003
-1.4481210000000004
-1.4490379999999998
-1.4474109999999998
-1.4490860000000003
-1.4481210000000004
-1.4490379999999998
-1.4474109999999998
-1.4490860000000003
-1.4481210000000004
-1.4490379999999998
-1.4474109999999998
-1.4490860000000003
-1.4481210000000004
-1.4490379999999998
-1.4474109999999998
-1.4490860000000003
-1.4481210000000004
-1.4490379999999998
-1.4474109999999998
-1.4490860000000003
-1.4481210000000004
-1.4490379999999998
-1.4474109999999998
-1.4490860000000003
-1.4481210000000004
-1.4490379999999998
-1.4474109999999998
-1.4490860000000003
-1.4481210000000004
-1.4490379999999998
-1.4474109999999998
-1.4490860000000003
-1.4481210000000004
-1.4490379999999998
-1.4474109999999998
-1.4490860000000003
-1.4481210000000004
-1.4490379999999998
-1.4474109999999998
-1.4490860000000003
-1.4481210000000004
-1.4490379999999998
-1.4474109999999998
-1.4490860000000003
-1.4481210000000004
-1.4490379999999998
-1.4474109999999998
-1.4490860000000003
-1.4481210000000004
-1.4490379999999998
-1.4474109999999998
-1.4490860000000003
-1.4481210000000004
-1.4490379999999998
-1.4474109999999998
-1.4490860000000003
-1.4481210000000004
-1.4490379999999998
-1.4474109999999998
-1.4490860000000003
-1.4481210000000004
-1.4490379999999998
-1.4474109999999998
-1.4490860000000003
-1.4481210000000004
-1.4490379999999998
-1.4474109999999998
-1.4490860000000003
-1.4481210000000004
