1.3985190000000003
1.3986610000000006
1.3985190000000003
1.3986610000000006
1.3985190000000003
1.3986610000000006
1.3985190000000003
1.3986610000000006
1.3985190000000003
1.3986610000000006
1.3985190000000003
1.3986610000000006
1.3985190000000003
1.3986610000000006
1.3985190000000003
1.3986610000000006
1.3985190000000003
1.3986610000000006
1.3985190000000003
1.3986610000000006
1.3985190000000003
1.3986610000000006
1.3985190000000003
1.3986610000000006
1.3985190000000003
1.3986610000000006
1.3985190000000003
1.3986610000000006
1.3985190000000003
1.3986610000000006
1.3985190000000003
1.3986610000000006
1.3985190000000003
1.3986610000000006
1.3985190000000003
1.3986610000000006
1.3985190000000003
1.3986610000000006
1.3985190000000003
1.3986610000000006
1.3985190000000003
1.3986610000000006
1.3985190000000003
1.3986610000000006
1.3985190000000003
1.3986610000000006
1.3985190000000003
1.3986610000000006
1.3985190000000003
1.3986610000000006
1.3985190000000003
1.3986610000000006
1.3985190000000003
1.3986610000000006
1.3985190000000003
1.3986610000000006
1.3985190000000003
1.3986610000000006
1.3985190000000003
1.3986610000000006
1.3985190000000003
1.3986610000000006
1.3985190000000003
1.3986610000000006
1.3985190000000003
1.3986610000000006
1.3985190000000003
1.3986610000000006
1.3985190000000003
1.3986610000000006
1.3985190000000003
1.3986610000000006
1.3985190000000003
1.3986610000000006
1.3985190000000003
1.3986610000000006
1.3985190000000003
1.3986610000000006
1.3985190000000003
1.3986610000000006
1.3985190000000003
1.3986610000000006
1.3985190000000003
1.3986610000000006
1.3985190000000003
1.3986610000000006
1.3985190000000003
1.3986610000000006
1.3985190000000003
1.3986610000000006
1.3985190000000003
1.3986610000000006
1.3985190000000003
1.3986610000000006
1.3985190000000003
1.3986610000000006
-1.398829
-1.398351
-1.398829
-1.398351
-1.398829
-1.398351
-1.398829
-1.398351
-1.398829
-1.398351
-1.398829
-1.398351
-1.398829
-1.398351
-1.398829
-1.398351
-1.398829
-1.398351
-1.398829
-1.398351
-1.398829
-1.398351
-1.398829
-1.398351
-1.398829
-1.398351
-1.398829
-1.398351
-1.398829
-1.398351
-1.398829
-1.398351
-1.398829
-1.398351
-1.398829
-1.398351
-1.398829
-1.398351
-1.398829
-1.398351
-1.398829
-1.398351
-1.398829
-1.398351
-1.398829
-1.398351
-1.398829
-1.398351
-1.398829
-1.398351
-1.398829
-1.398351
-1.398829
-1.398351
-1.398829
-1.398351
-1.398829
-1.398351
-1.398829
-1.398351
-1.398829
-1.398351
-1.398829
-1.398351
-1.398829
-1.398351
-1.398829
-1.398351
-1.398829
-1.398351
-1.398829
-1.398351
-1.398829
-1.398351
-1.398829
-1.398351
-1.398829
-1.398351
-1.398829
-1.398351
-1.398829
-1.398351
-1.398829
-1.398351
-1.398829
-1.398351
-1.398829
-1.398351
-1.398829
-1.398351
-1.398829
-1.398351
-1.398829
-1.398351
-1.398829
-1.398351
