1.3187239999999996
1.3272110000000001
1.3187239999999996
1.3272110000000001
1.3187239999999996
1.3272110000000001
1.3187239999999996
1.3272110000000001
1.3187239999999996
1.3272110000000001
1.3187239999999996
1.3272110000000001
1.3187239999999996
1.3272110000000001
1.3187239999999996
1.3272110000000001
1.3187239999999996
1.3272110000000001
1.3187239999999996
1.3272110000000001
1.3187239999999996
1.3272110000000001
1.3187239999999996
1.3272110000000001
1.3187239999999996
1.3272110000000001
1.3187239999999996
1.3272110000000001
1.3187239999999996
1.3272110000000001
1.3187239999999996
1.3272110000000001
1.3187239999999996
1.3272110000000001
1.3187239999999996
1.3272110000000001
1.3187239999999996
1.3272110000000001
1.3187239999999996
1.3272110000000001
1.3187239999999996
1.3272110000000001
1.3187239999999996
1.3272110000000001
1.3187239999999996
1.3272110000000001
1.3187239999999996
1.3272110000000001
1.3187239999999996
1.3272110000000001
1.3187239999999996
1.3272110000000001
1.3187239999999996
1.3272110000000001
1.3187239999999996
1.3272110000000001
1.3187239999999996
1.3272110000000001
1.3187239999999996
1.3272110000000001
1.3187239999999996
1.3272110000000001
1.3187239999999996
1.3272110000000001
1.3187239999999996
1.3272110000000001
1.3187239999999996
1.3272110000000001
1.3187239999999996
1.3272110000000001
1.3187239999999996
1.3272110000000001
1.3187239999999996
1.3272110000000001
1.3187239999999996
1.3272110000000001
1.3187239999999996
1.3272110000000001
1.3187239999999996
1.3272110000000001
1.3187239999999996
1.3272110000000001
1.3187239999999996
1.3272110000000001
1.3187239999999996
1.3272110000000001
1.3187239999999996
1.3272110000000001
1.3187239999999996
1.3272110000000001
1.3187239999999996
1.3272110000000001
1.3187239999999996
1.3272110000000001
1.3187239999999996
1.3272110000000001
1.3187239999999996
1.3272110000000001
1.3187239999999996
1.3272110000000001
1.3187239999999996
1.3272110000000001
1.3187239999999996
1.3272110000000001
1.3187239999999996
1.3272110000000001
1.3187239999999996
1.3272110000000001
1.3187239999999996
1.3272110000000001
1.3187239999999996
1.3272110000000001
1.3187239999999996
1.3272110000000001
1.3187239999999996
1.3272110000000001
1.3187239999999996
1.3272110000000001
1.3187239999999996
1.3272110000000001
-1.3228809999999998
-1.323055
-1.3228809999999998
-1.323055
-1.3228809999999998
-1.323055
-1.3228809999999998
-1.323055
-1.3228809999999998
-1.323055
-1.3228809999999998
-1.323055
-1.3228809999999998
-1.323055
-1.3228809999999998
-1.323055
-1.3228809999999998
-1.323055
-1.3228809999999998
-1.323055
-1.3228809999999998
-1.323055
-1.3228809999999998
-1.323055
-1.3228809999999998
-1.323055
-1.3228809999999998
-1.323055
-1.3228809999999998
-1.323055
-1.3228809999999998
-1.323055
-1.3228809999999998
-1.323055
-1.3228809999999998
-1.323055
-1.3228809999999998
-1.323055
-1.3228809999999998
-1.323055
-1.3228809999999998
-1.323055
-1.3228809999999998
-1.323055
-1.3228809999999998
-1.323055
-1.3228809999999998
-1.323055
-1.3228809999999998
-1.323055
-1.3228809999999998
-1.323055
-1.3228809999999998
-1.323055
-1.3228809999999998
-1.323055
-1.3228809999999998
-1.323055
-1.3228809999999998
-1.323055
-1.3228809999999998
-1.323055
-1.3228809999999998
-1.323055
-1.3228809999999998
-1.323055
-1.3228809999999998
-1.323055
-1.3228809999999998
-1.323055
-1.3228809999999998
-1.323055
-1.3228809999999998
-1.323055
-1.3228809999999998
-1.323055
-1.3228809999999998
-1.323055
-1.3228809999999998
-1.323055
-1.3228809999999998
-1.323055
-1.3228809999999998
-1.323055
-1.3228809999999998
-1.323055
-1.3228809999999998
-1.323055
-1.3228809999999998
-1.323055
-1.3228809999999998
-1.323055
-1.3228809999999998
-1.323055
-1.3228809999999998
-1.323055
-1.3228809999999998
-1.323055
-1.3228809999999998
-1.323055
-1.3228809999999998
-1.323055
-1.3228809999999998
-1.323055
-1.3228809999999998
-1.323055
-1.3228809999999998
-1.323055
-1.3228809999999998
-1.323055
-1.3228809999999998
-1.323055
-1.3228809999999998
-1.323055
-1.3228809999999998
-1.323055
-1.3228809999999998
-1.323055
-1.3228809999999998
-1.323055
