1.4437999999999995
1.4435559999999992
1.4438490000000002
1.4439580000000003
1.4437999999999995
1.4435559999999992
1.4438490000000002
1.4439580000000003
1.4437999999999995
1.4435559999999992
1.4438490000000002
1.4439580000000003
1.4437999999999995
1.4435559999999992
1.4438490000000002
1.4439580000000003
1.4437999999999995
1.4435559999999992
1.4438490000000002
1.4439580000000003
1.4437999999999995
1.4435559999999992
1.4438490000000002
1.4439580000000003
1.4437999999999995
1.4435559999999992
1.4438490000000002
1.4439580000000003
1.4437999999999995
1.4435559999999992
1.4438490000000002
1.4439580000000003
1.4437999999999995
1.4435559999999992
1.4438490000000002
1.4439580000000003
1.4437999999999995
1.4435559999999992
1.4438490000000002
1.4439580000000003
1.4437999999999995
1.4435559999999992
1.4438490000000002
1.4439580000000003
1.4437999999999995
1.4435559999999992
1.4438490000000002
1.4439580000000003
1.4437999999999995
1.4435559999999992
1.4438490000000002
1.4439580000000003
1.4437999999999995
1.4435559999999992
1.4438490000000002
1.4439580000000003
1.4437999999999995
1.4435559999999992
1.4438490000000002
1.4439580000000003
1.4437999999999995
1.4435559999999992
1.4438490000000002
1.4439580000000003
1.4437999999999995
1.4435559999999992
1.4438490000000002
1.4439580000000003
1.4437999999999995
1.4435559999999992
1.4438490000000002
1.4439580000000003
1.4437999999999995
1.4435559999999992
1.4438490000000002
1.4439580000000003
1.4437999999999995
1.4435559999999992
1.4438490000000002
1.4439580000000003
1.4437999999999995
1.4435559999999992
1.4438490000000002
1.4439580000000003
1.4437999999999995
1.4435559999999992
1.4438490000000002
1.4439580000000003
1.4437999999999995
1.4435559999999992
1.4438490000000002
1.4439580000000003
1.4437999999999995
1.4435559999999992
1.4438490000000002
1.4439580000000003
1.4437999999999995
1.4435559999999992
1.4438490000000002
1.4439580000000003
1.4437999999999995
1.4435559999999992
1.4438490000000002
1.4439580000000003
1.4437999999999995
1.4435559999999992
1.4438490000000002
1.4439580000000003
-1.443784
-1.4439019999999996
-1.4437239999999996
-1.4437499999999996
-1.443784
-1.4439019999999996
-1.4437239999999996
-1.4437499999999996
-1.443784
-1.4439019999999996
-1.4437239999999996
-1.4437499999999996
-1.443784
-1.4439019999999996
-1.4437239999999996
-1.4437499999999996
-1.443784
-1.4439019999999996
-1.4437239999999996
-1.4437499999999996
-1.443784
-1.4439019999999996
-1.4437239999999996
-1.4437499999999996
-1.443784
-1.4439019999999996
-1.4437239999999996
-1.4437499999999996
-1.443784
-1.4439019999999996
-1.4437239999999996
-1.4437499999999996
-1.443784
-1.4439019999999996
-1.4437239999999996
-1.4437499999999996
-1.443784
-1.4439019999999996
-1.4437239999999996
-1.4437499999999996
-1.443784
-1.4439019999999996
-1.4437239999999996
-1.4437499999999996
-1.443784
-1.4439019999999996
-1.4437239999999996
-1.4437499999999996
-1.443784
-1.4439019999999996
-1.4437239999999996
-1.4437499999999996
-1.443784
-1.4439019999999996
-1.4437239999999996
-1.4437499999999996
-1.443784
-1.4439019999999996
-1.4437239999999996
-1.4437499999999996
-1.443784
-1.4439019999999996
-1.4437239999999996
-1.4437499999999996
-1.443784
-1.4439019999999996
-1.4437239999999996
-1.4437499999999996
-1.443784
-1.4439019999999996
-1.4437239999999996
-1.4437499999999996
-1.443784
-1.4439019999999996
-1.4437239999999996
-1.4437499999999996
-1.443784
-1.4439019999999996
-1.4437239999999996
-1.4437499999999996
-1.443784
-1.4439019999999996
-1.4437239999999996
-1.4437499999999996
-1.443784
-1.4439019999999996
-1.4437239999999996
-1.4437499999999996
-1.443784
-1.4439019999999996
-1.4437239999999996
-1.4437499999999996
-1.443784
-1.4439019999999996
-1.4437239999999996
-1.4437499999999996
-1.443784
-1.4439019999999996
-1.4437239999999996
-1.4437499999999996
-1.443784
-1.4439019999999996
-1.4437239999999996
-1.4437499999999996
-1.443784
-1.4439019999999996
-1.4437239999999996
-1.4437499999999996
