1.441433
1.4421800000000005
1.4413350000000005
1.4416209999999996
1.441433
1.4421800000000005
1.4413350000000005
1.4416209999999996
1.441433
1.4421800000000005
1.4413350000000005
1.4416209999999996
1.441433
1.4421800000000005
1.4413350000000005
1.4416209999999996
1.441433
1.4421800000000005
1.4413350000000005
1.4416209999999996
1.441433
1.4421800000000005
1.4413350000000005
1.4416209999999996
1.441433
1.4421800000000005
1.4413350000000005
1.4416209999999996
1.441433
1.4421800000000005
1.4413350000000005
1.4416209999999996
1.441433
1.4421800000000005
1.4413350000000005
1.4416209999999996
1.441433
1.4421800000000005
1.4413350000000005
1.4416209999999996
1.441433
1.4421800000000005
1.4413350000000005
1.4416209999999996
1.441433
1.4421800000000005
1.4413350000000005
1.4416209999999996
1.441433
1.4421800000000005
1.4413350000000005
1.4416209999999996
1.441433
1.4421800000000005
1.4413350000000005
1.4416209999999996
1.441433
1.4421800000000005
1.4413350000000005
1.4416209999999996
1.441433
1.4421800000000005
1.4413350000000005
1.4416209999999996
1.441433
1.4421800000000005
1.4413350000000005
1.4416209999999996
1.441433
1.4421800000000005
1.4413350000000005
1.4416209999999996
1.441433
1.4421800000000005
1.4413350000000005
1.4416209999999996
1.441433
1.4421800000000005
1.4413350000000005
1.4416209999999996
1.441433
1.4421800000000005
1.4413350000000005
1.4416209999999996
1.441433
1.4421800000000005
1.4413350000000005
1.4416209999999996
1.441433
1.4421800000000005
1.4413350000000005
1.4416209999999996
1.441433
1.4421800000000005
1.4413350000000005
1.4416209999999996
1.441433
1.4421800000000005
1.4413350000000005
1.4416209999999996
1.441433
1.4421800000000005
1.4413350000000005
1.4416209999999996
1.441433
1.4421800000000005
1.4413350000000005
1.4416209999999996
-1.4410030000000003
-1.442297
-1.4416010000000004
-1.4416659999999997
-1.4410030000000003
-1.442297
-1.4416010000000004
-1.4416659999999997
-1.4410030000000003
-1.442297
-1.4416010000000004
-1.4416659999999997
-1.4410030000000003
-1.442297
-1.4416010000000004
-1.4416659999999997
-1.4410030000000003
-1.442297
-1.4416010000000004
-1.4416659999999997
-1.4410030000000003
-1.442297
-1.4416010000000004
-1.4416659999999997
-1.4410030000000003
-1.442297
-1.4416010000000004
-1.4416659999999997
-1.4410030000000003
-1.442297
-1.4416010000000004
-1.4416659999999997
-1.4410030000000003
-1.442297
-1.4416010000000004
-1.4416659999999997
-1.4410030000000003
-1.442297
-1.4416010000000004
-1.4416659999999997
-1.4410030000000003
-1.442297
-1.4416010000000004
-1.4416659999999997
-1.4410030000000003
-1.442297
-1.4416010000000004
-1.4416659999999997
-1.4410030000000003
-1.442297
-1.4416010000000004
-1.4416659999999997
-1.4410030000000003
-1.442297
-1.4416010000000004
-1.4416659999999997
-1.4410030000000003
-1.442297
-1.4416010000000004
-1.4416659999999997
-1.4410030000000003
-1.442297
-1.4416010000000004
-1.4416659999999997
-1.4410030000000003
-1.442297
-1.4416010000000004
-1.4416659999999997
-1.4410030000000003
-1.442297
-1.4416010000000004
-1.4416659999999997
-1.4410030000000003
-1.442297
-1.4416010000000004
-1.4416659999999997
-1.4410030000000003
-1.442297
-1.4416010000000004
-1.4416659999999997
-1.4410030000000003
-1.442297
-1.4416010000000004
-1.4416659999999997
-1.4410030000000003
-1.442297
-1.4416010000000004
-1.4416659999999997
-1.4410030000000003
-1.442297
-1.4416010000000004
-1.4416659999999997
-1.4410030000000003
-1.442297
-1.4416010000000004
-1.4416659999999997
-1.4410030000000003
-1.442297
-1.4416010000000004
-1.4416659999999997
-1.4410030000000003
-1.442297
-1.4416010000000004
-1.4416659999999997
-1.4410030000000003
-1.442297
-1.4416010000000004
-1.4416659999999997
