1.4394460000000002
1.4419780000000006
1.4407010000000007
1.4414079999999991
1.4394460000000002
1.4419780000000006
1.4407010000000007
1.4414079999999991
1.4394460000000002
1.4419780000000006
1.4407010000000007
1.4414079999999991
1.4394460000000002
1.4419780000000006
1.4407010000000007
1.4414079999999991
1.4394460000000002
1.4419780000000006
1.4407010000000007
1.4414079999999991
1.4394460000000002
1.4419780000000006
1.4407010000000007
1.4414079999999991
1.4394460000000002
1.4419780000000006
1.4407010000000007
1.4414079999999991
1.4394460000000002
1.4419780000000006
1.4407010000000007
1.4414079999999991
1.4394460000000002
1.4419780000000006
1.4407010000000007
1.4414079999999991
1.4394460000000002
1.4419780000000006
1.4407010000000007
1.4414079999999991
1.4394460000000002
1.4419780000000006
1.4407010000000007
1.4414079999999991
1.4394460000000002
1.4419780000000006
1.4407010000000007
1.4414079999999991
1.4394460000000002
1.4419780000000006
1.4407010000000007
1.4414079999999991
1.4394460000000002
1.4419780000000006
1.4407010000000007
1.4414079999999991
1.4394460000000002
1.4419780000000006
1.4407010000000007
1.4414079999999991
1.4394460000000002
1.4419780000000006
1.4407010000000007
1.4414079999999991
1.4394460000000002
1.4419780000000006
1.4407010000000007
1.4414079999999991
1.4394460000000002
1.4419780000000006
1.4407010000000007
1.4414079999999991
1.4394460000000002
1.4419780000000006
1.4407010000000007
1.4414079999999991
1.4394460000000002
1.4419780000000006
1.4407010000000007
1.4414079999999991
1.4394460000000002
1.4419780000000006
1.4407010000000007
1.4414079999999991
1.4394460000000002
1.4419780000000006
1.4407010000000007
1.4414079999999991
1.4394460000000002
1.4419780000000006
1.4407010000000007
1.4414079999999991
1.4394460000000002
1.4419780000000006
1.4407010000000007
1.4414079999999991
1.4394460000000002
1.4419780000000006
1.4407010000000007
1.4414079999999991
1.4394460000000002
1.4419780000000006
1.4407010000000007
1.4414079999999991
1.4394460000000002
1.4419780000000006
1.4407010000000007
1.4414079999999991
-1.4395619999999996
-1.44095
-1.4415750000000003
-1.4414470000000001
-1.4395619999999996
-1.44095
-1.4415750000000003
-1.4414470000000001
-1.4395619999999996
-1.44095
-1.4415750000000003
-1.4414470000000001
-1.4395619999999996
-1.44095
-1.4415750000000003
-1.4414470000000001
-1.4395619999999996
-1.44095
-1.4415750000000003
-1.4414470000000001
-1.4395619999999996
-1.44095
-1.4415750000000003
-1.4414470000000001
-1.4395619999999996
-1.44095
-1.4415750000000003
-1.4414470000000001
-1.4395619999999996
-1.44095
-1.4415750000000003
-1.4414470000000001
-1.4395619999999996
-1.44095
-1.4415750000000003
-1.4414470000000001
-1.4395619999999996
-1.44095
-1.4415750000000003
-1.4414470000000001
-1.4395619999999996
-1.44095
-1.4415750000000003
-1.4414470000000001
-1.4395619999999996
-1.44095
-1.4415750000000003
-1.4414470000000001
-1.4395619999999996
-1.44095
-1.4415750000000003
-1.4414470000000001
-1.4395619999999996
-1.44095
-1.4415750000000003
-1.4414470000000001
-1.4395619999999996
-1.44095
-1.4415750000000003
-1.4414470000000001
-1.4395619999999996
-1.44095
-1.4415750000000003
-1.4414470000000001
-1.4395619999999996
-1.44095
-1.4415750000000003
-1.4414470000000001
-1.4395619999999996
-1.44095
-1.4415750000000003
-1.4414470000000001
-1.4395619999999996
-1.44095
-1.4415750000000003
-1.4414470000000001
-1.4395619999999996
-1.44095
-1.4415750000000003
-1.4414470000000001
-1.4395619999999996
-1.44095
-1.4415750000000003
-1.4414470000000001
-1.4395619999999996
-1.44095
-1.4415750000000003
-1.4414470000000001
-1.4395619999999996
-1.44095
-1.4415750000000003
-1.4414470000000001
-1.4395619999999996
-1.44095
-1.4415750000000003
-1.4414470000000001
-1.4395619999999996
-1.44095
-1.4415750000000003
-1.4414470000000001
-1.4395619999999996
-1.44095
-1.4415750000000003
-1.4414470000000001
-1.4395619999999996
-1.44095
-1.4415750000000003
-1.4414470000000001
