1.3773470000000003
1.4251170000000002
1.3773470000000003
1.4251170000000002
1.3773470000000003
1.4251170000000002
1.3773470000000003
1.4251170000000002
1.3773470000000003
1.4251170000000002
1.3773470000000003
1.4251170000000002
1.3773470000000003
1.4251170000000002
1.3773470000000003
1.4251170000000002
1.3773470000000003
1.4251170000000002
1.3773470000000003
1.4251170000000002
1.3773470000000003
1.4251170000000002
1.3773470000000003
1.4251170000000002
1.3773470000000003
1.4251170000000002
1.3773470000000003
1.4251170000000002
1.3773470000000003
1.4251170000000002
1.3773470000000003
1.4251170000000002
1.3773470000000003
1.4251170000000002
1.3773470000000003
1.4251170000000002
1.3773470000000003
1.4251170000000002
1.3773470000000003
1.4251170000000002
1.3773470000000003
1.4251170000000002
1.3773470000000003
1.4251170000000002
1.3773470000000003
1.4251170000000002
1.3773470000000003
1.4251170000000002
1.3773470000000003
1.4251170000000002
1.3773470000000003
1.4251170000000002
1.3773470000000003
1.4251170000000002
1.3773470000000003
1.4251170000000002
1.3773470000000003
1.4251170000000002
1.3773470000000003
1.4251170000000002
1.3773470000000003
1.4251170000000002
1.3773470000000003
1.4251170000000002
1.3773470000000003
1.4251170000000002
1.3773470000000003
1.4251170000000002
1.3773470000000003
1.4251170000000002
1.3773470000000003
1.4251170000000002
1.3773470000000003
1.4251170000000002
1.3773470000000003
1.4251170000000002
1.3773470000000003
1.4251170000000002
1.3773470000000003
1.4251170000000002
1.3773470000000003
1.4251170000000002
1.3773470000000003
1.4251170000000002
1.3773470000000003
1.4251170000000002
1.3773470000000003
1.4251170000000002
1.3773470000000003
1.4251170000000002
1.3773470000000003
1.4251170000000002
1.3773470000000003
1.4251170000000002
1.3773470000000003
1.4251170000000002
1.3773470000000003
1.4251170000000002
1.3773470000000003
1.4251170000000002
1.3773470000000003
1.4251170000000002
1.3773470000000003
1.4251170000000002
1.3773470000000003
1.4251170000000002
1.3773470000000003
1.4251170000000002
1.3773470000000003
1.4251170000000002
1.3773470000000003
1.4251170000000002
1.3773470000000003
1.4251170000000002
1.3773470000000003
1.4251170000000002
1.3773470000000003
1.4251170000000002
1.3773470000000003
1.4251170000000002
-1.4142099999999997
-1.388255
-1.4142099999999997
-1.388255
-1.4142099999999997
-1.388255
-1.4142099999999997
-1.388255
-1.4142099999999997
-1.388255
-1.4142099999999997
-1.388255
-1.4142099999999997
-1.388255
-1.4142099999999997
-1.388255
-1.4142099999999997
-1.388255
-1.4142099999999997
-1.388255
-1.4142099999999997
-1.388255
-1.4142099999999997
-1.388255
-1.4142099999999997
-1.388255
-1.4142099999999997
-1.388255
-1.4142099999999997
-1.388255
-1.4142099999999997
-1.388255
-1.4142099999999997
-1.388255
-1.4142099999999997
-1.388255
-1.4142099999999997
-1.388255
-1.4142099999999997
-1.388255
-1.4142099999999997
-1.388255
-1.4142099999999997
-1.388255
-1.4142099999999997
-1.388255
-1.4142099999999997
-1.388255
-1.4142099999999997
-1.388255
-1.4142099999999997
-1.388255
-1.4142099999999997
-1.388255
-1.4142099999999997
-1.388255
-1.4142099999999997
-1.388255
-1.4142099999999997
-1.388255
-1.4142099999999997
-1.388255
-1.4142099999999997
-1.388255
-1.4142099999999997
-1.388255
-1.4142099999999997
-1.388255
-1.4142099999999997
-1.388255
-1.4142099999999997
-1.388255
-1.4142099999999997
-1.388255
-1.4142099999999997
-1.388255
-1.4142099999999997
-1.388255
-1.4142099999999997
-1.388255
-1.4142099999999997
-1.388255
-1.4142099999999997
-1.388255
-1.4142099999999997
-1.388255
-1.4142099999999997
-1.388255
-1.4142099999999997
-1.388255
-1.4142099999999997
-1.388255
-1.4142099999999997
-1.388255
-1.4142099999999997
-1.388255
-1.4142099999999997
-1.388255
-1.4142099999999997
-1.388255
-1.4142099999999997
-1.388255
-1.4142099999999997
-1.388255
-1.4142099999999997
-1.388255
-1.4142099999999997
-1.388255
-1.4142099999999997
-1.388255
-1.4142099999999997
-1.388255
-1.4142099999999997
-1.388255
-1.4142099999999997
-1.388255
-1.4142099999999997
-1.388255
-1.4142099999999997
-1.388255
