1.2421100000000003
1.2421100000000003
1.2421100000000003
1.2421100000000003
1.2421100000000003
1.2421100000000003
1.2421100000000003
1.2421100000000003
1.2421100000000003
1.2421100000000003
1.2421100000000003
1.2421100000000003
1.2421100000000003
1.2421100000000003
1.2421100000000003
1.2421100000000003
1.2421100000000003
1.2421100000000003
1.2421100000000003
1.2421100000000003
1.2421100000000003
1.2421100000000003
1.2421100000000003
1.2421100000000003
1.2421100000000003
1.2421100000000003
1.2421100000000003
1.2421100000000003
1.2421100000000003
1.2421100000000003
1.2421100000000003
1.2421100000000003
1.2421100000000003
1.2421100000000003
1.2421100000000003
1.2421100000000003
1.2421100000000003
1.2421100000000003
1.2421100000000003
1.2421100000000003
1.2421100000000003
1.2421100000000003
1.2421100000000003
1.2421100000000003
1.2421100000000003
1.2421100000000003
1.2421100000000003
1.2421100000000003
1.2421100000000003
1.2421100000000003
1.2421100000000003
1.2421100000000003
1.2421100000000003
1.2421100000000003
1.2421100000000003
1.2421100000000003
1.2421100000000003
1.2421100000000003
1.2421100000000003
1.2421100000000003
1.2421100000000003
1.2421100000000003
1.2421100000000003
1.2421100000000003
1.2421100000000003
1.2421100000000003
1.2421100000000003
1.2421100000000003
1.2421100000000003
1.2421100000000003
1.2421100000000003
1.2421100000000003
1.2421100000000003
1.2421100000000003
1.2421100000000003
1.2421100000000003
1.2421100000000003
1.2421100000000003
1.2421100000000003
1.2421100000000003
1.2421100000000003
1.2421100000000003
1.2421100000000003
1.2421100000000003
1.2421100000000003
1.2421100000000003
1.2421100000000003
1.2421100000000003
1.2421100000000003
1.2421100000000003
-1.2421110000000004
-1.2421049999999996
-1.2421110000000004
-1.2421049999999996
-1.2421110000000004
-1.2421049999999996
-1.2421110000000004
-1.2421049999999996
-1.2421110000000004
-1.2421049999999996
-1.2421110000000004
-1.2421049999999996
-1.2421110000000004
-1.2421049999999996
-1.2421110000000004
-1.2421049999999996
-1.2421110000000004
-1.2421049999999996
-1.2421110000000004
-1.2421049999999996
-1.2421110000000004
-1.2421049999999996
-1.2421110000000004
-1.2421049999999996
-1.2421110000000004
-1.2421049999999996
-1.2421110000000004
-1.2421049999999996
-1.2421110000000004
-1.2421049999999996
-1.2421110000000004
-1.2421049999999996
-1.2421110000000004
-1.2421049999999996
-1.2421110000000004
-1.2421049999999996
-1.2421110000000004
-1.2421049999999996
-1.2421110000000004
-1.2421049999999996
-1.2421110000000004
-1.2421049999999996
-1.2421110000000004
-1.2421049999999996
-1.2421110000000004
-1.2421049999999996
-1.2421110000000004
-1.2421049999999996
-1.2421110000000004
-1.2421049999999996
-1.2421110000000004
-1.2421049999999996
-1.2421110000000004
-1.2421049999999996
-1.2421110000000004
-1.2421049999999996
-1.2421110000000004
-1.2421049999999996
-1.2421110000000004
-1.2421049999999996
-1.2421110000000004
-1.2421049999999996
-1.2421110000000004
-1.2421049999999996
-1.2421110000000004
-1.2421049999999996
-1.2421110000000004
-1.2421049999999996
-1.2421110000000004
-1.2421049999999996
-1.2421110000000004
-1.2421049999999996
-1.2421110000000004
-1.2421049999999996
-1.2421110000000004
-1.2421049999999996
-1.2421110000000004
-1.2421049999999996
-1.2421110000000004
-1.2421049999999996
-1.2421110000000004
-1.2421049999999996
-1.2421110000000004
-1.2421049999999996
-1.2421110000000004
-1.2421049999999996
-1.2421110000000004
-1.2421049999999996
-1.2421110000000004
-1.2421049999999996
