1.3632229999999996
1.373716
1.3632229999999996
1.373716
1.3632229999999996
1.373716
1.3632229999999996
1.373716
1.3632229999999996
1.373716
1.3632229999999996
1.373716
1.3632229999999996
1.373716
1.3632229999999996
1.373716
1.3632229999999996
1.373716
1.3632229999999996
1.373716
1.3632229999999996
1.373716
1.3632229999999996
1.373716
1.3632229999999996
1.373716
1.3632229999999996
1.373716
1.3632229999999996
1.373716
1.3632229999999996
1.373716
1.3632229999999996
1.373716
1.3632229999999996
1.373716
1.3632229999999996
1.373716
1.3632229999999996
1.373716
1.3632229999999996
1.373716
1.3632229999999996
1.373716
1.3632229999999996
1.373716
1.3632229999999996
1.373716
1.3632229999999996
1.373716
1.3632229999999996
1.373716
1.3632229999999996
1.373716
1.3632229999999996
1.373716
1.3632229999999996
1.373716
1.3632229999999996
1.373716
1.3632229999999996
1.373716
1.3632229999999996
1.373716
1.3632229999999996
1.373716
1.3632229999999996
1.373716
1.3632229999999996
1.373716
1.3632229999999996
1.373716
1.3632229999999996
1.373716
1.3632229999999996
1.373716
1.3632229999999996
1.373716
1.3632229999999996
1.373716
1.3632229999999996
1.373716
1.3632229999999996
1.373716
1.3632229999999996
1.373716
1.3632229999999996
1.373716
1.3632229999999996
1.373716
1.3632229999999996
1.373716
1.3632229999999996
1.373716
1.3632229999999996
1.373716
1.3632229999999996
1.373716
1.3632229999999996
1.373716
1.3632229999999996
1.373716
1.3632229999999996
1.373716
1.3632229999999996
1.373716
1.3632229999999996
1.373716
1.3632229999999996
1.373716
1.3632229999999996
1.373716
1.3632229999999996
1.373716
1.3632229999999996
1.373716
1.3632229999999996
1.373716
1.3632229999999996
1.373716
-1.371169
-1.3657700000000004
-1.371169
-1.3657700000000004
-1.371169
-1.3657700000000004
-1.371169
-1.3657700000000004
-1.371169
-1.3657700000000004
-1.371169
-1.3657700000000004
-1.371169
-1.3657700000000004
-1.371169
-1.3657700000000004
-1.371169
-1.3657700000000004
-1.371169
-1.3657700000000004
-1.371169
-1.3657700000000004
-1.371169
-1.3657700000000004
-1.371169
-1.3657700000000004
-1.371169
-1.3657700000000004
-1.371169
-1.3657700000000004
-1.371169
-1.3657700000000004
-1.371169
-1.3657700000000004
-1.371169
-1.3657700000000004
-1.371169
-1.3657700000000004
-1.371169
-1.3657700000000004
-1.371169
-1.3657700000000004
-1.371169
-1.3657700000000004
-1.371169
-1.3657700000000004
-1.371169
-1.3657700000000004
-1.371169
-1.3657700000000004
-1.371169
-1.3657700000000004
-1.371169
-1.3657700000000004
-1.371169
-1.3657700000000004
-1.371169
-1.3657700000000004
-1.371169
-1.3657700000000004
-1.371169
-1.3657700000000004
-1.371169
-1.3657700000000004
-1.371169
-1.3657700000000004
-1.371169
-1.3657700000000004
-1.371169
-1.3657700000000004
-1.371169
-1.3657700000000004
-1.371169
-1.3657700000000004
-1.371169
-1.3657700000000004
-1.371169
-1.3657700000000004
-1.371169
-1.3657700000000004
-1.371169
-1.3657700000000004
-1.371169
-1.3657700000000004
-1.371169
-1.3657700000000004
-1.371169
-1.3657700000000004
-1.371169
-1.3657700000000004
-1.371169
-1.3657700000000004
-1.371169
-1.3657700000000004
-1.371169
-1.3657700000000004
-1.371169
-1.3657700000000004
-1.371169
-1.3657700000000004
-1.371169
-1.3657700000000004
-1.371169
-1.3657700000000004
-1.371169
-1.3657700000000004
-1.371169
-1.3657700000000004
-1.371169
-1.3657700000000004
-1.371169
-1.3657700000000004
-1.371169
-1.3657700000000004
-1.371169
-1.3657700000000004
-1.371169
-1.3657700000000004
-1.371169
-1.3657700000000004
