1.3288890000000002
1.3473679999999995
1.3288890000000002
1.3473679999999995
1.3288890000000002
1.3473679999999995
1.3288890000000002
1.3473679999999995
1.3288890000000002
1.3473679999999995
1.3288890000000002
1.3473679999999995
1.3288890000000002
1.3473679999999995
1.3288890000000002
1.3473679999999995
1.3288890000000002
1.3473679999999995
1.3288890000000002
1.3473679999999995
1.3288890000000002
1.3473679999999995
1.3288890000000002
1.3473679999999995
1.3288890000000002
1.3473679999999995
1.3288890000000002
1.3473679999999995
1.3288890000000002
1.3473679999999995
1.3288890000000002
1.3473679999999995
1.3288890000000002
1.3473679999999995
1.3288890000000002
1.3473679999999995
1.3288890000000002
1.3473679999999995
1.3288890000000002
1.3473679999999995
1.3288890000000002
1.3473679999999995
1.3288890000000002
1.3473679999999995
1.3288890000000002
1.3473679999999995
1.3288890000000002
1.3473679999999995
1.3288890000000002
1.3473679999999995
1.3288890000000002
1.3473679999999995
1.3288890000000002
1.3473679999999995
1.3288890000000002
1.3473679999999995
1.3288890000000002
1.3473679999999995
1.3288890000000002
1.3473679999999995
1.3288890000000002
1.3473679999999995
1.3288890000000002
1.3473679999999995
1.3288890000000002
1.3473679999999995
1.3288890000000002
1.3473679999999995
1.3288890000000002
1.3473679999999995
1.3288890000000002
1.3473679999999995
1.3288890000000002
1.3473679999999995
1.3288890000000002
1.3473679999999995
1.3288890000000002
1.3473679999999995
1.3288890000000002
1.3473679999999995
1.3288890000000002
1.3473679999999995
1.3288890000000002
1.3473679999999995
1.3288890000000002
1.3473679999999995
1.3288890000000002
1.3473679999999995
1.3288890000000002
1.3473679999999995
1.3288890000000002
1.3473679999999995
1.3288890000000002
1.3473679999999995
1.3288890000000002
1.3473679999999995
1.3288890000000002
1.3473679999999995
1.3288890000000002
1.3473679999999995
1.3288890000000002
1.3473679999999995
1.3288890000000002
1.3473679999999995
1.3288890000000002
1.3473679999999995
1.3288890000000002
1.3473679999999995
1.3288890000000002
1.3473679999999995
1.3288890000000002
1.3473679999999995
1.3288890000000002
1.3473679999999995
1.3288890000000002
1.3473679999999995
1.3288890000000002
1.3473679999999995
1.3288890000000002
1.3473679999999995
-1.3428190000000004
-1.3334390000000003
-1.3428190000000004
-1.3334390000000003
-1.3428190000000004
-1.3334390000000003
-1.3428190000000004
-1.3334390000000003
-1.3428190000000004
-1.3334390000000003
-1.3428190000000004
-1.3334390000000003
-1.3428190000000004
-1.3334390000000003
-1.3428190000000004
-1.3334390000000003
-1.3428190000000004
-1.3334390000000003
-1.3428190000000004
-1.3334390000000003
-1.3428190000000004
-1.3334390000000003
-1.3428190000000004
-1.3334390000000003
-1.3428190000000004
-1.3334390000000003
-1.3428190000000004
-1.3334390000000003
-1.3428190000000004
-1.3334390000000003
-1.3428190000000004
-1.3334390000000003
-1.3428190000000004
-1.3334390000000003
-1.3428190000000004
-1.3334390000000003
-1.3428190000000004
-1.3334390000000003
-1.3428190000000004
-1.3334390000000003
-1.3428190000000004
-1.3334390000000003
-1.3428190000000004
-1.3334390000000003
-1.3428190000000004
-1.3334390000000003
-1.3428190000000004
-1.3334390000000003
-1.3428190000000004
-1.3334390000000003
-1.3428190000000004
-1.3334390000000003
-1.3428190000000004
-1.3334390000000003
-1.3428190000000004
-1.3334390000000003
-1.3428190000000004
-1.3334390000000003
-1.3428190000000004
-1.3334390000000003
-1.3428190000000004
-1.3334390000000003
-1.3428190000000004
-1.3334390000000003
-1.3428190000000004
-1.3334390000000003
-1.3428190000000004
-1.3334390000000003
-1.3428190000000004
-1.3334390000000003
-1.3428190000000004
-1.3334390000000003
-1.3428190000000004
-1.3334390000000003
-1.3428190000000004
-1.3334390000000003
-1.3428190000000004
-1.3334390000000003
-1.3428190000000004
-1.3334390000000003
-1.3428190000000004
-1.3334390000000003
-1.3428190000000004
-1.3334390000000003
-1.3428190000000004
-1.3334390000000003
-1.3428190000000004
-1.3334390000000003
-1.3428190000000004
-1.3334390000000003
-1.3428190000000004
-1.3334390000000003
-1.3428190000000004
-1.3334390000000003
-1.3428190000000004
-1.3334390000000003
-1.3428190000000004
-1.3334390000000003
-1.3428190000000004
-1.3334390000000003
-1.3428190000000004
-1.3334390000000003
-1.3428190000000004
-1.3334390000000003
-1.3428190000000004
-1.3334390000000003
-1.3428190000000004
-1.3334390000000003
-1.3428190000000004
-1.3334390000000003
-1.3428190000000004
-1.3334390000000003
-1.3428190000000004
-1.3334390000000003
-1.3428190000000004
-1.3334390000000003
-1.3428190000000004
-1.3334390000000003
-1.3428190000000004
-1.3334390000000003
