1.4479310000000005
1.4484829999999995
1.4486810000000006
1.448181
1.4479310000000005
1.4484829999999995
1.4486810000000006
1.448181
1.4479310000000005
1.4484829999999995
1.4486810000000006
1.448181
1.4479310000000005
1.4484829999999995
1.4486810000000006
1.448181
1.4479310000000005
1.4484829999999995
1.4486810000000006
1.448181
1.4479310000000005
1.4484829999999995
1.4486810000000006
1.448181
1.4479310000000005
1.4484829999999995
1.4486810000000006
1.448181
1.4479310000000005
1.4484829999999995
1.4486810000000006
1.448181
1.4479310000000005
1.4484829999999995
1.4486810000000006
1.448181
1.4479310000000005
1.4484829999999995
1.4486810000000006
1.448181
1.4479310000000005
1.4484829999999995
1.4486810000000006
1.448181
1.4479310000000005
1.4484829999999995
1.4486810000000006
1.448181
1.4479310000000005
1.4484829999999995
1.4486810000000006
1.448181
1.4479310000000005
1.4484829999999995
1.4486810000000006
1.448181
1.4479310000000005
1.4484829999999995
1.4486810000000006
1.448181
1.4479310000000005
1.4484829999999995
1.4486810000000006
1.448181
1.4479310000000005
1.4484829999999995
1.4486810000000006
1.448181
1.4479310000000005
1.4484829999999995
1.4486810000000006
1.448181
1.4479310000000005
1.4484829999999995
1.4486810000000006
1.448181
1.4479310000000005
1.4484829999999995
1.4486810000000006
1.448181
1.4479310000000005
1.4484829999999995
1.4486810000000006
1.448181
1.4479310000000005
1.4484829999999995
1.4486810000000006
1.448181
1.4479310000000005
1.4484829999999995
1.4486810000000006
1.448181
1.4479310000000005
1.4484829999999995
1.4486810000000006
1.448181
1.4479310000000005
1.4484829999999995
1.4486810000000006
1.448181
1.4479310000000005
1.4484829999999995
1.4486810000000006
1.448181
1.4479310000000005
1.4484829999999995
1.4486810000000006
1.448181
-1.4480779999999998
-1.4484589999999997
-1.44843
-1.4483100000000002
-1.4480779999999998
-1.4484589999999997
-1.44843
-1.4483100000000002
-1.4480779999999998
-1.4484589999999997
-1.44843
-1.4483100000000002
-1.4480779999999998
-1.4484589999999997
-1.44843
-1.4483100000000002
-1.4480779999999998
-1.4484589999999997
-1.44843
-1.4483100000000002
-1.4480779999999998
-1.4484589999999997
-1.44843
-1.4483100000000002
-1.4480779999999998
-1.4484589999999997
-1.44843
-1.4483100000000002
-1.4480779999999998
-1.4484589999999997
-1.44843
-1.4483100000000002
-1.4480779999999998
-1.4484589999999997
-1.44843
-1.4483100000000002
-1.4480779999999998
-1.4484589999999997
-1.44843
-1.4483100000000002
-1.4480779999999998
-1.4484589999999997
-1.44843
-1.4483100000000002
-1.4480779999999998
-1.4484589999999997
-1.44843
-1.4483100000000002
-1.4480779999999998
-1.4484589999999997
-1.44843
-1.4483100000000002
-1.4480779999999998
-1.4484589999999997
-1.44843
-1.4483100000000002
-1.4480779999999998
-1.4484589999999997
-1.44843
-1.4483100000000002
-1.4480779999999998
-1.4484589999999997
-1.44843
-1.4483100000000002
-1.4480779999999998
-1.4484589999999997
-1.44843
-1.4483100000000002
-1.4480779999999998
-1.4484589999999997
-1.44843
-1.4483100000000002
-1.4480779999999998
-1.4484589999999997
-1.44843
-1.4483100000000002
-1.4480779999999998
-1.4484589999999997
-1.44843
-1.4483100000000002
-1.4480779999999998
-1.4484589999999997
-1.44843
-1.4483100000000002
-1.4480779999999998
-1.4484589999999997
-1.44843
-1.4483100000000002
-1.4480779999999998
-1.4484589999999997
-1.44843
-1.4483100000000002
-1.4480779999999998
-1.4484589999999997
-1.44843
-1.4483100000000002
-1.4480779999999998
-1.4484589999999997
-1.44843
-1.4483100000000002
-1.4480779999999998
-1.4484589999999997
-1.44843
-1.4483100000000002
-1.4480779999999998
-1.4484589999999997
-1.44843
-1.4483100000000002
