1.3239619999999999
1.3239619999999999
1.3239619999999999
1.3239619999999999
1.3239619999999999
1.3239619999999999
1.3239619999999999
1.3239619999999999
1.3239619999999999
1.3239619999999999
1.3239619999999999
1.3239619999999999
1.3239619999999999
1.3239619999999999
1.3239619999999999
1.3239619999999999
1.3239619999999999
1.3239619999999999
1.3239619999999999
1.3239619999999999
1.3239619999999999
1.3239619999999999
1.3239619999999999
1.3239619999999999
1.3239619999999999
1.3239619999999999
1.3239619999999999
1.3239619999999999
1.3239619999999999
1.3239619999999999
1.3239619999999999
1.3239619999999999
1.3239619999999999
1.3239619999999999
1.3239619999999999
1.3239619999999999
1.3239619999999999
1.3239619999999999
1.3239619999999999
1.3239619999999999
1.3239619999999999
1.3239619999999999
1.3239619999999999
1.3239619999999999
1.3239619999999999
1.3239619999999999
1.3239619999999999
1.3239619999999999
1.3239619999999999
1.3239619999999999
1.3239619999999999
1.3239619999999999
1.3239619999999999
1.3239619999999999
1.3239619999999999
1.3239619999999999
1.3239619999999999
1.3239619999999999
1.3239619999999999
1.3239619999999999
1.3239619999999999
1.3239619999999999
1.3239619999999999
1.3239619999999999
1.3239619999999999
1.3239619999999999
1.3239619999999999
1.3239619999999999
1.3239619999999999
1.3239619999999999
1.3239619999999999
1.3239619999999999
1.3239619999999999
1.3239619999999999
1.3239619999999999
1.3239619999999999
1.3239619999999999
1.3239619999999999
1.3239619999999999
1.3239619999999999
1.3239619999999999
1.3239619999999999
1.3239619999999999
1.3239619999999999
1.3239619999999999
1.3239619999999999
1.3239619999999999
1.3239619999999999
1.3239619999999999
1.3239619999999999
1.3239619999999999
1.3239619999999999
1.3239619999999999
1.3239619999999999
1.3239619999999999
1.3239619999999999
-1.3239580000000002
-1.3239669999999997
-1.3239580000000002
-1.3239669999999997
-1.3239580000000002
-1.3239669999999997
-1.3239580000000002
-1.3239669999999997
-1.3239580000000002
-1.3239669999999997
-1.3239580000000002
-1.3239669999999997
-1.3239580000000002
-1.3239669999999997
-1.3239580000000002
-1.3239669999999997
-1.3239580000000002
-1.3239669999999997
-1.3239580000000002
-1.3239669999999997
-1.3239580000000002
-1.3239669999999997
-1.3239580000000002
-1.3239669999999997
-1.3239580000000002
-1.3239669999999997
-1.3239580000000002
-1.3239669999999997
-1.3239580000000002
-1.3239669999999997
-1.3239580000000002
-1.3239669999999997
-1.3239580000000002
-1.3239669999999997
-1.3239580000000002
-1.3239669999999997
-1.3239580000000002
-1.3239669999999997
-1.3239580000000002
-1.3239669999999997
-1.3239580000000002
-1.3239669999999997
-1.3239580000000002
-1.3239669999999997
-1.3239580000000002
-1.3239669999999997
-1.3239580000000002
-1.3239669999999997
-1.3239580000000002
-1.3239669999999997
-1.3239580000000002
-1.3239669999999997
-1.3239580000000002
-1.3239669999999997
-1.3239580000000002
-1.3239669999999997
-1.3239580000000002
-1.3239669999999997
-1.3239580000000002
-1.3239669999999997
-1.3239580000000002
-1.3239669999999997
-1.3239580000000002
-1.3239669999999997
-1.3239580000000002
-1.3239669999999997
-1.3239580000000002
-1.3239669999999997
-1.3239580000000002
-1.3239669999999997
-1.3239580000000002
-1.3239669999999997
-1.3239580000000002
-1.3239669999999997
-1.3239580000000002
-1.3239669999999997
-1.3239580000000002
-1.3239669999999997
-1.3239580000000002
-1.3239669999999997
-1.3239580000000002
-1.3239669999999997
-1.3239580000000002
-1.3239669999999997
-1.3239580000000002
-1.3239669999999997
-1.3239580000000002
-1.3239669999999997
-1.3239580000000002
-1.3239669999999997
-1.3239580000000002
-1.3239669999999997
-1.3239580000000002
-1.3239669999999997
-1.3239580000000002
-1.3239669999999997
