1.4686939999999993
1.4686939999999993
1.4686939999999993
1.4686939999999993
1.4686939999999993
1.4686939999999993
1.4686939999999993
1.4686939999999993
1.4686939999999993
1.4686939999999993
1.4686939999999993
1.4686939999999993
1.4686939999999993
1.4686939999999993
1.4686939999999993
1.4686939999999993
1.4686939999999993
1.4686939999999993
1.4686939999999993
1.4686939999999993
1.4686939999999993
1.4686939999999993
1.4686939999999993
1.4686939999999993
1.4686939999999993
1.4686939999999993
1.4686939999999993
1.4686939999999993
1.4686939999999993
1.4686939999999993
1.4686939999999993
1.4686939999999993
1.4686939999999993
1.4686939999999993
1.4686939999999993
1.4686939999999993
1.4686939999999993
1.4686939999999993
1.4686939999999993
1.4686939999999993
1.4686939999999993
1.4686939999999993
1.4686939999999993
1.4686939999999993
1.4686939999999993
1.4686939999999993
1.4686939999999993
1.4686939999999993
1.4686939999999993
1.4686939999999993
1.4686939999999993
1.4686939999999993
1.4686939999999993
1.4686939999999993
1.4686939999999993
1.4686939999999993
1.4686939999999993
1.4686939999999993
1.4686939999999993
1.4686939999999993
1.4686939999999993
1.4686939999999993
1.4686939999999993
1.4686939999999993
1.4686939999999993
1.4686939999999993
1.4686939999999993
1.4686939999999993
1.4686939999999993
1.4686939999999993
1.4686939999999993
1.4686939999999993
-1.4686940000000002
-1.4686940000000002
-1.4686940000000002
-1.4686940000000002
-1.4686940000000002
-1.4686940000000002
-1.4686940000000002
-1.4686940000000002
-1.4686940000000002
-1.4686940000000002
-1.4686940000000002
-1.4686940000000002
-1.4686940000000002
-1.4686940000000002
-1.4686940000000002
-1.4686940000000002
-1.4686940000000002
-1.4686940000000002
-1.4686940000000002
-1.4686940000000002
-1.4686940000000002
-1.4686940000000002
-1.4686940000000002
-1.4686940000000002
-1.4686940000000002
-1.4686940000000002
-1.4686940000000002
-1.4686940000000002
-1.4686940000000002
-1.4686940000000002
-1.4686940000000002
-1.4686940000000002
-1.4686940000000002
-1.4686940000000002
-1.4686940000000002
-1.4686940000000002
-1.4686940000000002
-1.4686940000000002
-1.4686940000000002
-1.4686940000000002
-1.4686940000000002
-1.4686940000000002
-1.4686940000000002
-1.4686940000000002
-1.4686940000000002
-1.4686940000000002
-1.4686940000000002
-1.4686940000000002
-1.4686940000000002
-1.4686940000000002
-1.4686940000000002
-1.4686940000000002
-1.4686940000000002
-1.4686940000000002
-1.4686940000000002
-1.4686940000000002
-1.4686940000000002
-1.4686940000000002
-1.4686940000000002
-1.4686940000000002
-1.4686940000000002
-1.4686940000000002
-1.4686940000000002
-1.4686940000000002
-1.4686940000000002
-1.4686940000000002
-1.4686940000000002
-1.4686940000000002
-1.4686940000000002
-1.4686940000000002
-1.4686940000000002
-1.4686940000000002
