1.2400420000000008
1.2688439999999996
1.283652
1.281371
1.2400420000000008
1.2688439999999996
1.283652
1.281371
1.2400420000000008
1.2688439999999996
1.283652
1.281371
1.2400420000000008
1.2688439999999996
1.283652
1.281371
1.2400420000000008
1.2688439999999996
1.283652
1.281371
1.2400420000000008
1.2688439999999996
1.283652
1.281371
1.2400420000000008
1.2688439999999996
1.283652
1.281371
1.2400420000000008
1.2688439999999996
1.283652
1.281371
1.2400420000000008
1.2688439999999996
1.283652
1.281371
1.2400420000000008
1.2688439999999996
1.283652
1.281371
1.2400420000000008
1.2688439999999996
1.283652
1.281371
1.2400420000000008
1.2688439999999996
1.283652
1.281371
1.2400420000000008
1.2688439999999996
1.283652
1.281371
1.2400420000000008
1.2688439999999996
1.283652
1.281371
1.2400420000000008
1.2688439999999996
1.283652
1.281371
1.2400420000000008
1.2688439999999996
1.283652
1.281371
1.2400420000000008
1.2688439999999996
1.283652
1.281371
1.2400420000000008
1.2688439999999996
1.283652
1.281371
1.2400420000000008
1.2688439999999996
1.283652
1.281371
1.2400420000000008
1.2688439999999996
1.283652
1.281371
1.2400420000000008
1.2688439999999996
1.283652
1.281371
1.2400420000000008
1.2688439999999996
1.283652
1.281371
1.2400420000000008
1.2688439999999996
1.283652
1.281371
1.2400420000000008
1.2688439999999996
1.283652
1.281371
1.2400420000000008
1.2688439999999996
1.283652
1.281371
1.2400420000000008
1.2688439999999996
1.283652
1.281371
1.2400420000000008
1.2688439999999996
1.283652
1.281371
1.2400420000000008
1.2688439999999996
1.283652
1.281371
1.2400420000000008
1.2688439999999996
1.283652
1.281371
1.2400420000000008
1.2688439999999996
1.283652
1.281371
1.2400420000000008
1.2688439999999996
1.283652
1.281371
1.2400420000000008
1.2688439999999996
1.283652
1.281371
1.2400420000000008
1.2688439999999996
1.283652
1.281371
1.2400420000000008
1.2688439999999996
1.283652
1.281371
1.2400420000000008
1.2688439999999996
1.283652
1.281371
1.2400420000000008
1.2688439999999996
1.283652
1.281371
1.2400420000000008
1.2688439999999996
1.283652
1.281371
1.2400420000000008
1.2688439999999996
1.283652
1.281371
1.2400420000000008
1.2688439999999996
1.283652
1.281371
1.2400420000000008
1.2688439999999996
1.283652
1.281371
1.2400420000000008
1.2688439999999996
1.283652
1.281371
1.2400420000000008
1.2688439999999996
1.283652
1.281371
1.2400420000000008
1.2688439999999996
1.283652
1.281371
1.2400420000000008
1.2688439999999996
1.283652
1.281371
1.2400420000000008
1.2688439999999996
1.283652
1.281371
1.2400420000000008
1.2688439999999996
1.283652
1.281371
1.2400420000000008
1.2688439999999996
1.283652
1.281371
1.2400420000000008
1.2688439999999996
1.283652
1.281371
-1.2323950000000004
-1.3184519999999997
-1.2648390000000003
-1.2582250000000004
-1.2323950000000004
-1.3184519999999997
-1.2648390000000003
-1.2582250000000004
-1.2323950000000004
-1.3184519999999997
-1.2648390000000003
-1.2582250000000004
-1.2323950000000004
-1.3184519999999997
-1.2648390000000003
-1.2582250000000004
-1.2323950000000004
-1.3184519999999997
-1.2648390000000003
-1.2582250000000004
-1.2323950000000004
-1.3184519999999997
-1.2648390000000003
-1.2582250000000004
-1.2323950000000004
-1.3184519999999997
-1.2648390000000003
-1.2582250000000004
-1.2323950000000004
-1.3184519999999997
-1.2648390000000003
-1.2582250000000004
-1.2323950000000004
-1.3184519999999997
-1.2648390000000003
-1.2582250000000004
-1.2323950000000004
-1.3184519999999997
-1.2648390000000003
-1.2582250000000004
-1.2323950000000004
-1.3184519999999997
-1.2648390000000003
-1.2582250000000004
-1.2323950000000004
-1.3184519999999997
-1.2648390000000003
-1.2582250000000004
-1.2323950000000004
-1.3184519999999997
-1.2648390000000003
-1.2582250000000004
-1.2323950000000004
-1.3184519999999997
-1.2648390000000003
-1.2582250000000004
-1.2323950000000004
-1.3184519999999997
-1.2648390000000003
-1.2582250000000004
-1.2323950000000004
-1.3184519999999997
-1.2648390000000003
-1.2582250000000004
-1.2323950000000004
-1.3184519999999997
-1.2648390000000003
-1.2582250000000004
-1.2323950000000004
-1.3184519999999997
-1.2648390000000003
-1.2582250000000004
-1.2323950000000004
-1.3184519999999997
-1.2648390000000003
-1.2582250000000004
-1.2323950000000004
-1.3184519999999997
-1.2648390000000003
-1.2582250000000004
-1.2323950000000004
-1.3184519999999997
-1.2648390000000003
-1.2582250000000004
-1.2323950000000004
-1.3184519999999997
-1.2648390000000003
-1.2582250000000004
-1.2323950000000004
-1.3184519999999997
-1.2648390000000003
-1.2582250000000004
-1.2323950000000004
-1.3184519999999997
-1.2648390000000003
-1.2582250000000004
-1.2323950000000004
-1.3184519999999997
-1.2648390000000003
-1.2582250000000004
-1.2323950000000004
-1.3184519999999997
-1.2648390000000003
-1.2582250000000004
-1.2323950000000004
-1.3184519999999997
-1.2648390000000003
-1.2582250000000004
-1.2323950000000004
-1.3184519999999997
-1.2648390000000003
-1.2582250000000004
-1.2323950000000004
-1.3184519999999997
-1.2648390000000003
-1.2582250000000004
-1.2323950000000004
-1.3184519999999997
-1.2648390000000003
-1.2582250000000004
-1.2323950000000004
-1.3184519999999997
-1.2648390000000003
-1.2582250000000004
-1.2323950000000004
-1.3184519999999997
-1.2648390000000003
-1.2582250000000004
-1.2323950000000004
-1.3184519999999997
-1.2648390000000003
-1.2582250000000004
-1.2323950000000004
-1.3184519999999997
-1.2648390000000003
-1.2582250000000004
-1.2323950000000004
-1.3184519999999997
-1.2648390000000003
-1.2582250000000004
-1.2323950000000004
-1.3184519999999997
-1.2648390000000003
-1.2582250000000004
-1.2323950000000004
-1.3184519999999997
-1.2648390000000003
-1.2582250000000004
-1.2323950000000004
-1.3184519999999997
-1.2648390000000003
-1.2582250000000004
-1.2323950000000004
-1.3184519999999997
-1.2648390000000003
-1.2582250000000004
-1.2323950000000004
-1.3184519999999997
-1.2648390000000003
-1.2582250000000004
-1.2323950000000004
-1.3184519999999997
-1.2648390000000003
-1.2582250000000004
-1.2323950000000004
-1.3184519999999997
-1.2648390000000003
-1.2582250000000004
-1.2323950000000004
-1.3184519999999997
-1.2648390000000003
-1.2582250000000004
-1.2323950000000004
-1.3184519999999997
-1.2648390000000003
-1.2582250000000004
-1.2323950000000004
-1.3184519999999997
-1.2648390000000003
-1.2582250000000004
-1.2323950000000004
-1.3184519999999997
-1.2648390000000003
-1.2582250000000004
-1.2323950000000004
-1.3184519999999997
-1.2648390000000003
-1.2582250000000004
-1.2323950000000004
-1.3184519999999997
-1.2648390000000003
-1.2582250000000004
