1.4671249999999993
1.4671249999999993
1.4671249999999993
1.4671249999999993
1.4671249999999993
1.4671249999999993
1.4671249999999993
1.4671249999999993
1.4671249999999993
1.4671249999999993
1.4671249999999993
1.4671249999999993
1.4671249999999993
1.4671249999999993
1.4671249999999993
1.4671249999999993
1.4671249999999993
1.4671249999999993
1.4671249999999993
1.4671249999999993
1.4671249999999993
1.4671249999999993
1.4671249999999993
1.4671249999999993
1.4671249999999993
1.4671249999999993
1.4671249999999993
1.4671249999999993
1.4671249999999993
1.4671249999999993
1.4671249999999993
1.4671249999999993
1.4671249999999993
1.4671249999999993
1.4671249999999993
1.4671249999999993
1.4671249999999993
1.4671249999999993
1.4671249999999993
1.4671249999999993
1.4671249999999993
1.4671249999999993
1.4671249999999993
1.4671249999999993
1.4671249999999993
1.4671249999999993
1.4671249999999993
1.4671249999999993
1.4671249999999993
1.4671249999999993
1.4671249999999993
1.4671249999999993
1.4671249999999993
1.4671249999999993
1.4671249999999993
1.4671249999999993
1.4671249999999993
1.4671249999999993
1.4671249999999993
1.4671249999999993
1.4671249999999993
1.4671249999999993
1.4671249999999993
1.4671249999999993
1.4671249999999993
1.4671249999999993
1.4671249999999993
1.4671249999999993
1.4671249999999993
1.4671249999999993
1.4671249999999993
1.4671249999999993
-1.4671279999999998
-1.4671279999999998
-1.4671279999999998
-1.4671279999999998
-1.4671279999999998
-1.4671279999999998
-1.4671279999999998
-1.4671279999999998
-1.4671279999999998
-1.4671279999999998
-1.4671279999999998
-1.4671279999999998
-1.4671279999999998
-1.4671279999999998
-1.4671279999999998
-1.4671279999999998
-1.4671279999999998
-1.4671279999999998
-1.4671279999999998
-1.4671279999999998
-1.4671279999999998
-1.4671279999999998
-1.4671279999999998
-1.4671279999999998
-1.4671279999999998
-1.4671279999999998
-1.4671279999999998
-1.4671279999999998
-1.4671279999999998
-1.4671279999999998
-1.4671279999999998
-1.4671279999999998
-1.4671279999999998
-1.4671279999999998
-1.4671279999999998
-1.4671279999999998
-1.4671279999999998
-1.4671279999999998
-1.4671279999999998
-1.4671279999999998
-1.4671279999999998
-1.4671279999999998
-1.4671279999999998
-1.4671279999999998
-1.4671279999999998
-1.4671279999999998
-1.4671279999999998
-1.4671279999999998
-1.4671279999999998
-1.4671279999999998
-1.4671279999999998
-1.4671279999999998
-1.4671279999999998
-1.4671279999999998
-1.4671279999999998
-1.4671279999999998
-1.4671279999999998
-1.4671279999999998
-1.4671279999999998
-1.4671279999999998
-1.4671279999999998
-1.4671279999999998
-1.4671279999999998
-1.4671279999999998
-1.4671279999999998
-1.4671279999999998
-1.4671279999999998
-1.4671279999999998
-1.4671279999999998
-1.4671279999999998
-1.4671279999999998
-1.4671279999999998
