1.3153489999999994
1.3153489999999994
1.3153489999999994
1.3153489999999994
1.3153489999999994
1.3153489999999994
1.3153489999999994
1.3153489999999994
1.3153489999999994
1.3153489999999994
1.3153489999999994
1.3153489999999994
1.3153489999999994
1.3153489999999994
1.3153489999999994
1.3153489999999994
1.3153489999999994
1.3153489999999994
1.3153489999999994
1.3153489999999994
1.3153489999999994
1.3153489999999994
1.3153489999999994
1.3153489999999994
1.3153489999999994
1.3153489999999994
1.3153489999999994
1.3153489999999994
1.3153489999999994
1.3153489999999994
1.3153489999999994
1.3153489999999994
1.3153489999999994
1.3153489999999994
1.3153489999999994
1.3153489999999994
1.3153489999999994
1.3153489999999994
1.3153489999999994
1.3153489999999994
1.3153489999999994
1.3153489999999994
1.3153489999999994
1.3153489999999994
1.3153489999999994
1.3153489999999994
1.3153489999999994
1.3153489999999994
1.3153489999999994
1.3153489999999994
1.3153489999999994
1.3153489999999994
1.3153489999999994
1.3153489999999994
-1.3153519999999999
-1.3153519999999999
-1.3153519999999999
-1.3153519999999999
-1.3153519999999999
-1.3153519999999999
-1.3153519999999999
-1.3153519999999999
-1.3153519999999999
-1.3153519999999999
-1.3153519999999999
-1.3153519999999999
-1.3153519999999999
-1.3153519999999999
-1.3153519999999999
-1.3153519999999999
-1.3153519999999999
-1.3153519999999999
-1.3153519999999999
-1.3153519999999999
-1.3153519999999999
-1.3153519999999999
-1.3153519999999999
-1.3153519999999999
-1.3153519999999999
-1.3153519999999999
-1.3153519999999999
-1.3153519999999999
-1.3153519999999999
-1.3153519999999999
-1.3153519999999999
-1.3153519999999999
-1.3153519999999999
-1.3153519999999999
-1.3153519999999999
-1.3153519999999999
-1.3153519999999999
-1.3153519999999999
-1.3153519999999999
-1.3153519999999999
-1.3153519999999999
-1.3153519999999999
-1.3153519999999999
-1.3153519999999999
-1.3153519999999999
-1.3153519999999999
-1.3153519999999999
-1.3153519999999999
-1.3153519999999999
-1.3153519999999999
-1.3153519999999999
-1.3153519999999999
-1.3153519999999999
-1.3153519999999999
