1.4349810000000005
1.4350559999999994
1.4355209999999996
1.4356190000000009
1.4349810000000005
1.4350559999999994
1.4355209999999996
1.4356190000000009
1.4349810000000005
1.4350559999999994
1.4355209999999996
1.4356190000000009
1.4349810000000005
1.4350559999999994
1.4355209999999996
1.4356190000000009
1.4349810000000005
1.4350559999999994
1.4355209999999996
1.4356190000000009
1.4349810000000005
1.4350559999999994
1.4355209999999996
1.4356190000000009
1.4349810000000005
1.4350559999999994
1.4355209999999996
1.4356190000000009
1.4349810000000005
1.4350559999999994
1.4355209999999996
1.4356190000000009
1.4349810000000005
1.4350559999999994
1.4355209999999996
1.4356190000000009
1.4349810000000005
1.4350559999999994
1.4355209999999996
1.4356190000000009
1.4349810000000005
1.4350559999999994
1.4355209999999996
1.4356190000000009
1.4349810000000005
1.4350559999999994
1.4355209999999996
1.4356190000000009
1.4349810000000005
1.4350559999999994
1.4355209999999996
1.4356190000000009
1.4349810000000005
1.4350559999999994
1.4355209999999996
1.4356190000000009
1.4349810000000005
1.4350559999999994
1.4355209999999996
1.4356190000000009
1.4349810000000005
1.4350559999999994
1.4355209999999996
1.4356190000000009
1.4349810000000005
1.4350559999999994
1.4355209999999996
1.4356190000000009
1.4349810000000005
1.4350559999999994
1.4355209999999996
1.4356190000000009
1.4349810000000005
1.4350559999999994
1.4355209999999996
1.4356190000000009
1.4349810000000005
1.4350559999999994
1.4355209999999996
1.4356190000000009
1.4349810000000005
1.4350559999999994
1.4355209999999996
1.4356190000000009
1.4349810000000005
1.4350559999999994
1.4355209999999996
1.4356190000000009
1.4349810000000005
1.4350559999999994
1.4355209999999996
1.4356190000000009
1.4349810000000005
1.4350559999999994
1.4355209999999996
1.4356190000000009
1.4349810000000005
1.4350559999999994
1.4355209999999996
1.4356190000000009
1.4349810000000005
1.4350559999999994
1.4355209999999996
1.4356190000000009
1.4349810000000005
1.4350559999999994
1.4355209999999996
1.4356190000000009
-1.435747
-1.4348260000000002
-1.435467
-1.4351339999999997
-1.435747
-1.4348260000000002
-1.435467
-1.4351339999999997
-1.435747
-1.4348260000000002
-1.435467
-1.4351339999999997
-1.435747
-1.4348260000000002
-1.435467
-1.4351339999999997
-1.435747
-1.4348260000000002
-1.435467
-1.4351339999999997
-1.435747
-1.4348260000000002
-1.435467
-1.4351339999999997
-1.435747
-1.4348260000000002
-1.435467
-1.4351339999999997
-1.435747
-1.4348260000000002
-1.435467
-1.4351339999999997
-1.435747
-1.4348260000000002
-1.435467
-1.4351339999999997
-1.435747
-1.4348260000000002
-1.435467
-1.4351339999999997
-1.435747
-1.4348260000000002
-1.435467
-1.4351339999999997
-1.435747
-1.4348260000000002
-1.435467
-1.4351339999999997
-1.435747
-1.4348260000000002
-1.435467
-1.4351339999999997
-1.435747
-1.4348260000000002
-1.435467
-1.4351339999999997
-1.435747
-1.4348260000000002
-1.435467
-1.4351339999999997
-1.435747
-1.4348260000000002
-1.435467
-1.4351339999999997
-1.435747
-1.4348260000000002
-1.435467
-1.4351339999999997
-1.435747
-1.4348260000000002
-1.435467
-1.4351339999999997
-1.435747
-1.4348260000000002
-1.435467
-1.4351339999999997
-1.435747
-1.4348260000000002
-1.435467
-1.4351339999999997
-1.435747
-1.4348260000000002
-1.435467
-1.4351339999999997
-1.435747
-1.4348260000000002
-1.435467
-1.4351339999999997
-1.435747
-1.4348260000000002
-1.435467
-1.4351339999999997
-1.435747
-1.4348260000000002
-1.435467
-1.4351339999999997
-1.435747
-1.4348260000000002
-1.435467
-1.4351339999999997
-1.435747
-1.4348260000000002
-1.435467
-1.4351339999999997
-1.435747
-1.4348260000000002
-1.435467
-1.4351339999999997
