1.0939219999999992
1.0939219999999992
1.0939219999999992
1.0939219999999992
1.0939219999999992
1.0939219999999992
1.0939219999999992
1.0939219999999992
1.0939219999999992
1.0939219999999992
1.0939219999999992
1.0939219999999992
1.0939219999999992
1.0939219999999992
1.0939219999999992
1.0939219999999992
1.0939219999999992
1.0939219999999992
1.0939219999999992
1.0939219999999992
1.0939219999999992
1.0939219999999992
1.0939219999999992
1.0939219999999992
1.0939219999999992
1.0939219999999992
1.0939219999999992
1.0939219999999992
1.0939219999999992
1.0939219999999992
1.0939219999999992
1.0939219999999992
1.0939219999999992
1.0939219999999992
1.0939219999999992
1.0939219999999992
1.0939219999999992
1.0939219999999992
1.0939219999999992
1.0939219999999992
1.0939219999999992
1.0939219999999992
1.0939219999999992
1.0939219999999992
1.0939219999999992
1.0939219999999992
1.0939219999999992
1.0939219999999992
1.0939219999999992
1.0939219999999992
1.0939219999999992
1.0939219999999992
1.0939219999999992
1.0939219999999992
1.0939219999999992
1.0939219999999992
1.0939219999999992
1.0939219999999992
1.0939219999999992
1.0939219999999992
1.0939219999999992
1.0939219999999992
1.0939219999999992
1.0939219999999992
1.0939219999999992
1.0939219999999992
1.0939219999999992
1.0939219999999992
1.0939219999999992
1.0939219999999992
1.0939219999999992
1.0939219999999992
1.0939219999999992
1.0939219999999992
1.0939219999999992
1.0939219999999992
1.0939219999999992
1.0939219999999992
1.0939219999999992
1.0939219999999992
1.0939219999999992
1.0939219999999992
1.0939219999999992
1.0939219999999992
1.0939219999999992
1.0939219999999992
1.0939219999999992
1.0939219999999992
1.0939219999999992
1.0939219999999992
-1.0939329999999998
-1.0939100000000002
-1.0939329999999998
-1.0939100000000002
-1.0939329999999998
-1.0939100000000002
-1.0939329999999998
-1.0939100000000002
-1.0939329999999998
-1.0939100000000002
-1.0939329999999998
-1.0939100000000002
-1.0939329999999998
-1.0939100000000002
-1.0939329999999998
-1.0939100000000002
-1.0939329999999998
-1.0939100000000002
-1.0939329999999998
-1.0939100000000002
-1.0939329999999998
-1.0939100000000002
-1.0939329999999998
-1.0939100000000002
-1.0939329999999998
-1.0939100000000002
-1.0939329999999998
-1.0939100000000002
-1.0939329999999998
-1.0939100000000002
-1.0939329999999998
-1.0939100000000002
-1.0939329999999998
-1.0939100000000002
-1.0939329999999998
-1.0939100000000002
-1.0939329999999998
-1.0939100000000002
-1.0939329999999998
-1.0939100000000002
-1.0939329999999998
-1.0939100000000002
-1.0939329999999998
-1.0939100000000002
-1.0939329999999998
-1.0939100000000002
-1.0939329999999998
-1.0939100000000002
-1.0939329999999998
-1.0939100000000002
-1.0939329999999998
-1.0939100000000002
-1.0939329999999998
-1.0939100000000002
-1.0939329999999998
-1.0939100000000002
-1.0939329999999998
-1.0939100000000002
-1.0939329999999998
-1.0939100000000002
-1.0939329999999998
-1.0939100000000002
-1.0939329999999998
-1.0939100000000002
-1.0939329999999998
-1.0939100000000002
-1.0939329999999998
-1.0939100000000002
-1.0939329999999998
-1.0939100000000002
-1.0939329999999998
-1.0939100000000002
-1.0939329999999998
-1.0939100000000002
-1.0939329999999998
-1.0939100000000002
-1.0939329999999998
-1.0939100000000002
-1.0939329999999998
-1.0939100000000002
-1.0939329999999998
-1.0939100000000002
-1.0939329999999998
-1.0939100000000002
-1.0939329999999998
-1.0939100000000002
-1.0939329999999998
-1.0939100000000002
-1.0939329999999998
-1.0939100000000002
