1.2348780000000001
1.2348780000000001
1.2348780000000001
1.2348780000000001
1.2348780000000001
1.2348780000000001
1.2348780000000001
1.2348780000000001
1.2348780000000001
1.2348780000000001
1.2348780000000001
1.2348780000000001
1.2348780000000001
1.2348780000000001
1.2348780000000001
1.2348780000000001
1.2348780000000001
1.2348780000000001
1.2348780000000001
1.2348780000000001
1.2348780000000001
1.2348780000000001
1.2348780000000001
1.2348780000000001
1.2348780000000001
1.2348780000000001
1.2348780000000001
1.2348780000000001
1.2348780000000001
1.2348780000000001
1.2348780000000001
1.2348780000000001
1.2348780000000001
1.2348780000000001
1.2348780000000001
1.2348780000000001
1.2348780000000001
1.2348780000000001
1.2348780000000001
1.2348780000000001
1.2348780000000001
1.2348780000000001
1.2348780000000001
1.2348780000000001
1.2348780000000001
1.2348780000000001
1.2348780000000001
1.2348780000000001
1.2348780000000001
1.2348780000000001
1.2348780000000001
1.2348780000000001
1.2348780000000001
1.2348780000000001
1.2348780000000001
1.2348780000000001
1.2348780000000001
1.2348780000000001
1.2348780000000001
1.2348780000000001
1.2348780000000001
1.2348780000000001
1.2348780000000001
1.2348780000000001
1.2348780000000001
1.2348780000000001
1.2348780000000001
1.2348780000000001
1.2348780000000001
1.2348780000000001
1.2348780000000001
1.2348780000000001
1.2348780000000001
1.2348780000000001
1.2348780000000001
1.2348780000000001
1.2348780000000001
1.2348780000000001
1.2348780000000001
1.2348780000000001
1.2348780000000001
1.2348780000000001
1.2348780000000001
1.2348780000000001
1.2348780000000001
1.2348780000000001
1.2348780000000001
1.2348780000000001
1.2348780000000001
1.2348780000000001
-1.2348800000000004
-1.2348730000000003
-1.2348800000000004
-1.2348730000000003
-1.2348800000000004
-1.2348730000000003
-1.2348800000000004
-1.2348730000000003
-1.2348800000000004
-1.2348730000000003
-1.2348800000000004
-1.2348730000000003
-1.2348800000000004
-1.2348730000000003
-1.2348800000000004
-1.2348730000000003
-1.2348800000000004
-1.2348730000000003
-1.2348800000000004
-1.2348730000000003
-1.2348800000000004
-1.2348730000000003
-1.2348800000000004
-1.2348730000000003
-1.2348800000000004
-1.2348730000000003
-1.2348800000000004
-1.2348730000000003
-1.2348800000000004
-1.2348730000000003
-1.2348800000000004
-1.2348730000000003
-1.2348800000000004
-1.2348730000000003
-1.2348800000000004
-1.2348730000000003
-1.2348800000000004
-1.2348730000000003
-1.2348800000000004
-1.2348730000000003
-1.2348800000000004
-1.2348730000000003
-1.2348800000000004
-1.2348730000000003
-1.2348800000000004
-1.2348730000000003
-1.2348800000000004
-1.2348730000000003
-1.2348800000000004
-1.2348730000000003
-1.2348800000000004
-1.2348730000000003
-1.2348800000000004
-1.2348730000000003
-1.2348800000000004
-1.2348730000000003
-1.2348800000000004
-1.2348730000000003
-1.2348800000000004
-1.2348730000000003
-1.2348800000000004
-1.2348730000000003
-1.2348800000000004
-1.2348730000000003
-1.2348800000000004
-1.2348730000000003
-1.2348800000000004
-1.2348730000000003
-1.2348800000000004
-1.2348730000000003
-1.2348800000000004
-1.2348730000000003
-1.2348800000000004
-1.2348730000000003
-1.2348800000000004
-1.2348730000000003
-1.2348800000000004
-1.2348730000000003
-1.2348800000000004
-1.2348730000000003
-1.2348800000000004
-1.2348730000000003
-1.2348800000000004
-1.2348730000000003
-1.2348800000000004
-1.2348730000000003
-1.2348800000000004
-1.2348730000000003
-1.2348800000000004
-1.2348730000000003
