1.3874759999999995
1.3590560000000007
1.3874759999999995
1.3590560000000007
1.3874759999999995
1.3590560000000007
1.3874759999999995
1.3590560000000007
1.3874759999999995
1.3590560000000007
1.3874759999999995
1.3590560000000007
1.3874759999999995
1.3590560000000007
1.3874759999999995
1.3590560000000007
1.3874759999999995
1.3590560000000007
1.3874759999999995
1.3590560000000007
1.3874759999999995
1.3590560000000007
1.3874759999999995
1.3590560000000007
1.3874759999999995
1.3590560000000007
1.3874759999999995
1.3590560000000007
1.3874759999999995
1.3590560000000007
1.3874759999999995
1.3590560000000007
1.3874759999999995
1.3590560000000007
1.3874759999999995
1.3590560000000007
1.3874759999999995
1.3590560000000007
1.3874759999999995
1.3590560000000007
1.3874759999999995
1.3590560000000007
1.3874759999999995
1.3590560000000007
1.3874759999999995
1.3590560000000007
1.3874759999999995
1.3590560000000007
1.3874759999999995
1.3590560000000007
1.3874759999999995
1.3590560000000007
1.3874759999999995
1.3590560000000007
1.3874759999999995
1.3590560000000007
1.3874759999999995
1.3590560000000007
1.3874759999999995
1.3590560000000007
1.3874759999999995
1.3590560000000007
1.3874759999999995
1.3590560000000007
1.3874759999999995
1.3590560000000007
1.3874759999999995
1.3590560000000007
1.3874759999999995
1.3590560000000007
1.3874759999999995
1.3590560000000007
1.3874759999999995
1.3590560000000007
1.3874759999999995
1.3590560000000007
1.3874759999999995
1.3590560000000007
1.3874759999999995
1.3590560000000007
1.3874759999999995
1.3590560000000007
1.3874759999999995
1.3590560000000007
1.3874759999999995
1.3590560000000007
1.3874759999999995
1.3590560000000007
1.3874759999999995
1.3590560000000007
1.3874759999999995
1.3590560000000007
1.3874759999999995
1.3590560000000007
1.3874759999999995
1.3590560000000007
-1.368989
-1.377542
-1.368989
-1.377542
-1.368989
-1.377542
-1.368989
-1.377542
-1.368989
-1.377542
-1.368989
-1.377542
-1.368989
-1.377542
-1.368989
-1.377542
-1.368989
-1.377542
-1.368989
-1.377542
-1.368989
-1.377542
-1.368989
-1.377542
-1.368989
-1.377542
-1.368989
-1.377542
-1.368989
-1.377542
-1.368989
-1.377542
-1.368989
-1.377542
-1.368989
-1.377542
-1.368989
-1.377542
-1.368989
-1.377542
-1.368989
-1.377542
-1.368989
-1.377542
-1.368989
-1.377542
-1.368989
-1.377542
-1.368989
-1.377542
-1.368989
-1.377542
-1.368989
-1.377542
-1.368989
-1.377542
-1.368989
-1.377542
-1.368989
-1.377542
-1.368989
-1.377542
-1.368989
-1.377542
-1.368989
-1.377542
-1.368989
-1.377542
-1.368989
-1.377542
-1.368989
-1.377542
-1.368989
-1.377542
-1.368989
-1.377542
-1.368989
-1.377542
-1.368989
-1.377542
-1.368989
-1.377542
-1.368989
-1.377542
-1.368989
-1.377542
-1.368989
-1.377542
-1.368989
-1.377542
-1.368989
-1.377542
-1.368989
-1.377542
-1.368989
-1.377542
