1.4634859999999996
1.4634859999999996
1.4634859999999996
1.4634859999999996
1.4634859999999996
1.4634859999999996
1.4634859999999996
1.4634859999999996
1.4634859999999996
1.4634859999999996
1.4634859999999996
1.4634859999999996
1.4634859999999996
1.4634859999999996
1.4634859999999996
1.4634859999999996
1.4634859999999996
1.4634859999999996
1.4634859999999996
1.4634859999999996
1.4634859999999996
1.4634859999999996
1.4634859999999996
1.4634859999999996
1.4634859999999996
1.4634859999999996
1.4634859999999996
1.4634859999999996
1.4634859999999996
1.4634859999999996
1.4634859999999996
1.4634859999999996
1.4634859999999996
1.4634859999999996
1.4634859999999996
1.4634859999999996
1.4634859999999996
1.4634859999999996
1.4634859999999996
1.4634859999999996
1.4634859999999996
1.4634859999999996
1.4634859999999996
1.4634859999999996
1.4634859999999996
1.4634859999999996
1.4634859999999996
1.4634859999999996
1.4634859999999996
1.4634859999999996
1.4634859999999996
1.4634859999999996
1.4634859999999996
1.4634859999999996
1.4634859999999996
1.4634859999999996
1.4634859999999996
1.4634859999999996
1.4634859999999996
1.4634859999999996
1.4634859999999996
1.4634859999999996
1.4634859999999996
1.4634859999999996
-1.4634859999999996
-1.4634859999999996
-1.4634859999999996
-1.4634859999999996
-1.4634859999999996
-1.4634859999999996
-1.4634859999999996
-1.4634859999999996
-1.4634859999999996
-1.4634859999999996
-1.4634859999999996
-1.4634859999999996
-1.4634859999999996
-1.4634859999999996
-1.4634859999999996
-1.4634859999999996
-1.4634859999999996
-1.4634859999999996
-1.4634859999999996
-1.4634859999999996
-1.4634859999999996
-1.4634859999999996
-1.4634859999999996
-1.4634859999999996
-1.4634859999999996
-1.4634859999999996
-1.4634859999999996
-1.4634859999999996
-1.4634859999999996
-1.4634859999999996
-1.4634859999999996
-1.4634859999999996
-1.4634859999999996
-1.4634859999999996
-1.4634859999999996
-1.4634859999999996
-1.4634859999999996
-1.4634859999999996
-1.4634859999999996
-1.4634859999999996
-1.4634859999999996
-1.4634859999999996
-1.4634859999999996
-1.4634859999999996
-1.4634859999999996
-1.4634859999999996
-1.4634859999999996
-1.4634859999999996
-1.4634859999999996
-1.4634859999999996
-1.4634859999999996
-1.4634859999999996
-1.4634859999999996
-1.4634859999999996
-1.4634859999999996
-1.4634859999999996
-1.4634859999999996
-1.4634859999999996
-1.4634859999999996
-1.4634859999999996
-1.4634859999999996
-1.4634859999999996
-1.4634859999999996
-1.4634859999999996
