1.4414820000000006
1.4412730000000007
1.4406719999999993
1.4416019999999996
1.4414820000000006
1.4412730000000007
1.4406719999999993
1.4416019999999996
1.4414820000000006
1.4412730000000007
1.4406719999999993
1.4416019999999996
1.4414820000000006
1.4412730000000007
1.4406719999999993
1.4416019999999996
1.4414820000000006
1.4412730000000007
1.4406719999999993
1.4416019999999996
1.4414820000000006
1.4412730000000007
1.4406719999999993
1.4416019999999996
1.4414820000000006
1.4412730000000007
1.4406719999999993
1.4416019999999996
1.4414820000000006
1.4412730000000007
1.4406719999999993
1.4416019999999996
1.4414820000000006
1.4412730000000007
1.4406719999999993
1.4416019999999996
1.4414820000000006
1.4412730000000007
1.4406719999999993
1.4416019999999996
1.4414820000000006
1.4412730000000007
1.4406719999999993
1.4416019999999996
1.4414820000000006
1.4412730000000007
1.4406719999999993
1.4416019999999996
1.4414820000000006
1.4412730000000007
1.4406719999999993
1.4416019999999996
1.4414820000000006
1.4412730000000007
1.4406719999999993
1.4416019999999996
1.4414820000000006
1.4412730000000007
1.4406719999999993
1.4416019999999996
1.4414820000000006
1.4412730000000007
1.4406719999999993
1.4416019999999996
1.4414820000000006
1.4412730000000007
1.4406719999999993
1.4416019999999996
1.4414820000000006
1.4412730000000007
1.4406719999999993
1.4416019999999996
1.4414820000000006
1.4412730000000007
1.4406719999999993
1.4416019999999996
1.4414820000000006
1.4412730000000007
1.4406719999999993
1.4416019999999996
1.4414820000000006
1.4412730000000007
1.4406719999999993
1.4416019999999996
1.4414820000000006
1.4412730000000007
1.4406719999999993
1.4416019999999996
1.4414820000000006
1.4412730000000007
1.4406719999999993
1.4416019999999996
1.4414820000000006
1.4412730000000007
1.4406719999999993
1.4416019999999996
1.4414820000000006
1.4412730000000007
1.4406719999999993
1.4416019999999996
1.4414820000000006
1.4412730000000007
1.4406719999999993
1.4416019999999996
1.4414820000000006
1.4412730000000007
1.4406719999999993
1.4416019999999996
1.4414820000000006
1.4412730000000007
1.4406719999999993
1.4416019999999996
1.4414820000000006
1.4412730000000007
1.4406719999999993
1.4416019999999996
1.4414820000000006
1.4412730000000007
1.4406719999999993
1.4416019999999996
1.4414820000000006
1.4412730000000007
1.4406719999999993
1.4416019999999996
1.4414820000000006
1.4412730000000007
1.4406719999999993
1.4416019999999996
1.4414820000000006
1.4412730000000007
1.4406719999999993
1.4416019999999996
1.4414820000000006
1.4412730000000007
1.4406719999999993
1.4416019999999996
1.4414820000000006
1.4412730000000007
1.4406719999999993
1.4416019999999996
1.4414820000000006
1.4412730000000007
1.4406719999999993
1.4416019999999996
-1.4412859999999998
-1.441808
-1.4409900000000002
-1.4409450000000001
-1.4412859999999998
-1.441808
-1.4409900000000002
-1.4409450000000001
-1.4412859999999998
-1.441808
-1.4409900000000002
-1.4409450000000001
-1.4412859999999998
-1.441808
-1.4409900000000002
-1.4409450000000001
-1.4412859999999998
-1.441808
-1.4409900000000002
-1.4409450000000001
-1.4412859999999998
-1.441808
-1.4409900000000002
-1.4409450000000001
-1.4412859999999998
-1.441808
-1.4409900000000002
-1.4409450000000001
-1.4412859999999998
-1.441808
-1.4409900000000002
-1.4409450000000001
-1.4412859999999998
-1.441808
-1.4409900000000002
-1.4409450000000001
-1.4412859999999998
-1.441808
-1.4409900000000002
-1.4409450000000001
-1.4412859999999998
-1.441808
-1.4409900000000002
-1.4409450000000001
-1.4412859999999998
-1.441808
-1.4409900000000002
-1.4409450000000001
-1.4412859999999998
-1.441808
-1.4409900000000002
-1.4409450000000001
-1.4412859999999998
-1.441808
-1.4409900000000002
-1.4409450000000001
-1.4412859999999998
-1.441808
-1.4409900000000002
-1.4409450000000001
-1.4412859999999998
-1.441808
-1.4409900000000002
-1.4409450000000001
-1.4412859999999998
-1.441808
-1.4409900000000002
-1.4409450000000001
-1.4412859999999998
-1.441808
-1.4409900000000002
-1.4409450000000001
-1.4412859999999998
-1.441808
-1.4409900000000002
-1.4409450000000001
-1.4412859999999998
-1.441808
-1.4409900000000002
-1.4409450000000001
-1.4412859999999998
-1.441808
-1.4409900000000002
-1.4409450000000001
-1.4412859999999998
-1.441808
-1.4409900000000002
-1.4409450000000001
-1.4412859999999998
-1.441808
-1.4409900000000002
-1.4409450000000001
-1.4412859999999998
-1.441808
-1.4409900000000002
-1.4409450000000001
-1.4412859999999998
-1.441808
-1.4409900000000002
-1.4409450000000001
-1.4412859999999998
-1.441808
-1.4409900000000002
-1.4409450000000001
-1.4412859999999998
-1.441808
-1.4409900000000002
-1.4409450000000001
-1.4412859999999998
-1.441808
-1.4409900000000002
-1.4409450000000001
-1.4412859999999998
-1.441808
-1.4409900000000002
-1.4409450000000001
-1.4412859999999998
-1.441808
-1.4409900000000002
-1.4409450000000001
-1.4412859999999998
-1.441808
-1.4409900000000002
-1.4409450000000001
-1.4412859999999998
-1.441808
-1.4409900000000002
-1.4409450000000001
-1.4412859999999998
-1.441808
-1.4409900000000002
-1.4409450000000001
-1.4412859999999998
-1.441808
-1.4409900000000002
-1.4409450000000001
-1.4412859999999998
-1.441808
-1.4409900000000002
-1.4409450000000001
-1.4412859999999998
-1.441808
-1.4409900000000002
-1.4409450000000001
