1.4376339999999992
1.4404299999999992
1.4428859999999997
1.4429789999999993
1.4376339999999992
1.4404299999999992
1.4428859999999997
1.4429789999999993
1.4376339999999992
1.4404299999999992
1.4428859999999997
1.4429789999999993
1.4376339999999992
1.4404299999999992
1.4428859999999997
1.4429789999999993
1.4376339999999992
1.4404299999999992
1.4428859999999997
1.4429789999999993
1.4376339999999992
1.4404299999999992
1.4428859999999997
1.4429789999999993
1.4376339999999992
1.4404299999999992
1.4428859999999997
1.4429789999999993
1.4376339999999992
1.4404299999999992
1.4428859999999997
1.4429789999999993
1.4376339999999992
1.4404299999999992
1.4428859999999997
1.4429789999999993
1.4376339999999992
1.4404299999999992
1.4428859999999997
1.4429789999999993
1.4376339999999992
1.4404299999999992
1.4428859999999997
1.4429789999999993
1.4376339999999992
1.4404299999999992
1.4428859999999997
1.4429789999999993
1.4376339999999992
1.4404299999999992
1.4428859999999997
1.4429789999999993
1.4376339999999992
1.4404299999999992
1.4428859999999997
1.4429789999999993
1.4376339999999992
1.4404299999999992
1.4428859999999997
1.4429789999999993
1.4376339999999992
1.4404299999999992
1.4428859999999997
1.4429789999999993
1.4376339999999992
1.4404299999999992
1.4428859999999997
1.4429789999999993
1.4376339999999992
1.4404299999999992
1.4428859999999997
1.4429789999999993
1.4376339999999992
1.4404299999999992
1.4428859999999997
1.4429789999999993
1.4376339999999992
1.4404299999999992
1.4428859999999997
1.4429789999999993
1.4376339999999992
1.4404299999999992
1.4428859999999997
1.4429789999999993
1.4376339999999992
1.4404299999999992
1.4428859999999997
1.4429789999999993
1.4376339999999992
1.4404299999999992
1.4428859999999997
1.4429789999999993
1.4376339999999992
1.4404299999999992
1.4428859999999997
1.4429789999999993
1.4376339999999992
1.4404299999999992
1.4428859999999997
1.4429789999999993
1.4376339999999992
1.4404299999999992
1.4428859999999997
1.4429789999999993
1.4376339999999992
1.4404299999999992
1.4428859999999997
1.4429789999999993
-1.4393669999999998
-1.4411420000000001
-1.4419389999999996
-1.4414829999999998
-1.4393669999999998
-1.4411420000000001
-1.4419389999999996
-1.4414829999999998
-1.4393669999999998
-1.4411420000000001
-1.4419389999999996
-1.4414829999999998
-1.4393669999999998
-1.4411420000000001
-1.4419389999999996
-1.4414829999999998
-1.4393669999999998
-1.4411420000000001
-1.4419389999999996
-1.4414829999999998
-1.4393669999999998
-1.4411420000000001
-1.4419389999999996
-1.4414829999999998
-1.4393669999999998
-1.4411420000000001
-1.4419389999999996
-1.4414829999999998
-1.4393669999999998
-1.4411420000000001
-1.4419389999999996
-1.4414829999999998
-1.4393669999999998
-1.4411420000000001
-1.4419389999999996
-1.4414829999999998
-1.4393669999999998
-1.4411420000000001
-1.4419389999999996
-1.4414829999999998
-1.4393669999999998
-1.4411420000000001
-1.4419389999999996
-1.4414829999999998
-1.4393669999999998
-1.4411420000000001
-1.4419389999999996
-1.4414829999999998
-1.4393669999999998
-1.4411420000000001
-1.4419389999999996
-1.4414829999999998
-1.4393669999999998
-1.4411420000000001
-1.4419389999999996
-1.4414829999999998
-1.4393669999999998
-1.4411420000000001
-1.4419389999999996
-1.4414829999999998
-1.4393669999999998
-1.4411420000000001
-1.4419389999999996
-1.4414829999999998
-1.4393669999999998
-1.4411420000000001
-1.4419389999999996
-1.4414829999999998
-1.4393669999999998
-1.4411420000000001
-1.4419389999999996
-1.4414829999999998
-1.4393669999999998
-1.4411420000000001
-1.4419389999999996
-1.4414829999999998
-1.4393669999999998
-1.4411420000000001
-1.4419389999999996
-1.4414829999999998
-1.4393669999999998
-1.4411420000000001
-1.4419389999999996
-1.4414829999999998
-1.4393669999999998
-1.4411420000000001
-1.4419389999999996
-1.4414829999999998
-1.4393669999999998
-1.4411420000000001
-1.4419389999999996
-1.4414829999999998
-1.4393669999999998
-1.4411420000000001
-1.4419389999999996
-1.4414829999999998
-1.4393669999999998
-1.4411420000000001
-1.4419389999999996
-1.4414829999999998
-1.4393669999999998
-1.4411420000000001
-1.4419389999999996
-1.4414829999999998
-1.4393669999999998
-1.4411420000000001
-1.4419389999999996
-1.4414829999999998
