1.3657129999999995
1.3202990000000003
1.3657129999999995
1.3202990000000003
1.3657129999999995
1.3202990000000003
1.3657129999999995
1.3202990000000003
1.3657129999999995
1.3202990000000003
1.3657129999999995
1.3202990000000003
1.3657129999999995
1.3202990000000003
1.3657129999999995
1.3202990000000003
1.3657129999999995
1.3202990000000003
1.3657129999999995
1.3202990000000003
1.3657129999999995
1.3202990000000003
1.3657129999999995
1.3202990000000003
1.3657129999999995
1.3202990000000003
1.3657129999999995
1.3202990000000003
1.3657129999999995
1.3202990000000003
1.3657129999999995
1.3202990000000003
1.3657129999999995
1.3202990000000003
1.3657129999999995
1.3202990000000003
1.3657129999999995
1.3202990000000003
1.3657129999999995
1.3202990000000003
1.3657129999999995
1.3202990000000003
1.3657129999999995
1.3202990000000003
1.3657129999999995
1.3202990000000003
1.3657129999999995
1.3202990000000003
1.3657129999999995
1.3202990000000003
1.3657129999999995
1.3202990000000003
1.3657129999999995
1.3202990000000003
1.3657129999999995
1.3202990000000003
1.3657129999999995
1.3202990000000003
1.3657129999999995
1.3202990000000003
1.3657129999999995
1.3202990000000003
1.3657129999999995
1.3202990000000003
1.3657129999999995
1.3202990000000003
1.3657129999999995
1.3202990000000003
1.3657129999999995
1.3202990000000003
1.3657129999999995
1.3202990000000003
1.3657129999999995
1.3202990000000003
1.3657129999999995
1.3202990000000003
1.3657129999999995
1.3202990000000003
1.3657129999999995
1.3202990000000003
1.3657129999999995
1.3202990000000003
1.3657129999999995
1.3202990000000003
1.3657129999999995
1.3202990000000003
1.3657129999999995
1.3202990000000003
1.3657129999999995
1.3202990000000003
1.3657129999999995
1.3202990000000003
1.3657129999999995
1.3202990000000003
1.3657129999999995
1.3202990000000003
1.3657129999999995
1.3202990000000003
1.3657129999999995
1.3202990000000003
1.3657129999999995
1.3202990000000003
1.3657129999999995
1.3202990000000003
1.3657129999999995
1.3202990000000003
1.3657129999999995
1.3202990000000003
1.3657129999999995
1.3202990000000003
1.3657129999999995
1.3202990000000003
1.3657129999999995
1.3202990000000003
1.3657129999999995
1.3202990000000003
1.3657129999999995
1.3202990000000003
1.3657129999999995
1.3202990000000003
-1.3526980000000002
-1.3333139999999997
-1.3526980000000002
-1.3333139999999997
-1.3526980000000002
-1.3333139999999997
-1.3526980000000002
-1.3333139999999997
-1.3526980000000002
-1.3333139999999997
-1.3526980000000002
-1.3333139999999997
-1.3526980000000002
-1.3333139999999997
-1.3526980000000002
-1.3333139999999997
-1.3526980000000002
-1.3333139999999997
-1.3526980000000002
-1.3333139999999997
-1.3526980000000002
-1.3333139999999997
-1.3526980000000002
-1.3333139999999997
-1.3526980000000002
-1.3333139999999997
-1.3526980000000002
-1.3333139999999997
-1.3526980000000002
-1.3333139999999997
-1.3526980000000002
-1.3333139999999997
-1.3526980000000002
-1.3333139999999997
-1.3526980000000002
-1.3333139999999997
-1.3526980000000002
-1.3333139999999997
-1.3526980000000002
-1.3333139999999997
-1.3526980000000002
-1.3333139999999997
-1.3526980000000002
-1.3333139999999997
-1.3526980000000002
-1.3333139999999997
-1.3526980000000002
-1.3333139999999997
-1.3526980000000002
-1.3333139999999997
-1.3526980000000002
-1.3333139999999997
-1.3526980000000002
-1.3333139999999997
-1.3526980000000002
-1.3333139999999997
-1.3526980000000002
-1.3333139999999997
-1.3526980000000002
-1.3333139999999997
-1.3526980000000002
-1.3333139999999997
-1.3526980000000002
-1.3333139999999997
-1.3526980000000002
-1.3333139999999997
-1.3526980000000002
-1.3333139999999997
-1.3526980000000002
-1.3333139999999997
-1.3526980000000002
-1.3333139999999997
-1.3526980000000002
-1.3333139999999997
-1.3526980000000002
-1.3333139999999997
-1.3526980000000002
-1.3333139999999997
-1.3526980000000002
-1.3333139999999997
-1.3526980000000002
-1.3333139999999997
-1.3526980000000002
-1.3333139999999997
-1.3526980000000002
-1.3333139999999997
-1.3526980000000002
-1.3333139999999997
-1.3526980000000002
-1.3333139999999997
-1.3526980000000002
-1.3333139999999997
-1.3526980000000002
-1.3333139999999997
-1.3526980000000002
-1.3333139999999997
-1.3526980000000002
-1.3333139999999997
-1.3526980000000002
-1.3333139999999997
-1.3526980000000002
-1.3333139999999997
-1.3526980000000002
-1.3333139999999997
-1.3526980000000002
-1.3333139999999997
-1.3526980000000002
-1.3333139999999997
-1.3526980000000002
-1.3333139999999997
-1.3526980000000002
-1.3333139999999997
-1.3526980000000002
-1.3333139999999997
-1.3526980000000002
-1.3333139999999997
-1.3526980000000002
-1.3333139999999997
-1.3526980000000002
-1.3333139999999997
