1.3393490000000003
1.205285
1.2672670000000004
1.3935119999999994
1.3393490000000003
1.205285
1.2672670000000004
1.3935119999999994
1.3393490000000003
1.205285
1.2672670000000004
1.3935119999999994
1.3393490000000003
1.205285
1.2672670000000004
1.3935119999999994
1.3393490000000003
1.205285
1.2672670000000004
1.3935119999999994
1.3393490000000003
1.205285
1.2672670000000004
1.3935119999999994
1.3393490000000003
1.205285
1.2672670000000004
1.3935119999999994
1.3393490000000003
1.205285
1.2672670000000004
1.3935119999999994
1.3393490000000003
1.205285
1.2672670000000004
1.3935119999999994
1.3393490000000003
1.205285
1.2672670000000004
1.3935119999999994
1.3393490000000003
1.205285
1.2672670000000004
1.3935119999999994
1.3393490000000003
1.205285
1.2672670000000004
1.3935119999999994
1.3393490000000003
1.205285
1.2672670000000004
1.3935119999999994
1.3393490000000003
1.205285
1.2672670000000004
1.3935119999999994
1.3393490000000003
1.205285
1.2672670000000004
1.3935119999999994
1.3393490000000003
1.205285
1.2672670000000004
1.3935119999999994
1.3393490000000003
1.205285
1.2672670000000004
1.3935119999999994
1.3393490000000003
1.205285
1.2672670000000004
1.3935119999999994
1.3393490000000003
1.205285
1.2672670000000004
1.3935119999999994
1.3393490000000003
1.205285
1.2672670000000004
1.3935119999999994
1.3393490000000003
1.205285
1.2672670000000004
1.3935119999999994
1.3393490000000003
1.205285
1.2672670000000004
1.3935119999999994
1.3393490000000003
1.205285
1.2672670000000004
1.3935119999999994
1.3393490000000003
1.205285
1.2672670000000004
1.3935119999999994
1.3393490000000003
1.205285
1.2672670000000004
1.3935119999999994
1.3393490000000003
1.205285
1.2672670000000004
1.3935119999999994
1.3393490000000003
1.205285
1.2672670000000004
1.3935119999999994
1.3393490000000003
1.205285
1.2672670000000004
1.3935119999999994
1.3393490000000003
1.205285
1.2672670000000004
1.3935119999999994
1.3393490000000003
1.205285
1.2672670000000004
1.3935119999999994
1.3393490000000003
1.205285
1.2672670000000004
1.3935119999999994
1.3393490000000003
1.205285
1.2672670000000004
1.3935119999999994
1.3393490000000003
1.205285
1.2672670000000004
1.3935119999999994
1.3393490000000003
1.205285
1.2672670000000004
1.3935119999999994
1.3393490000000003
1.205285
1.2672670000000004
1.3935119999999994
1.3393490000000003
1.205285
1.2672670000000004
1.3935119999999994
1.3393490000000003
1.205285
1.2672670000000004
1.3935119999999994
1.3393490000000003
1.205285
1.2672670000000004
1.3935119999999994
1.3393490000000003
1.205285
1.2672670000000004
1.3935119999999994
1.3393490000000003
1.205285
1.2672670000000004
1.3935119999999994
1.3393490000000003
1.205285
1.2672670000000004
1.3935119999999994
1.3393490000000003
1.205285
1.2672670000000004
1.3935119999999994
1.3393490000000003
1.205285
1.2672670000000004
1.3935119999999994
1.3393490000000003
1.205285
1.2672670000000004
1.3935119999999994
1.3393490000000003
1.205285
1.2672670000000004
1.3935119999999994
-1.3216520000000003
-1.2747019999999996
-1.307671
-1.3013839999999997
-1.3216520000000003
-1.2747019999999996
-1.307671
-1.3013839999999997
-1.3216520000000003
-1.2747019999999996
-1.307671
-1.3013839999999997
-1.3216520000000003
-1.2747019999999996
-1.307671
-1.3013839999999997
-1.3216520000000003
-1.2747019999999996
-1.307671
-1.3013839999999997
-1.3216520000000003
-1.2747019999999996
-1.307671
-1.3013839999999997
-1.3216520000000003
-1.2747019999999996
-1.307671
-1.3013839999999997
-1.3216520000000003
-1.2747019999999996
-1.307671
-1.3013839999999997
-1.3216520000000003
-1.2747019999999996
-1.307671
-1.3013839999999997
-1.3216520000000003
-1.2747019999999996
-1.307671
-1.3013839999999997
-1.3216520000000003
-1.2747019999999996
-1.307671
-1.3013839999999997
-1.3216520000000003
-1.2747019999999996
-1.307671
-1.3013839999999997
-1.3216520000000003
-1.2747019999999996
-1.307671
-1.3013839999999997
-1.3216520000000003
-1.2747019999999996
-1.307671
-1.3013839999999997
-1.3216520000000003
-1.2747019999999996
-1.307671
-1.3013839999999997
-1.3216520000000003
-1.2747019999999996
-1.307671
-1.3013839999999997
-1.3216520000000003
-1.2747019999999996
-1.307671
-1.3013839999999997
-1.3216520000000003
-1.2747019999999996
-1.307671
-1.3013839999999997
-1.3216520000000003
-1.2747019999999996
-1.307671
-1.3013839999999997
-1.3216520000000003
-1.2747019999999996
-1.307671
-1.3013839999999997
-1.3216520000000003
-1.2747019999999996
-1.307671
-1.3013839999999997
-1.3216520000000003
-1.2747019999999996
-1.307671
-1.3013839999999997
-1.3216520000000003
-1.2747019999999996
-1.307671
-1.3013839999999997
-1.3216520000000003
-1.2747019999999996
-1.307671
-1.3013839999999997
-1.3216520000000003
-1.2747019999999996
-1.307671
-1.3013839999999997
-1.3216520000000003
-1.2747019999999996
-1.307671
-1.3013839999999997
-1.3216520000000003
-1.2747019999999996
-1.307671
-1.3013839999999997
-1.3216520000000003
-1.2747019999999996
-1.307671
-1.3013839999999997
-1.3216520000000003
-1.2747019999999996
-1.307671
-1.3013839999999997
-1.3216520000000003
-1.2747019999999996
-1.307671
-1.3013839999999997
-1.3216520000000003
-1.2747019999999996
-1.307671
-1.3013839999999997
-1.3216520000000003
-1.2747019999999996
-1.307671
-1.3013839999999997
-1.3216520000000003
-1.2747019999999996
-1.307671
-1.3013839999999997
-1.3216520000000003
-1.2747019999999996
-1.307671
-1.3013839999999997
-1.3216520000000003
-1.2747019999999996
-1.307671
-1.3013839999999997
-1.3216520000000003
-1.2747019999999996
-1.307671
-1.3013839999999997
-1.3216520000000003
-1.2747019999999996
-1.307671
-1.3013839999999997
-1.3216520000000003
-1.2747019999999996
-1.307671
-1.3013839999999997
-1.3216520000000003
-1.2747019999999996
-1.307671
-1.3013839999999997
-1.3216520000000003
-1.2747019999999996
-1.307671
-1.3013839999999997
-1.3216520000000003
-1.2747019999999996
-1.307671
-1.3013839999999997
-1.3216520000000003
-1.2747019999999996
-1.307671
-1.3013839999999997
-1.3216520000000003
-1.2747019999999996
-1.307671
-1.3013839999999997
-1.3216520000000003
-1.2747019999999996
-1.307671
-1.3013839999999997
-1.3216520000000003
-1.2747019999999996
-1.307671
-1.3013839999999997
