1.3728180000000005
1.359572
1.3409359999999992
1.3146900000000006
1.3728180000000005
1.359572
1.3409359999999992
1.3146900000000006
1.3728180000000005
1.359572
1.3409359999999992
1.3146900000000006
1.3728180000000005
1.359572
1.3409359999999992
1.3146900000000006
1.3728180000000005
1.359572
1.3409359999999992
1.3146900000000006
1.3728180000000005
1.359572
1.3409359999999992
1.3146900000000006
1.3728180000000005
1.359572
1.3409359999999992
1.3146900000000006
1.3728180000000005
1.359572
1.3409359999999992
1.3146900000000006
1.3728180000000005
1.359572
1.3409359999999992
1.3146900000000006
1.3728180000000005
1.359572
1.3409359999999992
1.3146900000000006
1.3728180000000005
1.359572
1.3409359999999992
1.3146900000000006
1.3728180000000005
1.359572
1.3409359999999992
1.3146900000000006
1.3728180000000005
1.359572
1.3409359999999992
1.3146900000000006
1.3728180000000005
1.359572
1.3409359999999992
1.3146900000000006
1.3728180000000005
1.359572
1.3409359999999992
1.3146900000000006
1.3728180000000005
1.359572
1.3409359999999992
1.3146900000000006
1.3728180000000005
1.359572
1.3409359999999992
1.3146900000000006
1.3728180000000005
1.359572
1.3409359999999992
1.3146900000000006
1.3728180000000005
1.359572
1.3409359999999992
1.3146900000000006
1.3728180000000005
1.359572
1.3409359999999992
1.3146900000000006
1.3728180000000005
1.359572
1.3409359999999992
1.3146900000000006
1.3728180000000005
1.359572
1.3409359999999992
1.3146900000000006
1.3728180000000005
1.359572
1.3409359999999992
1.3146900000000006
1.3728180000000005
1.359572
1.3409359999999992
1.3146900000000006
1.3728180000000005
1.359572
1.3409359999999992
1.3146900000000006
1.3728180000000005
1.359572
1.3409359999999992
1.3146900000000006
1.3728180000000005
1.359572
1.3409359999999992
1.3146900000000006
1.3728180000000005
1.359572
1.3409359999999992
1.3146900000000006
1.3728180000000005
1.359572
1.3409359999999992
1.3146900000000006
1.3728180000000005
1.359572
1.3409359999999992
1.3146900000000006
1.3728180000000005
1.359572
1.3409359999999992
1.3146900000000006
1.3728180000000005
1.359572
1.3409359999999992
1.3146900000000006
1.3728180000000005
1.359572
1.3409359999999992
1.3146900000000006
1.3728180000000005
1.359572
1.3409359999999992
1.3146900000000006
1.3728180000000005
1.359572
1.3409359999999992
1.3146900000000006
1.3728180000000005
1.359572
1.3409359999999992
1.3146900000000006
1.3728180000000005
1.359572
1.3409359999999992
1.3146900000000006
1.3728180000000005
1.359572
1.3409359999999992
1.3146900000000006
1.3728180000000005
1.359572
1.3409359999999992
1.3146900000000006
1.3728180000000005
1.359572
1.3409359999999992
1.3146900000000006
1.3728180000000005
1.359572
1.3409359999999992
1.3146900000000006
1.3728180000000005
1.359572
1.3409359999999992
1.3146900000000006
1.3728180000000005
1.359572
1.3409359999999992
1.3146900000000006
1.3728180000000005
1.359572
1.3409359999999992
1.3146900000000006
1.3728180000000005
1.359572
1.3409359999999992
1.3146900000000006
1.3728180000000005
1.359572
1.3409359999999992
1.3146900000000006
1.3728180000000005
1.359572
1.3409359999999992
1.3146900000000006
1.3728180000000005
1.359572
1.3409359999999992
1.3146900000000006
-1.316669
-1.3692719999999996
-1.3674629999999999
-1.334612
-1.316669
-1.3692719999999996
-1.3674629999999999
-1.334612
-1.316669
-1.3692719999999996
-1.3674629999999999
-1.334612
-1.316669
-1.3692719999999996
-1.3674629999999999
-1.334612
-1.316669
-1.3692719999999996
-1.3674629999999999
-1.334612
-1.316669
-1.3692719999999996
-1.3674629999999999
-1.334612
-1.316669
-1.3692719999999996
-1.3674629999999999
-1.334612
-1.316669
-1.3692719999999996
-1.3674629999999999
-1.334612
-1.316669
-1.3692719999999996
-1.3674629999999999
-1.334612
-1.316669
-1.3692719999999996
-1.3674629999999999
-1.334612
-1.316669
-1.3692719999999996
-1.3674629999999999
-1.334612
-1.316669
-1.3692719999999996
-1.3674629999999999
-1.334612
-1.316669
-1.3692719999999996
-1.3674629999999999
-1.334612
-1.316669
-1.3692719999999996
-1.3674629999999999
-1.334612
-1.316669
-1.3692719999999996
-1.3674629999999999
-1.334612
-1.316669
-1.3692719999999996
-1.3674629999999999
-1.334612
-1.316669
-1.3692719999999996
-1.3674629999999999
-1.334612
-1.316669
-1.3692719999999996
-1.3674629999999999
-1.334612
-1.316669
-1.3692719999999996
-1.3674629999999999
-1.334612
-1.316669
-1.3692719999999996
-1.3674629999999999
-1.334612
-1.316669
-1.3692719999999996
-1.3674629999999999
-1.334612
-1.316669
-1.3692719999999996
-1.3674629999999999
-1.334612
-1.316669
-1.3692719999999996
-1.3674629999999999
-1.334612
-1.316669
-1.3692719999999996
-1.3674629999999999
-1.334612
-1.316669
-1.3692719999999996
-1.3674629999999999
-1.334612
-1.316669
-1.3692719999999996
-1.3674629999999999
-1.334612
-1.316669
-1.3692719999999996
-1.3674629999999999
-1.334612
-1.316669
-1.3692719999999996
-1.3674629999999999
-1.334612
-1.316669
-1.3692719999999996
-1.3674629999999999
-1.334612
-1.316669
-1.3692719999999996
-1.3674629999999999
-1.334612
-1.316669
-1.3692719999999996
-1.3674629999999999
-1.334612
-1.316669
-1.3692719999999996
-1.3674629999999999
-1.334612
-1.316669
-1.3692719999999996
-1.3674629999999999
-1.334612
-1.316669
-1.3692719999999996
-1.3674629999999999
-1.334612
-1.316669
-1.3692719999999996
-1.3674629999999999
-1.334612
-1.316669
-1.3692719999999996
-1.3674629999999999
-1.334612
-1.316669
-1.3692719999999996
-1.3674629999999999
-1.334612
-1.316669
-1.3692719999999996
-1.3674629999999999
-1.334612
-1.316669
-1.3692719999999996
-1.3674629999999999
-1.334612
-1.316669
-1.3692719999999996
-1.3674629999999999
-1.334612
-1.316669
-1.3692719999999996
-1.3674629999999999
-1.334612
-1.316669
-1.3692719999999996
-1.3674629999999999
-1.334612
-1.316669
-1.3692719999999996
-1.3674629999999999
-1.334612
-1.316669
-1.3692719999999996
-1.3674629999999999
-1.334612
-1.316669
-1.3692719999999996
-1.3674629999999999
-1.334612
-1.316669
-1.3692719999999996
-1.3674629999999999
-1.334612
-1.316669
-1.3692719999999996
-1.3674629999999999
-1.334612
-1.316669
-1.3692719999999996
-1.3674629999999999
-1.334612
