1.4011069999999997
1.4038380000000004
1.4011069999999997
1.4038380000000004
1.4011069999999997
1.4038380000000004
1.4011069999999997
1.4038380000000004
1.4011069999999997
1.4038380000000004
1.4011069999999997
1.4038380000000004
1.4011069999999997
1.4038380000000004
1.4011069999999997
1.4038380000000004
1.4011069999999997
1.4038380000000004
1.4011069999999997
1.4038380000000004
1.4011069999999997
1.4038380000000004
1.4011069999999997
1.4038380000000004
1.4011069999999997
1.4038380000000004
1.4011069999999997
1.4038380000000004
1.4011069999999997
1.4038380000000004
1.4011069999999997
1.4038380000000004
1.4011069999999997
1.4038380000000004
1.4011069999999997
1.4038380000000004
1.4011069999999997
1.4038380000000004
1.4011069999999997
1.4038380000000004
1.4011069999999997
1.4038380000000004
1.4011069999999997
1.4038380000000004
1.4011069999999997
1.4038380000000004
1.4011069999999997
1.4038380000000004
1.4011069999999997
1.4038380000000004
1.4011069999999997
1.4038380000000004
1.4011069999999997
1.4038380000000004
1.4011069999999997
1.4038380000000004
1.4011069999999997
1.4038380000000004
1.4011069999999997
1.4038380000000004
1.4011069999999997
1.4038380000000004
1.4011069999999997
1.4038380000000004
1.4011069999999997
1.4038380000000004
1.4011069999999997
1.4038380000000004
1.4011069999999997
1.4038380000000004
1.4011069999999997
1.4038380000000004
1.4011069999999997
1.4038380000000004
1.4011069999999997
1.4038380000000004
1.4011069999999997
1.4038380000000004
1.4011069999999997
1.4038380000000004
1.4011069999999997
1.4038380000000004
1.4011069999999997
1.4038380000000004
1.4011069999999997
1.4038380000000004
1.4011069999999997
1.4038380000000004
1.4011069999999997
1.4038380000000004
1.4011069999999997
1.4038380000000004
1.4011069999999997
1.4038380000000004
1.4011069999999997
1.4038380000000004
1.4011069999999997
1.4038380000000004
1.4011069999999997
1.4038380000000004
1.4011069999999997
1.4038380000000004
1.4011069999999997
1.4038380000000004
1.4011069999999997
1.4038380000000004
1.4011069999999997
1.4038380000000004
1.4011069999999997
1.4038380000000004
1.4011069999999997
1.4038380000000004
1.4011069999999997
1.4038380000000004
1.4011069999999997
1.4038380000000004
1.4011069999999997
1.4038380000000004
1.4011069999999997
1.4038380000000004
-1.4015969999999998
-1.4033499999999997
-1.4015969999999998
-1.4033499999999997
-1.4015969999999998
-1.4033499999999997
-1.4015969999999998
-1.4033499999999997
-1.4015969999999998
-1.4033499999999997
-1.4015969999999998
-1.4033499999999997
-1.4015969999999998
-1.4033499999999997
-1.4015969999999998
-1.4033499999999997
-1.4015969999999998
-1.4033499999999997
-1.4015969999999998
-1.4033499999999997
-1.4015969999999998
-1.4033499999999997
-1.4015969999999998
-1.4033499999999997
-1.4015969999999998
-1.4033499999999997
-1.4015969999999998
-1.4033499999999997
-1.4015969999999998
-1.4033499999999997
-1.4015969999999998
-1.4033499999999997
-1.4015969999999998
-1.4033499999999997
-1.4015969999999998
-1.4033499999999997
-1.4015969999999998
-1.4033499999999997
-1.4015969999999998
-1.4033499999999997
-1.4015969999999998
-1.4033499999999997
-1.4015969999999998
-1.4033499999999997
-1.4015969999999998
-1.4033499999999997
-1.4015969999999998
-1.4033499999999997
-1.4015969999999998
-1.4033499999999997
-1.4015969999999998
-1.4033499999999997
-1.4015969999999998
-1.4033499999999997
-1.4015969999999998
-1.4033499999999997
-1.4015969999999998
-1.4033499999999997
-1.4015969999999998
-1.4033499999999997
-1.4015969999999998
-1.4033499999999997
-1.4015969999999998
-1.4033499999999997
-1.4015969999999998
-1.4033499999999997
-1.4015969999999998
-1.4033499999999997
-1.4015969999999998
-1.4033499999999997
-1.4015969999999998
-1.4033499999999997
-1.4015969999999998
-1.4033499999999997
-1.4015969999999998
-1.4033499999999997
-1.4015969999999998
-1.4033499999999997
-1.4015969999999998
-1.4033499999999997
-1.4015969999999998
-1.4033499999999997
-1.4015969999999998
-1.4033499999999997
-1.4015969999999998
-1.4033499999999997
-1.4015969999999998
-1.4033499999999997
-1.4015969999999998
-1.4033499999999997
-1.4015969999999998
-1.4033499999999997
-1.4015969999999998
-1.4033499999999997
-1.4015969999999998
-1.4033499999999997
-1.4015969999999998
-1.4033499999999997
-1.4015969999999998
-1.4033499999999997
-1.4015969999999998
-1.4033499999999997
-1.4015969999999998
-1.4033499999999997
-1.4015969999999998
-1.4033499999999997
-1.4015969999999998
-1.4033499999999997
-1.4015969999999998
-1.4033499999999997
-1.4015969999999998
-1.4033499999999997
-1.4015969999999998
-1.4033499999999997
-1.4015969999999998
-1.4033499999999997
-1.4015969999999998
-1.4033499999999997
-1.4015969999999998
-1.4033499999999997
