1.2878699999999998
1.3053229999999996
1.2878699999999998
1.3053229999999996
1.2878699999999998
1.3053229999999996
1.2878699999999998
1.3053229999999996
1.2878699999999998
1.3053229999999996
1.2878699999999998
1.3053229999999996
1.2878699999999998
1.3053229999999996
1.2878699999999998
1.3053229999999996
1.2878699999999998
1.3053229999999996
1.2878699999999998
1.3053229999999996
1.2878699999999998
1.3053229999999996
1.2878699999999998
1.3053229999999996
1.2878699999999998
1.3053229999999996
1.2878699999999998
1.3053229999999996
1.2878699999999998
1.3053229999999996
1.2878699999999998
1.3053229999999996
1.2878699999999998
1.3053229999999996
1.2878699999999998
1.3053229999999996
1.2878699999999998
1.3053229999999996
1.2878699999999998
1.3053229999999996
1.2878699999999998
1.3053229999999996
1.2878699999999998
1.3053229999999996
1.2878699999999998
1.3053229999999996
1.2878699999999998
1.3053229999999996
1.2878699999999998
1.3053229999999996
1.2878699999999998
1.3053229999999996
1.2878699999999998
1.3053229999999996
1.2878699999999998
1.3053229999999996
1.2878699999999998
1.3053229999999996
1.2878699999999998
1.3053229999999996
1.2878699999999998
1.3053229999999996
1.2878699999999998
1.3053229999999996
1.2878699999999998
1.3053229999999996
1.2878699999999998
1.3053229999999996
1.2878699999999998
1.3053229999999996
1.2878699999999998
1.3053229999999996
1.2878699999999998
1.3053229999999996
1.2878699999999998
1.3053229999999996
1.2878699999999998
1.3053229999999996
1.2878699999999998
1.3053229999999996
1.2878699999999998
1.3053229999999996
1.2878699999999998
1.3053229999999996
1.2878699999999998
1.3053229999999996
1.2878699999999998
1.3053229999999996
1.2878699999999998
1.3053229999999996
1.2878699999999998
1.3053229999999996
1.2878699999999998
1.3053229999999996
1.2878699999999998
1.3053229999999996
1.2878699999999998
1.3053229999999996
1.2878699999999998
1.3053229999999996
1.2878699999999998
1.3053229999999996
1.2878699999999998
1.3053229999999996
1.2878699999999998
1.3053229999999996
1.2878699999999998
1.3053229999999996
1.2878699999999998
1.3053229999999996
1.2878699999999998
1.3053229999999996
1.2878699999999998
1.3053229999999996
1.2878699999999998
1.3053229999999996
1.2878699999999998
1.3053229999999996
1.2878699999999998
1.3053229999999996
-1.2974269999999999
-1.2957640000000001
-1.2974269999999999
-1.2957640000000001
-1.2974269999999999
-1.2957640000000001
-1.2974269999999999
-1.2957640000000001
-1.2974269999999999
-1.2957640000000001
-1.2974269999999999
-1.2957640000000001
-1.2974269999999999
-1.2957640000000001
-1.2974269999999999
-1.2957640000000001
-1.2974269999999999
-1.2957640000000001
-1.2974269999999999
-1.2957640000000001
-1.2974269999999999
-1.2957640000000001
-1.2974269999999999
-1.2957640000000001
-1.2974269999999999
-1.2957640000000001
-1.2974269999999999
-1.2957640000000001
-1.2974269999999999
-1.2957640000000001
-1.2974269999999999
-1.2957640000000001
-1.2974269999999999
-1.2957640000000001
-1.2974269999999999
-1.2957640000000001
-1.2974269999999999
-1.2957640000000001
-1.2974269999999999
-1.2957640000000001
-1.2974269999999999
-1.2957640000000001
-1.2974269999999999
-1.2957640000000001
-1.2974269999999999
-1.2957640000000001
-1.2974269999999999
-1.2957640000000001
-1.2974269999999999
-1.2957640000000001
-1.2974269999999999
-1.2957640000000001
-1.2974269999999999
-1.2957640000000001
-1.2974269999999999
-1.2957640000000001
-1.2974269999999999
-1.2957640000000001
-1.2974269999999999
-1.2957640000000001
-1.2974269999999999
-1.2957640000000001
-1.2974269999999999
-1.2957640000000001
-1.2974269999999999
-1.2957640000000001
-1.2974269999999999
-1.2957640000000001
-1.2974269999999999
-1.2957640000000001
-1.2974269999999999
-1.2957640000000001
-1.2974269999999999
-1.2957640000000001
-1.2974269999999999
-1.2957640000000001
-1.2974269999999999
-1.2957640000000001
-1.2974269999999999
-1.2957640000000001
-1.2974269999999999
-1.2957640000000001
-1.2974269999999999
-1.2957640000000001
-1.2974269999999999
-1.2957640000000001
-1.2974269999999999
-1.2957640000000001
-1.2974269999999999
-1.2957640000000001
-1.2974269999999999
-1.2957640000000001
-1.2974269999999999
-1.2957640000000001
-1.2974269999999999
-1.2957640000000001
-1.2974269999999999
-1.2957640000000001
-1.2974269999999999
-1.2957640000000001
-1.2974269999999999
-1.2957640000000001
-1.2974269999999999
-1.2957640000000001
-1.2974269999999999
-1.2957640000000001
-1.2974269999999999
-1.2957640000000001
-1.2974269999999999
-1.2957640000000001
-1.2974269999999999
-1.2957640000000001
-1.2974269999999999
-1.2957640000000001
-1.2974269999999999
-1.2957640000000001
-1.2974269999999999
-1.2957640000000001
-1.2974269999999999
-1.2957640000000001
