1.4269669999999994
1.4269870000000004
1.4321190000000001
1.4318559999999998
1.4269669999999994
1.4269870000000004
1.4321190000000001
1.4318559999999998
1.4269669999999994
1.4269870000000004
1.4321190000000001
1.4318559999999998
1.4269669999999994
1.4269870000000004
1.4321190000000001
1.4318559999999998
1.4269669999999994
1.4269870000000004
1.4321190000000001
1.4318559999999998
1.4269669999999994
1.4269870000000004
1.4321190000000001
1.4318559999999998
1.4269669999999994
1.4269870000000004
1.4321190000000001
1.4318559999999998
1.4269669999999994
1.4269870000000004
1.4321190000000001
1.4318559999999998
1.4269669999999994
1.4269870000000004
1.4321190000000001
1.4318559999999998
1.4269669999999994
1.4269870000000004
1.4321190000000001
1.4318559999999998
1.4269669999999994
1.4269870000000004
1.4321190000000001
1.4318559999999998
1.4269669999999994
1.4269870000000004
1.4321190000000001
1.4318559999999998
1.4269669999999994
1.4269870000000004
1.4321190000000001
1.4318559999999998
1.4269669999999994
1.4269870000000004
1.4321190000000001
1.4318559999999998
1.4269669999999994
1.4269870000000004
1.4321190000000001
1.4318559999999998
1.4269669999999994
1.4269870000000004
1.4321190000000001
1.4318559999999998
1.4269669999999994
1.4269870000000004
1.4321190000000001
1.4318559999999998
1.4269669999999994
1.4269870000000004
1.4321190000000001
1.4318559999999998
1.4269669999999994
1.4269870000000004
1.4321190000000001
1.4318559999999998
1.4269669999999994
1.4269870000000004
1.4321190000000001
1.4318559999999998
1.4269669999999994
1.4269870000000004
1.4321190000000001
1.4318559999999998
1.4269669999999994
1.4269870000000004
1.4321190000000001
1.4318559999999998
1.4269669999999994
1.4269870000000004
1.4321190000000001
1.4318559999999998
1.4269669999999994
1.4269870000000004
1.4321190000000001
1.4318559999999998
1.4269669999999994
1.4269870000000004
1.4321190000000001
1.4318559999999998
1.4269669999999994
1.4269870000000004
1.4321190000000001
1.4318559999999998
1.4269669999999994
1.4269870000000004
1.4321190000000001
1.4318559999999998
1.4269669999999994
1.4269870000000004
1.4321190000000001
1.4318559999999998
1.4269669999999994
1.4269870000000004
1.4321190000000001
1.4318559999999998
1.4269669999999994
1.4269870000000004
1.4321190000000001
1.4318559999999998
1.4269669999999994
1.4269870000000004
1.4321190000000001
1.4318559999999998
1.4269669999999994
1.4269870000000004
1.4321190000000001
1.4318559999999998
1.4269669999999994
1.4269870000000004
1.4321190000000001
1.4318559999999998
1.4269669999999994
1.4269870000000004
1.4321190000000001
1.4318559999999998
1.4269669999999994
1.4269870000000004
1.4321190000000001
1.4318559999999998
1.4269669999999994
1.4269870000000004
1.4321190000000001
1.4318559999999998
-1.4270300000000002
-1.432932
-1.432194
-1.4257710000000001
-1.4270300000000002
-1.432932
-1.432194
-1.4257710000000001
-1.4270300000000002
-1.432932
-1.432194
-1.4257710000000001
-1.4270300000000002
-1.432932
-1.432194
-1.4257710000000001
-1.4270300000000002
-1.432932
-1.432194
-1.4257710000000001
-1.4270300000000002
-1.432932
-1.432194
-1.4257710000000001
-1.4270300000000002
-1.432932
-1.432194
-1.4257710000000001
-1.4270300000000002
-1.432932
-1.432194
-1.4257710000000001
-1.4270300000000002
-1.432932
-1.432194
-1.4257710000000001
-1.4270300000000002
-1.432932
-1.432194
-1.4257710000000001
-1.4270300000000002
-1.432932
-1.432194
-1.4257710000000001
-1.4270300000000002
-1.432932
-1.432194
-1.4257710000000001
-1.4270300000000002
-1.432932
-1.432194
-1.4257710000000001
-1.4270300000000002
-1.432932
-1.432194
-1.4257710000000001
-1.4270300000000002
-1.432932
-1.432194
-1.4257710000000001
-1.4270300000000002
-1.432932
-1.432194
-1.4257710000000001
-1.4270300000000002
-1.432932
-1.432194
-1.4257710000000001
-1.4270300000000002
-1.432932
-1.432194
-1.4257710000000001
-1.4270300000000002
-1.432932
-1.432194
-1.4257710000000001
-1.4270300000000002
-1.432932
-1.432194
-1.4257710000000001
-1.4270300000000002
-1.432932
-1.432194
-1.4257710000000001
-1.4270300000000002
-1.432932
-1.432194
-1.4257710000000001
-1.4270300000000002
-1.432932
-1.432194
-1.4257710000000001
-1.4270300000000002
-1.432932
-1.432194
-1.4257710000000001
-1.4270300000000002
-1.432932
-1.432194
-1.4257710000000001
-1.4270300000000002
-1.432932
-1.432194
-1.4257710000000001
-1.4270300000000002
-1.432932
-1.432194
-1.4257710000000001
-1.4270300000000002
-1.432932
-1.432194
-1.4257710000000001
-1.4270300000000002
-1.432932
-1.432194
-1.4257710000000001
-1.4270300000000002
-1.432932
-1.432194
-1.4257710000000001
-1.4270300000000002
-1.432932
-1.432194
-1.4257710000000001
-1.4270300000000002
-1.432932
-1.432194
-1.4257710000000001
-1.4270300000000002
-1.432932
-1.432194
-1.4257710000000001
-1.4270300000000002
-1.432932
-1.432194
-1.4257710000000001
-1.4270300000000002
-1.432932
-1.432194
-1.4257710000000001
-1.4270300000000002
-1.432932
-1.432194
-1.4257710000000001
