0.7529439999999994
0.7529439999999994
0.7529439999999994
0.7529439999999994
0.7529439999999994
0.7529439999999994
0.7529439999999994
0.7529439999999994
0.7529439999999994
0.7529439999999994
0.7529439999999994
0.7529439999999994
0.7529439999999994
0.7529439999999994
0.7529439999999994
0.7529439999999994
0.7529439999999994
0.7529439999999994
0.7529439999999994
0.7529439999999994
0.7529439999999994
0.7529439999999994
0.7529439999999994
0.7529439999999994
0.7529439999999994
0.7529439999999994
0.7529439999999994
0.7529439999999994
0.7529439999999994
0.7529439999999994
0.7529439999999994
0.7529439999999994
0.7529439999999994
0.7529439999999994
0.7529439999999994
0.7529439999999994
0.7529439999999994
0.7529439999999994
0.7529439999999994
0.7529439999999994
0.7529439999999994
0.7529439999999994
0.7529439999999994
0.7529439999999994
0.7529439999999994
0.7529439999999994
0.7529439999999994
0.7529439999999994
0.7529439999999994
0.7529439999999994
0.7529439999999994
0.7529439999999994
0.7529439999999994
0.7529439999999994
0.7529439999999994
0.7529439999999994
0.7529439999999994
0.7529439999999994
0.7529439999999994
0.7529439999999994
0.7529439999999994
0.7529439999999994
0.7529439999999994
0.7529439999999994
-0.7529440000000003
-0.7529440000000003
-0.7529440000000003
-0.7529440000000003
-0.7529440000000003
-0.7529440000000003
-0.7529440000000003
-0.7529440000000003
-0.7529440000000003
-0.7529440000000003
-0.7529440000000003
-0.7529440000000003
-0.7529440000000003
-0.7529440000000003
-0.7529440000000003
-0.7529440000000003
-0.7529440000000003
-0.7529440000000003
-0.7529440000000003
-0.7529440000000003
-0.7529440000000003
-0.7529440000000003
-0.7529440000000003
-0.7529440000000003
-0.7529440000000003
-0.7529440000000003
-0.7529440000000003
-0.7529440000000003
-0.7529440000000003
-0.7529440000000003
-0.7529440000000003
-0.7529440000000003
-0.7529440000000003
-0.7529440000000003
-0.7529440000000003
-0.7529440000000003
-0.7529440000000003
-0.7529440000000003
-0.7529440000000003
-0.7529440000000003
-0.7529440000000003
-0.7529440000000003
-0.7529440000000003
-0.7529440000000003
-0.7529440000000003
-0.7529440000000003
-0.7529440000000003
-0.7529440000000003
-0.7529440000000003
-0.7529440000000003
-0.7529440000000003
-0.7529440000000003
-0.7529440000000003
-0.7529440000000003
-0.7529440000000003
-0.7529440000000003
-0.7529440000000003
-0.7529440000000003
-0.7529440000000003
-0.7529440000000003
-0.7529440000000003
-0.7529440000000003
-0.7529440000000003
-0.7529440000000003
