1.3255789999999994
1.3343799999999995
1.3255789999999994
1.3343799999999995
1.3255789999999994
1.3343799999999995
1.3255789999999994
1.3343799999999995
1.3255789999999994
1.3343799999999995
1.3255789999999994
1.3343799999999995
1.3255789999999994
1.3343799999999995
1.3255789999999994
1.3343799999999995
1.3255789999999994
1.3343799999999995
1.3255789999999994
1.3343799999999995
1.3255789999999994
1.3343799999999995
1.3255789999999994
1.3343799999999995
1.3255789999999994
1.3343799999999995
1.3255789999999994
1.3343799999999995
1.3255789999999994
1.3343799999999995
1.3255789999999994
1.3343799999999995
1.3255789999999994
1.3343799999999995
1.3255789999999994
1.3343799999999995
1.3255789999999994
1.3343799999999995
1.3255789999999994
1.3343799999999995
1.3255789999999994
1.3343799999999995
1.3255789999999994
1.3343799999999995
1.3255789999999994
1.3343799999999995
1.3255789999999994
1.3343799999999995
1.3255789999999994
1.3343799999999995
1.3255789999999994
1.3343799999999995
1.3255789999999994
1.3343799999999995
1.3255789999999994
1.3343799999999995
1.3255789999999994
1.3343799999999995
1.3255789999999994
1.3343799999999995
1.3255789999999994
1.3343799999999995
1.3255789999999994
1.3343799999999995
1.3255789999999994
1.3343799999999995
1.3255789999999994
1.3343799999999995
1.3255789999999994
1.3343799999999995
1.3255789999999994
1.3343799999999995
1.3255789999999994
1.3343799999999995
1.3255789999999994
1.3343799999999995
1.3255789999999994
1.3343799999999995
1.3255789999999994
1.3343799999999995
1.3255789999999994
1.3343799999999995
1.3255789999999994
1.3343799999999995
1.3255789999999994
1.3343799999999995
1.3255789999999994
1.3343799999999995
1.3255789999999994
1.3343799999999995
1.3255789999999994
1.3343799999999995
1.3255789999999994
1.3343799999999995
1.3255789999999994
1.3343799999999995
1.3255789999999994
1.3343799999999995
1.3255789999999994
1.3343799999999995
1.3255789999999994
1.3343799999999995
1.3255789999999994
1.3343799999999995
1.3255789999999994
1.3343799999999995
1.3255789999999994
1.3343799999999995
1.3255789999999994
1.3343799999999995
1.3255789999999994
1.3343799999999995
1.3255789999999994
1.3343799999999995
1.3255789999999994
1.3343799999999995
1.3255789999999994
1.3343799999999995
1.3255789999999994
1.3343799999999995
-1.337479
-1.3224809999999998
-1.337479
-1.3224809999999998
-1.337479
-1.3224809999999998
-1.337479
-1.3224809999999998
-1.337479
-1.3224809999999998
-1.337479
-1.3224809999999998
-1.337479
-1.3224809999999998
-1.337479
-1.3224809999999998
-1.337479
-1.3224809999999998
-1.337479
-1.3224809999999998
-1.337479
-1.3224809999999998
-1.337479
-1.3224809999999998
-1.337479
-1.3224809999999998
-1.337479
-1.3224809999999998
-1.337479
-1.3224809999999998
-1.337479
-1.3224809999999998
-1.337479
-1.3224809999999998
-1.337479
-1.3224809999999998
-1.337479
-1.3224809999999998
-1.337479
-1.3224809999999998
-1.337479
-1.3224809999999998
-1.337479
-1.3224809999999998
-1.337479
-1.3224809999999998
-1.337479
-1.3224809999999998
-1.337479
-1.3224809999999998
-1.337479
-1.3224809999999998
-1.337479
-1.3224809999999998
-1.337479
-1.3224809999999998
-1.337479
-1.3224809999999998
-1.337479
-1.3224809999999998
-1.337479
-1.3224809999999998
-1.337479
-1.3224809999999998
-1.337479
-1.3224809999999998
-1.337479
-1.3224809999999998
-1.337479
-1.3224809999999998
-1.337479
-1.3224809999999998
-1.337479
-1.3224809999999998
-1.337479
-1.3224809999999998
-1.337479
-1.3224809999999998
-1.337479
-1.3224809999999998
-1.337479
-1.3224809999999998
-1.337479
-1.3224809999999998
-1.337479
-1.3224809999999998
-1.337479
-1.3224809999999998
-1.337479
-1.3224809999999998
-1.337479
-1.3224809999999998
-1.337479
-1.3224809999999998
-1.337479
-1.3224809999999998
-1.337479
-1.3224809999999998
-1.337479
-1.3224809999999998
-1.337479
-1.3224809999999998
-1.337479
-1.3224809999999998
-1.337479
-1.3224809999999998
-1.337479
-1.3224809999999998
-1.337479
-1.3224809999999998
-1.337479
-1.3224809999999998
-1.337479
-1.3224809999999998
-1.337479
-1.3224809999999998
-1.337479
-1.3224809999999998
-1.337479
-1.3224809999999998
