1.3636009999999992
1.386958
1.3636009999999992
1.386958
1.3636009999999992
1.386958
1.3636009999999992
1.386958
1.3636009999999992
1.386958
1.3636009999999992
1.386958
1.3636009999999992
1.386958
1.3636009999999992
1.386958
1.3636009999999992
1.386958
1.3636009999999992
1.386958
1.3636009999999992
1.386958
1.3636009999999992
1.386958
1.3636009999999992
1.386958
1.3636009999999992
1.386958
1.3636009999999992
1.386958
1.3636009999999992
1.386958
1.3636009999999992
1.386958
1.3636009999999992
1.386958
1.3636009999999992
1.386958
1.3636009999999992
1.386958
1.3636009999999992
1.386958
1.3636009999999992
1.386958
1.3636009999999992
1.386958
1.3636009999999992
1.386958
1.3636009999999992
1.386958
1.3636009999999992
1.386958
1.3636009999999992
1.386958
1.3636009999999992
1.386958
1.3636009999999992
1.386958
1.3636009999999992
1.386958
1.3636009999999992
1.386958
1.3636009999999992
1.386958
1.3636009999999992
1.386958
1.3636009999999992
1.386958
1.3636009999999992
1.386958
1.3636009999999992
1.386958
1.3636009999999992
1.386958
1.3636009999999992
1.386958
1.3636009999999992
1.386958
1.3636009999999992
1.386958
1.3636009999999992
1.386958
1.3636009999999992
1.386958
1.3636009999999992
1.386958
1.3636009999999992
1.386958
1.3636009999999992
1.386958
1.3636009999999992
1.386958
1.3636009999999992
1.386958
1.3636009999999992
1.386958
-1.3751439999999997
-1.3754169999999997
-1.3751439999999997
-1.3754169999999997
-1.3751439999999997
-1.3754169999999997
-1.3751439999999997
-1.3754169999999997
-1.3751439999999997
-1.3754169999999997
-1.3751439999999997
-1.3754169999999997
-1.3751439999999997
-1.3754169999999997
-1.3751439999999997
-1.3754169999999997
-1.3751439999999997
-1.3754169999999997
-1.3751439999999997
-1.3754169999999997
-1.3751439999999997
-1.3754169999999997
-1.3751439999999997
-1.3754169999999997
-1.3751439999999997
-1.3754169999999997
-1.3751439999999997
-1.3754169999999997
-1.3751439999999997
-1.3754169999999997
-1.3751439999999997
-1.3754169999999997
-1.3751439999999997
-1.3754169999999997
-1.3751439999999997
-1.3754169999999997
-1.3751439999999997
-1.3754169999999997
-1.3751439999999997
-1.3754169999999997
-1.3751439999999997
-1.3754169999999997
-1.3751439999999997
-1.3754169999999997
-1.3751439999999997
-1.3754169999999997
-1.3751439999999997
-1.3754169999999997
-1.3751439999999997
-1.3754169999999997
-1.3751439999999997
-1.3754169999999997
-1.3751439999999997
-1.3754169999999997
-1.3751439999999997
-1.3754169999999997
-1.3751439999999997
-1.3754169999999997
-1.3751439999999997
-1.3754169999999997
-1.3751439999999997
-1.3754169999999997
-1.3751439999999997
-1.3754169999999997
-1.3751439999999997
-1.3754169999999997
-1.3751439999999997
-1.3754169999999997
-1.3751439999999997
-1.3754169999999997
-1.3751439999999997
-1.3754169999999997
-1.3751439999999997
-1.3754169999999997
-1.3751439999999997
-1.3754169999999997
-1.3751439999999997
-1.3754169999999997
-1.3751439999999997
-1.3754169999999997
-1.3751439999999997
-1.3754169999999997
-1.3751439999999997
-1.3754169999999997
-1.3751439999999997
-1.3754169999999997
-1.3751439999999997
-1.3754169999999997
-1.3751439999999997
-1.3754169999999997
-1.3751439999999997
-1.3754169999999997
-1.3751439999999997
-1.3754169999999997
-1.3751439999999997
-1.3754169999999997
