1.4630880000000008
1.4630880000000008
1.4630880000000008
1.4630880000000008
1.4630880000000008
1.4630880000000008
1.4630880000000008
1.4630880000000008
1.4630880000000008
1.4630880000000008
1.4630880000000008
1.4630880000000008
1.4630880000000008
1.4630880000000008
1.4630880000000008
1.4630880000000008
1.4630880000000008
1.4630880000000008
1.4630880000000008
1.4630880000000008
1.4630880000000008
1.4630880000000008
1.4630880000000008
1.4630880000000008
1.4630880000000008
1.4630880000000008
1.4630880000000008
1.4630880000000008
1.4630880000000008
1.4630880000000008
1.4630880000000008
1.4630880000000008
1.4630880000000008
1.4630880000000008
1.4630880000000008
1.4630880000000008
1.4630880000000008
1.4630880000000008
1.4630880000000008
1.4630880000000008
1.4630880000000008
1.4630880000000008
1.4630880000000008
1.4630880000000008
1.4630880000000008
1.4630880000000008
1.4630880000000008
1.4630880000000008
1.4630880000000008
1.4630880000000008
1.4630880000000008
1.4630880000000008
1.4630880000000008
1.4630880000000008
1.4630880000000008
1.4630880000000008
1.4630880000000008
1.4630880000000008
1.4630880000000008
1.4630880000000008
1.4630880000000008
1.4630880000000008
1.4630880000000008
1.4630880000000008
-1.463089
-1.463089
-1.463089
-1.463089
-1.463089
-1.463089
-1.463089
-1.463089
-1.463089
-1.463089
-1.463089
-1.463089
-1.463089
-1.463089
-1.463089
-1.463089
-1.463089
-1.463089
-1.463089
-1.463089
-1.463089
-1.463089
-1.463089
-1.463089
-1.463089
-1.463089
-1.463089
-1.463089
-1.463089
-1.463089
-1.463089
-1.463089
-1.463089
-1.463089
-1.463089
-1.463089
-1.463089
-1.463089
-1.463089
-1.463089
-1.463089
-1.463089
-1.463089
-1.463089
-1.463089
-1.463089
-1.463089
-1.463089
-1.463089
-1.463089
-1.463089
-1.463089
-1.463089
-1.463089
-1.463089
-1.463089
-1.463089
-1.463089
-1.463089
-1.463089
-1.463089
-1.463089
-1.463089
-1.463089
