1.4593819999999997
1.4593819999999997
1.4593819999999997
1.4593819999999997
1.4593819999999997
1.4593819999999997
1.4593819999999997
1.4593819999999997
1.4593819999999997
1.4593819999999997
1.4593819999999997
1.4593819999999997
1.4593819999999997
1.4593819999999997
1.4593819999999997
1.4593819999999997
1.4593819999999997
1.4593819999999997
1.4593819999999997
1.4593819999999997
1.4593819999999997
1.4593819999999997
1.4593819999999997
1.4593819999999997
1.4593819999999997
1.4593819999999997
1.4593819999999997
1.4593819999999997
1.4593819999999997
1.4593819999999997
1.4593819999999997
1.4593819999999997
1.4593819999999997
1.4593819999999997
1.4593819999999997
1.4593819999999997
1.4593819999999997
1.4593819999999997
1.4593819999999997
1.4593819999999997
1.4593819999999997
1.4593819999999997
1.4593819999999997
1.4593819999999997
1.4593819999999997
1.4593819999999997
1.4593819999999997
1.4593819999999997
1.4593819999999997
1.4593819999999997
1.4593819999999997
1.4593819999999997
1.4593819999999997
1.4593819999999997
1.4593819999999997
1.4593819999999997
1.4593819999999997
1.4593819999999997
1.4593819999999997
1.4593819999999997
1.4593819999999997
1.4593819999999997
1.4593819999999997
1.4593819999999997
-1.459384
-1.459384
-1.459384
-1.459384
-1.459384
-1.459384
-1.459384
-1.459384
-1.459384
-1.459384
-1.459384
-1.459384
-1.459384
-1.459384
-1.459384
-1.459384
-1.459384
-1.459384
-1.459384
-1.459384
-1.459384
-1.459384
-1.459384
-1.459384
-1.459384
-1.459384
-1.459384
-1.459384
-1.459384
-1.459384
-1.459384
-1.459384
-1.459384
-1.459384
-1.459384
-1.459384
-1.459384
-1.459384
-1.459384
-1.459384
-1.459384
-1.459384
-1.459384
-1.459384
-1.459384
-1.459384
-1.459384
-1.459384
-1.459384
-1.459384
-1.459384
-1.459384
-1.459384
-1.459384
-1.459384
-1.459384
-1.459384
-1.459384
-1.459384
-1.459384
-1.459384
-1.459384
-1.459384
-1.459384
