1.432506
1.3888999999999996
1.432506
1.3888999999999996
1.432506
1.3888999999999996
1.432506
1.3888999999999996
1.432506
1.3888999999999996
1.432506
1.3888999999999996
1.432506
1.3888999999999996
1.432506
1.3888999999999996
1.432506
1.3888999999999996
1.432506
1.3888999999999996
1.432506
1.3888999999999996
1.432506
1.3888999999999996
1.432506
1.3888999999999996
1.432506
1.3888999999999996
1.432506
1.3888999999999996
1.432506
1.3888999999999996
1.432506
1.3888999999999996
1.432506
1.3888999999999996
1.432506
1.3888999999999996
1.432506
1.3888999999999996
1.432506
1.3888999999999996
1.432506
1.3888999999999996
1.432506
1.3888999999999996
1.432506
1.3888999999999996
1.432506
1.3888999999999996
1.432506
1.3888999999999996
1.432506
1.3888999999999996
1.432506
1.3888999999999996
1.432506
1.3888999999999996
1.432506
1.3888999999999996
1.432506
1.3888999999999996
1.432506
1.3888999999999996
1.432506
1.3888999999999996
1.432506
1.3888999999999996
1.432506
1.3888999999999996
1.432506
1.3888999999999996
1.432506
1.3888999999999996
1.432506
1.3888999999999996
1.432506
1.3888999999999996
1.432506
1.3888999999999996
1.432506
1.3888999999999996
1.432506
1.3888999999999996
1.432506
1.3888999999999996
1.432506
1.3888999999999996
1.432506
1.3888999999999996
1.432506
1.3888999999999996
1.432506
1.3888999999999996
1.432506
1.3888999999999996
-1.414968
-1.4064379999999996
-1.414968
-1.4064379999999996
-1.414968
-1.4064379999999996
-1.414968
-1.4064379999999996
-1.414968
-1.4064379999999996
-1.414968
-1.4064379999999996
-1.414968
-1.4064379999999996
-1.414968
-1.4064379999999996
-1.414968
-1.4064379999999996
-1.414968
-1.4064379999999996
-1.414968
-1.4064379999999996
-1.414968
-1.4064379999999996
-1.414968
-1.4064379999999996
-1.414968
-1.4064379999999996
-1.414968
-1.4064379999999996
-1.414968
-1.4064379999999996
-1.414968
-1.4064379999999996
-1.414968
-1.4064379999999996
-1.414968
-1.4064379999999996
-1.414968
-1.4064379999999996
-1.414968
-1.4064379999999996
-1.414968
-1.4064379999999996
-1.414968
-1.4064379999999996
-1.414968
-1.4064379999999996
-1.414968
-1.4064379999999996
-1.414968
-1.4064379999999996
-1.414968
-1.4064379999999996
-1.414968
-1.4064379999999996
-1.414968
-1.4064379999999996
-1.414968
-1.4064379999999996
-1.414968
-1.4064379999999996
-1.414968
-1.4064379999999996
-1.414968
-1.4064379999999996
-1.414968
-1.4064379999999996
-1.414968
-1.4064379999999996
-1.414968
-1.4064379999999996
-1.414968
-1.4064379999999996
-1.414968
-1.4064379999999996
-1.414968
-1.4064379999999996
-1.414968
-1.4064379999999996
-1.414968
-1.4064379999999996
-1.414968
-1.4064379999999996
-1.414968
-1.4064379999999996
-1.414968
-1.4064379999999996
-1.414968
-1.4064379999999996
-1.414968
-1.4064379999999996
-1.414968
-1.4064379999999996
-1.414968
-1.4064379999999996
