1.3979009999999992
1.3922249999999998
1.3979009999999992
1.3922249999999998
1.3979009999999992
1.3922249999999998
1.3979009999999992
1.3922249999999998
1.3979009999999992
1.3922249999999998
1.3979009999999992
1.3922249999999998
1.3979009999999992
1.3922249999999998
1.3979009999999992
1.3922249999999998
1.3979009999999992
1.3922249999999998
1.3979009999999992
1.3922249999999998
1.3979009999999992
1.3922249999999998
1.3979009999999992
1.3922249999999998
1.3979009999999992
1.3922249999999998
1.3979009999999992
1.3922249999999998
1.3979009999999992
1.3922249999999998
1.3979009999999992
1.3922249999999998
1.3979009999999992
1.3922249999999998
1.3979009999999992
1.3922249999999998
1.3979009999999992
1.3922249999999998
1.3979009999999992
1.3922249999999998
1.3979009999999992
1.3922249999999998
1.3979009999999992
1.3922249999999998
1.3979009999999992
1.3922249999999998
1.3979009999999992
1.3922249999999998
1.3979009999999992
1.3922249999999998
1.3979009999999992
1.3922249999999998
1.3979009999999992
1.3922249999999998
1.3979009999999992
1.3922249999999998
1.3979009999999992
1.3922249999999998
1.3979009999999992
1.3922249999999998
1.3979009999999992
1.3922249999999998
1.3979009999999992
1.3922249999999998
1.3979009999999992
1.3922249999999998
1.3979009999999992
1.3922249999999998
1.3979009999999992
1.3922249999999998
1.3979009999999992
1.3922249999999998
1.3979009999999992
1.3922249999999998
1.3979009999999992
1.3922249999999998
1.3979009999999992
1.3922249999999998
1.3979009999999992
1.3922249999999998
1.3979009999999992
1.3922249999999998
1.3979009999999992
1.3922249999999998
1.3979009999999992
1.3922249999999998
1.3979009999999992
1.3922249999999998
1.3979009999999992
1.3922249999999998
1.3979009999999992
1.3922249999999998
1.3979009999999992
1.3922249999999998
1.3979009999999992
1.3922249999999998
1.3979009999999992
1.3922249999999998
1.3979009999999992
1.3922249999999998
1.3979009999999992
1.3922249999999998
1.3979009999999992
1.3922249999999998
1.3979009999999992
1.3922249999999998
1.3979009999999992
1.3922249999999998
1.3979009999999992
1.3922249999999998
1.3979009999999992
1.3922249999999998
1.3979009999999992
1.3922249999999998
1.3979009999999992
1.3922249999999998
1.3979009999999992
1.3922249999999998
1.3979009999999992
1.3922249999999998
-1.3968109999999996
-1.3933160000000004
-1.3968109999999996
-1.3933160000000004
-1.3968109999999996
-1.3933160000000004
-1.3968109999999996
-1.3933160000000004
-1.3968109999999996
-1.3933160000000004
-1.3968109999999996
-1.3933160000000004
-1.3968109999999996
-1.3933160000000004
-1.3968109999999996
-1.3933160000000004
-1.3968109999999996
-1.3933160000000004
-1.3968109999999996
-1.3933160000000004
-1.3968109999999996
-1.3933160000000004
-1.3968109999999996
-1.3933160000000004
-1.3968109999999996
-1.3933160000000004
-1.3968109999999996
-1.3933160000000004
-1.3968109999999996
-1.3933160000000004
-1.3968109999999996
-1.3933160000000004
-1.3968109999999996
-1.3933160000000004
-1.3968109999999996
-1.3933160000000004
-1.3968109999999996
-1.3933160000000004
-1.3968109999999996
-1.3933160000000004
-1.3968109999999996
-1.3933160000000004
-1.3968109999999996
-1.3933160000000004
-1.3968109999999996
-1.3933160000000004
-1.3968109999999996
-1.3933160000000004
-1.3968109999999996
-1.3933160000000004
-1.3968109999999996
-1.3933160000000004
-1.3968109999999996
-1.3933160000000004
-1.3968109999999996
-1.3933160000000004
-1.3968109999999996
-1.3933160000000004
-1.3968109999999996
-1.3933160000000004
-1.3968109999999996
-1.3933160000000004
-1.3968109999999996
-1.3933160000000004
-1.3968109999999996
-1.3933160000000004
-1.3968109999999996
-1.3933160000000004
-1.3968109999999996
-1.3933160000000004
-1.3968109999999996
-1.3933160000000004
-1.3968109999999996
-1.3933160000000004
-1.3968109999999996
-1.3933160000000004
-1.3968109999999996
-1.3933160000000004
-1.3968109999999996
-1.3933160000000004
-1.3968109999999996
-1.3933160000000004
-1.3968109999999996
-1.3933160000000004
-1.3968109999999996
-1.3933160000000004
-1.3968109999999996
-1.3933160000000004
-1.3968109999999996
-1.3933160000000004
-1.3968109999999996
-1.3933160000000004
-1.3968109999999996
-1.3933160000000004
-1.3968109999999996
-1.3933160000000004
-1.3968109999999996
-1.3933160000000004
-1.3968109999999996
-1.3933160000000004
-1.3968109999999996
-1.3933160000000004
-1.3968109999999996
-1.3933160000000004
-1.3968109999999996
-1.3933160000000004
-1.3968109999999996
-1.3933160000000004
-1.3968109999999996
-1.3933160000000004
-1.3968109999999996
-1.3933160000000004
-1.3968109999999996
-1.3933160000000004
-1.3968109999999996
-1.3933160000000004
-1.3968109999999996
-1.3933160000000004
-1.3968109999999996
-1.3933160000000004
