1.2800159999999998
1.2747720000000005
1.2800159999999998
1.2747720000000005
1.2800159999999998
1.2747720000000005
1.2800159999999998
1.2747720000000005
1.2800159999999998
1.2747720000000005
1.2800159999999998
1.2747720000000005
1.2800159999999998
1.2747720000000005
1.2800159999999998
1.2747720000000005
1.2800159999999998
1.2747720000000005
1.2800159999999998
1.2747720000000005
1.2800159999999998
1.2747720000000005
1.2800159999999998
1.2747720000000005
1.2800159999999998
1.2747720000000005
1.2800159999999998
1.2747720000000005
1.2800159999999998
1.2747720000000005
1.2800159999999998
1.2747720000000005
1.2800159999999998
1.2747720000000005
1.2800159999999998
1.2747720000000005
1.2800159999999998
1.2747720000000005
1.2800159999999998
1.2747720000000005
1.2800159999999998
1.2747720000000005
1.2800159999999998
1.2747720000000005
1.2800159999999998
1.2747720000000005
1.2800159999999998
1.2747720000000005
1.2800159999999998
1.2747720000000005
1.2800159999999998
1.2747720000000005
1.2800159999999998
1.2747720000000005
1.2800159999999998
1.2747720000000005
1.2800159999999998
1.2747720000000005
1.2800159999999998
1.2747720000000005
1.2800159999999998
1.2747720000000005
1.2800159999999998
1.2747720000000005
1.2800159999999998
1.2747720000000005
1.2800159999999998
1.2747720000000005
1.2800159999999998
1.2747720000000005
1.2800159999999998
1.2747720000000005
1.2800159999999998
1.2747720000000005
1.2800159999999998
1.2747720000000005
1.2800159999999998
1.2747720000000005
1.2800159999999998
1.2747720000000005
1.2800159999999998
1.2747720000000005
1.2800159999999998
1.2747720000000005
1.2800159999999998
1.2747720000000005
1.2800159999999998
1.2747720000000005
1.2800159999999998
1.2747720000000005
-1.2731579999999996
-1.2816299999999998
-1.2731579999999996
-1.2816299999999998
-1.2731579999999996
-1.2816299999999998
-1.2731579999999996
-1.2816299999999998
-1.2731579999999996
-1.2816299999999998
-1.2731579999999996
-1.2816299999999998
-1.2731579999999996
-1.2816299999999998
-1.2731579999999996
-1.2816299999999998
-1.2731579999999996
-1.2816299999999998
-1.2731579999999996
-1.2816299999999998
-1.2731579999999996
-1.2816299999999998
-1.2731579999999996
-1.2816299999999998
-1.2731579999999996
-1.2816299999999998
-1.2731579999999996
-1.2816299999999998
-1.2731579999999996
-1.2816299999999998
-1.2731579999999996
-1.2816299999999998
-1.2731579999999996
-1.2816299999999998
-1.2731579999999996
-1.2816299999999998
-1.2731579999999996
-1.2816299999999998
-1.2731579999999996
-1.2816299999999998
-1.2731579999999996
-1.2816299999999998
-1.2731579999999996
-1.2816299999999998
-1.2731579999999996
-1.2816299999999998
-1.2731579999999996
-1.2816299999999998
-1.2731579999999996
-1.2816299999999998
-1.2731579999999996
-1.2816299999999998
-1.2731579999999996
-1.2816299999999998
-1.2731579999999996
-1.2816299999999998
-1.2731579999999996
-1.2816299999999998
-1.2731579999999996
-1.2816299999999998
-1.2731579999999996
-1.2816299999999998
-1.2731579999999996
-1.2816299999999998
-1.2731579999999996
-1.2816299999999998
-1.2731579999999996
-1.2816299999999998
-1.2731579999999996
-1.2816299999999998
-1.2731579999999996
-1.2816299999999998
-1.2731579999999996
-1.2816299999999998
-1.2731579999999996
-1.2816299999999998
-1.2731579999999996
-1.2816299999999998
-1.2731579999999996
-1.2816299999999998
-1.2731579999999996
-1.2816299999999998
-1.2731579999999996
-1.2816299999999998
-1.2731579999999996
-1.2816299999999998
-1.2731579999999996
-1.2816299999999998
-1.2731579999999996
-1.2816299999999998
