1.3014600000000005
1.3014600000000005
1.3014600000000005
1.3014600000000005
1.3014600000000005
1.3014600000000005
1.3014600000000005
1.3014600000000005
1.3014600000000005
1.3014600000000005
1.3014600000000005
1.3014600000000005
1.3014600000000005
1.3014600000000005
1.3014600000000005
1.3014600000000005
1.3014600000000005
1.3014600000000005
1.3014600000000005
1.3014600000000005
1.3014600000000005
1.3014600000000005
1.3014600000000005
1.3014600000000005
1.3014600000000005
1.3014600000000005
1.3014600000000005
1.3014600000000005
1.3014600000000005
1.3014600000000005
1.3014600000000005
1.3014600000000005
1.3014600000000005
1.3014600000000005
1.3014600000000005
1.3014600000000005
1.3014600000000005
1.3014600000000005
1.3014600000000005
1.3014600000000005
1.3014600000000005
1.3014600000000005
1.3014600000000005
1.3014600000000005
1.3014600000000005
1.3014600000000005
1.3014600000000005
1.3014600000000005
1.3014600000000005
1.3014600000000005
1.3014600000000005
1.3014600000000005
1.3014600000000005
1.3014600000000005
-1.3014599999999996
-1.3014599999999996
-1.3014599999999996
-1.3014599999999996
-1.3014599999999996
-1.3014599999999996
-1.3014599999999996
-1.3014599999999996
-1.3014599999999996
-1.3014599999999996
-1.3014599999999996
-1.3014599999999996
-1.3014599999999996
-1.3014599999999996
-1.3014599999999996
-1.3014599999999996
-1.3014599999999996
-1.3014599999999996
-1.3014599999999996
-1.3014599999999996
-1.3014599999999996
-1.3014599999999996
-1.3014599999999996
-1.3014599999999996
-1.3014599999999996
-1.3014599999999996
-1.3014599999999996
-1.3014599999999996
-1.3014599999999996
-1.3014599999999996
-1.3014599999999996
-1.3014599999999996
-1.3014599999999996
-1.3014599999999996
-1.3014599999999996
-1.3014599999999996
-1.3014599999999996
-1.3014599999999996
-1.3014599999999996
-1.3014599999999996
-1.3014599999999996
-1.3014599999999996
-1.3014599999999996
-1.3014599999999996
-1.3014599999999996
-1.3014599999999996
-1.3014599999999996
-1.3014599999999996
-1.3014599999999996
-1.3014599999999996
-1.3014599999999996
-1.3014599999999996
-1.3014599999999996
-1.3014599999999996
