1.4199280000000005
1.4018010000000007
1.4199280000000005
1.4018010000000007
1.4199280000000005
1.4018010000000007
1.4199280000000005
1.4018010000000007
1.4199280000000005
1.4018010000000007
1.4199280000000005
1.4018010000000007
1.4199280000000005
1.4018010000000007
1.4199280000000005
1.4018010000000007
1.4199280000000005
1.4018010000000007
1.4199280000000005
1.4018010000000007
1.4199280000000005
1.4018010000000007
1.4199280000000005
1.4018010000000007
1.4199280000000005
1.4018010000000007
1.4199280000000005
1.4018010000000007
1.4199280000000005
1.4018010000000007
1.4199280000000005
1.4018010000000007
1.4199280000000005
1.4018010000000007
1.4199280000000005
1.4018010000000007
1.4199280000000005
1.4018010000000007
1.4199280000000005
1.4018010000000007
1.4199280000000005
1.4018010000000007
1.4199280000000005
1.4018010000000007
1.4199280000000005
1.4018010000000007
1.4199280000000005
1.4018010000000007
1.4199280000000005
1.4018010000000007
1.4199280000000005
1.4018010000000007
1.4199280000000005
1.4018010000000007
1.4199280000000005
1.4018010000000007
1.4199280000000005
1.4018010000000007
1.4199280000000005
1.4018010000000007
1.4199280000000005
1.4018010000000007
1.4199280000000005
1.4018010000000007
1.4199280000000005
1.4018010000000007
1.4199280000000005
1.4018010000000007
1.4199280000000005
1.4018010000000007
1.4199280000000005
1.4018010000000007
1.4199280000000005
1.4018010000000007
1.4199280000000005
1.4018010000000007
1.4199280000000005
1.4018010000000007
1.4199280000000005
1.4018010000000007
1.4199280000000005
1.4018010000000007
1.4199280000000005
1.4018010000000007
1.4199280000000005
1.4018010000000007
1.4199280000000005
1.4018010000000007
1.4199280000000005
1.4018010000000007
1.4199280000000005
1.4018010000000007
1.4199280000000005
1.4018010000000007
1.4199280000000005
1.4018010000000007
1.4199280000000005
1.4018010000000007
1.4199280000000005
1.4018010000000007
1.4199280000000005
1.4018010000000007
1.4199280000000005
1.4018010000000007
1.4199280000000005
1.4018010000000007
1.4199280000000005
1.4018010000000007
1.4199280000000005
1.4018010000000007
1.4199280000000005
1.4018010000000007
1.4199280000000005
1.4018010000000007
1.4199280000000005
1.4018010000000007
1.4199280000000005
1.4018010000000007
1.4199280000000005
1.4018010000000007
-1.4117189999999997
-1.4100099999999998
-1.4117189999999997
-1.4100099999999998
-1.4117189999999997
-1.4100099999999998
-1.4117189999999997
-1.4100099999999998
-1.4117189999999997
-1.4100099999999998
-1.4117189999999997
-1.4100099999999998
-1.4117189999999997
-1.4100099999999998
-1.4117189999999997
-1.4100099999999998
-1.4117189999999997
-1.4100099999999998
-1.4117189999999997
-1.4100099999999998
-1.4117189999999997
-1.4100099999999998
-1.4117189999999997
-1.4100099999999998
-1.4117189999999997
-1.4100099999999998
-1.4117189999999997
-1.4100099999999998
-1.4117189999999997
-1.4100099999999998
-1.4117189999999997
-1.4100099999999998
-1.4117189999999997
-1.4100099999999998
-1.4117189999999997
-1.4100099999999998
-1.4117189999999997
-1.4100099999999998
-1.4117189999999997
-1.4100099999999998
-1.4117189999999997
-1.4100099999999998
-1.4117189999999997
-1.4100099999999998
-1.4117189999999997
-1.4100099999999998
-1.4117189999999997
-1.4100099999999998
-1.4117189999999997
-1.4100099999999998
-1.4117189999999997
-1.4100099999999998
-1.4117189999999997
-1.4100099999999998
-1.4117189999999997
-1.4100099999999998
-1.4117189999999997
-1.4100099999999998
-1.4117189999999997
-1.4100099999999998
-1.4117189999999997
-1.4100099999999998
-1.4117189999999997
-1.4100099999999998
-1.4117189999999997
-1.4100099999999998
-1.4117189999999997
-1.4100099999999998
-1.4117189999999997
-1.4100099999999998
-1.4117189999999997
-1.4100099999999998
-1.4117189999999997
-1.4100099999999998
-1.4117189999999997
-1.4100099999999998
-1.4117189999999997
-1.4100099999999998
-1.4117189999999997
-1.4100099999999998
-1.4117189999999997
-1.4100099999999998
-1.4117189999999997
-1.4100099999999998
-1.4117189999999997
-1.4100099999999998
-1.4117189999999997
-1.4100099999999998
-1.4117189999999997
-1.4100099999999998
-1.4117189999999997
-1.4100099999999998
-1.4117189999999997
-1.4100099999999998
-1.4117189999999997
-1.4100099999999998
-1.4117189999999997
-1.4100099999999998
-1.4117189999999997
-1.4100099999999998
-1.4117189999999997
-1.4100099999999998
-1.4117189999999997
-1.4100099999999998
-1.4117189999999997
-1.4100099999999998
-1.4117189999999997
-1.4100099999999998
-1.4117189999999997
-1.4100099999999998
-1.4117189999999997
-1.4100099999999998
-1.4117189999999997
-1.4100099999999998
-1.4117189999999997
-1.4100099999999998
-1.4117189999999997
-1.4100099999999998
-1.4117189999999997
-1.4100099999999998
