1.2388890000000004
1.2388890000000004
1.2388890000000004
1.2388890000000004
1.2388890000000004
1.2388890000000004
1.2388890000000004
1.2388890000000004
1.2388890000000004
1.2388890000000004
1.2388890000000004
1.2388890000000004
1.2388890000000004
1.2388890000000004
1.2388890000000004
1.2388890000000004
1.2388890000000004
1.2388890000000004
1.2388890000000004
1.2388890000000004
1.2388890000000004
1.2388890000000004
1.2388890000000004
1.2388890000000004
-1.2388890000000004
-1.2388890000000004
-1.2388890000000004
-1.2388890000000004
-1.2388890000000004
-1.2388890000000004
-1.2388890000000004
-1.2388890000000004
-1.2388890000000004
-1.2388890000000004
-1.2388890000000004
-1.2388890000000004
-1.2388890000000004
-1.2388890000000004
-1.2388890000000004
-1.2388890000000004
-1.2388890000000004
-1.2388890000000004
-1.2388890000000004
-1.2388890000000004
-1.2388890000000004
-1.2388890000000004
-1.2388890000000004
-1.2388890000000004
