1.4029819999999997
1.3989619999999992
1.4029819999999997
1.3989619999999992
1.4029819999999997
1.3989619999999992
1.4029819999999997
1.3989619999999992
1.4029819999999997
1.3989619999999992
1.4029819999999997
1.3989619999999992
1.4029819999999997
1.3989619999999992
1.4029819999999997
1.3989619999999992
1.4029819999999997
1.3989619999999992
1.4029819999999997
1.3989619999999992
1.4029819999999997
1.3989619999999992
1.4029819999999997
1.3989619999999992
1.4029819999999997
1.3989619999999992
1.4029819999999997
1.3989619999999992
1.4029819999999997
1.3989619999999992
1.4029819999999997
1.3989619999999992
1.4029819999999997
1.3989619999999992
1.4029819999999997
1.3989619999999992
1.4029819999999997
1.3989619999999992
1.4029819999999997
1.3989619999999992
1.4029819999999997
1.3989619999999992
1.4029819999999997
1.3989619999999992
1.4029819999999997
1.3989619999999992
1.4029819999999997
1.3989619999999992
1.4029819999999997
1.3989619999999992
1.4029819999999997
1.3989619999999992
1.4029819999999997
1.3989619999999992
1.4029819999999997
1.3989619999999992
1.4029819999999997
1.3989619999999992
1.4029819999999997
1.3989619999999992
1.4029819999999997
1.3989619999999992
1.4029819999999997
1.3989619999999992
1.4029819999999997
1.3989619999999992
1.4029819999999997
1.3989619999999992
1.4029819999999997
1.3989619999999992
1.4029819999999997
1.3989619999999992
1.4029819999999997
1.3989619999999992
1.4029819999999997
1.3989619999999992
1.4029819999999997
1.3989619999999992
1.4029819999999997
1.3989619999999992
1.4029819999999997
1.3989619999999992
1.4029819999999997
1.3989619999999992
1.4029819999999997
1.3989619999999992
1.4029819999999997
1.3989619999999992
1.4029819999999997
1.3989619999999992
-1.4008890000000003
-1.401053
-1.4008890000000003
-1.401053
-1.4008890000000003
-1.401053
-1.4008890000000003
-1.401053
-1.4008890000000003
-1.401053
-1.4008890000000003
-1.401053
-1.4008890000000003
-1.401053
-1.4008890000000003
-1.401053
-1.4008890000000003
-1.401053
-1.4008890000000003
-1.401053
-1.4008890000000003
-1.401053
-1.4008890000000003
-1.401053
-1.4008890000000003
-1.401053
-1.4008890000000003
-1.401053
-1.4008890000000003
-1.401053
-1.4008890000000003
-1.401053
-1.4008890000000003
-1.401053
-1.4008890000000003
-1.401053
-1.4008890000000003
-1.401053
-1.4008890000000003
-1.401053
-1.4008890000000003
-1.401053
-1.4008890000000003
-1.401053
-1.4008890000000003
-1.401053
-1.4008890000000003
-1.401053
-1.4008890000000003
-1.401053
-1.4008890000000003
-1.401053
-1.4008890000000003
-1.401053
-1.4008890000000003
-1.401053
-1.4008890000000003
-1.401053
-1.4008890000000003
-1.401053
-1.4008890000000003
-1.401053
-1.4008890000000003
-1.401053
-1.4008890000000003
-1.401053
-1.4008890000000003
-1.401053
-1.4008890000000003
-1.401053
-1.4008890000000003
-1.401053
-1.4008890000000003
-1.401053
-1.4008890000000003
-1.401053
-1.4008890000000003
-1.401053
-1.4008890000000003
-1.401053
-1.4008890000000003
-1.401053
-1.4008890000000003
-1.401053
-1.4008890000000003
-1.401053
-1.4008890000000003
-1.401053
-1.4008890000000003
-1.401053
