1.3793930000000003
1.3752999999999993
1.3793930000000003
1.3752999999999993
1.3793930000000003
1.3752999999999993
1.3793930000000003
1.3752999999999993
1.3793930000000003
1.3752999999999993
1.3793930000000003
1.3752999999999993
1.3793930000000003
1.3752999999999993
1.3793930000000003
1.3752999999999993
1.3793930000000003
1.3752999999999993
1.3793930000000003
1.3752999999999993
1.3793930000000003
1.3752999999999993
1.3793930000000003
1.3752999999999993
1.3793930000000003
1.3752999999999993
1.3793930000000003
1.3752999999999993
1.3793930000000003
1.3752999999999993
1.3793930000000003
1.3752999999999993
1.3793930000000003
1.3752999999999993
1.3793930000000003
1.3752999999999993
1.3793930000000003
1.3752999999999993
1.3793930000000003
1.3752999999999993
1.3793930000000003
1.3752999999999993
1.3793930000000003
1.3752999999999993
1.3793930000000003
1.3752999999999993
1.3793930000000003
1.3752999999999993
1.3793930000000003
1.3752999999999993
1.3793930000000003
1.3752999999999993
1.3793930000000003
1.3752999999999993
1.3793930000000003
1.3752999999999993
1.3793930000000003
1.3752999999999993
1.3793930000000003
1.3752999999999993
1.3793930000000003
1.3752999999999993
1.3793930000000003
1.3752999999999993
1.3793930000000003
1.3752999999999993
1.3793930000000003
1.3752999999999993
1.3793930000000003
1.3752999999999993
1.3793930000000003
1.3752999999999993
1.3793930000000003
1.3752999999999993
1.3793930000000003
1.3752999999999993
1.3793930000000003
1.3752999999999993
1.3793930000000003
1.3752999999999993
1.3793930000000003
1.3752999999999993
1.3793930000000003
1.3752999999999993
1.3793930000000003
1.3752999999999993
1.3793930000000003
1.3752999999999993
1.3793930000000003
1.3752999999999993
1.3793930000000003
1.3752999999999993
1.3793930000000003
1.3752999999999993
1.3793930000000003
1.3752999999999993
-1.3747319999999998
-1.3799609999999998
-1.3747319999999998
-1.3799609999999998
-1.3747319999999998
-1.3799609999999998
-1.3747319999999998
-1.3799609999999998
-1.3747319999999998
-1.3799609999999998
-1.3747319999999998
-1.3799609999999998
-1.3747319999999998
-1.3799609999999998
-1.3747319999999998
-1.3799609999999998
-1.3747319999999998
-1.3799609999999998
-1.3747319999999998
-1.3799609999999998
-1.3747319999999998
-1.3799609999999998
-1.3747319999999998
-1.3799609999999998
-1.3747319999999998
-1.3799609999999998
-1.3747319999999998
-1.3799609999999998
-1.3747319999999998
-1.3799609999999998
-1.3747319999999998
-1.3799609999999998
-1.3747319999999998
-1.3799609999999998
-1.3747319999999998
-1.3799609999999998
-1.3747319999999998
-1.3799609999999998
-1.3747319999999998
-1.3799609999999998
-1.3747319999999998
-1.3799609999999998
-1.3747319999999998
-1.3799609999999998
-1.3747319999999998
-1.3799609999999998
-1.3747319999999998
-1.3799609999999998
-1.3747319999999998
-1.3799609999999998
-1.3747319999999998
-1.3799609999999998
-1.3747319999999998
-1.3799609999999998
-1.3747319999999998
-1.3799609999999998
-1.3747319999999998
-1.3799609999999998
-1.3747319999999998
-1.3799609999999998
-1.3747319999999998
-1.3799609999999998
-1.3747319999999998
-1.3799609999999998
-1.3747319999999998
-1.3799609999999998
-1.3747319999999998
-1.3799609999999998
-1.3747319999999998
-1.3799609999999998
-1.3747319999999998
-1.3799609999999998
-1.3747319999999998
-1.3799609999999998
-1.3747319999999998
-1.3799609999999998
-1.3747319999999998
-1.3799609999999998
-1.3747319999999998
-1.3799609999999998
-1.3747319999999998
-1.3799609999999998
-1.3747319999999998
-1.3799609999999998
-1.3747319999999998
-1.3799609999999998
-1.3747319999999998
-1.3799609999999998
-1.3747319999999998
-1.3799609999999998
-1.3747319999999998
-1.3799609999999998
-1.3747319999999998
-1.3799609999999998
-1.3747319999999998
-1.3799609999999998
