1.4627180000000006
1.4627180000000006
1.4627180000000006
1.4627180000000006
1.4627180000000006
1.4627180000000006
1.4627180000000006
1.4627180000000006
1.4627180000000006
1.4627180000000006
1.4627180000000006
1.4627180000000006
1.4627180000000006
1.4627180000000006
1.4627180000000006
1.4627180000000006
1.4627180000000006
1.4627180000000006
1.4627180000000006
1.4627180000000006
1.4627180000000006
1.4627180000000006
1.4627180000000006
1.4627180000000006
1.4627180000000006
1.4627180000000006
1.4627180000000006
1.4627180000000006
1.4627180000000006
1.4627180000000006
1.4627180000000006
1.4627180000000006
1.4627180000000006
1.4627180000000006
1.4627180000000006
1.4627180000000006
1.4627180000000006
1.4627180000000006
1.4627180000000006
1.4627180000000006
1.4627180000000006
1.4627180000000006
1.4627180000000006
1.4627180000000006
1.4627180000000006
1.4627180000000006
1.4627180000000006
1.4627180000000006
1.4627180000000006
1.4627180000000006
1.4627180000000006
1.4627180000000006
1.4627180000000006
1.4627180000000006
1.4627180000000006
1.4627180000000006
1.4627180000000006
1.4627180000000006
1.4627180000000006
1.4627180000000006
1.4627180000000006
1.4627180000000006
1.4627180000000006
1.4627180000000006
-1.46272
-1.46272
-1.46272
-1.46272
-1.46272
-1.46272
-1.46272
-1.46272
-1.46272
-1.46272
-1.46272
-1.46272
-1.46272
-1.46272
-1.46272
-1.46272
-1.46272
-1.46272
-1.46272
-1.46272
-1.46272
-1.46272
-1.46272
-1.46272
-1.46272
-1.46272
-1.46272
-1.46272
-1.46272
-1.46272
-1.46272
-1.46272
-1.46272
-1.46272
-1.46272
-1.46272
-1.46272
-1.46272
-1.46272
-1.46272
-1.46272
-1.46272
-1.46272
-1.46272
-1.46272
-1.46272
-1.46272
-1.46272
-1.46272
-1.46272
-1.46272
-1.46272
-1.46272
-1.46272
-1.46272
-1.46272
-1.46272
-1.46272
-1.46272
-1.46272
-1.46272
-1.46272
-1.46272
-1.46272
