1.2588919999999995
1.2588919999999995
1.2588919999999995
1.2588919999999995
1.2588919999999995
1.2588919999999995
1.2588919999999995
1.2588919999999995
1.2588919999999995
1.2588919999999995
1.2588919999999995
1.2588919999999995
1.2588919999999995
1.2588919999999995
1.2588919999999995
1.2588919999999995
1.2588919999999995
1.2588919999999995
1.2588919999999995
1.2588919999999995
1.2588919999999995
1.2588919999999995
1.2588919999999995
1.2588919999999995
1.2588919999999995
1.2588919999999995
1.2588919999999995
-1.2588920000000003
-1.2588920000000003
-1.2588920000000003
-1.2588920000000003
-1.2588920000000003
-1.2588920000000003
-1.2588920000000003
-1.2588920000000003
-1.2588920000000003
-1.2588920000000003
-1.2588920000000003
-1.2588920000000003
-1.2588920000000003
-1.2588920000000003
-1.2588920000000003
-1.2588920000000003
-1.2588920000000003
-1.2588920000000003
-1.2588920000000003
-1.2588920000000003
-1.2588920000000003
-1.2588920000000003
-1.2588920000000003
-1.2588920000000003
-1.2588920000000003
-1.2588920000000003
-1.2588920000000003
