1.4436520000000002
1.4436520000000002
1.4436520000000002
1.4436520000000002
1.4436520000000002
1.4436520000000002
1.4436520000000002
1.4436520000000002
1.4436520000000002
1.4436520000000002
1.4436520000000002
1.4436520000000002
1.4436520000000002
1.4436520000000002
1.4436520000000002
1.4436520000000002
1.4436520000000002
1.4436520000000002
1.4436520000000002
1.4436520000000002
1.4436520000000002
1.4436520000000002
1.4436520000000002
1.4436520000000002
1.4436520000000002
1.4436520000000002
1.4436520000000002
1.4436520000000002
1.4436520000000002
1.4436520000000002
1.4436520000000002
1.4436520000000002
1.4436520000000002
1.4436520000000002
1.4436520000000002
1.4436520000000002
1.4436520000000002
1.4436520000000002
1.4436520000000002
1.4436520000000002
1.4436520000000002
1.4436520000000002
1.4436520000000002
1.4436520000000002
1.4436520000000002
1.4436520000000002
1.4436520000000002
1.4436520000000002
1.4436520000000002
1.4436520000000002
1.4436520000000002
1.4436520000000002
1.4436520000000002
1.4436520000000002
1.4436520000000002
1.4436520000000002
1.4436520000000002
1.4436520000000002
1.4436520000000002
1.4436520000000002
1.4436520000000002
1.4436520000000002
1.4436520000000002
1.4436520000000002
-1.4436499999999999
-1.4436499999999999
-1.4436499999999999
-1.4436499999999999
-1.4436499999999999
-1.4436499999999999
-1.4436499999999999
-1.4436499999999999
-1.4436499999999999
-1.4436499999999999
-1.4436499999999999
-1.4436499999999999
-1.4436499999999999
-1.4436499999999999
-1.4436499999999999
-1.4436499999999999
-1.4436499999999999
-1.4436499999999999
-1.4436499999999999
-1.4436499999999999
-1.4436499999999999
-1.4436499999999999
-1.4436499999999999
-1.4436499999999999
-1.4436499999999999
-1.4436499999999999
-1.4436499999999999
-1.4436499999999999
-1.4436499999999999
-1.4436499999999999
-1.4436499999999999
-1.4436499999999999
-1.4436499999999999
-1.4436499999999999
-1.4436499999999999
-1.4436499999999999
-1.4436499999999999
-1.4436499999999999
-1.4436499999999999
-1.4436499999999999
-1.4436499999999999
-1.4436499999999999
-1.4436499999999999
-1.4436499999999999
-1.4436499999999999
-1.4436499999999999
-1.4436499999999999
-1.4436499999999999
-1.4436499999999999
-1.4436499999999999
-1.4436499999999999
-1.4436499999999999
-1.4436499999999999
-1.4436499999999999
-1.4436499999999999
-1.4436499999999999
-1.4436499999999999
-1.4436499999999999
-1.4436499999999999
-1.4436499999999999
-1.4436499999999999
-1.4436499999999999
-1.4436499999999999
-1.4436499999999999
