1.3431180000000005
1.3059600000000007
1.3121720000000003
1.3061779999999992
1.3431180000000005
1.3059600000000007
1.3121720000000003
1.3061779999999992
1.3431180000000005
1.3059600000000007
1.3121720000000003
1.3061779999999992
1.3431180000000005
1.3059600000000007
1.3121720000000003
1.3061779999999992
1.3431180000000005
1.3059600000000007
1.3121720000000003
1.3061779999999992
1.3431180000000005
1.3059600000000007
1.3121720000000003
1.3061779999999992
1.3431180000000005
1.3059600000000007
1.3121720000000003
1.3061779999999992
1.3431180000000005
1.3059600000000007
1.3121720000000003
1.3061779999999992
1.3431180000000005
1.3059600000000007
1.3121720000000003
1.3061779999999992
1.3431180000000005
1.3059600000000007
1.3121720000000003
1.3061779999999992
1.3431180000000005
1.3059600000000007
1.3121720000000003
1.3061779999999992
1.3431180000000005
1.3059600000000007
1.3121720000000003
1.3061779999999992
1.3431180000000005
1.3059600000000007
1.3121720000000003
1.3061779999999992
1.3431180000000005
1.3059600000000007
1.3121720000000003
1.3061779999999992
1.3431180000000005
1.3059600000000007
1.3121720000000003
1.3061779999999992
1.3431180000000005
1.3059600000000007
1.3121720000000003
1.3061779999999992
1.3431180000000005
1.3059600000000007
1.3121720000000003
1.3061779999999992
1.3431180000000005
1.3059600000000007
1.3121720000000003
1.3061779999999992
1.3431180000000005
1.3059600000000007
1.3121720000000003
1.3061779999999992
1.3431180000000005
1.3059600000000007
1.3121720000000003
1.3061779999999992
1.3431180000000005
1.3059600000000007
1.3121720000000003
1.3061779999999992
1.3431180000000005
1.3059600000000007
1.3121720000000003
1.3061779999999992
1.3431180000000005
1.3059600000000007
1.3121720000000003
1.3061779999999992
1.3431180000000005
1.3059600000000007
1.3121720000000003
1.3061779999999992
1.3431180000000005
1.3059600000000007
1.3121720000000003
1.3061779999999992
1.3431180000000005
1.3059600000000007
1.3121720000000003
1.3061779999999992
1.3431180000000005
1.3059600000000007
1.3121720000000003
1.3061779999999992
1.3431180000000005
1.3059600000000007
1.3121720000000003
1.3061779999999992
1.3431180000000005
1.3059600000000007
1.3121720000000003
1.3061779999999992
1.3431180000000005
1.3059600000000007
1.3121720000000003
1.3061779999999992
1.3431180000000005
1.3059600000000007
1.3121720000000003
1.3061779999999992
1.3431180000000005
1.3059600000000007
1.3121720000000003
1.3061779999999992
1.3431180000000005
1.3059600000000007
1.3121720000000003
1.3061779999999992
1.3431180000000005
1.3059600000000007
1.3121720000000003
1.3061779999999992
1.3431180000000005
1.3059600000000007
1.3121720000000003
1.3061779999999992
1.3431180000000005
1.3059600000000007
1.3121720000000003
1.3061779999999992
1.3431180000000005
1.3059600000000007
1.3121720000000003
1.3061779999999992
1.3431180000000005
1.3059600000000007
1.3121720000000003
1.3061779999999992
1.3431180000000005
1.3059600000000007
1.3121720000000003
1.3061779999999992
1.3431180000000005
1.3059600000000007
1.3121720000000003
1.3061779999999992
1.3431180000000005
1.3059600000000007
1.3121720000000003
1.3061779999999992
1.3431180000000005
1.3059600000000007
1.3121720000000003
1.3061779999999992
1.3431180000000005
1.3059600000000007
1.3121720000000003
1.3061779999999992
1.3431180000000005
1.3059600000000007
1.3121720000000003
1.3061779999999992
1.3431180000000005
1.3059600000000007
1.3121720000000003
1.3061779999999992
1.3431180000000005
1.3059600000000007
1.3121720000000003
1.3061779999999992
1.3431180000000005
1.3059600000000007
1.3121720000000003
1.3061779999999992
1.3431180000000005
1.3059600000000007
1.3121720000000003
1.3061779999999992
-1.3348659999999999
-1.3152970000000002
-1.309354
-1.307912
-1.3348659999999999
-1.3152970000000002
-1.309354
-1.307912
-1.3348659999999999
-1.3152970000000002
-1.309354
-1.307912
-1.3348659999999999
-1.3152970000000002
-1.309354
-1.307912
-1.3348659999999999
-1.3152970000000002
-1.309354
-1.307912
-1.3348659999999999
-1.3152970000000002
-1.309354
-1.307912
-1.3348659999999999
-1.3152970000000002
-1.309354
-1.307912
-1.3348659999999999
-1.3152970000000002
-1.309354
-1.307912
-1.3348659999999999
-1.3152970000000002
-1.309354
-1.307912
-1.3348659999999999
-1.3152970000000002
-1.309354
-1.307912
-1.3348659999999999
-1.3152970000000002
-1.309354
-1.307912
-1.3348659999999999
-1.3152970000000002
-1.309354
-1.307912
-1.3348659999999999
-1.3152970000000002
-1.309354
-1.307912
-1.3348659999999999
-1.3152970000000002
-1.309354
-1.307912
-1.3348659999999999
-1.3152970000000002
-1.309354
-1.307912
-1.3348659999999999
-1.3152970000000002
-1.309354
-1.307912
-1.3348659999999999
-1.3152970000000002
-1.309354
-1.307912
-1.3348659999999999
-1.3152970000000002
-1.309354
-1.307912
-1.3348659999999999
-1.3152970000000002
-1.309354
-1.307912
-1.3348659999999999
-1.3152970000000002
-1.309354
-1.307912
-1.3348659999999999
-1.3152970000000002
-1.309354
-1.307912
-1.3348659999999999
-1.3152970000000002
-1.309354
-1.307912
-1.3348659999999999
-1.3152970000000002
-1.309354
-1.307912
-1.3348659999999999
-1.3152970000000002
-1.309354
-1.307912
-1.3348659999999999
-1.3152970000000002
-1.309354
-1.307912
-1.3348659999999999
-1.3152970000000002
-1.309354
-1.307912
-1.3348659999999999
-1.3152970000000002
-1.309354
-1.307912
-1.3348659999999999
-1.3152970000000002
-1.309354
-1.307912
-1.3348659999999999
-1.3152970000000002
-1.309354
-1.307912
-1.3348659999999999
-1.3152970000000002
-1.309354
-1.307912
-1.3348659999999999
-1.3152970000000002
-1.309354
-1.307912
-1.3348659999999999
-1.3152970000000002
-1.309354
-1.307912
-1.3348659999999999
-1.3152970000000002
-1.309354
-1.307912
-1.3348659999999999
-1.3152970000000002
-1.309354
-1.307912
-1.3348659999999999
-1.3152970000000002
-1.309354
-1.307912
-1.3348659999999999
-1.3152970000000002
-1.309354
-1.307912
-1.3348659999999999
-1.3152970000000002
-1.309354
-1.307912
-1.3348659999999999
-1.3152970000000002
-1.309354
-1.307912
-1.3348659999999999
-1.3152970000000002
-1.309354
-1.307912
-1.3348659999999999
-1.3152970000000002
-1.309354
-1.307912
-1.3348659999999999
-1.3152970000000002
-1.309354
-1.307912
-1.3348659999999999
-1.3152970000000002
-1.309354
-1.307912
-1.3348659999999999
-1.3152970000000002
-1.309354
-1.307912
-1.3348659999999999
-1.3152970000000002
-1.309354
-1.307912
-1.3348659999999999
-1.3152970000000002
-1.309354
-1.307912
-1.3348659999999999
-1.3152970000000002
-1.309354
-1.307912
-1.3348659999999999
-1.3152970000000002
-1.309354
-1.307912
-1.3348659999999999
-1.3152970000000002
-1.309354
-1.307912
