1.4250670000000003
1.4286700000000003
1.4278709999999997
1.4289839999999998
1.4250670000000003
1.4286700000000003
1.4278709999999997
1.4289839999999998
1.4250670000000003
1.4286700000000003
1.4278709999999997
1.4289839999999998
1.4250670000000003
1.4286700000000003
1.4278709999999997
1.4289839999999998
1.4250670000000003
1.4286700000000003
1.4278709999999997
1.4289839999999998
1.4250670000000003
1.4286700000000003
1.4278709999999997
1.4289839999999998
1.4250670000000003
1.4286700000000003
1.4278709999999997
1.4289839999999998
1.4250670000000003
1.4286700000000003
1.4278709999999997
1.4289839999999998
1.4250670000000003
1.4286700000000003
1.4278709999999997
1.4289839999999998
1.4250670000000003
1.4286700000000003
1.4278709999999997
1.4289839999999998
1.4250670000000003
1.4286700000000003
1.4278709999999997
1.4289839999999998
1.4250670000000003
1.4286700000000003
1.4278709999999997
1.4289839999999998
1.4250670000000003
1.4286700000000003
1.4278709999999997
1.4289839999999998
1.4250670000000003
1.4286700000000003
1.4278709999999997
1.4289839999999998
1.4250670000000003
1.4286700000000003
1.4278709999999997
1.4289839999999998
1.4250670000000003
1.4286700000000003
1.4278709999999997
1.4289839999999998
1.4250670000000003
1.4286700000000003
1.4278709999999997
1.4289839999999998
1.4250670000000003
1.4286700000000003
1.4278709999999997
1.4289839999999998
1.4250670000000003
1.4286700000000003
1.4278709999999997
1.4289839999999998
1.4250670000000003
1.4286700000000003
1.4278709999999997
1.4289839999999998
1.4250670000000003
1.4286700000000003
1.4278709999999997
1.4289839999999998
1.4250670000000003
1.4286700000000003
1.4278709999999997
1.4289839999999998
1.4250670000000003
1.4286700000000003
1.4278709999999997
1.4289839999999998
1.4250670000000003
1.4286700000000003
1.4278709999999997
1.4289839999999998
1.4250670000000003
1.4286700000000003
1.4278709999999997
1.4289839999999998
1.4250670000000003
1.4286700000000003
1.4278709999999997
1.4289839999999998
1.4250670000000003
1.4286700000000003
1.4278709999999997
1.4289839999999998
1.4250670000000003
1.4286700000000003
1.4278709999999997
1.4289839999999998
1.4250670000000003
1.4286700000000003
1.4278709999999997
1.4289839999999998
1.4250670000000003
1.4286700000000003
1.4278709999999997
1.4289839999999998
1.4250670000000003
1.4286700000000003
1.4278709999999997
1.4289839999999998
1.4250670000000003
1.4286700000000003
1.4278709999999997
1.4289839999999998
1.4250670000000003
1.4286700000000003
1.4278709999999997
1.4289839999999998
1.4250670000000003
1.4286700000000003
1.4278709999999997
1.4289839999999998
1.4250670000000003
1.4286700000000003
1.4278709999999997
1.4289839999999998
1.4250670000000003
1.4286700000000003
1.4278709999999997
1.4289839999999998
1.4250670000000003
1.4286700000000003
1.4278709999999997
1.4289839999999998
1.4250670000000003
1.4286700000000003
1.4278709999999997
1.4289839999999998
1.4250670000000003
1.4286700000000003
1.4278709999999997
1.4289839999999998
1.4250670000000003
1.4286700000000003
1.4278709999999997
1.4289839999999998
1.4250670000000003
1.4286700000000003
1.4278709999999997
1.4289839999999998
1.4250670000000003
1.4286700000000003
1.4278709999999997
1.4289839999999998
1.4250670000000003
1.4286700000000003
1.4278709999999997
1.4289839999999998
1.4250670000000003
1.4286700000000003
1.4278709999999997
1.4289839999999998
1.4250670000000003
1.4286700000000003
1.4278709999999997
1.4289839999999998
1.4250670000000003
1.4286700000000003
1.4278709999999997
1.4289839999999998
1.4250670000000003
1.4286700000000003
1.4278709999999997
1.4289839999999998
1.4250670000000003
1.4286700000000003
1.4278709999999997
1.4289839999999998
-1.4293269999999998
-1.4249039999999997
-1.4288530000000002
-1.4275070000000003
-1.4293269999999998
-1.4249039999999997
-1.4288530000000002
-1.4275070000000003
-1.4293269999999998
-1.4249039999999997
-1.4288530000000002
-1.4275070000000003
-1.4293269999999998
-1.4249039999999997
-1.4288530000000002
-1.4275070000000003
-1.4293269999999998
-1.4249039999999997
-1.4288530000000002
-1.4275070000000003
-1.4293269999999998
-1.4249039999999997
-1.4288530000000002
-1.4275070000000003
-1.4293269999999998
-1.4249039999999997
-1.4288530000000002
-1.4275070000000003
-1.4293269999999998
-1.4249039999999997
-1.4288530000000002
-1.4275070000000003
-1.4293269999999998
-1.4249039999999997
-1.4288530000000002
-1.4275070000000003
-1.4293269999999998
-1.4249039999999997
-1.4288530000000002
-1.4275070000000003
-1.4293269999999998
-1.4249039999999997
-1.4288530000000002
-1.4275070000000003
-1.4293269999999998
-1.4249039999999997
-1.4288530000000002
-1.4275070000000003
-1.4293269999999998
-1.4249039999999997
-1.4288530000000002
-1.4275070000000003
-1.4293269999999998
-1.4249039999999997
-1.4288530000000002
-1.4275070000000003
-1.4293269999999998
-1.4249039999999997
-1.4288530000000002
-1.4275070000000003
-1.4293269999999998
-1.4249039999999997
-1.4288530000000002
-1.4275070000000003
-1.4293269999999998
-1.4249039999999997
-1.4288530000000002
-1.4275070000000003
-1.4293269999999998
-1.4249039999999997
-1.4288530000000002
-1.4275070000000003
-1.4293269999999998
-1.4249039999999997
-1.4288530000000002
-1.4275070000000003
-1.4293269999999998
-1.4249039999999997
-1.4288530000000002
-1.4275070000000003
-1.4293269999999998
-1.4249039999999997
-1.4288530000000002
-1.4275070000000003
-1.4293269999999998
-1.4249039999999997
-1.4288530000000002
-1.4275070000000003
-1.4293269999999998
-1.4249039999999997
-1.4288530000000002
-1.4275070000000003
-1.4293269999999998
-1.4249039999999997
-1.4288530000000002
-1.4275070000000003
-1.4293269999999998
-1.4249039999999997
-1.4288530000000002
-1.4275070000000003
-1.4293269999999998
-1.4249039999999997
-1.4288530000000002
-1.4275070000000003
-1.4293269999999998
-1.4249039999999997
-1.4288530000000002
-1.4275070000000003
-1.4293269999999998
-1.4249039999999997
-1.4288530000000002
-1.4275070000000003
-1.4293269999999998
-1.4249039999999997
-1.4288530000000002
-1.4275070000000003
-1.4293269999999998
-1.4249039999999997
-1.4288530000000002
-1.4275070000000003
-1.4293269999999998
-1.4249039999999997
-1.4288530000000002
-1.4275070000000003
-1.4293269999999998
-1.4249039999999997
-1.4288530000000002
-1.4275070000000003
-1.4293269999999998
-1.4249039999999997
-1.4288530000000002
-1.4275070000000003
-1.4293269999999998
-1.4249039999999997
-1.4288530000000002
-1.4275070000000003
-1.4293269999999998
-1.4249039999999997
-1.4288530000000002
-1.4275070000000003
-1.4293269999999998
-1.4249039999999997
-1.4288530000000002
-1.4275070000000003
-1.4293269999999998
-1.4249039999999997
-1.4288530000000002
-1.4275070000000003
-1.4293269999999998
-1.4249039999999997
-1.4288530000000002
-1.4275070000000003
-1.4293269999999998
-1.4249039999999997
-1.4288530000000002
-1.4275070000000003
-1.4293269999999998
-1.4249039999999997
-1.4288530000000002
-1.4275070000000003
-1.4293269999999998
-1.4249039999999997
-1.4288530000000002
-1.4275070000000003
-1.4293269999999998
-1.4249039999999997
-1.4288530000000002
-1.4275070000000003
-1.4293269999999998
-1.4249039999999997
-1.4288530000000002
-1.4275070000000003
-1.4293269999999998
-1.4249039999999997
-1.4288530000000002
-1.4275070000000003
-1.4293269999999998
-1.4249039999999997
-1.4288530000000002
-1.4275070000000003
-1.4293269999999998
-1.4249039999999997
-1.4288530000000002
-1.4275070000000003
-1.4293269999999998
-1.4249039999999997
-1.4288530000000002
-1.4275070000000003
-1.4293269999999998
-1.4249039999999997
-1.4288530000000002
-1.4275070000000003
