1.4207350000000005
1.4138629999999992
1.4163119999999996
1.4136640000000007
1.4207350000000005
1.4138629999999992
1.4163119999999996
1.4136640000000007
1.4207350000000005
1.4138629999999992
1.4163119999999996
1.4136640000000007
1.4207350000000005
1.4138629999999992
1.4163119999999996
1.4136640000000007
1.4207350000000005
1.4138629999999992
1.4163119999999996
1.4136640000000007
1.4207350000000005
1.4138629999999992
1.4163119999999996
1.4136640000000007
1.4207350000000005
1.4138629999999992
1.4163119999999996
1.4136640000000007
1.4207350000000005
1.4138629999999992
1.4163119999999996
1.4136640000000007
1.4207350000000005
1.4138629999999992
1.4163119999999996
1.4136640000000007
1.4207350000000005
1.4138629999999992
1.4163119999999996
1.4136640000000007
1.4207350000000005
1.4138629999999992
1.4163119999999996
1.4136640000000007
1.4207350000000005
1.4138629999999992
1.4163119999999996
1.4136640000000007
1.4207350000000005
1.4138629999999992
1.4163119999999996
1.4136640000000007
1.4207350000000005
1.4138629999999992
1.4163119999999996
1.4136640000000007
1.4207350000000005
1.4138629999999992
1.4163119999999996
1.4136640000000007
1.4207350000000005
1.4138629999999992
1.4163119999999996
1.4136640000000007
1.4207350000000005
1.4138629999999992
1.4163119999999996
1.4136640000000007
1.4207350000000005
1.4138629999999992
1.4163119999999996
1.4136640000000007
1.4207350000000005
1.4138629999999992
1.4163119999999996
1.4136640000000007
1.4207350000000005
1.4138629999999992
1.4163119999999996
1.4136640000000007
1.4207350000000005
1.4138629999999992
1.4163119999999996
1.4136640000000007
1.4207350000000005
1.4138629999999992
1.4163119999999996
1.4136640000000007
1.4207350000000005
1.4138629999999992
1.4163119999999996
1.4136640000000007
1.4207350000000005
1.4138629999999992
1.4163119999999996
1.4136640000000007
1.4207350000000005
1.4138629999999992
1.4163119999999996
1.4136640000000007
1.4207350000000005
1.4138629999999992
1.4163119999999996
1.4136640000000007
1.4207350000000005
1.4138629999999992
1.4163119999999996
1.4136640000000007
1.4207350000000005
1.4138629999999992
1.4163119999999996
1.4136640000000007
1.4207350000000005
1.4138629999999992
1.4163119999999996
1.4136640000000007
1.4207350000000005
1.4138629999999992
1.4163119999999996
1.4136640000000007
1.4207350000000005
1.4138629999999992
1.4163119999999996
1.4136640000000007
1.4207350000000005
1.4138629999999992
1.4163119999999996
1.4136640000000007
1.4207350000000005
1.4138629999999992
1.4163119999999996
1.4136640000000007
1.4207350000000005
1.4138629999999992
1.4163119999999996
1.4136640000000007
1.4207350000000005
1.4138629999999992
1.4163119999999996
1.4136640000000007
1.4207350000000005
1.4138629999999992
1.4163119999999996
1.4136640000000007
-1.415559
-1.416709
-1.416392
-1.4159189999999997
-1.415559
-1.416709
-1.416392
-1.4159189999999997
-1.415559
-1.416709
-1.416392
-1.4159189999999997
-1.415559
-1.416709
-1.416392
-1.4159189999999997
-1.415559
-1.416709
-1.416392
-1.4159189999999997
-1.415559
-1.416709
-1.416392
-1.4159189999999997
-1.415559
-1.416709
-1.416392
-1.4159189999999997
-1.415559
-1.416709
-1.416392
-1.4159189999999997
-1.415559
-1.416709
-1.416392
-1.4159189999999997
-1.415559
-1.416709
-1.416392
-1.4159189999999997
-1.415559
-1.416709
-1.416392
-1.4159189999999997
-1.415559
-1.416709
-1.416392
-1.4159189999999997
-1.415559
-1.416709
-1.416392
-1.4159189999999997
-1.415559
-1.416709
-1.416392
-1.4159189999999997
-1.415559
-1.416709
-1.416392
-1.4159189999999997
-1.415559
-1.416709
-1.416392
-1.4159189999999997
-1.415559
-1.416709
-1.416392
-1.4159189999999997
-1.415559
-1.416709
-1.416392
-1.4159189999999997
-1.415559
-1.416709
-1.416392
-1.4159189999999997
-1.415559
-1.416709
-1.416392
-1.4159189999999997
-1.415559
-1.416709
-1.416392
-1.4159189999999997
-1.415559
-1.416709
-1.416392
-1.4159189999999997
-1.415559
-1.416709
-1.416392
-1.4159189999999997
-1.415559
-1.416709
-1.416392
-1.4159189999999997
-1.415559
-1.416709
-1.416392
-1.4159189999999997
-1.415559
-1.416709
-1.416392
-1.4159189999999997
-1.415559
-1.416709
-1.416392
-1.4159189999999997
-1.415559
-1.416709
-1.416392
-1.4159189999999997
-1.415559
-1.416709
-1.416392
-1.4159189999999997
-1.415559
-1.416709
-1.416392
-1.4159189999999997
-1.415559
-1.416709
-1.416392
-1.4159189999999997
-1.415559
-1.416709
-1.416392
-1.4159189999999997
-1.415559
-1.416709
-1.416392
-1.4159189999999997
-1.415559
-1.416709
-1.416392
-1.4159189999999997
-1.415559
-1.416709
-1.416392
-1.4159189999999997
-1.415559
-1.416709
-1.416392
-1.4159189999999997
