1.3764669999999999
1.3695190000000004
1.3764669999999999
1.3695190000000004
1.3764669999999999
1.3695190000000004
1.3764669999999999
1.3695190000000004
1.3764669999999999
1.3695190000000004
1.3764669999999999
1.3695190000000004
1.3764669999999999
1.3695190000000004
1.3764669999999999
1.3695190000000004
1.3764669999999999
1.3695190000000004
1.3764669999999999
1.3695190000000004
1.3764669999999999
1.3695190000000004
1.3764669999999999
1.3695190000000004
1.3764669999999999
1.3695190000000004
1.3764669999999999
1.3695190000000004
1.3764669999999999
1.3695190000000004
1.3764669999999999
1.3695190000000004
1.3764669999999999
1.3695190000000004
1.3764669999999999
1.3695190000000004
1.3764669999999999
1.3695190000000004
1.3764669999999999
1.3695190000000004
1.3764669999999999
1.3695190000000004
1.3764669999999999
1.3695190000000004
1.3764669999999999
1.3695190000000004
1.3764669999999999
1.3695190000000004
1.3764669999999999
1.3695190000000004
1.3764669999999999
1.3695190000000004
1.3764669999999999
1.3695190000000004
1.3764669999999999
1.3695190000000004
1.3764669999999999
1.3695190000000004
1.3764669999999999
1.3695190000000004
1.3764669999999999
1.3695190000000004
1.3764669999999999
1.3695190000000004
1.3764669999999999
1.3695190000000004
1.3764669999999999
1.3695190000000004
1.3764669999999999
1.3695190000000004
1.3764669999999999
1.3695190000000004
1.3764669999999999
1.3695190000000004
1.3764669999999999
1.3695190000000004
1.3764669999999999
1.3695190000000004
1.3764669999999999
1.3695190000000004
1.3764669999999999
1.3695190000000004
1.3764669999999999
1.3695190000000004
1.3764669999999999
1.3695190000000004
1.3764669999999999
1.3695190000000004
1.3764669999999999
1.3695190000000004
1.3764669999999999
1.3695190000000004
1.3764669999999999
1.3695190000000004
1.3764669999999999
1.3695190000000004
1.3764669999999999
1.3695190000000004
1.3764669999999999
1.3695190000000004
1.3764669999999999
1.3695190000000004
1.3764669999999999
1.3695190000000004
1.3764669999999999
1.3695190000000004
1.3764669999999999
1.3695190000000004
1.3764669999999999
1.3695190000000004
1.3764669999999999
1.3695190000000004
1.3764669999999999
1.3695190000000004
1.3764669999999999
1.3695190000000004
1.3764669999999999
1.3695190000000004
1.3764669999999999
1.3695190000000004
-1.37216
-1.3738260000000002
-1.37216
-1.3738260000000002
-1.37216
-1.3738260000000002
-1.37216
-1.3738260000000002
-1.37216
-1.3738260000000002
-1.37216
-1.3738260000000002
-1.37216
-1.3738260000000002
-1.37216
-1.3738260000000002
-1.37216
-1.3738260000000002
-1.37216
-1.3738260000000002
-1.37216
-1.3738260000000002
-1.37216
-1.3738260000000002
-1.37216
-1.3738260000000002
-1.37216
-1.3738260000000002
-1.37216
-1.3738260000000002
-1.37216
-1.3738260000000002
-1.37216
-1.3738260000000002
-1.37216
-1.3738260000000002
-1.37216
-1.3738260000000002
-1.37216
-1.3738260000000002
-1.37216
-1.3738260000000002
-1.37216
-1.3738260000000002
-1.37216
-1.3738260000000002
-1.37216
-1.3738260000000002
-1.37216
-1.3738260000000002
-1.37216
-1.3738260000000002
-1.37216
-1.3738260000000002
-1.37216
-1.3738260000000002
-1.37216
-1.3738260000000002
-1.37216
-1.3738260000000002
-1.37216
-1.3738260000000002
-1.37216
-1.3738260000000002
-1.37216
-1.3738260000000002
-1.37216
-1.3738260000000002
-1.37216
-1.3738260000000002
-1.37216
-1.3738260000000002
-1.37216
-1.3738260000000002
-1.37216
-1.3738260000000002
-1.37216
-1.3738260000000002
-1.37216
-1.3738260000000002
-1.37216
-1.3738260000000002
-1.37216
-1.3738260000000002
-1.37216
-1.3738260000000002
-1.37216
-1.3738260000000002
-1.37216
-1.3738260000000002
-1.37216
-1.3738260000000002
-1.37216
-1.3738260000000002
-1.37216
-1.3738260000000002
-1.37216
-1.3738260000000002
-1.37216
-1.3738260000000002
-1.37216
-1.3738260000000002
-1.37216
-1.3738260000000002
-1.37216
-1.3738260000000002
-1.37216
-1.3738260000000002
-1.37216
-1.3738260000000002
-1.37216
-1.3738260000000002
-1.37216
-1.3738260000000002
-1.37216
-1.3738260000000002
-1.37216
-1.3738260000000002
-1.37216
-1.3738260000000002
