1.3843960000000006
1.328099
1.3843960000000006
1.328099
1.3843960000000006
1.328099
1.3843960000000006
1.328099
1.3843960000000006
1.328099
1.3843960000000006
1.328099
1.3843960000000006
1.328099
1.3843960000000006
1.328099
1.3843960000000006
1.328099
1.3843960000000006
1.328099
1.3843960000000006
1.328099
1.3843960000000006
1.328099
1.3843960000000006
1.328099
1.3843960000000006
1.328099
1.3843960000000006
1.328099
1.3843960000000006
1.328099
1.3843960000000006
1.328099
1.3843960000000006
1.328099
1.3843960000000006
1.328099
1.3843960000000006
1.328099
1.3843960000000006
1.328099
1.3843960000000006
1.328099
1.3843960000000006
1.328099
1.3843960000000006
1.328099
1.3843960000000006
1.328099
1.3843960000000006
1.328099
1.3843960000000006
1.328099
1.3843960000000006
1.328099
1.3843960000000006
1.328099
1.3843960000000006
1.328099
1.3843960000000006
1.328099
1.3843960000000006
1.328099
1.3843960000000006
1.328099
1.3843960000000006
1.328099
1.3843960000000006
1.328099
1.3843960000000006
1.328099
1.3843960000000006
1.328099
1.3843960000000006
1.328099
1.3843960000000006
1.328099
1.3843960000000006
1.328099
1.3843960000000006
1.328099
1.3843960000000006
1.328099
1.3843960000000006
1.328099
1.3843960000000006
1.328099
1.3843960000000006
1.328099
1.3843960000000006
1.328099
1.3843960000000006
1.328099
1.3843960000000006
1.328099
-1.3625040000000004
-1.3499910000000002
-1.3625040000000004
-1.3499910000000002
-1.3625040000000004
-1.3499910000000002
-1.3625040000000004
-1.3499910000000002
-1.3625040000000004
-1.3499910000000002
-1.3625040000000004
-1.3499910000000002
-1.3625040000000004
-1.3499910000000002
-1.3625040000000004
-1.3499910000000002
-1.3625040000000004
-1.3499910000000002
-1.3625040000000004
-1.3499910000000002
-1.3625040000000004
-1.3499910000000002
-1.3625040000000004
-1.3499910000000002
-1.3625040000000004
-1.3499910000000002
-1.3625040000000004
-1.3499910000000002
-1.3625040000000004
-1.3499910000000002
-1.3625040000000004
-1.3499910000000002
-1.3625040000000004
-1.3499910000000002
-1.3625040000000004
-1.3499910000000002
-1.3625040000000004
-1.3499910000000002
-1.3625040000000004
-1.3499910000000002
-1.3625040000000004
-1.3499910000000002
-1.3625040000000004
-1.3499910000000002
-1.3625040000000004
-1.3499910000000002
-1.3625040000000004
-1.3499910000000002
-1.3625040000000004
-1.3499910000000002
-1.3625040000000004
-1.3499910000000002
-1.3625040000000004
-1.3499910000000002
-1.3625040000000004
-1.3499910000000002
-1.3625040000000004
-1.3499910000000002
-1.3625040000000004
-1.3499910000000002
-1.3625040000000004
-1.3499910000000002
-1.3625040000000004
-1.3499910000000002
-1.3625040000000004
-1.3499910000000002
-1.3625040000000004
-1.3499910000000002
-1.3625040000000004
-1.3499910000000002
-1.3625040000000004
-1.3499910000000002
-1.3625040000000004
-1.3499910000000002
-1.3625040000000004
-1.3499910000000002
-1.3625040000000004
-1.3499910000000002
-1.3625040000000004
-1.3499910000000002
-1.3625040000000004
-1.3499910000000002
-1.3625040000000004
-1.3499910000000002
-1.3625040000000004
-1.3499910000000002
-1.3625040000000004
-1.3499910000000002
-1.3625040000000004
-1.3499910000000002
-1.3625040000000004
-1.3499910000000002
-1.3625040000000004
-1.3499910000000002
-1.3625040000000004
-1.3499910000000002
