1.4368560000000006
1.4350780000000007
1.4334889999999998
1.4400279999999999
1.4368560000000006
1.4350780000000007
1.4334889999999998
1.4400279999999999
1.4368560000000006
1.4350780000000007
1.4334889999999998
1.4400279999999999
1.4368560000000006
1.4350780000000007
1.4334889999999998
1.4400279999999999
1.4368560000000006
1.4350780000000007
1.4334889999999998
1.4400279999999999
1.4368560000000006
1.4350780000000007
1.4334889999999998
1.4400279999999999
1.4368560000000006
1.4350780000000007
1.4334889999999998
1.4400279999999999
1.4368560000000006
1.4350780000000007
1.4334889999999998
1.4400279999999999
1.4368560000000006
1.4350780000000007
1.4334889999999998
1.4400279999999999
1.4368560000000006
1.4350780000000007
1.4334889999999998
1.4400279999999999
1.4368560000000006
1.4350780000000007
1.4334889999999998
1.4400279999999999
1.4368560000000006
1.4350780000000007
1.4334889999999998
1.4400279999999999
1.4368560000000006
1.4350780000000007
1.4334889999999998
1.4400279999999999
1.4368560000000006
1.4350780000000007
1.4334889999999998
1.4400279999999999
1.4368560000000006
1.4350780000000007
1.4334889999999998
1.4400279999999999
1.4368560000000006
1.4350780000000007
1.4334889999999998
1.4400279999999999
1.4368560000000006
1.4350780000000007
1.4334889999999998
1.4400279999999999
1.4368560000000006
1.4350780000000007
1.4334889999999998
1.4400279999999999
1.4368560000000006
1.4350780000000007
1.4334889999999998
1.4400279999999999
1.4368560000000006
1.4350780000000007
1.4334889999999998
1.4400279999999999
1.4368560000000006
1.4350780000000007
1.4334889999999998
1.4400279999999999
1.4368560000000006
1.4350780000000007
1.4334889999999998
1.4400279999999999
1.4368560000000006
1.4350780000000007
1.4334889999999998
1.4400279999999999
1.4368560000000006
1.4350780000000007
1.4334889999999998
1.4400279999999999
1.4368560000000006
1.4350780000000007
1.4334889999999998
1.4400279999999999
1.4368560000000006
1.4350780000000007
1.4334889999999998
1.4400279999999999
1.4368560000000006
1.4350780000000007
1.4334889999999998
1.4400279999999999
1.4368560000000006
1.4350780000000007
1.4334889999999998
1.4400279999999999
1.4368560000000006
1.4350780000000007
1.4334889999999998
1.4400279999999999
1.4368560000000006
1.4350780000000007
1.4334889999999998
1.4400279999999999
1.4368560000000006
1.4350780000000007
1.4334889999999998
1.4400279999999999
1.4368560000000006
1.4350780000000007
1.4334889999999998
1.4400279999999999
1.4368560000000006
1.4350780000000007
1.4334889999999998
1.4400279999999999
1.4368560000000006
1.4350780000000007
1.4334889999999998
1.4400279999999999
1.4368560000000006
1.4350780000000007
1.4334889999999998
1.4400279999999999
1.4368560000000006
1.4350780000000007
1.4334889999999998
1.4400279999999999
-1.4377300000000002
-1.4373909999999999
-1.4345369999999997
-1.4357920000000002
-1.4377300000000002
-1.4373909999999999
-1.4345369999999997
-1.4357920000000002
-1.4377300000000002
-1.4373909999999999
-1.4345369999999997
-1.4357920000000002
-1.4377300000000002
-1.4373909999999999
-1.4345369999999997
-1.4357920000000002
-1.4377300000000002
-1.4373909999999999
-1.4345369999999997
-1.4357920000000002
-1.4377300000000002
-1.4373909999999999
-1.4345369999999997
-1.4357920000000002
-1.4377300000000002
-1.4373909999999999
-1.4345369999999997
-1.4357920000000002
-1.4377300000000002
-1.4373909999999999
-1.4345369999999997
-1.4357920000000002
-1.4377300000000002
-1.4373909999999999
-1.4345369999999997
-1.4357920000000002
-1.4377300000000002
-1.4373909999999999
-1.4345369999999997
-1.4357920000000002
-1.4377300000000002
-1.4373909999999999
-1.4345369999999997
-1.4357920000000002
-1.4377300000000002
-1.4373909999999999
-1.4345369999999997
-1.4357920000000002
-1.4377300000000002
-1.4373909999999999
-1.4345369999999997
-1.4357920000000002
-1.4377300000000002
-1.4373909999999999
-1.4345369999999997
-1.4357920000000002
-1.4377300000000002
-1.4373909999999999
-1.4345369999999997
-1.4357920000000002
-1.4377300000000002
-1.4373909999999999
-1.4345369999999997
-1.4357920000000002
-1.4377300000000002
-1.4373909999999999
-1.4345369999999997
-1.4357920000000002
-1.4377300000000002
-1.4373909999999999
-1.4345369999999997
-1.4357920000000002
-1.4377300000000002
-1.4373909999999999
-1.4345369999999997
-1.4357920000000002
-1.4377300000000002
-1.4373909999999999
-1.4345369999999997
-1.4357920000000002
-1.4377300000000002
-1.4373909999999999
-1.4345369999999997
-1.4357920000000002
-1.4377300000000002
-1.4373909999999999
-1.4345369999999997
-1.4357920000000002
-1.4377300000000002
-1.4373909999999999
-1.4345369999999997
-1.4357920000000002
-1.4377300000000002
-1.4373909999999999
-1.4345369999999997
-1.4357920000000002
-1.4377300000000002
-1.4373909999999999
-1.4345369999999997
-1.4357920000000002
-1.4377300000000002
-1.4373909999999999
-1.4345369999999997
-1.4357920000000002
-1.4377300000000002
-1.4373909999999999
-1.4345369999999997
-1.4357920000000002
-1.4377300000000002
-1.4373909999999999
-1.4345369999999997
-1.4357920000000002
-1.4377300000000002
-1.4373909999999999
-1.4345369999999997
-1.4357920000000002
-1.4377300000000002
-1.4373909999999999
-1.4345369999999997
-1.4357920000000002
-1.4377300000000002
-1.4373909999999999
-1.4345369999999997
-1.4357920000000002
-1.4377300000000002
-1.4373909999999999
-1.4345369999999997
-1.4357920000000002
-1.4377300000000002
-1.4373909999999999
-1.4345369999999997
-1.4357920000000002
-1.4377300000000002
-1.4373909999999999
-1.4345369999999997
-1.4357920000000002
-1.4377300000000002
-1.4373909999999999
-1.4345369999999997
-1.4357920000000002
-1.4377300000000002
-1.4373909999999999
-1.4345369999999997
-1.4357920000000002
