1.4641219999999997
1.4641219999999997
1.4641219999999997
1.4641219999999997
1.4641219999999997
1.4641219999999997
1.4641219999999997
1.4641219999999997
1.4641219999999997
1.4641219999999997
1.4641219999999997
1.4641219999999997
1.4641219999999997
1.4641219999999997
1.4641219999999997
1.4641219999999997
1.4641219999999997
1.4641219999999997
1.4641219999999997
1.4641219999999997
1.4641219999999997
1.4641219999999997
1.4641219999999997
1.4641219999999997
1.4641219999999997
1.4641219999999997
1.4641219999999997
1.4641219999999997
1.4641219999999997
1.4641219999999997
1.4641219999999997
1.4641219999999997
1.4641219999999997
1.4641219999999997
1.4641219999999997
1.4641219999999997
1.4641219999999997
1.4641219999999997
1.4641219999999997
1.4641219999999997
1.4641219999999997
1.4641219999999997
1.4641219999999997
1.4641219999999997
1.4641219999999997
1.4641219999999997
1.4641219999999997
1.4641219999999997
1.4641219999999997
1.4641219999999997
1.4641219999999997
1.4641219999999997
1.4641219999999997
1.4641219999999997
1.4641219999999997
1.4641219999999997
1.4641219999999997
1.4641219999999997
1.4641219999999997
1.4641219999999997
1.4641219999999997
1.4641219999999997
1.4641219999999997
1.4641219999999997
1.4641219999999997
1.4641219999999997
1.4641219999999997
1.4641219999999997
1.4641219999999997
1.4641219999999997
1.4641219999999997
1.4641219999999997
-1.4641229999999998
-1.4641229999999998
-1.4641229999999998
-1.4641229999999998
-1.4641229999999998
-1.4641229999999998
-1.4641229999999998
-1.4641229999999998
-1.4641229999999998
-1.4641229999999998
-1.4641229999999998
-1.4641229999999998
-1.4641229999999998
-1.4641229999999998
-1.4641229999999998
-1.4641229999999998
-1.4641229999999998
-1.4641229999999998
-1.4641229999999998
-1.4641229999999998
-1.4641229999999998
-1.4641229999999998
-1.4641229999999998
-1.4641229999999998
-1.4641229999999998
-1.4641229999999998
-1.4641229999999998
-1.4641229999999998
-1.4641229999999998
-1.4641229999999998
-1.4641229999999998
-1.4641229999999998
-1.4641229999999998
-1.4641229999999998
-1.4641229999999998
-1.4641229999999998
-1.4641229999999998
-1.4641229999999998
-1.4641229999999998
-1.4641229999999998
-1.4641229999999998
-1.4641229999999998
-1.4641229999999998
-1.4641229999999998
-1.4641229999999998
-1.4641229999999998
-1.4641229999999998
-1.4641229999999998
-1.4641229999999998
-1.4641229999999998
-1.4641229999999998
-1.4641229999999998
-1.4641229999999998
-1.4641229999999998
-1.4641229999999998
-1.4641229999999998
-1.4641229999999998
-1.4641229999999998
-1.4641229999999998
-1.4641229999999998
-1.4641229999999998
-1.4641229999999998
-1.4641229999999998
-1.4641229999999998
-1.4641229999999998
-1.4641229999999998
-1.4641229999999998
-1.4641229999999998
-1.4641229999999998
-1.4641229999999998
-1.4641229999999998
-1.4641229999999998
