1.4345040000000004
1.4327520000000007
1.4357450000000007
1.4345090000000003
1.4345040000000004
1.4327520000000007
1.4357450000000007
1.4345090000000003
1.4345040000000004
1.4327520000000007
1.4357450000000007
1.4345090000000003
1.4345040000000004
1.4327520000000007
1.4357450000000007
1.4345090000000003
1.4345040000000004
1.4327520000000007
1.4357450000000007
1.4345090000000003
1.4345040000000004
1.4327520000000007
1.4357450000000007
1.4345090000000003
1.4345040000000004
1.4327520000000007
1.4357450000000007
1.4345090000000003
1.4345040000000004
1.4327520000000007
1.4357450000000007
1.4345090000000003
1.4345040000000004
1.4327520000000007
1.4357450000000007
1.4345090000000003
1.4345040000000004
1.4327520000000007
1.4357450000000007
1.4345090000000003
1.4345040000000004
1.4327520000000007
1.4357450000000007
1.4345090000000003
1.4345040000000004
1.4327520000000007
1.4357450000000007
1.4345090000000003
1.4345040000000004
1.4327520000000007
1.4357450000000007
1.4345090000000003
1.4345040000000004
1.4327520000000007
1.4357450000000007
1.4345090000000003
1.4345040000000004
1.4327520000000007
1.4357450000000007
1.4345090000000003
1.4345040000000004
1.4327520000000007
1.4357450000000007
1.4345090000000003
1.4345040000000004
1.4327520000000007
1.4357450000000007
1.4345090000000003
1.4345040000000004
1.4327520000000007
1.4357450000000007
1.4345090000000003
1.4345040000000004
1.4327520000000007
1.4357450000000007
1.4345090000000003
1.4345040000000004
1.4327520000000007
1.4357450000000007
1.4345090000000003
1.4345040000000004
1.4327520000000007
1.4357450000000007
1.4345090000000003
1.4345040000000004
1.4327520000000007
1.4357450000000007
1.4345090000000003
1.4345040000000004
1.4327520000000007
1.4357450000000007
1.4345090000000003
1.4345040000000004
1.4327520000000007
1.4357450000000007
1.4345090000000003
1.4345040000000004
1.4327520000000007
1.4357450000000007
1.4345090000000003
1.4345040000000004
1.4327520000000007
1.4357450000000007
1.4345090000000003
1.4345040000000004
1.4327520000000007
1.4357450000000007
1.4345090000000003
1.4345040000000004
1.4327520000000007
1.4357450000000007
1.4345090000000003
1.4345040000000004
1.4327520000000007
1.4357450000000007
1.4345090000000003
1.4345040000000004
1.4327520000000007
1.4357450000000007
1.4345090000000003
1.4345040000000004
1.4327520000000007
1.4357450000000007
1.4345090000000003
1.4345040000000004
1.4327520000000007
1.4357450000000007
1.4345090000000003
1.4345040000000004
1.4327520000000007
1.4357450000000007
1.4345090000000003
1.4345040000000004
1.4327520000000007
1.4357450000000007
1.4345090000000003
1.4345040000000004
1.4327520000000007
1.4357450000000007
1.4345090000000003
1.4345040000000004
1.4327520000000007
1.4357450000000007
1.4345090000000003
-1.4333669999999996
-1.4356850000000003
-1.4337
-1.4347580000000004
-1.4333669999999996
-1.4356850000000003
-1.4337
-1.4347580000000004
-1.4333669999999996
-1.4356850000000003
-1.4337
-1.4347580000000004
-1.4333669999999996
-1.4356850000000003
-1.4337
-1.4347580000000004
-1.4333669999999996
-1.4356850000000003
-1.4337
-1.4347580000000004
-1.4333669999999996
-1.4356850000000003
-1.4337
-1.4347580000000004
-1.4333669999999996
-1.4356850000000003
-1.4337
-1.4347580000000004
-1.4333669999999996
-1.4356850000000003
-1.4337
-1.4347580000000004
-1.4333669999999996
-1.4356850000000003
-1.4337
-1.4347580000000004
-1.4333669999999996
-1.4356850000000003
-1.4337
-1.4347580000000004
-1.4333669999999996
-1.4356850000000003
-1.4337
-1.4347580000000004
-1.4333669999999996
-1.4356850000000003
-1.4337
-1.4347580000000004
-1.4333669999999996
-1.4356850000000003
-1.4337
-1.4347580000000004
-1.4333669999999996
-1.4356850000000003
-1.4337
-1.4347580000000004
-1.4333669999999996
-1.4356850000000003
-1.4337
-1.4347580000000004
-1.4333669999999996
-1.4356850000000003
-1.4337
-1.4347580000000004
-1.4333669999999996
-1.4356850000000003
-1.4337
-1.4347580000000004
-1.4333669999999996
-1.4356850000000003
-1.4337
-1.4347580000000004
-1.4333669999999996
-1.4356850000000003
-1.4337
-1.4347580000000004
-1.4333669999999996
-1.4356850000000003
-1.4337
-1.4347580000000004
-1.4333669999999996
-1.4356850000000003
-1.4337
-1.4347580000000004
-1.4333669999999996
-1.4356850000000003
-1.4337
-1.4347580000000004
-1.4333669999999996
-1.4356850000000003
-1.4337
-1.4347580000000004
-1.4333669999999996
-1.4356850000000003
-1.4337
-1.4347580000000004
-1.4333669999999996
-1.4356850000000003
-1.4337
-1.4347580000000004
-1.4333669999999996
-1.4356850000000003
-1.4337
-1.4347580000000004
-1.4333669999999996
-1.4356850000000003
-1.4337
-1.4347580000000004
-1.4333669999999996
-1.4356850000000003
-1.4337
-1.4347580000000004
-1.4333669999999996
-1.4356850000000003
-1.4337
-1.4347580000000004
-1.4333669999999996
-1.4356850000000003
-1.4337
-1.4347580000000004
-1.4333669999999996
-1.4356850000000003
-1.4337
-1.4347580000000004
-1.4333669999999996
-1.4356850000000003
-1.4337
-1.4347580000000004
-1.4333669999999996
-1.4356850000000003
-1.4337
-1.4347580000000004
-1.4333669999999996
-1.4356850000000003
-1.4337
-1.4347580000000004
-1.4333669999999996
-1.4356850000000003
-1.4337
-1.4347580000000004
-1.4333669999999996
-1.4356850000000003
-1.4337
-1.4347580000000004
