1.4654640000000008
1.4654640000000008
1.4654640000000008
1.4654640000000008
1.4654640000000008
1.4654640000000008
1.4654640000000008
1.4654640000000008
1.4654640000000008
1.4654640000000008
1.4654640000000008
1.4654640000000008
1.4654640000000008
1.4654640000000008
1.4654640000000008
1.4654640000000008
1.4654640000000008
1.4654640000000008
1.4654640000000008
1.4654640000000008
1.4654640000000008
1.4654640000000008
1.4654640000000008
1.4654640000000008
1.4654640000000008
1.4654640000000008
1.4654640000000008
1.4654640000000008
1.4654640000000008
1.4654640000000008
1.4654640000000008
1.4654640000000008
1.4654640000000008
1.4654640000000008
1.4654640000000008
1.4654640000000008
1.4654640000000008
1.4654640000000008
1.4654640000000008
1.4654640000000008
1.4654640000000008
1.4654640000000008
1.4654640000000008
1.4654640000000008
1.4654640000000008
1.4654640000000008
1.4654640000000008
1.4654640000000008
1.4654640000000008
1.4654640000000008
1.4654640000000008
1.4654640000000008
1.4654640000000008
1.4654640000000008
1.4654640000000008
1.4654640000000008
1.4654640000000008
1.4654640000000008
1.4654640000000008
1.4654640000000008
1.4654640000000008
1.4654640000000008
1.4654640000000008
1.4654640000000008
1.4654640000000008
1.4654640000000008
1.4654640000000008
1.4654640000000008
1.4654640000000008
1.4654640000000008
1.4654640000000008
1.4654640000000008
-1.4654629999999997
-1.4654629999999997
-1.4654629999999997
-1.4654629999999997
-1.4654629999999997
-1.4654629999999997
-1.4654629999999997
-1.4654629999999997
-1.4654629999999997
-1.4654629999999997
-1.4654629999999997
-1.4654629999999997
-1.4654629999999997
-1.4654629999999997
-1.4654629999999997
-1.4654629999999997
-1.4654629999999997
-1.4654629999999997
-1.4654629999999997
-1.4654629999999997
-1.4654629999999997
-1.4654629999999997
-1.4654629999999997
-1.4654629999999997
-1.4654629999999997
-1.4654629999999997
-1.4654629999999997
-1.4654629999999997
-1.4654629999999997
-1.4654629999999997
-1.4654629999999997
-1.4654629999999997
-1.4654629999999997
-1.4654629999999997
-1.4654629999999997
-1.4654629999999997
-1.4654629999999997
-1.4654629999999997
-1.4654629999999997
-1.4654629999999997
-1.4654629999999997
-1.4654629999999997
-1.4654629999999997
-1.4654629999999997
-1.4654629999999997
-1.4654629999999997
-1.4654629999999997
-1.4654629999999997
-1.4654629999999997
-1.4654629999999997
-1.4654629999999997
-1.4654629999999997
-1.4654629999999997
-1.4654629999999997
-1.4654629999999997
-1.4654629999999997
-1.4654629999999997
-1.4654629999999997
-1.4654629999999997
-1.4654629999999997
-1.4654629999999997
-1.4654629999999997
-1.4654629999999997
-1.4654629999999997
-1.4654629999999997
-1.4654629999999997
-1.4654629999999997
-1.4654629999999997
-1.4654629999999997
-1.4654629999999997
-1.4654629999999997
-1.4654629999999997
