1.4202089999999998
1.4287310000000009
1.4253060000000009
1.4224119999999996
1.4202089999999998
1.4287310000000009
1.4253060000000009
1.4224119999999996
1.4202089999999998
1.4287310000000009
1.4253060000000009
1.4224119999999996
1.4202089999999998
1.4287310000000009
1.4253060000000009
1.4224119999999996
1.4202089999999998
1.4287310000000009
1.4253060000000009
1.4224119999999996
1.4202089999999998
1.4287310000000009
1.4253060000000009
1.4224119999999996
1.4202089999999998
1.4287310000000009
1.4253060000000009
1.4224119999999996
1.4202089999999998
1.4287310000000009
1.4253060000000009
1.4224119999999996
1.4202089999999998
1.4287310000000009
1.4253060000000009
1.4224119999999996
1.4202089999999998
1.4287310000000009
1.4253060000000009
1.4224119999999996
1.4202089999999998
1.4287310000000009
1.4253060000000009
1.4224119999999996
1.4202089999999998
1.4287310000000009
1.4253060000000009
1.4224119999999996
1.4202089999999998
1.4287310000000009
1.4253060000000009
1.4224119999999996
1.4202089999999998
1.4287310000000009
1.4253060000000009
1.4224119999999996
1.4202089999999998
1.4287310000000009
1.4253060000000009
1.4224119999999996
1.4202089999999998
1.4287310000000009
1.4253060000000009
1.4224119999999996
1.4202089999999998
1.4287310000000009
1.4253060000000009
1.4224119999999996
1.4202089999999998
1.4287310000000009
1.4253060000000009
1.4224119999999996
1.4202089999999998
1.4287310000000009
1.4253060000000009
1.4224119999999996
1.4202089999999998
1.4287310000000009
1.4253060000000009
1.4224119999999996
1.4202089999999998
1.4287310000000009
1.4253060000000009
1.4224119999999996
1.4202089999999998
1.4287310000000009
1.4253060000000009
1.4224119999999996
1.4202089999999998
1.4287310000000009
1.4253060000000009
1.4224119999999996
1.4202089999999998
1.4287310000000009
1.4253060000000009
1.4224119999999996
1.4202089999999998
1.4287310000000009
1.4253060000000009
1.4224119999999996
1.4202089999999998
1.4287310000000009
1.4253060000000009
1.4224119999999996
1.4202089999999998
1.4287310000000009
1.4253060000000009
1.4224119999999996
1.4202089999999998
1.4287310000000009
1.4253060000000009
1.4224119999999996
1.4202089999999998
1.4287310000000009
1.4253060000000009
1.4224119999999996
1.4202089999999998
1.4287310000000009
1.4253060000000009
1.4224119999999996
1.4202089999999998
1.4287310000000009
1.4253060000000009
1.4224119999999996
1.4202089999999998
1.4287310000000009
1.4253060000000009
1.4224119999999996
1.4202089999999998
1.4287310000000009
1.4253060000000009
1.4224119999999996
1.4202089999999998
1.4287310000000009
1.4253060000000009
1.4224119999999996
1.4202089999999998
1.4287310000000009
1.4253060000000009
1.4224119999999996
1.4202089999999998
1.4287310000000009
1.4253060000000009
1.4224119999999996
-1.4213959999999997
-1.422116
-1.4259310000000003
-1.427212
-1.4213959999999997
-1.422116
-1.4259310000000003
-1.427212
-1.4213959999999997
-1.422116
-1.4259310000000003
-1.427212
-1.4213959999999997
-1.422116
-1.4259310000000003
-1.427212
-1.4213959999999997
-1.422116
-1.4259310000000003
-1.427212
-1.4213959999999997
-1.422116
-1.4259310000000003
-1.427212
-1.4213959999999997
-1.422116
-1.4259310000000003
-1.427212
-1.4213959999999997
-1.422116
-1.4259310000000003
-1.427212
-1.4213959999999997
-1.422116
-1.4259310000000003
-1.427212
-1.4213959999999997
-1.422116
-1.4259310000000003
-1.427212
-1.4213959999999997
-1.422116
-1.4259310000000003
-1.427212
-1.4213959999999997
-1.422116
-1.4259310000000003
-1.427212
-1.4213959999999997
-1.422116
-1.4259310000000003
-1.427212
-1.4213959999999997
-1.422116
-1.4259310000000003
-1.427212
-1.4213959999999997
-1.422116
-1.4259310000000003
-1.427212
-1.4213959999999997
-1.422116
-1.4259310000000003
-1.427212
-1.4213959999999997
-1.422116
-1.4259310000000003
-1.427212
-1.4213959999999997
-1.422116
-1.4259310000000003
-1.427212
-1.4213959999999997
-1.422116
-1.4259310000000003
-1.427212
-1.4213959999999997
-1.422116
-1.4259310000000003
-1.427212
-1.4213959999999997
-1.422116
-1.4259310000000003
-1.427212
-1.4213959999999997
-1.422116
-1.4259310000000003
-1.427212
-1.4213959999999997
-1.422116
-1.4259310000000003
-1.427212
-1.4213959999999997
-1.422116
-1.4259310000000003
-1.427212
-1.4213959999999997
-1.422116
-1.4259310000000003
-1.427212
-1.4213959999999997
-1.422116
-1.4259310000000003
-1.427212
-1.4213959999999997
-1.422116
-1.4259310000000003
-1.427212
-1.4213959999999997
-1.422116
-1.4259310000000003
-1.427212
-1.4213959999999997
-1.422116
-1.4259310000000003
-1.427212
-1.4213959999999997
-1.422116
-1.4259310000000003
-1.427212
-1.4213959999999997
-1.422116
-1.4259310000000003
-1.427212
-1.4213959999999997
-1.422116
-1.4259310000000003
-1.427212
-1.4213959999999997
-1.422116
-1.4259310000000003
-1.427212
-1.4213959999999997
-1.422116
-1.4259310000000003
-1.427212
-1.4213959999999997
-1.422116
-1.4259310000000003
-1.427212
-1.4213959999999997
-1.422116
-1.4259310000000003
-1.427212
