1.3830930000000006
1.3814729999999997
1.3830930000000006
1.3814729999999997
1.3830930000000006
1.3814729999999997
1.3830930000000006
1.3814729999999997
1.3830930000000006
1.3814729999999997
1.3830930000000006
1.3814729999999997
1.3830930000000006
1.3814729999999997
1.3830930000000006
1.3814729999999997
1.3830930000000006
1.3814729999999997
1.3830930000000006
1.3814729999999997
1.3830930000000006
1.3814729999999997
1.3830930000000006
1.3814729999999997
1.3830930000000006
1.3814729999999997
1.3830930000000006
1.3814729999999997
1.3830930000000006
1.3814729999999997
1.3830930000000006
1.3814729999999997
1.3830930000000006
1.3814729999999997
1.3830930000000006
1.3814729999999997
1.3830930000000006
1.3814729999999997
1.3830930000000006
1.3814729999999997
1.3830930000000006
1.3814729999999997
1.3830930000000006
1.3814729999999997
1.3830930000000006
1.3814729999999997
1.3830930000000006
1.3814729999999997
1.3830930000000006
1.3814729999999997
1.3830930000000006
1.3814729999999997
1.3830930000000006
1.3814729999999997
1.3830930000000006
1.3814729999999997
1.3830930000000006
1.3814729999999997
1.3830930000000006
1.3814729999999997
1.3830930000000006
1.3814729999999997
1.3830930000000006
1.3814729999999997
1.3830930000000006
1.3814729999999997
1.3830930000000006
1.3814729999999997
1.3830930000000006
1.3814729999999997
1.3830930000000006
1.3814729999999997
1.3830930000000006
1.3814729999999997
1.3830930000000006
1.3814729999999997
1.3830930000000006
1.3814729999999997
1.3830930000000006
1.3814729999999997
1.3830930000000006
1.3814729999999997
1.3830930000000006
1.3814729999999997
1.3830930000000006
1.3814729999999997
1.3830930000000006
1.3814729999999997
1.3830930000000006
1.3814729999999997
1.3830930000000006
1.3814729999999997
1.3830930000000006
1.3814729999999997
1.3830930000000006
1.3814729999999997
1.3830930000000006
1.3814729999999997
1.3830930000000006
1.3814729999999997
1.3830930000000006
1.3814729999999997
1.3830930000000006
1.3814729999999997
1.3830930000000006
1.3814729999999997
1.3830930000000006
1.3814729999999997
1.3830930000000006
1.3814729999999997
1.3830930000000006
1.3814729999999997
1.3830930000000006
1.3814729999999997
1.3830930000000006
1.3814729999999997
1.3830930000000006
1.3814729999999997
1.3830930000000006
1.3814729999999997
-1.3835600000000001
-1.3810060000000002
-1.3835600000000001
-1.3810060000000002
-1.3835600000000001
-1.3810060000000002
-1.3835600000000001
-1.3810060000000002
-1.3835600000000001
-1.3810060000000002
-1.3835600000000001
-1.3810060000000002
-1.3835600000000001
-1.3810060000000002
-1.3835600000000001
-1.3810060000000002
-1.3835600000000001
-1.3810060000000002
-1.3835600000000001
-1.3810060000000002
-1.3835600000000001
-1.3810060000000002
-1.3835600000000001
-1.3810060000000002
-1.3835600000000001
-1.3810060000000002
-1.3835600000000001
-1.3810060000000002
-1.3835600000000001
-1.3810060000000002
-1.3835600000000001
-1.3810060000000002
-1.3835600000000001
-1.3810060000000002
-1.3835600000000001
-1.3810060000000002
-1.3835600000000001
-1.3810060000000002
-1.3835600000000001
-1.3810060000000002
-1.3835600000000001
-1.3810060000000002
-1.3835600000000001
-1.3810060000000002
-1.3835600000000001
-1.3810060000000002
-1.3835600000000001
-1.3810060000000002
-1.3835600000000001
-1.3810060000000002
-1.3835600000000001
-1.3810060000000002
-1.3835600000000001
-1.3810060000000002
-1.3835600000000001
-1.3810060000000002
-1.3835600000000001
-1.3810060000000002
-1.3835600000000001
-1.3810060000000002
-1.3835600000000001
-1.3810060000000002
-1.3835600000000001
-1.3810060000000002
-1.3835600000000001
-1.3810060000000002
-1.3835600000000001
-1.3810060000000002
-1.3835600000000001
-1.3810060000000002
-1.3835600000000001
-1.3810060000000002
-1.3835600000000001
-1.3810060000000002
-1.3835600000000001
-1.3810060000000002
-1.3835600000000001
-1.3810060000000002
-1.3835600000000001
-1.3810060000000002
-1.3835600000000001
-1.3810060000000002
-1.3835600000000001
-1.3810060000000002
-1.3835600000000001
-1.3810060000000002
-1.3835600000000001
-1.3810060000000002
-1.3835600000000001
-1.3810060000000002
-1.3835600000000001
-1.3810060000000002
-1.3835600000000001
-1.3810060000000002
-1.3835600000000001
-1.3810060000000002
-1.3835600000000001
-1.3810060000000002
-1.3835600000000001
-1.3810060000000002
-1.3835600000000001
-1.3810060000000002
-1.3835600000000001
-1.3810060000000002
-1.3835600000000001
-1.3810060000000002
-1.3835600000000001
-1.3810060000000002
-1.3835600000000001
-1.3810060000000002
-1.3835600000000001
-1.3810060000000002
-1.3835600000000001
-1.3810060000000002
-1.3835600000000001
-1.3810060000000002
-1.3835600000000001
-1.3810060000000002
-1.3835600000000001
-1.3810060000000002
