1.1604200000000002
1.1604200000000002
1.1604200000000002
1.1604200000000002
1.1604200000000002
1.1604200000000002
1.1604200000000002
1.1604200000000002
1.1604200000000002
1.1604200000000002
1.1604200000000002
1.1604200000000002
1.1604200000000002
1.1604200000000002
1.1604200000000002
1.1604200000000002
1.1604200000000002
1.1604200000000002
1.1604200000000002
1.1604200000000002
1.1604200000000002
1.1604200000000002
1.1604200000000002
1.1604200000000002
1.1604200000000002
1.1604200000000002
1.1604200000000002
1.1604200000000002
1.1604200000000002
1.1604200000000002
1.1604200000000002
1.1604200000000002
1.1604200000000002
1.1604200000000002
1.1604200000000002
1.1604200000000002
1.1604200000000002
1.1604200000000002
1.1604200000000002
1.1604200000000002
1.1604200000000002
1.1604200000000002
1.1604200000000002
1.1604200000000002
1.1604200000000002
1.1604200000000002
1.1604200000000002
1.1604200000000002
1.1604200000000002
1.1604200000000002
1.1604200000000002
1.1604200000000002
1.1604200000000002
1.1604200000000002
1.1604200000000002
1.1604200000000002
1.1604200000000002
1.1604200000000002
1.1604200000000002
1.1604200000000002
1.1604200000000002
1.1604200000000002
1.1604200000000002
1.1604200000000002
1.1604200000000002
1.1604200000000002
1.1604200000000002
1.1604200000000002
1.1604200000000002
1.1604200000000002
1.1604200000000002
1.1604200000000002
1.1604200000000002
1.1604200000000002
1.1604200000000002
1.1604200000000002
1.1604200000000002
1.1604200000000002
1.1604200000000002
1.1604200000000002
1.1604200000000002
1.1604200000000002
1.1604200000000002
1.1604200000000002
1.1604200000000002
1.1604200000000002
1.1604200000000002
1.1604200000000002
1.1604200000000002
1.1604200000000002
-1.160419
-1.1604200000000002
-1.160419
-1.1604200000000002
-1.160419
-1.1604200000000002
-1.160419
-1.1604200000000002
-1.160419
-1.1604200000000002
-1.160419
-1.1604200000000002
-1.160419
-1.1604200000000002
-1.160419
-1.1604200000000002
-1.160419
-1.1604200000000002
-1.160419
-1.1604200000000002
-1.160419
-1.1604200000000002
-1.160419
-1.1604200000000002
-1.160419
-1.1604200000000002
-1.160419
-1.1604200000000002
-1.160419
-1.1604200000000002
-1.160419
-1.1604200000000002
-1.160419
-1.1604200000000002
-1.160419
-1.1604200000000002
-1.160419
-1.1604200000000002
-1.160419
-1.1604200000000002
-1.160419
-1.1604200000000002
-1.160419
-1.1604200000000002
-1.160419
-1.1604200000000002
-1.160419
-1.1604200000000002
-1.160419
-1.1604200000000002
-1.160419
-1.1604200000000002
-1.160419
-1.1604200000000002
-1.160419
-1.1604200000000002
-1.160419
-1.1604200000000002
-1.160419
-1.1604200000000002
-1.160419
-1.1604200000000002
-1.160419
-1.1604200000000002
-1.160419
-1.1604200000000002
-1.160419
-1.1604200000000002
-1.160419
-1.1604200000000002
-1.160419
-1.1604200000000002
-1.160419
-1.1604200000000002
-1.160419
-1.1604200000000002
-1.160419
-1.1604200000000002
-1.160419
-1.1604200000000002
-1.160419
-1.1604200000000002
-1.160419
-1.1604200000000002
-1.160419
-1.1604200000000002
-1.160419
-1.1604200000000002
-1.160419
-1.1604200000000002
