1.4426489999999994
1.442641
1.442558
1.4427310000000002
1.4426489999999994
1.442641
1.442558
1.4427310000000002
1.4426489999999994
1.442641
1.442558
1.4427310000000002
1.4426489999999994
1.442641
1.442558
1.4427310000000002
1.4426489999999994
1.442641
1.442558
1.4427310000000002
1.4426489999999994
1.442641
1.442558
1.4427310000000002
1.4426489999999994
1.442641
1.442558
1.4427310000000002
1.4426489999999994
1.442641
1.442558
1.4427310000000002
1.4426489999999994
1.442641
1.442558
1.4427310000000002
1.4426489999999994
1.442641
1.442558
1.4427310000000002
1.4426489999999994
1.442641
1.442558
1.4427310000000002
1.4426489999999994
1.442641
1.442558
1.4427310000000002
1.4426489999999994
1.442641
1.442558
1.4427310000000002
1.4426489999999994
1.442641
1.442558
1.4427310000000002
1.4426489999999994
1.442641
1.442558
1.4427310000000002
1.4426489999999994
1.442641
1.442558
1.4427310000000002
1.4426489999999994
1.442641
1.442558
1.4427310000000002
1.4426489999999994
1.442641
1.442558
1.4427310000000002
1.4426489999999994
1.442641
1.442558
1.4427310000000002
1.4426489999999994
1.442641
1.442558
1.4427310000000002
1.4426489999999994
1.442641
1.442558
1.4427310000000002
1.4426489999999994
1.442641
1.442558
1.4427310000000002
1.4426489999999994
1.442641
1.442558
1.4427310000000002
1.4426489999999994
1.442641
1.442558
1.4427310000000002
1.4426489999999994
1.442641
1.442558
1.4427310000000002
1.4426489999999994
1.442641
1.442558
1.4427310000000002
1.4426489999999994
1.442641
1.442558
1.4427310000000002
-1.4427909999999997
-1.4428619999999999
-1.4424349999999997
-1.4424910000000004
-1.4427909999999997
-1.4428619999999999
-1.4424349999999997
-1.4424910000000004
-1.4427909999999997
-1.4428619999999999
-1.4424349999999997
-1.4424910000000004
-1.4427909999999997
-1.4428619999999999
-1.4424349999999997
-1.4424910000000004
-1.4427909999999997
-1.4428619999999999
-1.4424349999999997
-1.4424910000000004
-1.4427909999999997
-1.4428619999999999
-1.4424349999999997
-1.4424910000000004
-1.4427909999999997
-1.4428619999999999
-1.4424349999999997
-1.4424910000000004
-1.4427909999999997
-1.4428619999999999
-1.4424349999999997
-1.4424910000000004
-1.4427909999999997
-1.4428619999999999
-1.4424349999999997
-1.4424910000000004
-1.4427909999999997
-1.4428619999999999
-1.4424349999999997
-1.4424910000000004
-1.4427909999999997
-1.4428619999999999
-1.4424349999999997
-1.4424910000000004
-1.4427909999999997
-1.4428619999999999
-1.4424349999999997
-1.4424910000000004
-1.4427909999999997
-1.4428619999999999
-1.4424349999999997
-1.4424910000000004
-1.4427909999999997
-1.4428619999999999
-1.4424349999999997
-1.4424910000000004
-1.4427909999999997
-1.4428619999999999
-1.4424349999999997
-1.4424910000000004
-1.4427909999999997
-1.4428619999999999
-1.4424349999999997
-1.4424910000000004
-1.4427909999999997
-1.4428619999999999
-1.4424349999999997
-1.4424910000000004
-1.4427909999999997
-1.4428619999999999
-1.4424349999999997
-1.4424910000000004
-1.4427909999999997
-1.4428619999999999
-1.4424349999999997
-1.4424910000000004
-1.4427909999999997
-1.4428619999999999
-1.4424349999999997
-1.4424910000000004
-1.4427909999999997
-1.4428619999999999
-1.4424349999999997
-1.4424910000000004
-1.4427909999999997
-1.4428619999999999
-1.4424349999999997
-1.4424910000000004
-1.4427909999999997
-1.4428619999999999
-1.4424349999999997
-1.4424910000000004
-1.4427909999999997
-1.4428619999999999
-1.4424349999999997
-1.4424910000000004
-1.4427909999999997
-1.4428619999999999
-1.4424349999999997
-1.4424910000000004
-1.4427909999999997
-1.4428619999999999
-1.4424349999999997
-1.4424910000000004
-1.4427909999999997
-1.4428619999999999
-1.4424349999999997
-1.4424910000000004
