1.4450950000000002
1.4451979999999995
1.4452700000000007
1.4452630000000006
1.4450950000000002
1.4451979999999995
1.4452700000000007
1.4452630000000006
1.4450950000000002
1.4451979999999995
1.4452700000000007
1.4452630000000006
1.4450950000000002
1.4451979999999995
1.4452700000000007
1.4452630000000006
1.4450950000000002
1.4451979999999995
1.4452700000000007
1.4452630000000006
1.4450950000000002
1.4451979999999995
1.4452700000000007
1.4452630000000006
1.4450950000000002
1.4451979999999995
1.4452700000000007
1.4452630000000006
1.4450950000000002
1.4451979999999995
1.4452700000000007
1.4452630000000006
1.4450950000000002
1.4451979999999995
1.4452700000000007
1.4452630000000006
1.4450950000000002
1.4451979999999995
1.4452700000000007
1.4452630000000006
1.4450950000000002
1.4451979999999995
1.4452700000000007
1.4452630000000006
1.4450950000000002
1.4451979999999995
1.4452700000000007
1.4452630000000006
1.4450950000000002
1.4451979999999995
1.4452700000000007
1.4452630000000006
1.4450950000000002
1.4451979999999995
1.4452700000000007
1.4452630000000006
1.4450950000000002
1.4451979999999995
1.4452700000000007
1.4452630000000006
1.4450950000000002
1.4451979999999995
1.4452700000000007
1.4452630000000006
1.4450950000000002
1.4451979999999995
1.4452700000000007
1.4452630000000006
1.4450950000000002
1.4451979999999995
1.4452700000000007
1.4452630000000006
1.4450950000000002
1.4451979999999995
1.4452700000000007
1.4452630000000006
1.4450950000000002
1.4451979999999995
1.4452700000000007
1.4452630000000006
1.4450950000000002
1.4451979999999995
1.4452700000000007
1.4452630000000006
1.4450950000000002
1.4451979999999995
1.4452700000000007
1.4452630000000006
1.4450950000000002
1.4451979999999995
1.4452700000000007
1.4452630000000006
1.4450950000000002
1.4451979999999995
1.4452700000000007
1.4452630000000006
1.4450950000000002
1.4451979999999995
1.4452700000000007
1.4452630000000006
1.4450950000000002
1.4451979999999995
1.4452700000000007
1.4452630000000006
1.4450950000000002
1.4451979999999995
1.4452700000000007
1.4452630000000006
-1.4452499999999997
-1.4452090000000002
-1.4451929999999997
-1.4451770000000002
-1.4452499999999997
-1.4452090000000002
-1.4451929999999997
-1.4451770000000002
-1.4452499999999997
-1.4452090000000002
-1.4451929999999997
-1.4451770000000002
-1.4452499999999997
-1.4452090000000002
-1.4451929999999997
-1.4451770000000002
-1.4452499999999997
-1.4452090000000002
-1.4451929999999997
-1.4451770000000002
-1.4452499999999997
-1.4452090000000002
-1.4451929999999997
-1.4451770000000002
-1.4452499999999997
-1.4452090000000002
-1.4451929999999997
-1.4451770000000002
-1.4452499999999997
-1.4452090000000002
-1.4451929999999997
-1.4451770000000002
-1.4452499999999997
-1.4452090000000002
-1.4451929999999997
-1.4451770000000002
-1.4452499999999997
-1.4452090000000002
-1.4451929999999997
-1.4451770000000002
-1.4452499999999997
-1.4452090000000002
-1.4451929999999997
-1.4451770000000002
-1.4452499999999997
-1.4452090000000002
-1.4451929999999997
-1.4451770000000002
-1.4452499999999997
-1.4452090000000002
-1.4451929999999997
-1.4451770000000002
-1.4452499999999997
-1.4452090000000002
-1.4451929999999997
-1.4451770000000002
-1.4452499999999997
-1.4452090000000002
-1.4451929999999997
-1.4451770000000002
-1.4452499999999997
-1.4452090000000002
-1.4451929999999997
-1.4451770000000002
-1.4452499999999997
-1.4452090000000002
-1.4451929999999997
-1.4451770000000002
-1.4452499999999997
-1.4452090000000002
-1.4451929999999997
-1.4451770000000002
-1.4452499999999997
-1.4452090000000002
-1.4451929999999997
-1.4451770000000002
-1.4452499999999997
-1.4452090000000002
-1.4451929999999997
-1.4451770000000002
-1.4452499999999997
-1.4452090000000002
-1.4451929999999997
-1.4451770000000002
-1.4452499999999997
-1.4452090000000002
-1.4451929999999997
-1.4451770000000002
-1.4452499999999997
-1.4452090000000002
-1.4451929999999997
-1.4451770000000002
-1.4452499999999997
-1.4452090000000002
-1.4451929999999997
-1.4451770000000002
-1.4452499999999997
-1.4452090000000002
-1.4451929999999997
-1.4451770000000002
-1.4452499999999997
-1.4452090000000002
-1.4451929999999997
-1.4451770000000002
-1.4452499999999997
-1.4452090000000002
-1.4451929999999997
-1.4451770000000002
