1.433382
1.4404920000000008
1.4382400000000004
1.4392560000000003
1.433382
1.4404920000000008
1.4382400000000004
1.4392560000000003
1.433382
1.4404920000000008
1.4382400000000004
1.4392560000000003
1.433382
1.4404920000000008
1.4382400000000004
1.4392560000000003
1.433382
1.4404920000000008
1.4382400000000004
1.4392560000000003
1.433382
1.4404920000000008
1.4382400000000004
1.4392560000000003
1.433382
1.4404920000000008
1.4382400000000004
1.4392560000000003
1.433382
1.4404920000000008
1.4382400000000004
1.4392560000000003
1.433382
1.4404920000000008
1.4382400000000004
1.4392560000000003
1.433382
1.4404920000000008
1.4382400000000004
1.4392560000000003
1.433382
1.4404920000000008
1.4382400000000004
1.4392560000000003
1.433382
1.4404920000000008
1.4382400000000004
1.4392560000000003
1.433382
1.4404920000000008
1.4382400000000004
1.4392560000000003
1.433382
1.4404920000000008
1.4382400000000004
1.4392560000000003
1.433382
1.4404920000000008
1.4382400000000004
1.4392560000000003
1.433382
1.4404920000000008
1.4382400000000004
1.4392560000000003
1.433382
1.4404920000000008
1.4382400000000004
1.4392560000000003
1.433382
1.4404920000000008
1.4382400000000004
1.4392560000000003
1.433382
1.4404920000000008
1.4382400000000004
1.4392560000000003
1.433382
1.4404920000000008
1.4382400000000004
1.4392560000000003
1.433382
1.4404920000000008
1.4382400000000004
1.4392560000000003
1.433382
1.4404920000000008
1.4382400000000004
1.4392560000000003
1.433382
1.4404920000000008
1.4382400000000004
1.4392560000000003
1.433382
1.4404920000000008
1.4382400000000004
1.4392560000000003
1.433382
1.4404920000000008
1.4382400000000004
1.4392560000000003
1.433382
1.4404920000000008
1.4382400000000004
1.4392560000000003
1.433382
1.4404920000000008
1.4382400000000004
1.4392560000000003
1.433382
1.4404920000000008
1.4382400000000004
1.4392560000000003
1.433382
1.4404920000000008
1.4382400000000004
1.4392560000000003
1.433382
1.4404920000000008
1.4382400000000004
1.4392560000000003
1.433382
1.4404920000000008
1.4382400000000004
1.4392560000000003
1.433382
1.4404920000000008
1.4382400000000004
1.4392560000000003
1.433382
1.4404920000000008
1.4382400000000004
1.4392560000000003
1.433382
1.4404920000000008
1.4382400000000004
1.4392560000000003
1.433382
1.4404920000000008
1.4382400000000004
1.4392560000000003
1.433382
1.4404920000000008
1.4382400000000004
1.4392560000000003
-1.438079
-1.4343909999999997
-1.4401659999999996
-1.4387350000000003
-1.438079
-1.4343909999999997
-1.4401659999999996
-1.4387350000000003
-1.438079
-1.4343909999999997
-1.4401659999999996
-1.4387350000000003
-1.438079
-1.4343909999999997
-1.4401659999999996
-1.4387350000000003
-1.438079
-1.4343909999999997
-1.4401659999999996
-1.4387350000000003
-1.438079
-1.4343909999999997
-1.4401659999999996
-1.4387350000000003
-1.438079
-1.4343909999999997
-1.4401659999999996
-1.4387350000000003
-1.438079
-1.4343909999999997
-1.4401659999999996
-1.4387350000000003
-1.438079
-1.4343909999999997
-1.4401659999999996
-1.4387350000000003
-1.438079
-1.4343909999999997
-1.4401659999999996
-1.4387350000000003
-1.438079
-1.4343909999999997
-1.4401659999999996
-1.4387350000000003
-1.438079
-1.4343909999999997
-1.4401659999999996
-1.4387350000000003
-1.438079
-1.4343909999999997
-1.4401659999999996
-1.4387350000000003
-1.438079
-1.4343909999999997
-1.4401659999999996
-1.4387350000000003
-1.438079
-1.4343909999999997
-1.4401659999999996
-1.4387350000000003
-1.438079
-1.4343909999999997
-1.4401659999999996
-1.4387350000000003
-1.438079
-1.4343909999999997
-1.4401659999999996
-1.4387350000000003
-1.438079
-1.4343909999999997
-1.4401659999999996
-1.4387350000000003
-1.438079
-1.4343909999999997
-1.4401659999999996
-1.4387350000000003
-1.438079
-1.4343909999999997
-1.4401659999999996
-1.4387350000000003
-1.438079
-1.4343909999999997
-1.4401659999999996
-1.4387350000000003
-1.438079
-1.4343909999999997
-1.4401659999999996
-1.4387350000000003
-1.438079
-1.4343909999999997
-1.4401659999999996
-1.4387350000000003
-1.438079
-1.4343909999999997
-1.4401659999999996
-1.4387350000000003
-1.438079
-1.4343909999999997
-1.4401659999999996
-1.4387350000000003
-1.438079
-1.4343909999999997
-1.4401659999999996
-1.4387350000000003
-1.438079
-1.4343909999999997
-1.4401659999999996
-1.4387350000000003
-1.438079
-1.4343909999999997
-1.4401659999999996
-1.4387350000000003
-1.438079
-1.4343909999999997
-1.4401659999999996
-1.4387350000000003
-1.438079
-1.4343909999999997
-1.4401659999999996
-1.4387350000000003
-1.438079
-1.4343909999999997
-1.4401659999999996
-1.4387350000000003
-1.438079
-1.4343909999999997
-1.4401659999999996
-1.4387350000000003
-1.438079
-1.4343909999999997
-1.4401659999999996
-1.4387350000000003
-1.438079
-1.4343909999999997
-1.4401659999999996
-1.4387350000000003
-1.438079
-1.4343909999999997
-1.4401659999999996
-1.4387350000000003
-1.438079
-1.4343909999999997
-1.4401659999999996
-1.4387350000000003
