1.4412450000000003
1.4407610000000002
1.4381400000000006
1.4398610000000005
1.4412450000000003
1.4407610000000002
1.4381400000000006
1.4398610000000005
1.4412450000000003
1.4407610000000002
1.4381400000000006
1.4398610000000005
1.4412450000000003
1.4407610000000002
1.4381400000000006
1.4398610000000005
1.4412450000000003
1.4407610000000002
1.4381400000000006
1.4398610000000005
1.4412450000000003
1.4407610000000002
1.4381400000000006
1.4398610000000005
1.4412450000000003
1.4407610000000002
1.4381400000000006
1.4398610000000005
1.4412450000000003
1.4407610000000002
1.4381400000000006
1.4398610000000005
1.4412450000000003
1.4407610000000002
1.4381400000000006
1.4398610000000005
1.4412450000000003
1.4407610000000002
1.4381400000000006
1.4398610000000005
1.4412450000000003
1.4407610000000002
1.4381400000000006
1.4398610000000005
1.4412450000000003
1.4407610000000002
1.4381400000000006
1.4398610000000005
1.4412450000000003
1.4407610000000002
1.4381400000000006
1.4398610000000005
1.4412450000000003
1.4407610000000002
1.4381400000000006
1.4398610000000005
1.4412450000000003
1.4407610000000002
1.4381400000000006
1.4398610000000005
1.4412450000000003
1.4407610000000002
1.4381400000000006
1.4398610000000005
1.4412450000000003
1.4407610000000002
1.4381400000000006
1.4398610000000005
1.4412450000000003
1.4407610000000002
1.4381400000000006
1.4398610000000005
1.4412450000000003
1.4407610000000002
1.4381400000000006
1.4398610000000005
1.4412450000000003
1.4407610000000002
1.4381400000000006
1.4398610000000005
1.4412450000000003
1.4407610000000002
1.4381400000000006
1.4398610000000005
1.4412450000000003
1.4407610000000002
1.4381400000000006
1.4398610000000005
1.4412450000000003
1.4407610000000002
1.4381400000000006
1.4398610000000005
1.4412450000000003
1.4407610000000002
1.4381400000000006
1.4398610000000005
1.4412450000000003
1.4407610000000002
1.4381400000000006
1.4398610000000005
1.4412450000000003
1.4407610000000002
1.4381400000000006
1.4398610000000005
1.4412450000000003
1.4407610000000002
1.4381400000000006
1.4398610000000005
1.4412450000000003
1.4407610000000002
1.4381400000000006
1.4398610000000005
1.4412450000000003
1.4407610000000002
1.4381400000000006
1.4398610000000005
1.4412450000000003
1.4407610000000002
1.4381400000000006
1.4398610000000005
1.4412450000000003
1.4407610000000002
1.4381400000000006
1.4398610000000005
1.4412450000000003
1.4407610000000002
1.4381400000000006
1.4398610000000005
1.4412450000000003
1.4407610000000002
1.4381400000000006
1.4398610000000005
1.4412450000000003
1.4407610000000002
1.4381400000000006
1.4398610000000005
1.4412450000000003
1.4407610000000002
1.4381400000000006
1.4398610000000005
1.4412450000000003
1.4407610000000002
1.4381400000000006
1.4398610000000005
-1.4403189999999997
-1.440233
-1.4393120000000001
-1.440137
-1.4403189999999997
-1.440233
-1.4393120000000001
-1.440137
-1.4403189999999997
-1.440233
-1.4393120000000001
-1.440137
-1.4403189999999997
-1.440233
-1.4393120000000001
-1.440137
-1.4403189999999997
-1.440233
-1.4393120000000001
-1.440137
-1.4403189999999997
-1.440233
-1.4393120000000001
-1.440137
-1.4403189999999997
-1.440233
-1.4393120000000001
-1.440137
-1.4403189999999997
-1.440233
-1.4393120000000001
-1.440137
-1.4403189999999997
-1.440233
-1.4393120000000001
-1.440137
-1.4403189999999997
-1.440233
-1.4393120000000001
-1.440137
-1.4403189999999997
-1.440233
-1.4393120000000001
-1.440137
-1.4403189999999997
-1.440233
-1.4393120000000001
-1.440137
-1.4403189999999997
-1.440233
-1.4393120000000001
-1.440137
-1.4403189999999997
-1.440233
-1.4393120000000001
-1.440137
-1.4403189999999997
-1.440233
-1.4393120000000001
-1.440137
-1.4403189999999997
-1.440233
-1.4393120000000001
-1.440137
-1.4403189999999997
-1.440233
-1.4393120000000001
-1.440137
-1.4403189999999997
-1.440233
-1.4393120000000001
-1.440137
-1.4403189999999997
-1.440233
-1.4393120000000001
-1.440137
-1.4403189999999997
-1.440233
-1.4393120000000001
-1.440137
-1.4403189999999997
-1.440233
-1.4393120000000001
-1.440137
-1.4403189999999997
-1.440233
-1.4393120000000001
-1.440137
-1.4403189999999997
-1.440233
-1.4393120000000001
-1.440137
-1.4403189999999997
-1.440233
-1.4393120000000001
-1.440137
-1.4403189999999997
-1.440233
-1.4393120000000001
-1.440137
-1.4403189999999997
-1.440233
-1.4393120000000001
-1.440137
-1.4403189999999997
-1.440233
-1.4393120000000001
-1.440137
-1.4403189999999997
-1.440233
-1.4393120000000001
-1.440137
-1.4403189999999997
-1.440233
-1.4393120000000001
-1.440137
-1.4403189999999997
-1.440233
-1.4393120000000001
-1.440137
-1.4403189999999997
-1.440233
-1.4393120000000001
-1.440137
-1.4403189999999997
-1.440233
-1.4393120000000001
-1.440137
-1.4403189999999997
-1.440233
-1.4393120000000001
-1.440137
-1.4403189999999997
-1.440233
-1.4393120000000001
-1.440137
-1.4403189999999997
-1.440233
-1.4393120000000001
-1.440137
-1.4403189999999997
-1.440233
-1.4393120000000001
-1.440137
