1.345015
1.2319390000000006
1.3491979999999995
1.2013820000000006
1.345015
1.2319390000000006
1.3491979999999995
1.2013820000000006
1.345015
1.2319390000000006
1.3491979999999995
1.2013820000000006
1.345015
1.2319390000000006
1.3491979999999995
1.2013820000000006
1.345015
1.2319390000000006
1.3491979999999995
1.2013820000000006
1.345015
1.2319390000000006
1.3491979999999995
1.2013820000000006
1.345015
1.2319390000000006
1.3491979999999995
1.2013820000000006
1.345015
1.2319390000000006
1.3491979999999995
1.2013820000000006
1.345015
1.2319390000000006
1.3491979999999995
1.2013820000000006
1.345015
1.2319390000000006
1.3491979999999995
1.2013820000000006
1.345015
1.2319390000000006
1.3491979999999995
1.2013820000000006
1.345015
1.2319390000000006
1.3491979999999995
1.2013820000000006
1.345015
1.2319390000000006
1.3491979999999995
1.2013820000000006
1.345015
1.2319390000000006
1.3491979999999995
1.2013820000000006
1.345015
1.2319390000000006
1.3491979999999995
1.2013820000000006
1.345015
1.2319390000000006
1.3491979999999995
1.2013820000000006
1.345015
1.2319390000000006
1.3491979999999995
1.2013820000000006
1.345015
1.2319390000000006
1.3491979999999995
1.2013820000000006
1.345015
1.2319390000000006
1.3491979999999995
1.2013820000000006
1.345015
1.2319390000000006
1.3491979999999995
1.2013820000000006
1.345015
1.2319390000000006
1.3491979999999995
1.2013820000000006
1.345015
1.2319390000000006
1.3491979999999995
1.2013820000000006
1.345015
1.2319390000000006
1.3491979999999995
1.2013820000000006
1.345015
1.2319390000000006
1.3491979999999995
1.2013820000000006
1.345015
1.2319390000000006
1.3491979999999995
1.2013820000000006
1.345015
1.2319390000000006
1.3491979999999995
1.2013820000000006
1.345015
1.2319390000000006
1.3491979999999995
1.2013820000000006
1.345015
1.2319390000000006
1.3491979999999995
1.2013820000000006
1.345015
1.2319390000000006
1.3491979999999995
1.2013820000000006
1.345015
1.2319390000000006
1.3491979999999995
1.2013820000000006
1.345015
1.2319390000000006
1.3491979999999995
1.2013820000000006
1.345015
1.2319390000000006
1.3491979999999995
1.2013820000000006
1.345015
1.2319390000000006
1.3491979999999995
1.2013820000000006
1.345015
1.2319390000000006
1.3491979999999995
1.2013820000000006
1.345015
1.2319390000000006
1.3491979999999995
1.2013820000000006
1.345015
1.2319390000000006
1.3491979999999995
1.2013820000000006
1.345015
1.2319390000000006
1.3491979999999995
1.2013820000000006
1.345015
1.2319390000000006
1.3491979999999995
1.2013820000000006
1.345015
1.2319390000000006
1.3491979999999995
1.2013820000000006
1.345015
1.2319390000000006
1.3491979999999995
1.2013820000000006
-1.3209540000000004
-1.2703769999999999
-1.265243
-1.2709580000000003
-1.3209540000000004
-1.2703769999999999
-1.265243
-1.2709580000000003
-1.3209540000000004
-1.2703769999999999
-1.265243
-1.2709580000000003
-1.3209540000000004
-1.2703769999999999
-1.265243
-1.2709580000000003
-1.3209540000000004
-1.2703769999999999
-1.265243
-1.2709580000000003
-1.3209540000000004
-1.2703769999999999
-1.265243
-1.2709580000000003
-1.3209540000000004
-1.2703769999999999
-1.265243
-1.2709580000000003
-1.3209540000000004
-1.2703769999999999
-1.265243
-1.2709580000000003
-1.3209540000000004
-1.2703769999999999
-1.265243
-1.2709580000000003
-1.3209540000000004
-1.2703769999999999
-1.265243
-1.2709580000000003
-1.3209540000000004
-1.2703769999999999
-1.265243
-1.2709580000000003
-1.3209540000000004
-1.2703769999999999
-1.265243
-1.2709580000000003
-1.3209540000000004
-1.2703769999999999
-1.265243
-1.2709580000000003
-1.3209540000000004
-1.2703769999999999
-1.265243
-1.2709580000000003
-1.3209540000000004
-1.2703769999999999
-1.265243
-1.2709580000000003
-1.3209540000000004
-1.2703769999999999
-1.265243
-1.2709580000000003
-1.3209540000000004
-1.2703769999999999
-1.265243
-1.2709580000000003
-1.3209540000000004
-1.2703769999999999
-1.265243
-1.2709580000000003
-1.3209540000000004
-1.2703769999999999
-1.265243
-1.2709580000000003
-1.3209540000000004
-1.2703769999999999
-1.265243
-1.2709580000000003
-1.3209540000000004
-1.2703769999999999
-1.265243
-1.2709580000000003
-1.3209540000000004
-1.2703769999999999
-1.265243
-1.2709580000000003
-1.3209540000000004
-1.2703769999999999
-1.265243
-1.2709580000000003
-1.3209540000000004
-1.2703769999999999
-1.265243
-1.2709580000000003
-1.3209540000000004
-1.2703769999999999
-1.265243
-1.2709580000000003
-1.3209540000000004
-1.2703769999999999
-1.265243
-1.2709580000000003
-1.3209540000000004
-1.2703769999999999
-1.265243
-1.2709580000000003
-1.3209540000000004
-1.2703769999999999
-1.265243
-1.2709580000000003
-1.3209540000000004
-1.2703769999999999
-1.265243
-1.2709580000000003
-1.3209540000000004
-1.2703769999999999
-1.265243
-1.2709580000000003
-1.3209540000000004
-1.2703769999999999
-1.265243
-1.2709580000000003
-1.3209540000000004
-1.2703769999999999
-1.265243
-1.2709580000000003
-1.3209540000000004
-1.2703769999999999
-1.265243
-1.2709580000000003
-1.3209540000000004
-1.2703769999999999
-1.265243
-1.2709580000000003
-1.3209540000000004
-1.2703769999999999
-1.265243
-1.2709580000000003
-1.3209540000000004
-1.2703769999999999
-1.265243
-1.2709580000000003
-1.3209540000000004
-1.2703769999999999
-1.265243
-1.2709580000000003
-1.3209540000000004
-1.2703769999999999
-1.265243
-1.2709580000000003
-1.3209540000000004
-1.2703769999999999
-1.265243
-1.2709580000000003
-1.3209540000000004
-1.2703769999999999
-1.265243
-1.2709580000000003
