1.0724049999999998
1.0724049999999998
1.0724049999999998
1.0724049999999998
1.0724049999999998
1.0724049999999998
1.0724049999999998
1.0724049999999998
1.0724049999999998
1.0724049999999998
1.0724049999999998
1.0724049999999998
1.0724049999999998
1.0724049999999998
1.0724049999999998
1.0724049999999998
1.0724049999999998
1.0724049999999998
1.0724049999999998
1.0724049999999998
1.0724049999999998
1.0724049999999998
1.0724049999999998
1.0724049999999998
1.0724049999999998
1.0724049999999998
1.0724049999999998
1.0724049999999998
1.0724049999999998
1.0724049999999998
1.0724049999999998
1.0724049999999998
1.0724049999999998
1.0724049999999998
1.0724049999999998
1.0724049999999998
1.0724049999999998
1.0724049999999998
1.0724049999999998
1.0724049999999998
1.0724049999999998
1.0724049999999998
1.0724049999999998
1.0724049999999998
1.0724049999999998
1.0724049999999998
1.0724049999999998
1.0724049999999998
1.0724049999999998
1.0724049999999998
1.0724049999999998
1.0724049999999998
1.0724049999999998
1.0724049999999998
1.0724049999999998
1.0724049999999998
1.0724049999999998
1.0724049999999998
1.0724049999999998
1.0724049999999998
1.0724049999999998
1.0724049999999998
1.0724049999999998
1.0724049999999998
1.0724049999999998
1.0724049999999998
1.0724049999999998
1.0724049999999998
1.0724049999999998
1.0724049999999998
1.0724049999999998
1.0724049999999998
1.0724049999999998
1.0724049999999998
1.0724049999999998
1.0724049999999998
1.0724049999999998
1.0724049999999998
1.0724049999999998
1.0724049999999998
1.0724049999999998
1.0724049999999998
1.0724049999999998
1.0724049999999998
1.0724049999999998
1.0724049999999998
1.0724049999999998
1.0724049999999998
1.0724049999999998
1.0724049999999998
-1.0724210000000003
-1.0723859999999998
-1.0724210000000003
-1.0723859999999998
-1.0724210000000003
-1.0723859999999998
-1.0724210000000003
-1.0723859999999998
-1.0724210000000003
-1.0723859999999998
-1.0724210000000003
-1.0723859999999998
-1.0724210000000003
-1.0723859999999998
-1.0724210000000003
-1.0723859999999998
-1.0724210000000003
-1.0723859999999998
-1.0724210000000003
-1.0723859999999998
-1.0724210000000003
-1.0723859999999998
-1.0724210000000003
-1.0723859999999998
-1.0724210000000003
-1.0723859999999998
-1.0724210000000003
-1.0723859999999998
-1.0724210000000003
-1.0723859999999998
-1.0724210000000003
-1.0723859999999998
-1.0724210000000003
-1.0723859999999998
-1.0724210000000003
-1.0723859999999998
-1.0724210000000003
-1.0723859999999998
-1.0724210000000003
-1.0723859999999998
-1.0724210000000003
-1.0723859999999998
-1.0724210000000003
-1.0723859999999998
-1.0724210000000003
-1.0723859999999998
-1.0724210000000003
-1.0723859999999998
-1.0724210000000003
-1.0723859999999998
-1.0724210000000003
-1.0723859999999998
-1.0724210000000003
-1.0723859999999998
-1.0724210000000003
-1.0723859999999998
-1.0724210000000003
-1.0723859999999998
-1.0724210000000003
-1.0723859999999998
-1.0724210000000003
-1.0723859999999998
-1.0724210000000003
-1.0723859999999998
-1.0724210000000003
-1.0723859999999998
-1.0724210000000003
-1.0723859999999998
-1.0724210000000003
-1.0723859999999998
-1.0724210000000003
-1.0723859999999998
-1.0724210000000003
-1.0723859999999998
-1.0724210000000003
-1.0723859999999998
-1.0724210000000003
-1.0723859999999998
-1.0724210000000003
-1.0723859999999998
-1.0724210000000003
-1.0723859999999998
-1.0724210000000003
-1.0723859999999998
-1.0724210000000003
-1.0723859999999998
-1.0724210000000003
-1.0723859999999998
-1.0724210000000003
-1.0723859999999998
