1.4505719999999993
1.4530410000000007
1.4228749999999994
1.4529449999999997
1.4505719999999993
1.4530410000000007
1.4228749999999994
1.4529449999999997
1.4505719999999993
1.4530410000000007
1.4228749999999994
1.4529449999999997
1.4505719999999993
1.4530410000000007
1.4228749999999994
1.4529449999999997
1.4505719999999993
1.4530410000000007
1.4228749999999994
1.4529449999999997
1.4505719999999993
1.4530410000000007
1.4228749999999994
1.4529449999999997
1.4505719999999993
1.4530410000000007
1.4228749999999994
1.4529449999999997
1.4505719999999993
1.4530410000000007
1.4228749999999994
1.4529449999999997
1.4505719999999993
1.4530410000000007
1.4228749999999994
1.4529449999999997
1.4505719999999993
1.4530410000000007
1.4228749999999994
1.4529449999999997
1.4505719999999993
1.4530410000000007
1.4228749999999994
1.4529449999999997
1.4505719999999993
1.4530410000000007
1.4228749999999994
1.4529449999999997
1.4505719999999993
1.4530410000000007
1.4228749999999994
1.4529449999999997
1.4505719999999993
1.4530410000000007
1.4228749999999994
1.4529449999999997
1.4505719999999993
1.4530410000000007
1.4228749999999994
1.4529449999999997
1.4505719999999993
1.4530410000000007
1.4228749999999994
1.4529449999999997
1.4505719999999993
1.4530410000000007
1.4228749999999994
1.4529449999999997
1.4505719999999993
1.4530410000000007
1.4228749999999994
1.4529449999999997
1.4505719999999993
1.4530410000000007
1.4228749999999994
1.4529449999999997
1.4505719999999993
1.4530410000000007
1.4228749999999994
1.4529449999999997
1.4505719999999993
1.4530410000000007
1.4228749999999994
1.4529449999999997
1.4505719999999993
1.4530410000000007
1.4228749999999994
1.4529449999999997
1.4505719999999993
1.4530410000000007
1.4228749999999994
1.4529449999999997
1.4505719999999993
1.4530410000000007
1.4228749999999994
1.4529449999999997
1.4505719999999993
1.4530410000000007
1.4228749999999994
1.4529449999999997
1.4505719999999993
1.4530410000000007
1.4228749999999994
1.4529449999999997
1.4505719999999993
1.4530410000000007
1.4228749999999994
1.4529449999999997
1.4505719999999993
1.4530410000000007
1.4228749999999994
1.4529449999999997
1.4505719999999993
1.4530410000000007
1.4228749999999994
1.4529449999999997
1.4505719999999993
1.4530410000000007
1.4228749999999994
1.4529449999999997
1.4505719999999993
1.4530410000000007
1.4228749999999994
1.4529449999999997
1.4505719999999993
1.4530410000000007
1.4228749999999994
1.4529449999999997
1.4505719999999993
1.4530410000000007
1.4228749999999994
1.4529449999999997
1.4505719999999993
1.4530410000000007
1.4228749999999994
1.4529449999999997
1.4505719999999993
1.4530410000000007
1.4228749999999994
1.4529449999999997
1.4505719999999993
1.4530410000000007
1.4228749999999994
1.4529449999999997
-1.4354500000000003
-1.450526
-1.4473900000000004
-1.446066
-1.4354500000000003
-1.450526
-1.4473900000000004
-1.446066
-1.4354500000000003
-1.450526
-1.4473900000000004
-1.446066
-1.4354500000000003
-1.450526
-1.4473900000000004
-1.446066
-1.4354500000000003
-1.450526
-1.4473900000000004
-1.446066
-1.4354500000000003
-1.450526
-1.4473900000000004
-1.446066
-1.4354500000000003
-1.450526
-1.4473900000000004
-1.446066
-1.4354500000000003
-1.450526
-1.4473900000000004
-1.446066
-1.4354500000000003
-1.450526
-1.4473900000000004
-1.446066
-1.4354500000000003
-1.450526
-1.4473900000000004
-1.446066
-1.4354500000000003
-1.450526
-1.4473900000000004
-1.446066
-1.4354500000000003
-1.450526
-1.4473900000000004
-1.446066
-1.4354500000000003
-1.450526
-1.4473900000000004
-1.446066
-1.4354500000000003
-1.450526
-1.4473900000000004
-1.446066
-1.4354500000000003
-1.450526
-1.4473900000000004
-1.446066
-1.4354500000000003
-1.450526
-1.4473900000000004
-1.446066
-1.4354500000000003
-1.450526
-1.4473900000000004
-1.446066
-1.4354500000000003
-1.450526
-1.4473900000000004
-1.446066
-1.4354500000000003
-1.450526
-1.4473900000000004
-1.446066
-1.4354500000000003
-1.450526
-1.4473900000000004
-1.446066
-1.4354500000000003
-1.450526
-1.4473900000000004
-1.446066
-1.4354500000000003
-1.450526
-1.4473900000000004
-1.446066
-1.4354500000000003
-1.450526
-1.4473900000000004
-1.446066
-1.4354500000000003
-1.450526
-1.4473900000000004
-1.446066
-1.4354500000000003
-1.450526
-1.4473900000000004
-1.446066
-1.4354500000000003
-1.450526
-1.4473900000000004
-1.446066
-1.4354500000000003
-1.450526
-1.4473900000000004
-1.446066
-1.4354500000000003
-1.450526
-1.4473900000000004
-1.446066
-1.4354500000000003
-1.450526
-1.4473900000000004
-1.446066
-1.4354500000000003
-1.450526
-1.4473900000000004
-1.446066
-1.4354500000000003
-1.450526
-1.4473900000000004
-1.446066
-1.4354500000000003
-1.450526
-1.4473900000000004
-1.446066
-1.4354500000000003
-1.450526
-1.4473900000000004
-1.446066
-1.4354500000000003
-1.450526
-1.4473900000000004
-1.446066
-1.4354500000000003
-1.450526
-1.4473900000000004
-1.446066
-1.4354500000000003
-1.450526
-1.4473900000000004
-1.446066
