1.4653829999999992
1.4653829999999992
1.4653829999999992
1.4653829999999992
1.4653829999999992
1.4653829999999992
1.4653829999999992
1.4653829999999992
1.4653829999999992
1.4653829999999992
1.4653829999999992
1.4653829999999992
1.4653829999999992
1.4653829999999992
1.4653829999999992
1.4653829999999992
1.4653829999999992
1.4653829999999992
1.4653829999999992
1.4653829999999992
1.4653829999999992
1.4653829999999992
1.4653829999999992
1.4653829999999992
1.4653829999999992
1.4653829999999992
1.4653829999999992
1.4653829999999992
1.4653829999999992
1.4653829999999992
1.4653829999999992
1.4653829999999992
1.4653829999999992
1.4653829999999992
1.4653829999999992
1.4653829999999992
1.4653829999999992
1.4653829999999992
1.4653829999999992
1.4653829999999992
1.4653829999999992
1.4653829999999992
1.4653829999999992
1.4653829999999992
1.4653829999999992
1.4653829999999992
1.4653829999999992
1.4653829999999992
1.4653829999999992
1.4653829999999992
1.4653829999999992
1.4653829999999992
1.4653829999999992
1.4653829999999992
1.4653829999999992
1.4653829999999992
1.4653829999999992
1.4653829999999992
1.4653829999999992
1.4653829999999992
1.4653829999999992
1.4653829999999992
1.4653829999999992
1.4653829999999992
1.4653829999999992
1.4653829999999992
1.4653829999999992
1.4653829999999992
1.4653829999999992
1.4653829999999992
1.4653829999999992
1.4653829999999992
-1.4653840000000002
-1.4653840000000002
-1.4653840000000002
-1.4653840000000002
-1.4653840000000002
-1.4653840000000002
-1.4653840000000002
-1.4653840000000002
-1.4653840000000002
-1.4653840000000002
-1.4653840000000002
-1.4653840000000002
-1.4653840000000002
-1.4653840000000002
-1.4653840000000002
-1.4653840000000002
-1.4653840000000002
-1.4653840000000002
-1.4653840000000002
-1.4653840000000002
-1.4653840000000002
-1.4653840000000002
-1.4653840000000002
-1.4653840000000002
-1.4653840000000002
-1.4653840000000002
-1.4653840000000002
-1.4653840000000002
-1.4653840000000002
-1.4653840000000002
-1.4653840000000002
-1.4653840000000002
-1.4653840000000002
-1.4653840000000002
-1.4653840000000002
-1.4653840000000002
-1.4653840000000002
-1.4653840000000002
-1.4653840000000002
-1.4653840000000002
-1.4653840000000002
-1.4653840000000002
-1.4653840000000002
-1.4653840000000002
-1.4653840000000002
-1.4653840000000002
-1.4653840000000002
-1.4653840000000002
-1.4653840000000002
-1.4653840000000002
-1.4653840000000002
-1.4653840000000002
-1.4653840000000002
-1.4653840000000002
-1.4653840000000002
-1.4653840000000002
-1.4653840000000002
-1.4653840000000002
-1.4653840000000002
-1.4653840000000002
-1.4653840000000002
-1.4653840000000002
-1.4653840000000002
-1.4653840000000002
-1.4653840000000002
-1.4653840000000002
-1.4653840000000002
-1.4653840000000002
-1.4653840000000002
-1.4653840000000002
-1.4653840000000002
-1.4653840000000002
