1.3484429999999996
1.3964370000000006
1.3484429999999996
1.3964370000000006
1.3484429999999996
1.3964370000000006
1.3484429999999996
1.3964370000000006
1.3484429999999996
1.3964370000000006
1.3484429999999996
1.3964370000000006
1.3484429999999996
1.3964370000000006
1.3484429999999996
1.3964370000000006
1.3484429999999996
1.3964370000000006
1.3484429999999996
1.3964370000000006
1.3484429999999996
1.3964370000000006
1.3484429999999996
1.3964370000000006
1.3484429999999996
1.3964370000000006
1.3484429999999996
1.3964370000000006
1.3484429999999996
1.3964370000000006
1.3484429999999996
1.3964370000000006
1.3484429999999996
1.3964370000000006
1.3484429999999996
1.3964370000000006
1.3484429999999996
1.3964370000000006
1.3484429999999996
1.3964370000000006
1.3484429999999996
1.3964370000000006
1.3484429999999996
1.3964370000000006
1.3484429999999996
1.3964370000000006
1.3484429999999996
1.3964370000000006
1.3484429999999996
1.3964370000000006
1.3484429999999996
1.3964370000000006
1.3484429999999996
1.3964370000000006
1.3484429999999996
1.3964370000000006
1.3484429999999996
1.3964370000000006
1.3484429999999996
1.3964370000000006
1.3484429999999996
1.3964370000000006
1.3484429999999996
1.3964370000000006
1.3484429999999996
1.3964370000000006
1.3484429999999996
1.3964370000000006
1.3484429999999996
1.3964370000000006
1.3484429999999996
1.3964370000000006
1.3484429999999996
1.3964370000000006
1.3484429999999996
1.3964370000000006
1.3484429999999996
1.3964370000000006
1.3484429999999996
1.3964370000000006
1.3484429999999996
1.3964370000000006
1.3484429999999996
1.3964370000000006
1.3484429999999996
1.3964370000000006
1.3484429999999996
1.3964370000000006
1.3484429999999996
1.3964370000000006
1.3484429999999996
1.3964370000000006
1.3484429999999996
1.3964370000000006
1.3484429999999996
1.3964370000000006
1.3484429999999996
1.3964370000000006
1.3484429999999996
1.3964370000000006
1.3484429999999996
1.3964370000000006
1.3484429999999996
1.3964370000000006
1.3484429999999996
1.3964370000000006
1.3484429999999996
1.3964370000000006
1.3484429999999996
1.3964370000000006
1.3484429999999996
1.3964370000000006
1.3484429999999996
1.3964370000000006
1.3484429999999996
1.3964370000000006
1.3484429999999996
1.3964370000000006
1.3484429999999996
1.3964370000000006
-1.380445
-1.3644360000000004
-1.380445
-1.3644360000000004
-1.380445
-1.3644360000000004
-1.380445
-1.3644360000000004
-1.380445
-1.3644360000000004
-1.380445
-1.3644360000000004
-1.380445
-1.3644360000000004
-1.380445
-1.3644360000000004
-1.380445
-1.3644360000000004
-1.380445
-1.3644360000000004
-1.380445
-1.3644360000000004
-1.380445
-1.3644360000000004
-1.380445
-1.3644360000000004
-1.380445
-1.3644360000000004
-1.380445
-1.3644360000000004
-1.380445
-1.3644360000000004
-1.380445
-1.3644360000000004
-1.380445
-1.3644360000000004
-1.380445
-1.3644360000000004
-1.380445
-1.3644360000000004
-1.380445
-1.3644360000000004
-1.380445
-1.3644360000000004
-1.380445
-1.3644360000000004
-1.380445
-1.3644360000000004
-1.380445
-1.3644360000000004
-1.380445
-1.3644360000000004
-1.380445
-1.3644360000000004
-1.380445
-1.3644360000000004
-1.380445
-1.3644360000000004
-1.380445
-1.3644360000000004
-1.380445
-1.3644360000000004
-1.380445
-1.3644360000000004
-1.380445
-1.3644360000000004
-1.380445
-1.3644360000000004
-1.380445
-1.3644360000000004
-1.380445
-1.3644360000000004
-1.380445
-1.3644360000000004
-1.380445
-1.3644360000000004
-1.380445
-1.3644360000000004
-1.380445
-1.3644360000000004
-1.380445
-1.3644360000000004
-1.380445
-1.3644360000000004
-1.380445
-1.3644360000000004
-1.380445
-1.3644360000000004
-1.380445
-1.3644360000000004
-1.380445
-1.3644360000000004
-1.380445
-1.3644360000000004
-1.380445
-1.3644360000000004
-1.380445
-1.3644360000000004
-1.380445
-1.3644360000000004
-1.380445
-1.3644360000000004
-1.380445
-1.3644360000000004
-1.380445
-1.3644360000000004
-1.380445
-1.3644360000000004
-1.380445
-1.3644360000000004
-1.380445
-1.3644360000000004
-1.380445
-1.3644360000000004
-1.380445
-1.3644360000000004
-1.380445
-1.3644360000000004
-1.380445
-1.3644360000000004
