0.6893480000000007
0.6893480000000007
0.6893480000000007
0.6893480000000007
0.6893480000000007
0.6893480000000007
0.6893480000000007
0.6893480000000007
0.6893480000000007
0.6893480000000007
0.6893480000000007
0.6893480000000007
0.6893480000000007
0.6893480000000007
0.6893480000000007
0.6893480000000007
0.6893480000000007
0.6893480000000007
0.6893480000000007
0.6893480000000007
0.6893480000000007
0.6893480000000007
0.6893480000000007
0.6893480000000007
0.6893480000000007
0.6893480000000007
0.6893480000000007
0.6893480000000007
0.6893480000000007
0.6893480000000007
0.6893480000000007
0.6893480000000007
0.6893480000000007
0.6893480000000007
0.6893480000000007
0.6893480000000007
0.6893480000000007
0.6893480000000007
0.6893480000000007
0.6893480000000007
0.6893480000000007
0.6893480000000007
0.6893480000000007
0.6893480000000007
0.6893480000000007
0.6893480000000007
0.6893480000000007
0.6893480000000007
0.6893480000000007
0.6893480000000007
0.6893480000000007
0.6893480000000007
0.6893480000000007
0.6893480000000007
0.6893480000000007
0.6893480000000007
0.6893480000000007
0.6893480000000007
0.6893480000000007
0.6893480000000007
0.6893480000000007
0.6893480000000007
0.6893480000000007
0.6893480000000007
-0.6893469999999997
-0.6893469999999997
-0.6893469999999997
-0.6893469999999997
-0.6893469999999997
-0.6893469999999997
-0.6893469999999997
-0.6893469999999997
-0.6893469999999997
-0.6893469999999997
-0.6893469999999997
-0.6893469999999997
-0.6893469999999997
-0.6893469999999997
-0.6893469999999997
-0.6893469999999997
-0.6893469999999997
-0.6893469999999997
-0.6893469999999997
-0.6893469999999997
-0.6893469999999997
-0.6893469999999997
-0.6893469999999997
-0.6893469999999997
-0.6893469999999997
-0.6893469999999997
-0.6893469999999997
-0.6893469999999997
-0.6893469999999997
-0.6893469999999997
-0.6893469999999997
-0.6893469999999997
-0.6893469999999997
-0.6893469999999997
-0.6893469999999997
-0.6893469999999997
-0.6893469999999997
-0.6893469999999997
-0.6893469999999997
-0.6893469999999997
-0.6893469999999997
-0.6893469999999997
-0.6893469999999997
-0.6893469999999997
-0.6893469999999997
-0.6893469999999997
-0.6893469999999997
-0.6893469999999997
-0.6893469999999997
-0.6893469999999997
-0.6893469999999997
-0.6893469999999997
-0.6893469999999997
-0.6893469999999997
-0.6893469999999997
-0.6893469999999997
-0.6893469999999997
-0.6893469999999997
-0.6893469999999997
-0.6893469999999997
-0.6893469999999997
-0.6893469999999997
-0.6893469999999997
-0.6893469999999997
