1.3309429999999995
1.3829220000000007
1.3309429999999995
1.3829220000000007
1.3309429999999995
1.3829220000000007
1.3309429999999995
1.3829220000000007
1.3309429999999995
1.3829220000000007
1.3309429999999995
1.3829220000000007
1.3309429999999995
1.3829220000000007
1.3309429999999995
1.3829220000000007
1.3309429999999995
1.3829220000000007
1.3309429999999995
1.3829220000000007
1.3309429999999995
1.3829220000000007
1.3309429999999995
1.3829220000000007
1.3309429999999995
1.3829220000000007
1.3309429999999995
1.3829220000000007
1.3309429999999995
1.3829220000000007
1.3309429999999995
1.3829220000000007
1.3309429999999995
1.3829220000000007
1.3309429999999995
1.3829220000000007
1.3309429999999995
1.3829220000000007
1.3309429999999995
1.3829220000000007
1.3309429999999995
1.3829220000000007
1.3309429999999995
1.3829220000000007
1.3309429999999995
1.3829220000000007
1.3309429999999995
1.3829220000000007
1.3309429999999995
1.3829220000000007
1.3309429999999995
1.3829220000000007
1.3309429999999995
1.3829220000000007
1.3309429999999995
1.3829220000000007
1.3309429999999995
1.3829220000000007
1.3309429999999995
1.3829220000000007
1.3309429999999995
1.3829220000000007
1.3309429999999995
1.3829220000000007
1.3309429999999995
1.3829220000000007
1.3309429999999995
1.3829220000000007
1.3309429999999995
1.3829220000000007
1.3309429999999995
1.3829220000000007
1.3309429999999995
1.3829220000000007
1.3309429999999995
1.3829220000000007
1.3309429999999995
1.3829220000000007
1.3309429999999995
1.3829220000000007
1.3309429999999995
1.3829220000000007
1.3309429999999995
1.3829220000000007
1.3309429999999995
1.3829220000000007
1.3309429999999995
1.3829220000000007
1.3309429999999995
1.3829220000000007
1.3309429999999995
1.3829220000000007
1.3309429999999995
1.3829220000000007
1.3309429999999995
1.3829220000000007
1.3309429999999995
1.3829220000000007
1.3309429999999995
1.3829220000000007
1.3309429999999995
1.3829220000000007
1.3309429999999995
1.3829220000000007
1.3309429999999995
1.3829220000000007
1.3309429999999995
1.3829220000000007
1.3309429999999995
1.3829220000000007
1.3309429999999995
1.3829220000000007
1.3309429999999995
1.3829220000000007
1.3309429999999995
1.3829220000000007
1.3309429999999995
1.3829220000000007
1.3309429999999995
1.3829220000000007
-1.3777080000000002
-1.336156
-1.3777080000000002
-1.336156
-1.3777080000000002
-1.336156
-1.3777080000000002
-1.336156
-1.3777080000000002
-1.336156
-1.3777080000000002
-1.336156
-1.3777080000000002
-1.336156
-1.3777080000000002
-1.336156
-1.3777080000000002
-1.336156
-1.3777080000000002
-1.336156
-1.3777080000000002
-1.336156
-1.3777080000000002
-1.336156
-1.3777080000000002
-1.336156
-1.3777080000000002
-1.336156
-1.3777080000000002
-1.336156
-1.3777080000000002
-1.336156
-1.3777080000000002
-1.336156
-1.3777080000000002
-1.336156
-1.3777080000000002
-1.336156
-1.3777080000000002
-1.336156
-1.3777080000000002
-1.336156
-1.3777080000000002
-1.336156
-1.3777080000000002
-1.336156
-1.3777080000000002
-1.336156
-1.3777080000000002
-1.336156
-1.3777080000000002
-1.336156
-1.3777080000000002
-1.336156
-1.3777080000000002
-1.336156
-1.3777080000000002
-1.336156
-1.3777080000000002
-1.336156
-1.3777080000000002
-1.336156
-1.3777080000000002
-1.336156
-1.3777080000000002
-1.336156
-1.3777080000000002
-1.336156
-1.3777080000000002
-1.336156
-1.3777080000000002
-1.336156
-1.3777080000000002
-1.336156
-1.3777080000000002
-1.336156
-1.3777080000000002
-1.336156
-1.3777080000000002
-1.336156
-1.3777080000000002
-1.336156
-1.3777080000000002
-1.336156
-1.3777080000000002
-1.336156
-1.3777080000000002
-1.336156
-1.3777080000000002
-1.336156
-1.3777080000000002
-1.336156
-1.3777080000000002
-1.336156
-1.3777080000000002
-1.336156
-1.3777080000000002
-1.336156
-1.3777080000000002
-1.336156
-1.3777080000000002
-1.336156
-1.3777080000000002
-1.336156
-1.3777080000000002
-1.336156
-1.3777080000000002
-1.336156
-1.3777080000000002
-1.336156
-1.3777080000000002
-1.336156
-1.3777080000000002
-1.336156
-1.3777080000000002
-1.336156
-1.3777080000000002
-1.336156
-1.3777080000000002
-1.336156
