0.9504239999999999
0.9504239999999999
0.9504239999999999
0.9504239999999999
0.9504239999999999
0.9504239999999999
0.9504239999999999
0.9504239999999999
0.9504239999999999
0.9504239999999999
0.9504239999999999
0.9504239999999999
0.9504239999999999
0.9504239999999999
0.9504239999999999
0.9504239999999999
0.9504239999999999
0.9504239999999999
0.9504239999999999
0.9504239999999999
0.9504239999999999
0.9504239999999999
0.9504239999999999
0.9504239999999999
0.9504239999999999
0.9504239999999999
0.9504239999999999
-0.9504219999999997
-0.9504219999999997
-0.9504219999999997
-0.9504219999999997
-0.9504219999999997
-0.9504219999999997
-0.9504219999999997
-0.9504219999999997
-0.9504219999999997
-0.9504219999999997
-0.9504219999999997
-0.9504219999999997
-0.9504219999999997
-0.9504219999999997
-0.9504219999999997
-0.9504219999999997
-0.9504219999999997
-0.9504219999999997
-0.9504219999999997
-0.9504219999999997
-0.9504219999999997
-0.9504219999999997
-0.9504219999999997
-0.9504219999999997
-0.9504219999999997
-0.9504219999999997
-0.9504219999999997
