1.4159439999999996
1.4183679999999992
1.4153680000000008
1.4110899999999997
1.4159439999999996
1.4183679999999992
1.4153680000000008
1.4110899999999997
1.4159439999999996
1.4183679999999992
1.4153680000000008
1.4110899999999997
1.4159439999999996
1.4183679999999992
1.4153680000000008
1.4110899999999997
1.4159439999999996
1.4183679999999992
1.4153680000000008
1.4110899999999997
1.4159439999999996
1.4183679999999992
1.4153680000000008
1.4110899999999997
1.4159439999999996
1.4183679999999992
1.4153680000000008
1.4110899999999997
1.4159439999999996
1.4183679999999992
1.4153680000000008
1.4110899999999997
1.4159439999999996
1.4183679999999992
1.4153680000000008
1.4110899999999997
1.4159439999999996
1.4183679999999992
1.4153680000000008
1.4110899999999997
1.4159439999999996
1.4183679999999992
1.4153680000000008
1.4110899999999997
1.4159439999999996
1.4183679999999992
1.4153680000000008
1.4110899999999997
1.4159439999999996
1.4183679999999992
1.4153680000000008
1.4110899999999997
1.4159439999999996
1.4183679999999992
1.4153680000000008
1.4110899999999997
1.4159439999999996
1.4183679999999992
1.4153680000000008
1.4110899999999997
1.4159439999999996
1.4183679999999992
1.4153680000000008
1.4110899999999997
1.4159439999999996
1.4183679999999992
1.4153680000000008
1.4110899999999997
1.4159439999999996
1.4183679999999992
1.4153680000000008
1.4110899999999997
1.4159439999999996
1.4183679999999992
1.4153680000000008
1.4110899999999997
1.4159439999999996
1.4183679999999992
1.4153680000000008
1.4110899999999997
1.4159439999999996
1.4183679999999992
1.4153680000000008
1.4110899999999997
1.4159439999999996
1.4183679999999992
1.4153680000000008
1.4110899999999997
1.4159439999999996
1.4183679999999992
1.4153680000000008
1.4110899999999997
1.4159439999999996
1.4183679999999992
1.4153680000000008
1.4110899999999997
1.4159439999999996
1.4183679999999992
1.4153680000000008
1.4110899999999997
1.4159439999999996
1.4183679999999992
1.4153680000000008
1.4110899999999997
1.4159439999999996
1.4183679999999992
1.4153680000000008
1.4110899999999997
1.4159439999999996
1.4183679999999992
1.4153680000000008
1.4110899999999997
1.4159439999999996
1.4183679999999992
1.4153680000000008
1.4110899999999997
1.4159439999999996
1.4183679999999992
1.4153680000000008
1.4110899999999997
1.4159439999999996
1.4183679999999992
1.4153680000000008
1.4110899999999997
1.4159439999999996
1.4183679999999992
1.4153680000000008
1.4110899999999997
1.4159439999999996
1.4183679999999992
1.4153680000000008
1.4110899999999997
1.4159439999999996
1.4183679999999992
1.4153680000000008
1.4110899999999997
1.4159439999999996
1.4183679999999992
1.4153680000000008
1.4110899999999997
1.4159439999999996
1.4183679999999992
1.4153680000000008
1.4110899999999997
-1.4145659999999998
-1.415368
-1.4176229999999999
-1.4132110000000004
-1.4145659999999998
-1.415368
-1.4176229999999999
-1.4132110000000004
-1.4145659999999998
-1.415368
-1.4176229999999999
-1.4132110000000004
-1.4145659999999998
-1.415368
-1.4176229999999999
-1.4132110000000004
-1.4145659999999998
-1.415368
-1.4176229999999999
-1.4132110000000004
-1.4145659999999998
-1.415368
-1.4176229999999999
-1.4132110000000004
-1.4145659999999998
-1.415368
-1.4176229999999999
-1.4132110000000004
-1.4145659999999998
-1.415368
-1.4176229999999999
-1.4132110000000004
-1.4145659999999998
-1.415368
-1.4176229999999999
-1.4132110000000004
-1.4145659999999998
-1.415368
-1.4176229999999999
-1.4132110000000004
-1.4145659999999998
-1.415368
-1.4176229999999999
-1.4132110000000004
-1.4145659999999998
-1.415368
-1.4176229999999999
-1.4132110000000004
-1.4145659999999998
-1.415368
-1.4176229999999999
-1.4132110000000004
-1.4145659999999998
-1.415368
-1.4176229999999999
-1.4132110000000004
-1.4145659999999998
-1.415368
-1.4176229999999999
-1.4132110000000004
-1.4145659999999998
-1.415368
-1.4176229999999999
-1.4132110000000004
-1.4145659999999998
-1.415368
-1.4176229999999999
-1.4132110000000004
-1.4145659999999998
-1.415368
-1.4176229999999999
-1.4132110000000004
-1.4145659999999998
-1.415368
-1.4176229999999999
-1.4132110000000004
-1.4145659999999998
-1.415368
-1.4176229999999999
-1.4132110000000004
-1.4145659999999998
-1.415368
-1.4176229999999999
-1.4132110000000004
-1.4145659999999998
-1.415368
-1.4176229999999999
-1.4132110000000004
-1.4145659999999998
-1.415368
-1.4176229999999999
-1.4132110000000004
-1.4145659999999998
-1.415368
-1.4176229999999999
-1.4132110000000004
-1.4145659999999998
-1.415368
-1.4176229999999999
-1.4132110000000004
-1.4145659999999998
-1.415368
-1.4176229999999999
-1.4132110000000004
-1.4145659999999998
-1.415368
-1.4176229999999999
-1.4132110000000004
-1.4145659999999998
-1.415368
-1.4176229999999999
-1.4132110000000004
-1.4145659999999998
-1.415368
-1.4176229999999999
-1.4132110000000004
-1.4145659999999998
-1.415368
-1.4176229999999999
-1.4132110000000004
-1.4145659999999998
-1.415368
-1.4176229999999999
-1.4132110000000004
-1.4145659999999998
-1.415368
-1.4176229999999999
-1.4132110000000004
-1.4145659999999998
-1.415368
-1.4176229999999999
-1.4132110000000004
-1.4145659999999998
-1.415368
-1.4176229999999999
-1.4132110000000004
-1.4145659999999998
-1.415368
-1.4176229999999999
-1.4132110000000004
-1.4145659999999998
-1.415368
-1.4176229999999999
-1.4132110000000004
