1.4188080000000003
1.4205419999999993
1.4172890000000002
1.421234
1.4188080000000003
1.4205419999999993
1.4172890000000002
1.421234
1.4188080000000003
1.4205419999999993
1.4172890000000002
1.421234
1.4188080000000003
1.4205419999999993
1.4172890000000002
1.421234
1.4188080000000003
1.4205419999999993
1.4172890000000002
1.421234
1.4188080000000003
1.4205419999999993
1.4172890000000002
1.421234
1.4188080000000003
1.4205419999999993
1.4172890000000002
1.421234
1.4188080000000003
1.4205419999999993
1.4172890000000002
1.421234
1.4188080000000003
1.4205419999999993
1.4172890000000002
1.421234
1.4188080000000003
1.4205419999999993
1.4172890000000002
1.421234
1.4188080000000003
1.4205419999999993
1.4172890000000002
1.421234
1.4188080000000003
1.4205419999999993
1.4172890000000002
1.421234
1.4188080000000003
1.4205419999999993
1.4172890000000002
1.421234
1.4188080000000003
1.4205419999999993
1.4172890000000002
1.421234
1.4188080000000003
1.4205419999999993
1.4172890000000002
1.421234
1.4188080000000003
1.4205419999999993
1.4172890000000002
1.421234
1.4188080000000003
1.4205419999999993
1.4172890000000002
1.421234
1.4188080000000003
1.4205419999999993
1.4172890000000002
1.421234
1.4188080000000003
1.4205419999999993
1.4172890000000002
1.421234
1.4188080000000003
1.4205419999999993
1.4172890000000002
1.421234
1.4188080000000003
1.4205419999999993
1.4172890000000002
1.421234
1.4188080000000003
1.4205419999999993
1.4172890000000002
1.421234
1.4188080000000003
1.4205419999999993
1.4172890000000002
1.421234
1.4188080000000003
1.4205419999999993
1.4172890000000002
1.421234
1.4188080000000003
1.4205419999999993
1.4172890000000002
1.421234
1.4188080000000003
1.4205419999999993
1.4172890000000002
1.421234
1.4188080000000003
1.4205419999999993
1.4172890000000002
1.421234
1.4188080000000003
1.4205419999999993
1.4172890000000002
1.421234
1.4188080000000003
1.4205419999999993
1.4172890000000002
1.421234
1.4188080000000003
1.4205419999999993
1.4172890000000002
1.421234
1.4188080000000003
1.4205419999999993
1.4172890000000002
1.421234
1.4188080000000003
1.4205419999999993
1.4172890000000002
1.421234
1.4188080000000003
1.4205419999999993
1.4172890000000002
1.421234
1.4188080000000003
1.4205419999999993
1.4172890000000002
1.421234
1.4188080000000003
1.4205419999999993
1.4172890000000002
1.421234
1.4188080000000003
1.4205419999999993
1.4172890000000002
1.421234
-1.4205170000000003
-1.420344
-1.417115
-1.419893
-1.4205170000000003
-1.420344
-1.417115
-1.419893
-1.4205170000000003
-1.420344
-1.417115
-1.419893
-1.4205170000000003
-1.420344
-1.417115
-1.419893
-1.4205170000000003
-1.420344
-1.417115
-1.419893
-1.4205170000000003
-1.420344
-1.417115
-1.419893
-1.4205170000000003
-1.420344
-1.417115
-1.419893
-1.4205170000000003
-1.420344
-1.417115
-1.419893
-1.4205170000000003
-1.420344
-1.417115
-1.419893
-1.4205170000000003
-1.420344
-1.417115
-1.419893
-1.4205170000000003
-1.420344
-1.417115
-1.419893
-1.4205170000000003
-1.420344
-1.417115
-1.419893
-1.4205170000000003
-1.420344
-1.417115
-1.419893
-1.4205170000000003
-1.420344
-1.417115
-1.419893
-1.4205170000000003
-1.420344
-1.417115
-1.419893
-1.4205170000000003
-1.420344
-1.417115
-1.419893
-1.4205170000000003
-1.420344
-1.417115
-1.419893
-1.4205170000000003
-1.420344
-1.417115
-1.419893
-1.4205170000000003
-1.420344
-1.417115
-1.419893
-1.4205170000000003
-1.420344
-1.417115
-1.419893
-1.4205170000000003
-1.420344
-1.417115
-1.419893
-1.4205170000000003
-1.420344
-1.417115
-1.419893
-1.4205170000000003
-1.420344
-1.417115
-1.419893
-1.4205170000000003
-1.420344
-1.417115
-1.419893
-1.4205170000000003
-1.420344
-1.417115
-1.419893
-1.4205170000000003
-1.420344
-1.417115
-1.419893
-1.4205170000000003
-1.420344
-1.417115
-1.419893
-1.4205170000000003
-1.420344
-1.417115
-1.419893
-1.4205170000000003
-1.420344
-1.417115
-1.419893
-1.4205170000000003
-1.420344
-1.417115
-1.419893
-1.4205170000000003
-1.420344
-1.417115
-1.419893
-1.4205170000000003
-1.420344
-1.417115
-1.419893
-1.4205170000000003
-1.420344
-1.417115
-1.419893
-1.4205170000000003
-1.420344
-1.417115
-1.419893
-1.4205170000000003
-1.420344
-1.417115
-1.419893
-1.4205170000000003
-1.420344
-1.417115
-1.419893
