1.4170820000000006
1.3953889999999998
1.4170820000000006
1.3953889999999998
1.4170820000000006
1.3953889999999998
1.4170820000000006
1.3953889999999998
1.4170820000000006
1.3953889999999998
1.4170820000000006
1.3953889999999998
1.4170820000000006
1.3953889999999998
1.4170820000000006
1.3953889999999998
1.4170820000000006
1.3953889999999998
1.4170820000000006
1.3953889999999998
1.4170820000000006
1.3953889999999998
1.4170820000000006
1.3953889999999998
1.4170820000000006
1.3953889999999998
1.4170820000000006
1.3953889999999998
1.4170820000000006
1.3953889999999998
1.4170820000000006
1.3953889999999998
1.4170820000000006
1.3953889999999998
1.4170820000000006
1.3953889999999998
1.4170820000000006
1.3953889999999998
1.4170820000000006
1.3953889999999998
1.4170820000000006
1.3953889999999998
1.4170820000000006
1.3953889999999998
1.4170820000000006
1.3953889999999998
1.4170820000000006
1.3953889999999998
1.4170820000000006
1.3953889999999998
1.4170820000000006
1.3953889999999998
1.4170820000000006
1.3953889999999998
1.4170820000000006
1.3953889999999998
1.4170820000000006
1.3953889999999998
1.4170820000000006
1.3953889999999998
1.4170820000000006
1.3953889999999998
1.4170820000000006
1.3953889999999998
1.4170820000000006
1.3953889999999998
1.4170820000000006
1.3953889999999998
1.4170820000000006
1.3953889999999998
1.4170820000000006
1.3953889999999998
1.4170820000000006
1.3953889999999998
1.4170820000000006
1.3953889999999998
1.4170820000000006
1.3953889999999998
1.4170820000000006
1.3953889999999998
1.4170820000000006
1.3953889999999998
1.4170820000000006
1.3953889999999998
1.4170820000000006
1.3953889999999998
1.4170820000000006
1.3953889999999998
1.4170820000000006
1.3953889999999998
1.4170820000000006
1.3953889999999998
1.4170820000000006
1.3953889999999998
1.4170820000000006
1.3953889999999998
1.4170820000000006
1.3953889999999998
1.4170820000000006
1.3953889999999998
1.4170820000000006
1.3953889999999998
1.4170820000000006
1.3953889999999998
1.4170820000000006
1.3953889999999998
1.4170820000000006
1.3953889999999998
1.4170820000000006
1.3953889999999998
1.4170820000000006
1.3953889999999998
1.4170820000000006
1.3953889999999998
1.4170820000000006
1.3953889999999998
1.4170820000000006
1.3953889999999998
1.4170820000000006
1.3953889999999998
-1.4079860000000002
-1.4044860000000003
-1.4079860000000002
-1.4044860000000003
-1.4079860000000002
-1.4044860000000003
-1.4079860000000002
-1.4044860000000003
-1.4079860000000002
-1.4044860000000003
-1.4079860000000002
-1.4044860000000003
-1.4079860000000002
-1.4044860000000003
-1.4079860000000002
-1.4044860000000003
-1.4079860000000002
-1.4044860000000003
-1.4079860000000002
-1.4044860000000003
-1.4079860000000002
-1.4044860000000003
-1.4079860000000002
-1.4044860000000003
-1.4079860000000002
-1.4044860000000003
-1.4079860000000002
-1.4044860000000003
-1.4079860000000002
-1.4044860000000003
-1.4079860000000002
-1.4044860000000003
-1.4079860000000002
-1.4044860000000003
-1.4079860000000002
-1.4044860000000003
-1.4079860000000002
-1.4044860000000003
-1.4079860000000002
-1.4044860000000003
-1.4079860000000002
-1.4044860000000003
-1.4079860000000002
-1.4044860000000003
-1.4079860000000002
-1.4044860000000003
-1.4079860000000002
-1.4044860000000003
-1.4079860000000002
-1.4044860000000003
-1.4079860000000002
-1.4044860000000003
-1.4079860000000002
-1.4044860000000003
-1.4079860000000002
-1.4044860000000003
-1.4079860000000002
-1.4044860000000003
-1.4079860000000002
-1.4044860000000003
-1.4079860000000002
-1.4044860000000003
-1.4079860000000002
-1.4044860000000003
-1.4079860000000002
-1.4044860000000003
-1.4079860000000002
-1.4044860000000003
-1.4079860000000002
-1.4044860000000003
-1.4079860000000002
-1.4044860000000003
-1.4079860000000002
-1.4044860000000003
-1.4079860000000002
-1.4044860000000003
-1.4079860000000002
-1.4044860000000003
-1.4079860000000002
-1.4044860000000003
-1.4079860000000002
-1.4044860000000003
-1.4079860000000002
-1.4044860000000003
-1.4079860000000002
-1.4044860000000003
-1.4079860000000002
-1.4044860000000003
-1.4079860000000002
-1.4044860000000003
-1.4079860000000002
-1.4044860000000003
-1.4079860000000002
-1.4044860000000003
-1.4079860000000002
-1.4044860000000003
-1.4079860000000002
-1.4044860000000003
-1.4079860000000002
-1.4044860000000003
-1.4079860000000002
-1.4044860000000003
-1.4079860000000002
-1.4044860000000003
-1.4079860000000002
-1.4044860000000003
-1.4079860000000002
-1.4044860000000003
-1.4079860000000002
-1.4044860000000003
-1.4079860000000002
-1.4044860000000003
-1.4079860000000002
-1.4044860000000003
-1.4079860000000002
-1.4044860000000003
-1.4079860000000002
-1.4044860000000003
-1.4079860000000002
-1.4044860000000003
