1.4412950000000002
1.4438189999999995
1.4527959999999993
1.4446899999999996
1.4412950000000002
1.4438189999999995
1.4527959999999993
1.4446899999999996
1.4412950000000002
1.4438189999999995
1.4527959999999993
1.4446899999999996
1.4412950000000002
1.4438189999999995
1.4527959999999993
1.4446899999999996
1.4412950000000002
1.4438189999999995
1.4527959999999993
1.4446899999999996
1.4412950000000002
1.4438189999999995
1.4527959999999993
1.4446899999999996
1.4412950000000002
1.4438189999999995
1.4527959999999993
1.4446899999999996
1.4412950000000002
1.4438189999999995
1.4527959999999993
1.4446899999999996
1.4412950000000002
1.4438189999999995
1.4527959999999993
1.4446899999999996
1.4412950000000002
1.4438189999999995
1.4527959999999993
1.4446899999999996
1.4412950000000002
1.4438189999999995
1.4527959999999993
1.4446899999999996
1.4412950000000002
1.4438189999999995
1.4527959999999993
1.4446899999999996
1.4412950000000002
1.4438189999999995
1.4527959999999993
1.4446899999999996
1.4412950000000002
1.4438189999999995
1.4527959999999993
1.4446899999999996
1.4412950000000002
1.4438189999999995
1.4527959999999993
1.4446899999999996
1.4412950000000002
1.4438189999999995
1.4527959999999993
1.4446899999999996
1.4412950000000002
1.4438189999999995
1.4527959999999993
1.4446899999999996
1.4412950000000002
1.4438189999999995
1.4527959999999993
1.4446899999999996
1.4412950000000002
1.4438189999999995
1.4527959999999993
1.4446899999999996
1.4412950000000002
1.4438189999999995
1.4527959999999993
1.4446899999999996
1.4412950000000002
1.4438189999999995
1.4527959999999993
1.4446899999999996
1.4412950000000002
1.4438189999999995
1.4527959999999993
1.4446899999999996
1.4412950000000002
1.4438189999999995
1.4527959999999993
1.4446899999999996
1.4412950000000002
1.4438189999999995
1.4527959999999993
1.4446899999999996
1.4412950000000002
1.4438189999999995
1.4527959999999993
1.4446899999999996
1.4412950000000002
1.4438189999999995
1.4527959999999993
1.4446899999999996
1.4412950000000002
1.4438189999999995
1.4527959999999993
1.4446899999999996
-1.4478489999999997
-1.445189
-1.444496
-1.4450659999999997
-1.4478489999999997
-1.445189
-1.444496
-1.4450659999999997
-1.4478489999999997
-1.445189
-1.444496
-1.4450659999999997
-1.4478489999999997
-1.445189
-1.444496
-1.4450659999999997
-1.4478489999999997
-1.445189
-1.444496
-1.4450659999999997
-1.4478489999999997
-1.445189
-1.444496
-1.4450659999999997
-1.4478489999999997
-1.445189
-1.444496
-1.4450659999999997
-1.4478489999999997
-1.445189
-1.444496
-1.4450659999999997
-1.4478489999999997
-1.445189
-1.444496
-1.4450659999999997
-1.4478489999999997
-1.445189
-1.444496
-1.4450659999999997
-1.4478489999999997
-1.445189
-1.444496
-1.4450659999999997
-1.4478489999999997
-1.445189
-1.444496
-1.4450659999999997
-1.4478489999999997
-1.445189
-1.444496
-1.4450659999999997
-1.4478489999999997
-1.445189
-1.444496
-1.4450659999999997
-1.4478489999999997
-1.445189
-1.444496
-1.4450659999999997
-1.4478489999999997
-1.445189
-1.444496
-1.4450659999999997
-1.4478489999999997
-1.445189
-1.444496
-1.4450659999999997
-1.4478489999999997
-1.445189
-1.444496
-1.4450659999999997
-1.4478489999999997
-1.445189
-1.444496
-1.4450659999999997
-1.4478489999999997
-1.445189
-1.444496
-1.4450659999999997
-1.4478489999999997
-1.445189
-1.444496
-1.4450659999999997
-1.4478489999999997
-1.445189
-1.444496
-1.4450659999999997
-1.4478489999999997
-1.445189
-1.444496
-1.4450659999999997
-1.4478489999999997
-1.445189
-1.444496
-1.4450659999999997
-1.4478489999999997
-1.445189
-1.444496
-1.4450659999999997
-1.4478489999999997
-1.445189
-1.444496
-1.4450659999999997
-1.4478489999999997
-1.445189
-1.444496
-1.4450659999999997
