1.3974139999999995
1.3923089999999991
1.3955300000000008
1.4104569999999992
1.3974139999999995
1.3923089999999991
1.3955300000000008
1.4104569999999992
1.3974139999999995
1.3923089999999991
1.3955300000000008
1.4104569999999992
1.3974139999999995
1.3923089999999991
1.3955300000000008
1.4104569999999992
1.3974139999999995
1.3923089999999991
1.3955300000000008
1.4104569999999992
1.3974139999999995
1.3923089999999991
1.3955300000000008
1.4104569999999992
1.3974139999999995
1.3923089999999991
1.3955300000000008
1.4104569999999992
1.3974139999999995
1.3923089999999991
1.3955300000000008
1.4104569999999992
1.3974139999999995
1.3923089999999991
1.3955300000000008
1.4104569999999992
1.3974139999999995
1.3923089999999991
1.3955300000000008
1.4104569999999992
1.3974139999999995
1.3923089999999991
1.3955300000000008
1.4104569999999992
1.3974139999999995
1.3923089999999991
1.3955300000000008
1.4104569999999992
1.3974139999999995
1.3923089999999991
1.3955300000000008
1.4104569999999992
1.3974139999999995
1.3923089999999991
1.3955300000000008
1.4104569999999992
1.3974139999999995
1.3923089999999991
1.3955300000000008
1.4104569999999992
1.3974139999999995
1.3923089999999991
1.3955300000000008
1.4104569999999992
1.3974139999999995
1.3923089999999991
1.3955300000000008
1.4104569999999992
1.3974139999999995
1.3923089999999991
1.3955300000000008
1.4104569999999992
1.3974139999999995
1.3923089999999991
1.3955300000000008
1.4104569999999992
1.3974139999999995
1.3923089999999991
1.3955300000000008
1.4104569999999992
1.3974139999999995
1.3923089999999991
1.3955300000000008
1.4104569999999992
1.3974139999999995
1.3923089999999991
1.3955300000000008
1.4104569999999992
1.3974139999999995
1.3923089999999991
1.3955300000000008
1.4104569999999992
1.3974139999999995
1.3923089999999991
1.3955300000000008
1.4104569999999992
1.3974139999999995
1.3923089999999991
1.3955300000000008
1.4104569999999992
1.3974139999999995
1.3923089999999991
1.3955300000000008
1.4104569999999992
1.3974139999999995
1.3923089999999991
1.3955300000000008
1.4104569999999992
1.3974139999999995
1.3923089999999991
1.3955300000000008
1.4104569999999992
1.3974139999999995
1.3923089999999991
1.3955300000000008
1.4104569999999992
1.3974139999999995
1.3923089999999991
1.3955300000000008
1.4104569999999992
1.3974139999999995
1.3923089999999991
1.3955300000000008
1.4104569999999992
1.3974139999999995
1.3923089999999991
1.3955300000000008
1.4104569999999992
1.3974139999999995
1.3923089999999991
1.3955300000000008
1.4104569999999992
1.3974139999999995
1.3923089999999991
1.3955300000000008
1.4104569999999992
1.3974139999999995
1.3923089999999991
1.3955300000000008
1.4104569999999992
1.3974139999999995
1.3923089999999991
1.3955300000000008
1.4104569999999992
-1.3987290000000003
-1.3911189999999998
-1.3972160000000002
-1.4086470000000002
-1.3987290000000003
-1.3911189999999998
-1.3972160000000002
-1.4086470000000002
-1.3987290000000003
-1.3911189999999998
-1.3972160000000002
-1.4086470000000002
-1.3987290000000003
-1.3911189999999998
-1.3972160000000002
-1.4086470000000002
-1.3987290000000003
-1.3911189999999998
-1.3972160000000002
-1.4086470000000002
-1.3987290000000003
-1.3911189999999998
-1.3972160000000002
-1.4086470000000002
-1.3987290000000003
-1.3911189999999998
-1.3972160000000002
-1.4086470000000002
-1.3987290000000003
-1.3911189999999998
-1.3972160000000002
-1.4086470000000002
-1.3987290000000003
-1.3911189999999998
-1.3972160000000002
-1.4086470000000002
-1.3987290000000003
-1.3911189999999998
-1.3972160000000002
-1.4086470000000002
-1.3987290000000003
-1.3911189999999998
-1.3972160000000002
-1.4086470000000002
-1.3987290000000003
-1.3911189999999998
-1.3972160000000002
-1.4086470000000002
-1.3987290000000003
-1.3911189999999998
-1.3972160000000002
-1.4086470000000002
-1.3987290000000003
-1.3911189999999998
-1.3972160000000002
-1.4086470000000002
-1.3987290000000003
-1.3911189999999998
-1.3972160000000002
-1.4086470000000002
-1.3987290000000003
-1.3911189999999998
-1.3972160000000002
-1.4086470000000002
-1.3987290000000003
-1.3911189999999998
-1.3972160000000002
-1.4086470000000002
-1.3987290000000003
-1.3911189999999998
-1.3972160000000002
-1.4086470000000002
-1.3987290000000003
-1.3911189999999998
-1.3972160000000002
-1.4086470000000002
-1.3987290000000003
-1.3911189999999998
-1.3972160000000002
-1.4086470000000002
-1.3987290000000003
-1.3911189999999998
-1.3972160000000002
-1.4086470000000002
-1.3987290000000003
-1.3911189999999998
-1.3972160000000002
-1.4086470000000002
-1.3987290000000003
-1.3911189999999998
-1.3972160000000002
-1.4086470000000002
-1.3987290000000003
-1.3911189999999998
-1.3972160000000002
-1.4086470000000002
-1.3987290000000003
-1.3911189999999998
-1.3972160000000002
-1.4086470000000002
-1.3987290000000003
-1.3911189999999998
-1.3972160000000002
-1.4086470000000002
-1.3987290000000003
-1.3911189999999998
-1.3972160000000002
-1.4086470000000002
-1.3987290000000003
-1.3911189999999998
-1.3972160000000002
-1.4086470000000002
-1.3987290000000003
-1.3911189999999998
-1.3972160000000002
-1.4086470000000002
-1.3987290000000003
-1.3911189999999998
-1.3972160000000002
-1.4086470000000002
-1.3987290000000003
-1.3911189999999998
-1.3972160000000002
-1.4086470000000002
-1.3987290000000003
-1.3911189999999998
-1.3972160000000002
-1.4086470000000002
-1.3987290000000003
-1.3911189999999998
-1.3972160000000002
-1.4086470000000002
-1.3987290000000003
-1.3911189999999998
-1.3972160000000002
-1.4086470000000002
-1.3987290000000003
-1.3911189999999998
-1.3972160000000002
-1.4086470000000002
-1.3987290000000003
-1.3911189999999998
-1.3972160000000002
-1.4086470000000002
