1.3317709999999998
1.3210339999999992
1.3449690000000007
1.3585259999999995
1.3317709999999998
1.3210339999999992
1.3449690000000007
1.3585259999999995
1.3317709999999998
1.3210339999999992
1.3449690000000007
1.3585259999999995
1.3317709999999998
1.3210339999999992
1.3449690000000007
1.3585259999999995
1.3317709999999998
1.3210339999999992
1.3449690000000007
1.3585259999999995
1.3317709999999998
1.3210339999999992
1.3449690000000007
1.3585259999999995
1.3317709999999998
1.3210339999999992
1.3449690000000007
1.3585259999999995
1.3317709999999998
1.3210339999999992
1.3449690000000007
1.3585259999999995
1.3317709999999998
1.3210339999999992
1.3449690000000007
1.3585259999999995
1.3317709999999998
1.3210339999999992
1.3449690000000007
1.3585259999999995
1.3317709999999998
1.3210339999999992
1.3449690000000007
1.3585259999999995
1.3317709999999998
1.3210339999999992
1.3449690000000007
1.3585259999999995
1.3317709999999998
1.3210339999999992
1.3449690000000007
1.3585259999999995
1.3317709999999998
1.3210339999999992
1.3449690000000007
1.3585259999999995
1.3317709999999998
1.3210339999999992
1.3449690000000007
1.3585259999999995
1.3317709999999998
1.3210339999999992
1.3449690000000007
1.3585259999999995
1.3317709999999998
1.3210339999999992
1.3449690000000007
1.3585259999999995
1.3317709999999998
1.3210339999999992
1.3449690000000007
1.3585259999999995
1.3317709999999998
1.3210339999999992
1.3449690000000007
1.3585259999999995
1.3317709999999998
1.3210339999999992
1.3449690000000007
1.3585259999999995
1.3317709999999998
1.3210339999999992
1.3449690000000007
1.3585259999999995
1.3317709999999998
1.3210339999999992
1.3449690000000007
1.3585259999999995
1.3317709999999998
1.3210339999999992
1.3449690000000007
1.3585259999999995
1.3317709999999998
1.3210339999999992
1.3449690000000007
1.3585259999999995
1.3317709999999998
1.3210339999999992
1.3449690000000007
1.3585259999999995
1.3317709999999998
1.3210339999999992
1.3449690000000007
1.3585259999999995
1.3317709999999998
1.3210339999999992
1.3449690000000007
1.3585259999999995
1.3317709999999998
1.3210339999999992
1.3449690000000007
1.3585259999999995
1.3317709999999998
1.3210339999999992
1.3449690000000007
1.3585259999999995
1.3317709999999998
1.3210339999999992
1.3449690000000007
1.3585259999999995
1.3317709999999998
1.3210339999999992
1.3449690000000007
1.3585259999999995
1.3317709999999998
1.3210339999999992
1.3449690000000007
1.3585259999999995
1.3317709999999998
1.3210339999999992
1.3449690000000007
1.3585259999999995
1.3317709999999998
1.3210339999999992
1.3449690000000007
1.3585259999999995
1.3317709999999998
1.3210339999999992
1.3449690000000007
1.3585259999999995
1.3317709999999998
1.3210339999999992
1.3449690000000007
1.3585259999999995
-1.3355480000000002
-1.3440969999999997
-1.3583040000000004
-1.3183499999999997
-1.3355480000000002
-1.3440969999999997
-1.3583040000000004
-1.3183499999999997
-1.3355480000000002
-1.3440969999999997
-1.3583040000000004
-1.3183499999999997
-1.3355480000000002
-1.3440969999999997
-1.3583040000000004
-1.3183499999999997
-1.3355480000000002
-1.3440969999999997
-1.3583040000000004
-1.3183499999999997
-1.3355480000000002
-1.3440969999999997
-1.3583040000000004
-1.3183499999999997
-1.3355480000000002
-1.3440969999999997
-1.3583040000000004
-1.3183499999999997
-1.3355480000000002
-1.3440969999999997
-1.3583040000000004
-1.3183499999999997
-1.3355480000000002
-1.3440969999999997
-1.3583040000000004
-1.3183499999999997
-1.3355480000000002
-1.3440969999999997
-1.3583040000000004
-1.3183499999999997
-1.3355480000000002
-1.3440969999999997
-1.3583040000000004
-1.3183499999999997
-1.3355480000000002
-1.3440969999999997
-1.3583040000000004
-1.3183499999999997
-1.3355480000000002
-1.3440969999999997
-1.3583040000000004
-1.3183499999999997
-1.3355480000000002
-1.3440969999999997
-1.3583040000000004
-1.3183499999999997
-1.3355480000000002
-1.3440969999999997
-1.3583040000000004
-1.3183499999999997
-1.3355480000000002
-1.3440969999999997
-1.3583040000000004
-1.3183499999999997
-1.3355480000000002
-1.3440969999999997
-1.3583040000000004
-1.3183499999999997
-1.3355480000000002
-1.3440969999999997
-1.3583040000000004
-1.3183499999999997
-1.3355480000000002
-1.3440969999999997
-1.3583040000000004
-1.3183499999999997
-1.3355480000000002
-1.3440969999999997
-1.3583040000000004
-1.3183499999999997
-1.3355480000000002
-1.3440969999999997
-1.3583040000000004
-1.3183499999999997
-1.3355480000000002
-1.3440969999999997
-1.3583040000000004
-1.3183499999999997
-1.3355480000000002
-1.3440969999999997
-1.3583040000000004
-1.3183499999999997
-1.3355480000000002
-1.3440969999999997
-1.3583040000000004
-1.3183499999999997
-1.3355480000000002
-1.3440969999999997
-1.3583040000000004
-1.3183499999999997
-1.3355480000000002
-1.3440969999999997
-1.3583040000000004
-1.3183499999999997
-1.3355480000000002
-1.3440969999999997
-1.3583040000000004
-1.3183499999999997
-1.3355480000000002
-1.3440969999999997
-1.3583040000000004
-1.3183499999999997
-1.3355480000000002
-1.3440969999999997
-1.3583040000000004
-1.3183499999999997
-1.3355480000000002
-1.3440969999999997
-1.3583040000000004
-1.3183499999999997
-1.3355480000000002
-1.3440969999999997
-1.3583040000000004
-1.3183499999999997
-1.3355480000000002
-1.3440969999999997
-1.3583040000000004
-1.3183499999999997
-1.3355480000000002
-1.3440969999999997
-1.3583040000000004
-1.3183499999999997
-1.3355480000000002
-1.3440969999999997
-1.3583040000000004
-1.3183499999999997
-1.3355480000000002
-1.3440969999999997
-1.3583040000000004
-1.3183499999999997
-1.3355480000000002
-1.3440969999999997
-1.3583040000000004
-1.3183499999999997
