1.2605710000000006
1.2647180000000002
1.2605710000000006
1.2647180000000002
1.2605710000000006
1.2647180000000002
1.2605710000000006
1.2647180000000002
1.2605710000000006
1.2647180000000002
1.2605710000000006
1.2647180000000002
1.2605710000000006
1.2647180000000002
1.2605710000000006
1.2647180000000002
1.2605710000000006
1.2647180000000002
1.2605710000000006
1.2647180000000002
1.2605710000000006
1.2647180000000002
1.2605710000000006
1.2647180000000002
1.2605710000000006
1.2647180000000002
1.2605710000000006
1.2647180000000002
1.2605710000000006
1.2647180000000002
1.2605710000000006
1.2647180000000002
1.2605710000000006
1.2647180000000002
1.2605710000000006
1.2647180000000002
1.2605710000000006
1.2647180000000002
1.2605710000000006
1.2647180000000002
1.2605710000000006
1.2647180000000002
1.2605710000000006
1.2647180000000002
1.2605710000000006
1.2647180000000002
1.2605710000000006
1.2647180000000002
1.2605710000000006
1.2647180000000002
1.2605710000000006
1.2647180000000002
1.2605710000000006
1.2647180000000002
1.2605710000000006
1.2647180000000002
1.2605710000000006
1.2647180000000002
1.2605710000000006
1.2647180000000002
1.2605710000000006
1.2647180000000002
1.2605710000000006
1.2647180000000002
1.2605710000000006
1.2647180000000002
1.2605710000000006
1.2647180000000002
1.2605710000000006
1.2647180000000002
1.2605710000000006
1.2647180000000002
1.2605710000000006
1.2647180000000002
1.2605710000000006
1.2647180000000002
1.2605710000000006
1.2647180000000002
1.2605710000000006
1.2647180000000002
1.2605710000000006
1.2647180000000002
1.2605710000000006
1.2647180000000002
1.2605710000000006
1.2647180000000002
1.2605710000000006
1.2647180000000002
1.2605710000000006
1.2647180000000002
1.2605710000000006
1.2647180000000002
1.2605710000000006
1.2647180000000002
1.2605710000000006
1.2647180000000002
1.2605710000000006
1.2647180000000002
1.2605710000000006
1.2647180000000002
1.2605710000000006
1.2647180000000002
1.2605710000000006
1.2647180000000002
1.2605710000000006
1.2647180000000002
1.2605710000000006
1.2647180000000002
-1.2644080000000004
-1.2608810000000004
-1.2644080000000004
-1.2608810000000004
-1.2644080000000004
-1.2608810000000004
-1.2644080000000004
-1.2608810000000004
-1.2644080000000004
-1.2608810000000004
-1.2644080000000004
-1.2608810000000004
-1.2644080000000004
-1.2608810000000004
-1.2644080000000004
-1.2608810000000004
-1.2644080000000004
-1.2608810000000004
-1.2644080000000004
-1.2608810000000004
-1.2644080000000004
-1.2608810000000004
-1.2644080000000004
-1.2608810000000004
-1.2644080000000004
-1.2608810000000004
-1.2644080000000004
-1.2608810000000004
-1.2644080000000004
-1.2608810000000004
-1.2644080000000004
-1.2608810000000004
-1.2644080000000004
-1.2608810000000004
-1.2644080000000004
-1.2608810000000004
-1.2644080000000004
-1.2608810000000004
-1.2644080000000004
-1.2608810000000004
-1.2644080000000004
-1.2608810000000004
-1.2644080000000004
-1.2608810000000004
-1.2644080000000004
-1.2608810000000004
-1.2644080000000004
-1.2608810000000004
-1.2644080000000004
-1.2608810000000004
-1.2644080000000004
-1.2608810000000004
-1.2644080000000004
-1.2608810000000004
-1.2644080000000004
-1.2608810000000004
-1.2644080000000004
-1.2608810000000004
-1.2644080000000004
-1.2608810000000004
-1.2644080000000004
-1.2608810000000004
-1.2644080000000004
-1.2608810000000004
-1.2644080000000004
-1.2608810000000004
-1.2644080000000004
-1.2608810000000004
-1.2644080000000004
-1.2608810000000004
-1.2644080000000004
-1.2608810000000004
-1.2644080000000004
-1.2608810000000004
-1.2644080000000004
-1.2608810000000004
-1.2644080000000004
-1.2608810000000004
-1.2644080000000004
-1.2608810000000004
-1.2644080000000004
-1.2608810000000004
-1.2644080000000004
-1.2608810000000004
-1.2644080000000004
-1.2608810000000004
-1.2644080000000004
-1.2608810000000004
-1.2644080000000004
-1.2608810000000004
-1.2644080000000004
-1.2608810000000004
-1.2644080000000004
-1.2608810000000004
-1.2644080000000004
-1.2608810000000004
-1.2644080000000004
-1.2608810000000004
-1.2644080000000004
-1.2608810000000004
-1.2644080000000004
-1.2608810000000004
-1.2644080000000004
-1.2608810000000004
-1.2644080000000004
-1.2608810000000004
-1.2644080000000004
-1.2608810000000004
