1.4703800000000005
1.4703800000000005
1.4703800000000005
1.4703800000000005
1.4703800000000005
1.4703800000000005
1.4703800000000005
1.4703800000000005
1.4703800000000005
1.4703800000000005
1.4703800000000005
1.4703800000000005
1.4703800000000005
1.4703800000000005
1.4703800000000005
1.4703800000000005
1.4703800000000005
1.4703800000000005
1.4703800000000005
1.4703800000000005
1.4703800000000005
1.4703800000000005
1.4703800000000005
1.4703800000000005
1.4703800000000005
1.4703800000000005
1.4703800000000005
1.4703800000000005
1.4703800000000005
1.4703800000000005
1.4703800000000005
1.4703800000000005
1.4703800000000005
1.4703800000000005
1.4703800000000005
1.4703800000000005
1.4703800000000005
1.4703800000000005
1.4703800000000005
1.4703800000000005
1.4703800000000005
1.4703800000000005
1.4703800000000005
1.4703800000000005
1.4703800000000005
1.4703800000000005
1.4703800000000005
1.4703800000000005
1.4703800000000005
1.4703800000000005
1.4703800000000005
1.4703800000000005
1.4703800000000005
1.4703800000000005
1.4703800000000005
1.4703800000000005
1.4703800000000005
1.4703800000000005
1.4703800000000005
1.4703800000000005
1.4703800000000005
1.4703800000000005
1.4703800000000005
1.4703800000000005
1.4703800000000005
1.4703800000000005
1.4703800000000005
1.4703800000000005
1.4703800000000005
1.4703800000000005
1.4703800000000005
1.4703800000000005
-1.4703799999999996
-1.4703799999999996
-1.4703799999999996
-1.4703799999999996
-1.4703799999999996
-1.4703799999999996
-1.4703799999999996
-1.4703799999999996
-1.4703799999999996
-1.4703799999999996
-1.4703799999999996
-1.4703799999999996
-1.4703799999999996
-1.4703799999999996
-1.4703799999999996
-1.4703799999999996
-1.4703799999999996
-1.4703799999999996
-1.4703799999999996
-1.4703799999999996
-1.4703799999999996
-1.4703799999999996
-1.4703799999999996
-1.4703799999999996
-1.4703799999999996
-1.4703799999999996
-1.4703799999999996
-1.4703799999999996
-1.4703799999999996
-1.4703799999999996
-1.4703799999999996
-1.4703799999999996
-1.4703799999999996
-1.4703799999999996
-1.4703799999999996
-1.4703799999999996
-1.4703799999999996
-1.4703799999999996
-1.4703799999999996
-1.4703799999999996
-1.4703799999999996
-1.4703799999999996
-1.4703799999999996
-1.4703799999999996
-1.4703799999999996
-1.4703799999999996
-1.4703799999999996
-1.4703799999999996
-1.4703799999999996
-1.4703799999999996
-1.4703799999999996
-1.4703799999999996
-1.4703799999999996
-1.4703799999999996
-1.4703799999999996
-1.4703799999999996
-1.4703799999999996
-1.4703799999999996
-1.4703799999999996
-1.4703799999999996
-1.4703799999999996
-1.4703799999999996
-1.4703799999999996
-1.4703799999999996
-1.4703799999999996
-1.4703799999999996
-1.4703799999999996
-1.4703799999999996
-1.4703799999999996
-1.4703799999999996
-1.4703799999999996
-1.4703799999999996
