1.4091090000000008
1.375337
1.4091090000000008
1.375337
1.4091090000000008
1.375337
1.4091090000000008
1.375337
1.4091090000000008
1.375337
1.4091090000000008
1.375337
1.4091090000000008
1.375337
1.4091090000000008
1.375337
1.4091090000000008
1.375337
1.4091090000000008
1.375337
1.4091090000000008
1.375337
1.4091090000000008
1.375337
1.4091090000000008
1.375337
1.4091090000000008
1.375337
1.4091090000000008
1.375337
1.4091090000000008
1.375337
1.4091090000000008
1.375337
1.4091090000000008
1.375337
1.4091090000000008
1.375337
1.4091090000000008
1.375337
1.4091090000000008
1.375337
1.4091090000000008
1.375337
1.4091090000000008
1.375337
1.4091090000000008
1.375337
1.4091090000000008
1.375337
1.4091090000000008
1.375337
1.4091090000000008
1.375337
1.4091090000000008
1.375337
1.4091090000000008
1.375337
1.4091090000000008
1.375337
1.4091090000000008
1.375337
1.4091090000000008
1.375337
1.4091090000000008
1.375337
1.4091090000000008
1.375337
1.4091090000000008
1.375337
1.4091090000000008
1.375337
1.4091090000000008
1.375337
1.4091090000000008
1.375337
1.4091090000000008
1.375337
1.4091090000000008
1.375337
1.4091090000000008
1.375337
1.4091090000000008
1.375337
1.4091090000000008
1.375337
1.4091090000000008
1.375337
1.4091090000000008
1.375337
1.4091090000000008
1.375337
1.4091090000000008
1.375337
1.4091090000000008
1.375337
1.4091090000000008
1.375337
1.4091090000000008
1.375337
1.4091090000000008
1.375337
1.4091090000000008
1.375337
1.4091090000000008
1.375337
1.4091090000000008
1.375337
1.4091090000000008
1.375337
1.4091090000000008
1.375337
1.4091090000000008
1.375337
1.4091090000000008
1.375337
1.4091090000000008
1.375337
1.4091090000000008
1.375337
-1.3963479999999997
-1.3880990000000004
-1.3963479999999997
-1.3880990000000004
-1.3963479999999997
-1.3880990000000004
-1.3963479999999997
-1.3880990000000004
-1.3963479999999997
-1.3880990000000004
-1.3963479999999997
-1.3880990000000004
-1.3963479999999997
-1.3880990000000004
-1.3963479999999997
-1.3880990000000004
-1.3963479999999997
-1.3880990000000004
-1.3963479999999997
-1.3880990000000004
-1.3963479999999997
-1.3880990000000004
-1.3963479999999997
-1.3880990000000004
-1.3963479999999997
-1.3880990000000004
-1.3963479999999997
-1.3880990000000004
-1.3963479999999997
-1.3880990000000004
-1.3963479999999997
-1.3880990000000004
-1.3963479999999997
-1.3880990000000004
-1.3963479999999997
-1.3880990000000004
-1.3963479999999997
-1.3880990000000004
-1.3963479999999997
-1.3880990000000004
-1.3963479999999997
-1.3880990000000004
-1.3963479999999997
-1.3880990000000004
-1.3963479999999997
-1.3880990000000004
-1.3963479999999997
-1.3880990000000004
-1.3963479999999997
-1.3880990000000004
-1.3963479999999997
-1.3880990000000004
-1.3963479999999997
-1.3880990000000004
-1.3963479999999997
-1.3880990000000004
-1.3963479999999997
-1.3880990000000004
-1.3963479999999997
-1.3880990000000004
-1.3963479999999997
-1.3880990000000004
-1.3963479999999997
-1.3880990000000004
-1.3963479999999997
-1.3880990000000004
-1.3963479999999997
-1.3880990000000004
-1.3963479999999997
-1.3880990000000004
-1.3963479999999997
-1.3880990000000004
-1.3963479999999997
-1.3880990000000004
-1.3963479999999997
-1.3880990000000004
-1.3963479999999997
-1.3880990000000004
-1.3963479999999997
-1.3880990000000004
-1.3963479999999997
-1.3880990000000004
-1.3963479999999997
-1.3880990000000004
-1.3963479999999997
-1.3880990000000004
-1.3963479999999997
-1.3880990000000004
-1.3963479999999997
-1.3880990000000004
-1.3963479999999997
-1.3880990000000004
-1.3963479999999997
-1.3880990000000004
-1.3963479999999997
-1.3880990000000004
-1.3963479999999997
-1.3880990000000004
-1.3963479999999997
-1.3880990000000004
-1.3963479999999997
-1.3880990000000004
-1.3963479999999997
-1.3880990000000004
-1.3963479999999997
-1.3880990000000004
-1.3963479999999997
-1.3880990000000004
-1.3963479999999997
-1.3880990000000004
-1.3963479999999997
-1.3880990000000004
-1.3963479999999997
-1.3880990000000004
-1.3963479999999997
-1.3880990000000004
-1.3963479999999997
-1.3880990000000004
-1.3963479999999997
-1.3880990000000004
