1.3864439999999991
1.3371220000000008
1.3423920000000003
1.3303930000000008
1.3864439999999991
1.3371220000000008
1.3423920000000003
1.3303930000000008
1.3864439999999991
1.3371220000000008
1.3423920000000003
1.3303930000000008
1.3864439999999991
1.3371220000000008
1.3423920000000003
1.3303930000000008
1.3864439999999991
1.3371220000000008
1.3423920000000003
1.3303930000000008
1.3864439999999991
1.3371220000000008
1.3423920000000003
1.3303930000000008
1.3864439999999991
1.3371220000000008
1.3423920000000003
1.3303930000000008
1.3864439999999991
1.3371220000000008
1.3423920000000003
1.3303930000000008
1.3864439999999991
1.3371220000000008
1.3423920000000003
1.3303930000000008
1.3864439999999991
1.3371220000000008
1.3423920000000003
1.3303930000000008
1.3864439999999991
1.3371220000000008
1.3423920000000003
1.3303930000000008
1.3864439999999991
1.3371220000000008
1.3423920000000003
1.3303930000000008
1.3864439999999991
1.3371220000000008
1.3423920000000003
1.3303930000000008
1.3864439999999991
1.3371220000000008
1.3423920000000003
1.3303930000000008
1.3864439999999991
1.3371220000000008
1.3423920000000003
1.3303930000000008
1.3864439999999991
1.3371220000000008
1.3423920000000003
1.3303930000000008
1.3864439999999991
1.3371220000000008
1.3423920000000003
1.3303930000000008
1.3864439999999991
1.3371220000000008
1.3423920000000003
1.3303930000000008
1.3864439999999991
1.3371220000000008
1.3423920000000003
1.3303930000000008
1.3864439999999991
1.3371220000000008
1.3423920000000003
1.3303930000000008
1.3864439999999991
1.3371220000000008
1.3423920000000003
1.3303930000000008
1.3864439999999991
1.3371220000000008
1.3423920000000003
1.3303930000000008
1.3864439999999991
1.3371220000000008
1.3423920000000003
1.3303930000000008
1.3864439999999991
1.3371220000000008
1.3423920000000003
1.3303930000000008
1.3864439999999991
1.3371220000000008
1.3423920000000003
1.3303930000000008
1.3864439999999991
1.3371220000000008
1.3423920000000003
1.3303930000000008
1.3864439999999991
1.3371220000000008
1.3423920000000003
1.3303930000000008
1.3864439999999991
1.3371220000000008
1.3423920000000003
1.3303930000000008
1.3864439999999991
1.3371220000000008
1.3423920000000003
1.3303930000000008
1.3864439999999991
1.3371220000000008
1.3423920000000003
1.3303930000000008
1.3864439999999991
1.3371220000000008
1.3423920000000003
1.3303930000000008
1.3864439999999991
1.3371220000000008
1.3423920000000003
1.3303930000000008
1.3864439999999991
1.3371220000000008
1.3423920000000003
1.3303930000000008
1.3864439999999991
1.3371220000000008
1.3423920000000003
1.3303930000000008
1.3864439999999991
1.3371220000000008
1.3423920000000003
1.3303930000000008
1.3864439999999991
1.3371220000000008
1.3423920000000003
1.3303930000000008
-1.3247929999999997
-1.3752959999999996
-1.351941
-1.3443209999999999
-1.3247929999999997
-1.3752959999999996
-1.351941
-1.3443209999999999
-1.3247929999999997
-1.3752959999999996
-1.351941
-1.3443209999999999
-1.3247929999999997
-1.3752959999999996
-1.351941
-1.3443209999999999
-1.3247929999999997
-1.3752959999999996
-1.351941
-1.3443209999999999
-1.3247929999999997
-1.3752959999999996
-1.351941
-1.3443209999999999
-1.3247929999999997
-1.3752959999999996
-1.351941
-1.3443209999999999
-1.3247929999999997
-1.3752959999999996
-1.351941
-1.3443209999999999
-1.3247929999999997
-1.3752959999999996
-1.351941
-1.3443209999999999
-1.3247929999999997
-1.3752959999999996
-1.351941
-1.3443209999999999
-1.3247929999999997
-1.3752959999999996
-1.351941
-1.3443209999999999
-1.3247929999999997
-1.3752959999999996
-1.351941
-1.3443209999999999
-1.3247929999999997
-1.3752959999999996
-1.351941
-1.3443209999999999
-1.3247929999999997
-1.3752959999999996
-1.351941
-1.3443209999999999
-1.3247929999999997
-1.3752959999999996
-1.351941
-1.3443209999999999
-1.3247929999999997
-1.3752959999999996
-1.351941
-1.3443209999999999
-1.3247929999999997
-1.3752959999999996
-1.351941
-1.3443209999999999
-1.3247929999999997
-1.3752959999999996
-1.351941
-1.3443209999999999
-1.3247929999999997
-1.3752959999999996
-1.351941
-1.3443209999999999
-1.3247929999999997
-1.3752959999999996
-1.351941
-1.3443209999999999
-1.3247929999999997
-1.3752959999999996
-1.351941
-1.3443209999999999
-1.3247929999999997
-1.3752959999999996
-1.351941
-1.3443209999999999
-1.3247929999999997
-1.3752959999999996
-1.351941
-1.3443209999999999
-1.3247929999999997
-1.3752959999999996
-1.351941
-1.3443209999999999
-1.3247929999999997
-1.3752959999999996
-1.351941
-1.3443209999999999
-1.3247929999999997
-1.3752959999999996
-1.351941
-1.3443209999999999
-1.3247929999999997
-1.3752959999999996
-1.351941
-1.3443209999999999
-1.3247929999999997
-1.3752959999999996
-1.351941
-1.3443209999999999
-1.3247929999999997
-1.3752959999999996
-1.351941
-1.3443209999999999
-1.3247929999999997
-1.3752959999999996
-1.351941
-1.3443209999999999
-1.3247929999999997
-1.3752959999999996
-1.351941
-1.3443209999999999
-1.3247929999999997
-1.3752959999999996
-1.351941
-1.3443209999999999
-1.3247929999999997
-1.3752959999999996
-1.351941
-1.3443209999999999
-1.3247929999999997
-1.3752959999999996
-1.351941
-1.3443209999999999
-1.3247929999999997
-1.3752959999999996
-1.351941
-1.3443209999999999
-1.3247929999999997
-1.3752959999999996
-1.351941
-1.3443209999999999
