1.4342179999999995
1.4331980000000009
1.4364729999999994
1.4350059999999996
1.4342179999999995
1.4331980000000009
1.4364729999999994
1.4350059999999996
1.4342179999999995
1.4331980000000009
1.4364729999999994
1.4350059999999996
1.4342179999999995
1.4331980000000009
1.4364729999999994
1.4350059999999996
1.4342179999999995
1.4331980000000009
1.4364729999999994
1.4350059999999996
1.4342179999999995
1.4331980000000009
1.4364729999999994
1.4350059999999996
1.4342179999999995
1.4331980000000009
1.4364729999999994
1.4350059999999996
1.4342179999999995
1.4331980000000009
1.4364729999999994
1.4350059999999996
1.4342179999999995
1.4331980000000009
1.4364729999999994
1.4350059999999996
1.4342179999999995
1.4331980000000009
1.4364729999999994
1.4350059999999996
1.4342179999999995
1.4331980000000009
1.4364729999999994
1.4350059999999996
1.4342179999999995
1.4331980000000009
1.4364729999999994
1.4350059999999996
1.4342179999999995
1.4331980000000009
1.4364729999999994
1.4350059999999996
1.4342179999999995
1.4331980000000009
1.4364729999999994
1.4350059999999996
1.4342179999999995
1.4331980000000009
1.4364729999999994
1.4350059999999996
1.4342179999999995
1.4331980000000009
1.4364729999999994
1.4350059999999996
1.4342179999999995
1.4331980000000009
1.4364729999999994
1.4350059999999996
1.4342179999999995
1.4331980000000009
1.4364729999999994
1.4350059999999996
1.4342179999999995
1.4331980000000009
1.4364729999999994
1.4350059999999996
1.4342179999999995
1.4331980000000009
1.4364729999999994
1.4350059999999996
1.4342179999999995
1.4331980000000009
1.4364729999999994
1.4350059999999996
1.4342179999999995
1.4331980000000009
1.4364729999999994
1.4350059999999996
1.4342179999999995
1.4331980000000009
1.4364729999999994
1.4350059999999996
1.4342179999999995
1.4331980000000009
1.4364729999999994
1.4350059999999996
1.4342179999999995
1.4331980000000009
1.4364729999999994
1.4350059999999996
1.4342179999999995
1.4331980000000009
1.4364729999999994
1.4350059999999996
1.4342179999999995
1.4331980000000009
1.4364729999999994
1.4350059999999996
1.4342179999999995
1.4331980000000009
1.4364729999999994
1.4350059999999996
1.4342179999999995
1.4331980000000009
1.4364729999999994
1.4350059999999996
1.4342179999999995
1.4331980000000009
1.4364729999999994
1.4350059999999996
1.4342179999999995
1.4331980000000009
1.4364729999999994
1.4350059999999996
1.4342179999999995
1.4331980000000009
1.4364729999999994
1.4350059999999996
1.4342179999999995
1.4331980000000009
1.4364729999999994
1.4350059999999996
1.4342179999999995
1.4331980000000009
1.4364729999999994
1.4350059999999996
1.4342179999999995
1.4331980000000009
1.4364729999999994
1.4350059999999996
1.4342179999999995
1.4331980000000009
1.4364729999999994
1.4350059999999996
-1.4333530000000003
-1.433351
-1.4352869999999998
-1.436902
-1.4333530000000003
-1.433351
-1.4352869999999998
-1.436902
-1.4333530000000003
-1.433351
-1.4352869999999998
-1.436902
-1.4333530000000003
-1.433351
-1.4352869999999998
-1.436902
-1.4333530000000003
-1.433351
-1.4352869999999998
-1.436902
-1.4333530000000003
-1.433351
-1.4352869999999998
-1.436902
-1.4333530000000003
-1.433351
-1.4352869999999998
-1.436902
-1.4333530000000003
-1.433351
-1.4352869999999998
-1.436902
-1.4333530000000003
-1.433351
-1.4352869999999998
-1.436902
-1.4333530000000003
-1.433351
-1.4352869999999998
-1.436902
-1.4333530000000003
-1.433351
-1.4352869999999998
-1.436902
-1.4333530000000003
-1.433351
-1.4352869999999998
-1.436902
-1.4333530000000003
-1.433351
-1.4352869999999998
-1.436902
-1.4333530000000003
-1.433351
-1.4352869999999998
-1.436902
-1.4333530000000003
-1.433351
-1.4352869999999998
-1.436902
-1.4333530000000003
-1.433351
-1.4352869999999998
-1.436902
-1.4333530000000003
-1.433351
-1.4352869999999998
-1.436902
-1.4333530000000003
-1.433351
-1.4352869999999998
-1.436902
-1.4333530000000003
-1.433351
-1.4352869999999998
-1.436902
-1.4333530000000003
-1.433351
-1.4352869999999998
-1.436902
-1.4333530000000003
-1.433351
-1.4352869999999998
-1.436902
-1.4333530000000003
-1.433351
-1.4352869999999998
-1.436902
-1.4333530000000003
-1.433351
-1.4352869999999998
-1.436902
-1.4333530000000003
-1.433351
-1.4352869999999998
-1.436902
-1.4333530000000003
-1.433351
-1.4352869999999998
-1.436902
-1.4333530000000003
-1.433351
-1.4352869999999998
-1.436902
-1.4333530000000003
-1.433351
-1.4352869999999998
-1.436902
-1.4333530000000003
-1.433351
-1.4352869999999998
-1.436902
-1.4333530000000003
-1.433351
-1.4352869999999998
-1.436902
-1.4333530000000003
-1.433351
-1.4352869999999998
-1.436902
-1.4333530000000003
-1.433351
-1.4352869999999998
-1.436902
-1.4333530000000003
-1.433351
-1.4352869999999998
-1.436902
-1.4333530000000003
-1.433351
-1.4352869999999998
-1.436902
-1.4333530000000003
-1.433351
-1.4352869999999998
-1.436902
-1.4333530000000003
-1.433351
-1.4352869999999998
-1.436902
-1.4333530000000003
-1.433351
-1.4352869999999998
-1.436902
