1.4329540000000005
1.4312389999999997
1.430764
1.4315979999999993
1.4329540000000005
1.4312389999999997
1.430764
1.4315979999999993
1.4329540000000005
1.4312389999999997
1.430764
1.4315979999999993
1.4329540000000005
1.4312389999999997
1.430764
1.4315979999999993
1.4329540000000005
1.4312389999999997
1.430764
1.4315979999999993
1.4329540000000005
1.4312389999999997
1.430764
1.4315979999999993
1.4329540000000005
1.4312389999999997
1.430764
1.4315979999999993
1.4329540000000005
1.4312389999999997
1.430764
1.4315979999999993
1.4329540000000005
1.4312389999999997
1.430764
1.4315979999999993
1.4329540000000005
1.4312389999999997
1.430764
1.4315979999999993
1.4329540000000005
1.4312389999999997
1.430764
1.4315979999999993
1.4329540000000005
1.4312389999999997
1.430764
1.4315979999999993
1.4329540000000005
1.4312389999999997
1.430764
1.4315979999999993
1.4329540000000005
1.4312389999999997
1.430764
1.4315979999999993
1.4329540000000005
1.4312389999999997
1.430764
1.4315979999999993
1.4329540000000005
1.4312389999999997
1.430764
1.4315979999999993
1.4329540000000005
1.4312389999999997
1.430764
1.4315979999999993
1.4329540000000005
1.4312389999999997
1.430764
1.4315979999999993
1.4329540000000005
1.4312389999999997
1.430764
1.4315979999999993
1.4329540000000005
1.4312389999999997
1.430764
1.4315979999999993
1.4329540000000005
1.4312389999999997
1.430764
1.4315979999999993
1.4329540000000005
1.4312389999999997
1.430764
1.4315979999999993
1.4329540000000005
1.4312389999999997
1.430764
1.4315979999999993
1.4329540000000005
1.4312389999999997
1.430764
1.4315979999999993
1.4329540000000005
1.4312389999999997
1.430764
1.4315979999999993
1.4329540000000005
1.4312389999999997
1.430764
1.4315979999999993
1.4329540000000005
1.4312389999999997
1.430764
1.4315979999999993
-1.4324199999999996
-1.431083
-1.4325219999999996
-1.4305269999999997
-1.4324199999999996
-1.431083
-1.4325219999999996
-1.4305269999999997
-1.4324199999999996
-1.431083
-1.4325219999999996
-1.4305269999999997
-1.4324199999999996
-1.431083
-1.4325219999999996
-1.4305269999999997
-1.4324199999999996
-1.431083
-1.4325219999999996
-1.4305269999999997
-1.4324199999999996
-1.431083
-1.4325219999999996
-1.4305269999999997
-1.4324199999999996
-1.431083
-1.4325219999999996
-1.4305269999999997
-1.4324199999999996
-1.431083
-1.4325219999999996
-1.4305269999999997
-1.4324199999999996
-1.431083
-1.4325219999999996
-1.4305269999999997
-1.4324199999999996
-1.431083
-1.4325219999999996
-1.4305269999999997
-1.4324199999999996
-1.431083
-1.4325219999999996
-1.4305269999999997
-1.4324199999999996
-1.431083
-1.4325219999999996
-1.4305269999999997
-1.4324199999999996
-1.431083
-1.4325219999999996
-1.4305269999999997
-1.4324199999999996
-1.431083
-1.4325219999999996
-1.4305269999999997
-1.4324199999999996
-1.431083
-1.4325219999999996
-1.4305269999999997
-1.4324199999999996
-1.431083
-1.4325219999999996
-1.4305269999999997
-1.4324199999999996
-1.431083
-1.4325219999999996
-1.4305269999999997
-1.4324199999999996
-1.431083
-1.4325219999999996
-1.4305269999999997
-1.4324199999999996
-1.431083
-1.4325219999999996
-1.4305269999999997
-1.4324199999999996
-1.431083
-1.4325219999999996
-1.4305269999999997
-1.4324199999999996
-1.431083
-1.4325219999999996
-1.4305269999999997
-1.4324199999999996
-1.431083
-1.4325219999999996
-1.4305269999999997
-1.4324199999999996
-1.431083
-1.4325219999999996
-1.4305269999999997
-1.4324199999999996
-1.431083
-1.4325219999999996
-1.4305269999999997
-1.4324199999999996
-1.431083
-1.4325219999999996
-1.4305269999999997
-1.4324199999999996
-1.431083
-1.4325219999999996
-1.4305269999999997
-1.4324199999999996
-1.431083
-1.4325219999999996
-1.4305269999999997
