1.2337509999999998
1.2337509999999998
1.2337509999999998
1.2337509999999998
1.2337509999999998
1.2337509999999998
1.2337509999999998
1.2337509999999998
1.2337509999999998
1.2337509999999998
1.2337509999999998
1.2337509999999998
1.2337509999999998
1.2337509999999998
1.2337509999999998
1.2337509999999998
1.2337509999999998
1.2337509999999998
1.2337509999999998
1.2337509999999998
1.2337509999999998
1.2337509999999998
1.2337509999999998
1.2337509999999998
1.2337509999999998
1.2337509999999998
1.2337509999999998
1.2337509999999998
1.2337509999999998
1.2337509999999998
1.2337509999999998
1.2337509999999998
1.2337509999999998
1.2337509999999998
1.2337509999999998
1.2337509999999998
1.2337509999999998
1.2337509999999998
1.2337509999999998
1.2337509999999998
1.2337509999999998
1.2337509999999998
1.2337509999999998
1.2337509999999998
1.2337509999999998
1.2337509999999998
1.2337509999999998
1.2337509999999998
1.2337509999999998
1.2337509999999998
1.2337509999999998
1.2337509999999998
1.2337509999999998
1.2337509999999998
1.2337509999999998
1.2337509999999998
1.2337509999999998
1.2337509999999998
1.2337509999999998
1.2337509999999998
1.2337509999999998
1.2337509999999998
1.2337509999999998
1.2337509999999998
1.2337509999999998
1.2337509999999998
1.2337509999999998
1.2337509999999998
1.2337509999999998
1.2337509999999998
1.2337509999999998
1.2337509999999998
1.2337509999999998
1.2337509999999998
1.2337509999999998
1.2337509999999998
1.2337509999999998
1.2337509999999998
1.2337509999999998
1.2337509999999998
1.2337509999999998
1.2337509999999998
1.2337509999999998
1.2337509999999998
1.2337509999999998
1.2337509999999998
1.2337509999999998
1.2337509999999998
1.2337509999999998
1.2337509999999998
-1.233753
-1.2337499999999997
-1.233753
-1.2337499999999997
-1.233753
-1.2337499999999997
-1.233753
-1.2337499999999997
-1.233753
-1.2337499999999997
-1.233753
-1.2337499999999997
-1.233753
-1.2337499999999997
-1.233753
-1.2337499999999997
-1.233753
-1.2337499999999997
-1.233753
-1.2337499999999997
-1.233753
-1.2337499999999997
-1.233753
-1.2337499999999997
-1.233753
-1.2337499999999997
-1.233753
-1.2337499999999997
-1.233753
-1.2337499999999997
-1.233753
-1.2337499999999997
-1.233753
-1.2337499999999997
-1.233753
-1.2337499999999997
-1.233753
-1.2337499999999997
-1.233753
-1.2337499999999997
-1.233753
-1.2337499999999997
-1.233753
-1.2337499999999997
-1.233753
-1.2337499999999997
-1.233753
-1.2337499999999997
-1.233753
-1.2337499999999997
-1.233753
-1.2337499999999997
-1.233753
-1.2337499999999997
-1.233753
-1.2337499999999997
-1.233753
-1.2337499999999997
-1.233753
-1.2337499999999997
-1.233753
-1.2337499999999997
-1.233753
-1.2337499999999997
-1.233753
-1.2337499999999997
-1.233753
-1.2337499999999997
-1.233753
-1.2337499999999997
-1.233753
-1.2337499999999997
-1.233753
-1.2337499999999997
-1.233753
-1.2337499999999997
-1.233753
-1.2337499999999997
-1.233753
-1.2337499999999997
-1.233753
-1.2337499999999997
-1.233753
-1.2337499999999997
-1.233753
-1.2337499999999997
-1.233753
-1.2337499999999997
-1.233753
-1.2337499999999997
