1.4443730000000006
1.4410600000000002
1.4412970000000005
1.4447050000000008
1.4443730000000006
1.4410600000000002
1.4412970000000005
1.4447050000000008
1.4443730000000006
1.4410600000000002
1.4412970000000005
1.4447050000000008
1.4443730000000006
1.4410600000000002
1.4412970000000005
1.4447050000000008
1.4443730000000006
1.4410600000000002
1.4412970000000005
1.4447050000000008
1.4443730000000006
1.4410600000000002
1.4412970000000005
1.4447050000000008
1.4443730000000006
1.4410600000000002
1.4412970000000005
1.4447050000000008
1.4443730000000006
1.4410600000000002
1.4412970000000005
1.4447050000000008
1.4443730000000006
1.4410600000000002
1.4412970000000005
1.4447050000000008
1.4443730000000006
1.4410600000000002
1.4412970000000005
1.4447050000000008
1.4443730000000006
1.4410600000000002
1.4412970000000005
1.4447050000000008
1.4443730000000006
1.4410600000000002
1.4412970000000005
1.4447050000000008
1.4443730000000006
1.4410600000000002
1.4412970000000005
1.4447050000000008
1.4443730000000006
1.4410600000000002
1.4412970000000005
1.4447050000000008
1.4443730000000006
1.4410600000000002
1.4412970000000005
1.4447050000000008
1.4443730000000006
1.4410600000000002
1.4412970000000005
1.4447050000000008
1.4443730000000006
1.4410600000000002
1.4412970000000005
1.4447050000000008
1.4443730000000006
1.4410600000000002
1.4412970000000005
1.4447050000000008
1.4443730000000006
1.4410600000000002
1.4412970000000005
1.4447050000000008
1.4443730000000006
1.4410600000000002
1.4412970000000005
1.4447050000000008
1.4443730000000006
1.4410600000000002
1.4412970000000005
1.4447050000000008
1.4443730000000006
1.4410600000000002
1.4412970000000005
1.4447050000000008
1.4443730000000006
1.4410600000000002
1.4412970000000005
1.4447050000000008
1.4443730000000006
1.4410600000000002
1.4412970000000005
1.4447050000000008
1.4443730000000006
1.4410600000000002
1.4412970000000005
1.4447050000000008
1.4443730000000006
1.4410600000000002
1.4412970000000005
1.4447050000000008
1.4443730000000006
1.4410600000000002
1.4412970000000005
1.4447050000000008
-1.4423529999999998
-1.4443570000000001
-1.4425400000000002
-1.4421850000000003
-1.4423529999999998
-1.4443570000000001
-1.4425400000000002
-1.4421850000000003
-1.4423529999999998
-1.4443570000000001
-1.4425400000000002
-1.4421850000000003
-1.4423529999999998
-1.4443570000000001
-1.4425400000000002
-1.4421850000000003
-1.4423529999999998
-1.4443570000000001
-1.4425400000000002
-1.4421850000000003
-1.4423529999999998
-1.4443570000000001
-1.4425400000000002
-1.4421850000000003
-1.4423529999999998
-1.4443570000000001
-1.4425400000000002
-1.4421850000000003
-1.4423529999999998
-1.4443570000000001
-1.4425400000000002
-1.4421850000000003
-1.4423529999999998
-1.4443570000000001
-1.4425400000000002
-1.4421850000000003
-1.4423529999999998
-1.4443570000000001
-1.4425400000000002
-1.4421850000000003
-1.4423529999999998
-1.4443570000000001
-1.4425400000000002
-1.4421850000000003
-1.4423529999999998
-1.4443570000000001
-1.4425400000000002
-1.4421850000000003
-1.4423529999999998
-1.4443570000000001
-1.4425400000000002
-1.4421850000000003
-1.4423529999999998
-1.4443570000000001
-1.4425400000000002
-1.4421850000000003
-1.4423529999999998
-1.4443570000000001
-1.4425400000000002
-1.4421850000000003
-1.4423529999999998
-1.4443570000000001
-1.4425400000000002
-1.4421850000000003
-1.4423529999999998
-1.4443570000000001
-1.4425400000000002
-1.4421850000000003
-1.4423529999999998
-1.4443570000000001
-1.4425400000000002
-1.4421850000000003
-1.4423529999999998
-1.4443570000000001
-1.4425400000000002
-1.4421850000000003
-1.4423529999999998
-1.4443570000000001
-1.4425400000000002
-1.4421850000000003
-1.4423529999999998
-1.4443570000000001
-1.4425400000000002
-1.4421850000000003
-1.4423529999999998
-1.4443570000000001
-1.4425400000000002
-1.4421850000000003
-1.4423529999999998
-1.4443570000000001
-1.4425400000000002
-1.4421850000000003
-1.4423529999999998
-1.4443570000000001
-1.4425400000000002
-1.4421850000000003
-1.4423529999999998
-1.4443570000000001
-1.4425400000000002
-1.4421850000000003
-1.4423529999999998
-1.4443570000000001
-1.4425400000000002
-1.4421850000000003
-1.4423529999999998
-1.4443570000000001
-1.4425400000000002
-1.4421850000000003
