1.2810360000000003
1.2778650000000003
1.2810360000000003
1.2778650000000003
1.2810360000000003
1.2778650000000003
1.2810360000000003
1.2778650000000003
1.2810360000000003
1.2778650000000003
1.2810360000000003
1.2778650000000003
1.2810360000000003
1.2778650000000003
1.2810360000000003
1.2778650000000003
1.2810360000000003
1.2778650000000003
1.2810360000000003
1.2778650000000003
1.2810360000000003
1.2778650000000003
1.2810360000000003
1.2778650000000003
1.2810360000000003
1.2778650000000003
1.2810360000000003
1.2778650000000003
1.2810360000000003
1.2778650000000003
1.2810360000000003
1.2778650000000003
1.2810360000000003
1.2778650000000003
1.2810360000000003
1.2778650000000003
1.2810360000000003
1.2778650000000003
1.2810360000000003
1.2778650000000003
1.2810360000000003
1.2778650000000003
1.2810360000000003
1.2778650000000003
1.2810360000000003
1.2778650000000003
1.2810360000000003
1.2778650000000003
1.2810360000000003
1.2778650000000003
1.2810360000000003
1.2778650000000003
1.2810360000000003
1.2778650000000003
1.2810360000000003
1.2778650000000003
1.2810360000000003
1.2778650000000003
1.2810360000000003
1.2778650000000003
1.2810360000000003
1.2778650000000003
1.2810360000000003
1.2778650000000003
1.2810360000000003
1.2778650000000003
1.2810360000000003
1.2778650000000003
1.2810360000000003
1.2778650000000003
1.2810360000000003
1.2778650000000003
1.2810360000000003
1.2778650000000003
1.2810360000000003
1.2778650000000003
1.2810360000000003
1.2778650000000003
1.2810360000000003
1.2778650000000003
1.2810360000000003
1.2778650000000003
1.2810360000000003
1.2778650000000003
1.2810360000000003
1.2778650000000003
1.2810360000000003
1.2778650000000003
1.2810360000000003
1.2778650000000003
1.2810360000000003
1.2778650000000003
1.2810360000000003
1.2778650000000003
1.2810360000000003
1.2778650000000003
1.2810360000000003
1.2778650000000003
1.2810360000000003
1.2778650000000003
1.2810360000000003
1.2778650000000003
1.2810360000000003
1.2778650000000003
1.2810360000000003
1.2778650000000003
1.2810360000000003
1.2778650000000003
-1.2808229999999998
-1.2780760000000004
-1.2808229999999998
-1.2780760000000004
-1.2808229999999998
-1.2780760000000004
-1.2808229999999998
-1.2780760000000004
-1.2808229999999998
-1.2780760000000004
-1.2808229999999998
-1.2780760000000004
-1.2808229999999998
-1.2780760000000004
-1.2808229999999998
-1.2780760000000004
-1.2808229999999998
-1.2780760000000004
-1.2808229999999998
-1.2780760000000004
-1.2808229999999998
-1.2780760000000004
-1.2808229999999998
-1.2780760000000004
-1.2808229999999998
-1.2780760000000004
-1.2808229999999998
-1.2780760000000004
-1.2808229999999998
-1.2780760000000004
-1.2808229999999998
-1.2780760000000004
-1.2808229999999998
-1.2780760000000004
-1.2808229999999998
-1.2780760000000004
-1.2808229999999998
-1.2780760000000004
-1.2808229999999998
-1.2780760000000004
-1.2808229999999998
-1.2780760000000004
-1.2808229999999998
-1.2780760000000004
-1.2808229999999998
-1.2780760000000004
-1.2808229999999998
-1.2780760000000004
-1.2808229999999998
-1.2780760000000004
-1.2808229999999998
-1.2780760000000004
-1.2808229999999998
-1.2780760000000004
-1.2808229999999998
-1.2780760000000004
-1.2808229999999998
-1.2780760000000004
-1.2808229999999998
-1.2780760000000004
-1.2808229999999998
-1.2780760000000004
-1.2808229999999998
-1.2780760000000004
-1.2808229999999998
-1.2780760000000004
-1.2808229999999998
-1.2780760000000004
-1.2808229999999998
-1.2780760000000004
-1.2808229999999998
-1.2780760000000004
-1.2808229999999998
-1.2780760000000004
-1.2808229999999998
-1.2780760000000004
-1.2808229999999998
-1.2780760000000004
-1.2808229999999998
-1.2780760000000004
-1.2808229999999998
-1.2780760000000004
-1.2808229999999998
-1.2780760000000004
-1.2808229999999998
-1.2780760000000004
-1.2808229999999998
-1.2780760000000004
-1.2808229999999998
-1.2780760000000004
-1.2808229999999998
-1.2780760000000004
-1.2808229999999998
-1.2780760000000004
-1.2808229999999998
-1.2780760000000004
-1.2808229999999998
-1.2780760000000004
-1.2808229999999998
-1.2780760000000004
-1.2808229999999998
-1.2780760000000004
-1.2808229999999998
-1.2780760000000004
-1.2808229999999998
-1.2780760000000004
-1.2808229999999998
-1.2780760000000004
