1.437474
1.4314280000000004
1.4310430000000007
1.4365199999999998
1.437474
1.4314280000000004
1.4310430000000007
1.4365199999999998
1.437474
1.4314280000000004
1.4310430000000007
1.4365199999999998
1.437474
1.4314280000000004
1.4310430000000007
1.4365199999999998
1.437474
1.4314280000000004
1.4310430000000007
1.4365199999999998
1.437474
1.4314280000000004
1.4310430000000007
1.4365199999999998
1.437474
1.4314280000000004
1.4310430000000007
1.4365199999999998
1.437474
1.4314280000000004
1.4310430000000007
1.4365199999999998
1.437474
1.4314280000000004
1.4310430000000007
1.4365199999999998
1.437474
1.4314280000000004
1.4310430000000007
1.4365199999999998
1.437474
1.4314280000000004
1.4310430000000007
1.4365199999999998
1.437474
1.4314280000000004
1.4310430000000007
1.4365199999999998
1.437474
1.4314280000000004
1.4310430000000007
1.4365199999999998
1.437474
1.4314280000000004
1.4310430000000007
1.4365199999999998
1.437474
1.4314280000000004
1.4310430000000007
1.4365199999999998
1.437474
1.4314280000000004
1.4310430000000007
1.4365199999999998
1.437474
1.4314280000000004
1.4310430000000007
1.4365199999999998
1.437474
1.4314280000000004
1.4310430000000007
1.4365199999999998
1.437474
1.4314280000000004
1.4310430000000007
1.4365199999999998
1.437474
1.4314280000000004
1.4310430000000007
1.4365199999999998
1.437474
1.4314280000000004
1.4310430000000007
1.4365199999999998
1.437474
1.4314280000000004
1.4310430000000007
1.4365199999999998
1.437474
1.4314280000000004
1.4310430000000007
1.4365199999999998
1.437474
1.4314280000000004
1.4310430000000007
1.4365199999999998
1.437474
1.4314280000000004
1.4310430000000007
1.4365199999999998
1.437474
1.4314280000000004
1.4310430000000007
1.4365199999999998
1.437474
1.4314280000000004
1.4310430000000007
1.4365199999999998
1.437474
1.4314280000000004
1.4310430000000007
1.4365199999999998
1.437474
1.4314280000000004
1.4310430000000007
1.4365199999999998
1.437474
1.4314280000000004
1.4310430000000007
1.4365199999999998
1.437474
1.4314280000000004
1.4310430000000007
1.4365199999999998
1.437474
1.4314280000000004
1.4310430000000007
1.4365199999999998
1.437474
1.4314280000000004
1.4310430000000007
1.4365199999999998
1.437474
1.4314280000000004
1.4310430000000007
1.4365199999999998
1.437474
1.4314280000000004
1.4310430000000007
1.4365199999999998
1.437474
1.4314280000000004
1.4310430000000007
1.4365199999999998
-1.432531
-1.4353150000000001
-1.4334860000000003
-1.4351339999999997
-1.432531
-1.4353150000000001
-1.4334860000000003
-1.4351339999999997
-1.432531
-1.4353150000000001
-1.4334860000000003
-1.4351339999999997
-1.432531
-1.4353150000000001
-1.4334860000000003
-1.4351339999999997
-1.432531
-1.4353150000000001
-1.4334860000000003
-1.4351339999999997
-1.432531
-1.4353150000000001
-1.4334860000000003
-1.4351339999999997
-1.432531
-1.4353150000000001
-1.4334860000000003
-1.4351339999999997
-1.432531
-1.4353150000000001
-1.4334860000000003
-1.4351339999999997
-1.432531
-1.4353150000000001
-1.4334860000000003
-1.4351339999999997
-1.432531
-1.4353150000000001
-1.4334860000000003
-1.4351339999999997
-1.432531
-1.4353150000000001
-1.4334860000000003
-1.4351339999999997
-1.432531
-1.4353150000000001
-1.4334860000000003
-1.4351339999999997
-1.432531
-1.4353150000000001
-1.4334860000000003
-1.4351339999999997
-1.432531
-1.4353150000000001
-1.4334860000000003
-1.4351339999999997
-1.432531
-1.4353150000000001
-1.4334860000000003
-1.4351339999999997
-1.432531
-1.4353150000000001
-1.4334860000000003
-1.4351339999999997
-1.432531
-1.4353150000000001
-1.4334860000000003
-1.4351339999999997
-1.432531
-1.4353150000000001
-1.4334860000000003
-1.4351339999999997
-1.432531
-1.4353150000000001
-1.4334860000000003
-1.4351339999999997
-1.432531
-1.4353150000000001
-1.4334860000000003
-1.4351339999999997
-1.432531
-1.4353150000000001
-1.4334860000000003
-1.4351339999999997
-1.432531
-1.4353150000000001
-1.4334860000000003
-1.4351339999999997
-1.432531
-1.4353150000000001
-1.4334860000000003
-1.4351339999999997
-1.432531
-1.4353150000000001
-1.4334860000000003
-1.4351339999999997
-1.432531
-1.4353150000000001
-1.4334860000000003
-1.4351339999999997
-1.432531
-1.4353150000000001
-1.4334860000000003
-1.4351339999999997
-1.432531
-1.4353150000000001
-1.4334860000000003
-1.4351339999999997
-1.432531
-1.4353150000000001
-1.4334860000000003
-1.4351339999999997
-1.432531
-1.4353150000000001
-1.4334860000000003
-1.4351339999999997
-1.432531
-1.4353150000000001
-1.4334860000000003
-1.4351339999999997
-1.432531
-1.4353150000000001
-1.4334860000000003
-1.4351339999999997
-1.432531
-1.4353150000000001
-1.4334860000000003
-1.4351339999999997
-1.432531
-1.4353150000000001
-1.4334860000000003
-1.4351339999999997
-1.432531
-1.4353150000000001
-1.4334860000000003
-1.4351339999999997
-1.432531
-1.4353150000000001
-1.4334860000000003
-1.4351339999999997
-1.432531
-1.4353150000000001
-1.4334860000000003
-1.4351339999999997
