1.3948429999999998
1.405666
1.3948429999999998
1.405666
1.3948429999999998
1.405666
1.3948429999999998
1.405666
1.3948429999999998
1.405666
1.3948429999999998
1.405666
1.3948429999999998
1.405666
1.3948429999999998
1.405666
1.3948429999999998
1.405666
1.3948429999999998
1.405666
1.3948429999999998
1.405666
1.3948429999999998
1.405666
1.3948429999999998
1.405666
1.3948429999999998
1.405666
1.3948429999999998
1.405666
1.3948429999999998
1.405666
1.3948429999999998
1.405666
1.3948429999999998
1.405666
1.3948429999999998
1.405666
1.3948429999999998
1.405666
1.3948429999999998
1.405666
1.3948429999999998
1.405666
1.3948429999999998
1.405666
1.3948429999999998
1.405666
1.3948429999999998
1.405666
1.3948429999999998
1.405666
1.3948429999999998
1.405666
1.3948429999999998
1.405666
1.3948429999999998
1.405666
1.3948429999999998
1.405666
1.3948429999999998
1.405666
1.3948429999999998
1.405666
1.3948429999999998
1.405666
1.3948429999999998
1.405666
1.3948429999999998
1.405666
1.3948429999999998
1.405666
1.3948429999999998
1.405666
1.3948429999999998
1.405666
1.3948429999999998
1.405666
1.3948429999999998
1.405666
1.3948429999999998
1.405666
1.3948429999999998
1.405666
1.3948429999999998
1.405666
1.3948429999999998
1.405666
1.3948429999999998
1.405666
1.3948429999999998
1.405666
1.3948429999999998
1.405666
1.3948429999999998
1.405666
1.3948429999999998
1.405666
1.3948429999999998
1.405666
1.3948429999999998
1.405666
1.3948429999999998
1.405666
1.3948429999999998
1.405666
1.3948429999999998
1.405666
1.3948429999999998
1.405666
1.3948429999999998
1.405666
1.3948429999999998
1.405666
1.3948429999999998
1.405666
1.3948429999999998
1.405666
1.3948429999999998
1.405666
-1.3982520000000003
-1.4022569999999996
-1.3982520000000003
-1.4022569999999996
-1.3982520000000003
-1.4022569999999996
-1.3982520000000003
-1.4022569999999996
-1.3982520000000003
-1.4022569999999996
-1.3982520000000003
-1.4022569999999996
-1.3982520000000003
-1.4022569999999996
-1.3982520000000003
-1.4022569999999996
-1.3982520000000003
-1.4022569999999996
-1.3982520000000003
-1.4022569999999996
-1.3982520000000003
-1.4022569999999996
-1.3982520000000003
-1.4022569999999996
-1.3982520000000003
-1.4022569999999996
-1.3982520000000003
-1.4022569999999996
-1.3982520000000003
-1.4022569999999996
-1.3982520000000003
-1.4022569999999996
-1.3982520000000003
-1.4022569999999996
-1.3982520000000003
-1.4022569999999996
-1.3982520000000003
-1.4022569999999996
-1.3982520000000003
-1.4022569999999996
-1.3982520000000003
-1.4022569999999996
-1.3982520000000003
-1.4022569999999996
-1.3982520000000003
-1.4022569999999996
-1.3982520000000003
-1.4022569999999996
-1.3982520000000003
-1.4022569999999996
-1.3982520000000003
-1.4022569999999996
-1.3982520000000003
-1.4022569999999996
-1.3982520000000003
-1.4022569999999996
-1.3982520000000003
-1.4022569999999996
-1.3982520000000003
-1.4022569999999996
-1.3982520000000003
-1.4022569999999996
-1.3982520000000003
-1.4022569999999996
-1.3982520000000003
-1.4022569999999996
-1.3982520000000003
-1.4022569999999996
-1.3982520000000003
-1.4022569999999996
-1.3982520000000003
-1.4022569999999996
-1.3982520000000003
-1.4022569999999996
-1.3982520000000003
-1.4022569999999996
-1.3982520000000003
-1.4022569999999996
-1.3982520000000003
-1.4022569999999996
-1.3982520000000003
-1.4022569999999996
-1.3982520000000003
-1.4022569999999996
-1.3982520000000003
-1.4022569999999996
-1.3982520000000003
-1.4022569999999996
-1.3982520000000003
-1.4022569999999996
-1.3982520000000003
-1.4022569999999996
-1.3982520000000003
-1.4022569999999996
-1.3982520000000003
-1.4022569999999996
-1.3982520000000003
-1.4022569999999996
-1.3982520000000003
-1.4022569999999996
-1.3982520000000003
-1.4022569999999996
-1.3982520000000003
-1.4022569999999996
-1.3982520000000003
-1.4022569999999996
-1.3982520000000003
-1.4022569999999996
-1.3982520000000003
-1.4022569999999996
-1.3982520000000003
-1.4022569999999996
-1.3982520000000003
-1.4022569999999996
-1.3982520000000003
-1.4022569999999996
-1.3982520000000003
-1.4022569999999996
-1.3982520000000003
-1.4022569999999996
