1.4260710000000003
1.4235050000000005
1.4220869999999994
1.4202659999999998
1.4260710000000003
1.4235050000000005
1.4220869999999994
1.4202659999999998
1.4260710000000003
1.4235050000000005
1.4220869999999994
1.4202659999999998
1.4260710000000003
1.4235050000000005
1.4220869999999994
1.4202659999999998
1.4260710000000003
1.4235050000000005
1.4220869999999994
1.4202659999999998
1.4260710000000003
1.4235050000000005
1.4220869999999994
1.4202659999999998
1.4260710000000003
1.4235050000000005
1.4220869999999994
1.4202659999999998
1.4260710000000003
1.4235050000000005
1.4220869999999994
1.4202659999999998
1.4260710000000003
1.4235050000000005
1.4220869999999994
1.4202659999999998
1.4260710000000003
1.4235050000000005
1.4220869999999994
1.4202659999999998
1.4260710000000003
1.4235050000000005
1.4220869999999994
1.4202659999999998
1.4260710000000003
1.4235050000000005
1.4220869999999994
1.4202659999999998
1.4260710000000003
1.4235050000000005
1.4220869999999994
1.4202659999999998
1.4260710000000003
1.4235050000000005
1.4220869999999994
1.4202659999999998
1.4260710000000003
1.4235050000000005
1.4220869999999994
1.4202659999999998
1.4260710000000003
1.4235050000000005
1.4220869999999994
1.4202659999999998
1.4260710000000003
1.4235050000000005
1.4220869999999994
1.4202659999999998
1.4260710000000003
1.4235050000000005
1.4220869999999994
1.4202659999999998
1.4260710000000003
1.4235050000000005
1.4220869999999994
1.4202659999999998
1.4260710000000003
1.4235050000000005
1.4220869999999994
1.4202659999999998
1.4260710000000003
1.4235050000000005
1.4220869999999994
1.4202659999999998
1.4260710000000003
1.4235050000000005
1.4220869999999994
1.4202659999999998
1.4260710000000003
1.4235050000000005
1.4220869999999994
1.4202659999999998
1.4260710000000003
1.4235050000000005
1.4220869999999994
1.4202659999999998
1.4260710000000003
1.4235050000000005
1.4220869999999994
1.4202659999999998
1.4260710000000003
1.4235050000000005
1.4220869999999994
1.4202659999999998
1.4260710000000003
1.4235050000000005
1.4220869999999994
1.4202659999999998
1.4260710000000003
1.4235050000000005
1.4220869999999994
1.4202659999999998
1.4260710000000003
1.4235050000000005
1.4220869999999994
1.4202659999999998
1.4260710000000003
1.4235050000000005
1.4220869999999994
1.4202659999999998
1.4260710000000003
1.4235050000000005
1.4220869999999994
1.4202659999999998
1.4260710000000003
1.4235050000000005
1.4220869999999994
1.4202659999999998
1.4260710000000003
1.4235050000000005
1.4220869999999994
1.4202659999999998
1.4260710000000003
1.4235050000000005
1.4220869999999994
1.4202659999999998
1.4260710000000003
1.4235050000000005
1.4220869999999994
1.4202659999999998
1.4260710000000003
1.4235050000000005
1.4220869999999994
1.4202659999999998
1.4260710000000003
1.4235050000000005
1.4220869999999994
1.4202659999999998
1.4260710000000003
1.4235050000000005
1.4220869999999994
1.4202659999999998
1.4260710000000003
1.4235050000000005
1.4220869999999994
1.4202659999999998
1.4260710000000003
1.4235050000000005
1.4220869999999994
1.4202659999999998
1.4260710000000003
1.4235050000000005
1.4220869999999994
1.4202659999999998
1.4260710000000003
1.4235050000000005
1.4220869999999994
1.4202659999999998
1.4260710000000003
1.4235050000000005
1.4220869999999994
1.4202659999999998
1.4260710000000003
1.4235050000000005
1.4220869999999994
1.4202659999999998
1.4260710000000003
1.4235050000000005
1.4220869999999994
1.4202659999999998
1.4260710000000003
1.4235050000000005
1.4220869999999994
1.4202659999999998
1.4260710000000003
1.4235050000000005
1.4220869999999994
1.4202659999999998
1.4260710000000003
1.4235050000000005
1.4220869999999994
1.4202659999999998
-1.4231999999999996
-1.4211289999999996
-1.4229200000000004
-1.4246800000000004
-1.4231999999999996
-1.4211289999999996
-1.4229200000000004
-1.4246800000000004
-1.4231999999999996
-1.4211289999999996
-1.4229200000000004
-1.4246800000000004
-1.4231999999999996
-1.4211289999999996
-1.4229200000000004
-1.4246800000000004
-1.4231999999999996
-1.4211289999999996
-1.4229200000000004
-1.4246800000000004
-1.4231999999999996
-1.4211289999999996
-1.4229200000000004
-1.4246800000000004
-1.4231999999999996
-1.4211289999999996
-1.4229200000000004
-1.4246800000000004
-1.4231999999999996
-1.4211289999999996
-1.4229200000000004
-1.4246800000000004
-1.4231999999999996
-1.4211289999999996
-1.4229200000000004
-1.4246800000000004
-1.4231999999999996
-1.4211289999999996
-1.4229200000000004
-1.4246800000000004
-1.4231999999999996
-1.4211289999999996
-1.4229200000000004
-1.4246800000000004
-1.4231999999999996
-1.4211289999999996
-1.4229200000000004
-1.4246800000000004
-1.4231999999999996
-1.4211289999999996
-1.4229200000000004
-1.4246800000000004
-1.4231999999999996
-1.4211289999999996
-1.4229200000000004
-1.4246800000000004
-1.4231999999999996
-1.4211289999999996
-1.4229200000000004
-1.4246800000000004
-1.4231999999999996
-1.4211289999999996
-1.4229200000000004
-1.4246800000000004
-1.4231999999999996
-1.4211289999999996
-1.4229200000000004
-1.4246800000000004
-1.4231999999999996
-1.4211289999999996
-1.4229200000000004
-1.4246800000000004
-1.4231999999999996
-1.4211289999999996
-1.4229200000000004
-1.4246800000000004
-1.4231999999999996
-1.4211289999999996
-1.4229200000000004
-1.4246800000000004
-1.4231999999999996
-1.4211289999999996
-1.4229200000000004
-1.4246800000000004
-1.4231999999999996
-1.4211289999999996
-1.4229200000000004
-1.4246800000000004
-1.4231999999999996
-1.4211289999999996
-1.4229200000000004
-1.4246800000000004
-1.4231999999999996
-1.4211289999999996
-1.4229200000000004
-1.4246800000000004
-1.4231999999999996
-1.4211289999999996
-1.4229200000000004
-1.4246800000000004
-1.4231999999999996
-1.4211289999999996
-1.4229200000000004
-1.4246800000000004
-1.4231999999999996
-1.4211289999999996
-1.4229200000000004
-1.4246800000000004
-1.4231999999999996
-1.4211289999999996
-1.4229200000000004
-1.4246800000000004
-1.4231999999999996
-1.4211289999999996
-1.4229200000000004
-1.4246800000000004
-1.4231999999999996
-1.4211289999999996
-1.4229200000000004
-1.4246800000000004
-1.4231999999999996
-1.4211289999999996
-1.4229200000000004
-1.4246800000000004
-1.4231999999999996
-1.4211289999999996
-1.4229200000000004
-1.4246800000000004
-1.4231999999999996
-1.4211289999999996
-1.4229200000000004
-1.4246800000000004
-1.4231999999999996
-1.4211289999999996
-1.4229200000000004
-1.4246800000000004
-1.4231999999999996
-1.4211289999999996
-1.4229200000000004
-1.4246800000000004
-1.4231999999999996
-1.4211289999999996
-1.4229200000000004
-1.4246800000000004
-1.4231999999999996
-1.4211289999999996
-1.4229200000000004
-1.4246800000000004
-1.4231999999999996
-1.4211289999999996
-1.4229200000000004
-1.4246800000000004
-1.4231999999999996
-1.4211289999999996
-1.4229200000000004
-1.4246800000000004
-1.4231999999999996
-1.4211289999999996
-1.4229200000000004
-1.4246800000000004
-1.4231999999999996
-1.4211289999999996
-1.4229200000000004
-1.4246800000000004
-1.4231999999999996
-1.4211289999999996
-1.4229200000000004
-1.4246800000000004
-1.4231999999999996
-1.4211289999999996
-1.4229200000000004
-1.4246800000000004
-1.4231999999999996
-1.4211289999999996
-1.4229200000000004
-1.4246800000000004
-1.4231999999999996
-1.4211289999999996
-1.4229200000000004
-1.4246800000000004
-1.4231999999999996
-1.4211289999999996
-1.4229200000000004
-1.4246800000000004
-1.4231999999999996
-1.4211289999999996
-1.4229200000000004
-1.4246800000000004
-1.4231999999999996
-1.4211289999999996
-1.4229200000000004
-1.4246800000000004
