1.3766470000000002
1.3815810000000006
1.3766470000000002
1.3815810000000006
1.3766470000000002
1.3815810000000006
1.3766470000000002
1.3815810000000006
1.3766470000000002
1.3815810000000006
1.3766470000000002
1.3815810000000006
1.3766470000000002
1.3815810000000006
1.3766470000000002
1.3815810000000006
1.3766470000000002
1.3815810000000006
1.3766470000000002
1.3815810000000006
1.3766470000000002
1.3815810000000006
1.3766470000000002
1.3815810000000006
1.3766470000000002
1.3815810000000006
1.3766470000000002
1.3815810000000006
1.3766470000000002
1.3815810000000006
1.3766470000000002
1.3815810000000006
1.3766470000000002
1.3815810000000006
1.3766470000000002
1.3815810000000006
1.3766470000000002
1.3815810000000006
1.3766470000000002
1.3815810000000006
1.3766470000000002
1.3815810000000006
1.3766470000000002
1.3815810000000006
1.3766470000000002
1.3815810000000006
1.3766470000000002
1.3815810000000006
1.3766470000000002
1.3815810000000006
1.3766470000000002
1.3815810000000006
1.3766470000000002
1.3815810000000006
1.3766470000000002
1.3815810000000006
1.3766470000000002
1.3815810000000006
1.3766470000000002
1.3815810000000006
1.3766470000000002
1.3815810000000006
1.3766470000000002
1.3815810000000006
1.3766470000000002
1.3815810000000006
1.3766470000000002
1.3815810000000006
1.3766470000000002
1.3815810000000006
1.3766470000000002
1.3815810000000006
1.3766470000000002
1.3815810000000006
1.3766470000000002
1.3815810000000006
1.3766470000000002
1.3815810000000006
1.3766470000000002
1.3815810000000006
1.3766470000000002
1.3815810000000006
1.3766470000000002
1.3815810000000006
1.3766470000000002
1.3815810000000006
1.3766470000000002
1.3815810000000006
1.3766470000000002
1.3815810000000006
1.3766470000000002
1.3815810000000006
1.3766470000000002
1.3815810000000006
1.3766470000000002
1.3815810000000006
1.3766470000000002
1.3815810000000006
1.3766470000000002
1.3815810000000006
1.3766470000000002
1.3815810000000006
1.3766470000000002
1.3815810000000006
1.3766470000000002
1.3815810000000006
1.3766470000000002
1.3815810000000006
1.3766470000000002
1.3815810000000006
1.3766470000000002
1.3815810000000006
1.3766470000000002
1.3815810000000006
1.3766470000000002
1.3815810000000006
1.3766470000000002
1.3815810000000006
1.3766470000000002
1.3815810000000006
-1.3797100000000002
-1.3785179999999997
-1.3797100000000002
-1.3785179999999997
-1.3797100000000002
-1.3785179999999997
-1.3797100000000002
-1.3785179999999997
-1.3797100000000002
-1.3785179999999997
-1.3797100000000002
-1.3785179999999997
-1.3797100000000002
-1.3785179999999997
-1.3797100000000002
-1.3785179999999997
-1.3797100000000002
-1.3785179999999997
-1.3797100000000002
-1.3785179999999997
-1.3797100000000002
-1.3785179999999997
-1.3797100000000002
-1.3785179999999997
-1.3797100000000002
-1.3785179999999997
-1.3797100000000002
-1.3785179999999997
-1.3797100000000002
-1.3785179999999997
-1.3797100000000002
-1.3785179999999997
-1.3797100000000002
-1.3785179999999997
-1.3797100000000002
-1.3785179999999997
-1.3797100000000002
-1.3785179999999997
-1.3797100000000002
-1.3785179999999997
-1.3797100000000002
-1.3785179999999997
-1.3797100000000002
-1.3785179999999997
-1.3797100000000002
-1.3785179999999997
-1.3797100000000002
-1.3785179999999997
-1.3797100000000002
-1.3785179999999997
-1.3797100000000002
-1.3785179999999997
-1.3797100000000002
-1.3785179999999997
-1.3797100000000002
-1.3785179999999997
-1.3797100000000002
-1.3785179999999997
-1.3797100000000002
-1.3785179999999997
-1.3797100000000002
-1.3785179999999997
-1.3797100000000002
-1.3785179999999997
-1.3797100000000002
-1.3785179999999997
-1.3797100000000002
-1.3785179999999997
-1.3797100000000002
-1.3785179999999997
-1.3797100000000002
-1.3785179999999997
-1.3797100000000002
-1.3785179999999997
-1.3797100000000002
-1.3785179999999997
-1.3797100000000002
-1.3785179999999997
-1.3797100000000002
-1.3785179999999997
-1.3797100000000002
-1.3785179999999997
-1.3797100000000002
-1.3785179999999997
-1.3797100000000002
-1.3785179999999997
-1.3797100000000002
-1.3785179999999997
-1.3797100000000002
-1.3785179999999997
-1.3797100000000002
-1.3785179999999997
-1.3797100000000002
-1.3785179999999997
-1.3797100000000002
-1.3785179999999997
-1.3797100000000002
-1.3785179999999997
-1.3797100000000002
-1.3785179999999997
-1.3797100000000002
-1.3785179999999997
-1.3797100000000002
-1.3785179999999997
-1.3797100000000002
-1.3785179999999997
-1.3797100000000002
-1.3785179999999997
-1.3797100000000002
-1.3785179999999997
-1.3797100000000002
-1.3785179999999997
-1.3797100000000002
-1.3785179999999997
-1.3797100000000002
-1.3785179999999997
-1.3797100000000002
-1.3785179999999997
-1.3797100000000002
-1.3785179999999997
