1.4329929999999997
1.4285329999999998
1.4197030000000002
1.4274629999999995
1.4399350000000002
1.4332670000000007
1.4275070000000003
1.4361329999999999
1.4448469999999993
1.4539120000000008
1.4445650000000008
1.4446060000000003
1.4454899999999995
1.4409010000000002
1.448397
1.4395399999999992
1.4329929999999997
1.4285329999999998
1.4197030000000002
1.4274629999999995
1.4399350000000002
1.4332670000000007
1.4275070000000003
1.4361329999999999
1.4448469999999993
1.4539120000000008
1.4445650000000008
1.4446060000000003
1.4454899999999995
1.4409010000000002
1.448397
1.4395399999999992
1.4329929999999997
1.4285329999999998
1.4197030000000002
1.4274629999999995
1.4399350000000002
1.4332670000000007
1.4275070000000003
1.4361329999999999
1.4448469999999993
1.4539120000000008
1.4445650000000008
1.4446060000000003
1.4454899999999995
1.4409010000000002
1.448397
1.4395399999999992
1.4329929999999997
1.4285329999999998
1.4197030000000002
1.4274629999999995
1.4399350000000002
1.4332670000000007
1.4275070000000003
1.4361329999999999
1.4448469999999993
1.4539120000000008
1.4445650000000008
1.4446060000000003
1.4454899999999995
1.4409010000000002
1.448397
1.4395399999999992
1.4329929999999997
1.4285329999999998
1.4197030000000002
1.4274629999999995
1.4399350000000002
1.4332670000000007
1.4275070000000003
1.4361329999999999
1.4448469999999993
1.4539120000000008
1.4445650000000008
1.4446060000000003
1.4454899999999995
1.4409010000000002
1.448397
1.4395399999999992
1.4329929999999997
1.4285329999999998
1.4197030000000002
1.4274629999999995
1.4399350000000002
1.4332670000000007
1.4275070000000003
1.4361329999999999
1.4448469999999993
1.4539120000000008
1.4445650000000008
1.4446060000000003
1.4454899999999995
1.4409010000000002
1.448397
1.4395399999999992
1.4329929999999997
1.4285329999999998
1.4197030000000002
1.4274629999999995
1.4399350000000002
1.4332670000000007
1.4275070000000003
1.4361329999999999
1.4448469999999993
1.4539120000000008
1.4445650000000008
1.4446060000000003
1.4454899999999995
1.4409010000000002
1.448397
1.4395399999999992
1.4329929999999997
1.4285329999999998
1.4197030000000002
1.4274629999999995
1.4399350000000002
1.4332670000000007
1.4275070000000003
1.4361329999999999
1.4448469999999993
1.4539120000000008
1.4445650000000008
1.4446060000000003
1.4454899999999995
1.4409010000000002
1.448397
1.4395399999999992
1.4329929999999997
1.4285329999999998
1.4197030000000002
1.4274629999999995
1.4399350000000002
1.4332670000000007
1.4275070000000003
1.4361329999999999
1.4448469999999993
1.4539120000000008
1.4445650000000008
1.4446060000000003
1.4454899999999995
1.4409010000000002
1.448397
1.4395399999999992
1.4329929999999997
1.4285329999999998
1.4197030000000002
1.4274629999999995
1.4399350000000002
1.4332670000000007
1.4275070000000003
1.4361329999999999
1.4448469999999993
1.4539120000000008
1.4445650000000008
1.4446060000000003
1.4454899999999995
1.4409010000000002
1.448397
1.4395399999999992
1.4329929999999997
1.4285329999999998
1.4197030000000002
1.4274629999999995
1.4399350000000002
1.4332670000000007
1.4275070000000003
1.4361329999999999
1.4448469999999993
1.4539120000000008
1.4445650000000008
1.4446060000000003
1.4454899999999995
1.4409010000000002
1.448397
1.4395399999999992
1.4329929999999997
1.4285329999999998
1.4197030000000002
1.4274629999999995
1.4399350000000002
1.4332670000000007
1.4275070000000003
1.4361329999999999
1.4448469999999993
1.4539120000000008
1.4445650000000008
1.4446060000000003
1.4454899999999995
1.4409010000000002
1.448397
1.4395399999999992
-1.439146
-1.4375390000000001
-1.4339940000000002
-1.4301750000000002
-1.4326379999999999
-1.4331899999999997
-1.4343469999999998
-1.4336270000000004
-1.4430810000000003
-1.4383030000000003
-1.4465820000000003
-1.4491129999999997
-1.441217
-1.4420970000000004
-1.4365750000000004
-1.436166
-1.439146
-1.4375390000000001
-1.4339940000000002
-1.4301750000000002
-1.4326379999999999
-1.4331899999999997
-1.4343469999999998
-1.4336270000000004
-1.4430810000000003
-1.4383030000000003
-1.4465820000000003
-1.4491129999999997
-1.441217
-1.4420970000000004
-1.4365750000000004
-1.436166
-1.439146
-1.4375390000000001
-1.4339940000000002
-1.4301750000000002
-1.4326379999999999
-1.4331899999999997
-1.4343469999999998
-1.4336270000000004
-1.4430810000000003
-1.4383030000000003
-1.4465820000000003
-1.4491129999999997
-1.441217
-1.4420970000000004
-1.4365750000000004
-1.436166
-1.439146
-1.4375390000000001
-1.4339940000000002
-1.4301750000000002
-1.4326379999999999
-1.4331899999999997
-1.4343469999999998
-1.4336270000000004
-1.4430810000000003
-1.4383030000000003
-1.4465820000000003
-1.4491129999999997
-1.441217
-1.4420970000000004
-1.4365750000000004
-1.436166
-1.439146
-1.4375390000000001
-1.4339940000000002
-1.4301750000000002
-1.4326379999999999
-1.4331899999999997
-1.4343469999999998
-1.4336270000000004
-1.4430810000000003
-1.4383030000000003
-1.4465820000000003
-1.4491129999999997
-1.441217
-1.4420970000000004
-1.4365750000000004
-1.436166
-1.439146
-1.4375390000000001
-1.4339940000000002
-1.4301750000000002
-1.4326379999999999
-1.4331899999999997
-1.4343469999999998
-1.4336270000000004
-1.4430810000000003
-1.4383030000000003
-1.4465820000000003
-1.4491129999999997
-1.441217
-1.4420970000000004
-1.4365750000000004
-1.436166
-1.439146
-1.4375390000000001
-1.4339940000000002
-1.4301750000000002
-1.4326379999999999
-1.4331899999999997
-1.4343469999999998
-1.4336270000000004
-1.4430810000000003
-1.4383030000000003
-1.4465820000000003
-1.4491129999999997
-1.441217
-1.4420970000000004
-1.4365750000000004
-1.436166
-1.439146
-1.4375390000000001
-1.4339940000000002
-1.4301750000000002
-1.4326379999999999
-1.4331899999999997
-1.4343469999999998
-1.4336270000000004
-1.4430810000000003
-1.4383030000000003
-1.4465820000000003
-1.4491129999999997
-1.441217
-1.4420970000000004
-1.4365750000000004
-1.436166
-1.439146
-1.4375390000000001
-1.4339940000000002
-1.4301750000000002
-1.4326379999999999
-1.4331899999999997
-1.4343469999999998
-1.4336270000000004
-1.4430810000000003
-1.4383030000000003
-1.4465820000000003
-1.4491129999999997
-1.441217
-1.4420970000000004
-1.4365750000000004
-1.436166
-1.439146
-1.4375390000000001
-1.4339940000000002
-1.4301750000000002
-1.4326379999999999
-1.4331899999999997
-1.4343469999999998
-1.4336270000000004
-1.4430810000000003
-1.4383030000000003
-1.4465820000000003
-1.4491129999999997
-1.441217
-1.4420970000000004
-1.4365750000000004
-1.436166
-1.439146
-1.4375390000000001
-1.4339940000000002
-1.4301750000000002
-1.4326379999999999
-1.4331899999999997
-1.4343469999999998
-1.4336270000000004
-1.4430810000000003
-1.4383030000000003
-1.4465820000000003
-1.4491129999999997
-1.441217
-1.4420970000000004
-1.4365750000000004
-1.436166
-1.439146
-1.4375390000000001
-1.4339940000000002
-1.4301750000000002
-1.4326379999999999
-1.4331899999999997
-1.4343469999999998
-1.4336270000000004
-1.4430810000000003
-1.4383030000000003
-1.4465820000000003
-1.4491129999999997
-1.441217
-1.4420970000000004
-1.4365750000000004
-1.436166
