1.4362469999999998
1.4434039999999992
1.4339309999999994
1.4391060000000007
1.4362469999999998
1.4434039999999992
1.4339309999999994
1.4391060000000007
1.4362469999999998
1.4434039999999992
1.4339309999999994
1.4391060000000007
1.4362469999999998
1.4434039999999992
1.4339309999999994
1.4391060000000007
1.4362469999999998
1.4434039999999992
1.4339309999999994
1.4391060000000007
1.4362469999999998
1.4434039999999992
1.4339309999999994
1.4391060000000007
1.4362469999999998
1.4434039999999992
1.4339309999999994
1.4391060000000007
1.4362469999999998
1.4434039999999992
1.4339309999999994
1.4391060000000007
1.4362469999999998
1.4434039999999992
1.4339309999999994
1.4391060000000007
1.4362469999999998
1.4434039999999992
1.4339309999999994
1.4391060000000007
1.4362469999999998
1.4434039999999992
1.4339309999999994
1.4391060000000007
1.4362469999999998
1.4434039999999992
1.4339309999999994
1.4391060000000007
1.4362469999999998
1.4434039999999992
1.4339309999999994
1.4391060000000007
1.4362469999999998
1.4434039999999992
1.4339309999999994
1.4391060000000007
1.4362469999999998
1.4434039999999992
1.4339309999999994
1.4391060000000007
1.4362469999999998
1.4434039999999992
1.4339309999999994
1.4391060000000007
1.4362469999999998
1.4434039999999992
1.4339309999999994
1.4391060000000007
1.4362469999999998
1.4434039999999992
1.4339309999999994
1.4391060000000007
1.4362469999999998
1.4434039999999992
1.4339309999999994
1.4391060000000007
1.4362469999999998
1.4434039999999992
1.4339309999999994
1.4391060000000007
1.4362469999999998
1.4434039999999992
1.4339309999999994
1.4391060000000007
1.4362469999999998
1.4434039999999992
1.4339309999999994
1.4391060000000007
1.4362469999999998
1.4434039999999992
1.4339309999999994
1.4391060000000007
1.4362469999999998
1.4434039999999992
1.4339309999999994
1.4391060000000007
1.4362469999999998
1.4434039999999992
1.4339309999999994
1.4391060000000007
1.4362469999999998
1.4434039999999992
1.4339309999999994
1.4391060000000007
1.4362469999999998
1.4434039999999992
1.4339309999999994
1.4391060000000007
1.4362469999999998
1.4434039999999992
1.4339309999999994
1.4391060000000007
1.4362469999999998
1.4434039999999992
1.4339309999999994
1.4391060000000007
1.4362469999999998
1.4434039999999992
1.4339309999999994
1.4391060000000007
1.4362469999999998
1.4434039999999992
1.4339309999999994
1.4391060000000007
1.4362469999999998
1.4434039999999992
1.4339309999999994
1.4391060000000007
1.4362469999999998
1.4434039999999992
1.4339309999999994
1.4391060000000007
1.4362469999999998
1.4434039999999992
1.4339309999999994
1.4391060000000007
1.4362469999999998
1.4434039999999992
1.4339309999999994
1.4391060000000007
1.4362469999999998
1.4434039999999992
1.4339309999999994
1.4391060000000007
-1.4351089999999997
-1.4412880000000001
-1.4350589999999999
-1.4412320000000003
-1.4351089999999997
-1.4412880000000001
-1.4350589999999999
-1.4412320000000003
-1.4351089999999997
-1.4412880000000001
-1.4350589999999999
-1.4412320000000003
-1.4351089999999997
-1.4412880000000001
-1.4350589999999999
-1.4412320000000003
-1.4351089999999997
-1.4412880000000001
-1.4350589999999999
-1.4412320000000003
-1.4351089999999997
-1.4412880000000001
-1.4350589999999999
-1.4412320000000003
-1.4351089999999997
-1.4412880000000001
-1.4350589999999999
-1.4412320000000003
-1.4351089999999997
-1.4412880000000001
-1.4350589999999999
-1.4412320000000003
-1.4351089999999997
-1.4412880000000001
-1.4350589999999999
-1.4412320000000003
-1.4351089999999997
-1.4412880000000001
-1.4350589999999999
-1.4412320000000003
-1.4351089999999997
-1.4412880000000001
-1.4350589999999999
-1.4412320000000003
-1.4351089999999997
-1.4412880000000001
-1.4350589999999999
-1.4412320000000003
-1.4351089999999997
-1.4412880000000001
-1.4350589999999999
-1.4412320000000003
-1.4351089999999997
-1.4412880000000001
-1.4350589999999999
-1.4412320000000003
-1.4351089999999997
-1.4412880000000001
-1.4350589999999999
-1.4412320000000003
-1.4351089999999997
-1.4412880000000001
-1.4350589999999999
-1.4412320000000003
-1.4351089999999997
-1.4412880000000001
-1.4350589999999999
-1.4412320000000003
-1.4351089999999997
-1.4412880000000001
-1.4350589999999999
-1.4412320000000003
-1.4351089999999997
-1.4412880000000001
-1.4350589999999999
-1.4412320000000003
-1.4351089999999997
-1.4412880000000001
-1.4350589999999999
-1.4412320000000003
-1.4351089999999997
-1.4412880000000001
-1.4350589999999999
-1.4412320000000003
-1.4351089999999997
-1.4412880000000001
-1.4350589999999999
-1.4412320000000003
-1.4351089999999997
-1.4412880000000001
-1.4350589999999999
-1.4412320000000003
-1.4351089999999997
-1.4412880000000001
-1.4350589999999999
-1.4412320000000003
-1.4351089999999997
-1.4412880000000001
-1.4350589999999999
-1.4412320000000003
-1.4351089999999997
-1.4412880000000001
-1.4350589999999999
-1.4412320000000003
-1.4351089999999997
-1.4412880000000001
-1.4350589999999999
-1.4412320000000003
-1.4351089999999997
-1.4412880000000001
-1.4350589999999999
-1.4412320000000003
-1.4351089999999997
-1.4412880000000001
-1.4350589999999999
-1.4412320000000003
-1.4351089999999997
-1.4412880000000001
-1.4350589999999999
-1.4412320000000003
-1.4351089999999997
-1.4412880000000001
-1.4350589999999999
-1.4412320000000003
-1.4351089999999997
-1.4412880000000001
-1.4350589999999999
-1.4412320000000003
-1.4351089999999997
-1.4412880000000001
-1.4350589999999999
-1.4412320000000003
-1.4351089999999997
-1.4412880000000001
-1.4350589999999999
-1.4412320000000003
-1.4351089999999997
-1.4412880000000001
-1.4350589999999999
-1.4412320000000003
-1.4351089999999997
-1.4412880000000001
-1.4350589999999999
-1.4412320000000003
