1.4316359999999992
1.4316359999999992
1.4316359999999992
1.4316359999999992
1.4316359999999992
1.4316359999999992
1.4316359999999992
1.4316359999999992
1.4316359999999992
1.4316359999999992
1.4316359999999992
1.4316359999999992
1.4316359999999992
1.4316359999999992
1.4316359999999992
1.4316359999999992
1.4316359999999992
1.4316359999999992
1.4316359999999992
1.4316359999999992
1.4316359999999992
1.4316359999999992
1.4316359999999992
1.4316359999999992
1.4316359999999992
1.4316359999999992
1.4316359999999992
1.4316359999999992
1.4316359999999992
1.4316359999999992
1.4316359999999992
1.4316359999999992
1.4316359999999992
1.4316359999999992
1.4316359999999992
1.4316359999999992
1.4316359999999992
1.4316359999999992
1.4316359999999992
1.4316359999999992
1.4316359999999992
1.4316359999999992
1.4316359999999992
1.4316359999999992
1.4316359999999992
1.4316359999999992
1.4316359999999992
1.4316359999999992
1.4316359999999992
1.4316359999999992
1.4316359999999992
1.4316359999999992
1.4316359999999992
1.4316359999999992
1.4316359999999992
1.4316359999999992
1.4316359999999992
1.4316359999999992
1.4316359999999992
1.4316359999999992
1.4316359999999992
1.4316359999999992
1.4316359999999992
1.4316359999999992
-1.4316360000000001
-1.4316360000000001
-1.4316360000000001
-1.4316360000000001
-1.4316360000000001
-1.4316360000000001
-1.4316360000000001
-1.4316360000000001
-1.4316360000000001
-1.4316360000000001
-1.4316360000000001
-1.4316360000000001
-1.4316360000000001
-1.4316360000000001
-1.4316360000000001
-1.4316360000000001
-1.4316360000000001
-1.4316360000000001
-1.4316360000000001
-1.4316360000000001
-1.4316360000000001
-1.4316360000000001
-1.4316360000000001
-1.4316360000000001
-1.4316360000000001
-1.4316360000000001
-1.4316360000000001
-1.4316360000000001
-1.4316360000000001
-1.4316360000000001
-1.4316360000000001
-1.4316360000000001
-1.4316360000000001
-1.4316360000000001
-1.4316360000000001
-1.4316360000000001
-1.4316360000000001
-1.4316360000000001
-1.4316360000000001
-1.4316360000000001
-1.4316360000000001
-1.4316360000000001
-1.4316360000000001
-1.4316360000000001
-1.4316360000000001
-1.4316360000000001
-1.4316360000000001
-1.4316360000000001
-1.4316360000000001
-1.4316360000000001
-1.4316360000000001
-1.4316360000000001
-1.4316360000000001
-1.4316360000000001
-1.4316360000000001
-1.4316360000000001
-1.4316360000000001
-1.4316360000000001
-1.4316360000000001
-1.4316360000000001
-1.4316360000000001
-1.4316360000000001
-1.4316360000000001
-1.4316360000000001
