1.3727820000000008
1.3702369999999995
1.3727820000000008
1.3702369999999995
1.3727820000000008
1.3702369999999995
1.3727820000000008
1.3702369999999995
1.3727820000000008
1.3702369999999995
1.3727820000000008
1.3702369999999995
1.3727820000000008
1.3702369999999995
1.3727820000000008
1.3702369999999995
1.3727820000000008
1.3702369999999995
1.3727820000000008
1.3702369999999995
1.3727820000000008
1.3702369999999995
1.3727820000000008
1.3702369999999995
1.3727820000000008
1.3702369999999995
1.3727820000000008
1.3702369999999995
1.3727820000000008
1.3702369999999995
1.3727820000000008
1.3702369999999995
1.3727820000000008
1.3702369999999995
1.3727820000000008
1.3702369999999995
1.3727820000000008
1.3702369999999995
1.3727820000000008
1.3702369999999995
1.3727820000000008
1.3702369999999995
1.3727820000000008
1.3702369999999995
1.3727820000000008
1.3702369999999995
1.3727820000000008
1.3702369999999995
1.3727820000000008
1.3702369999999995
1.3727820000000008
1.3702369999999995
1.3727820000000008
1.3702369999999995
1.3727820000000008
1.3702369999999995
1.3727820000000008
1.3702369999999995
1.3727820000000008
1.3702369999999995
1.3727820000000008
1.3702369999999995
1.3727820000000008
1.3702369999999995
1.3727820000000008
1.3702369999999995
1.3727820000000008
1.3702369999999995
1.3727820000000008
1.3702369999999995
1.3727820000000008
1.3702369999999995
1.3727820000000008
1.3702369999999995
1.3727820000000008
1.3702369999999995
1.3727820000000008
1.3702369999999995
1.3727820000000008
1.3702369999999995
1.3727820000000008
1.3702369999999995
1.3727820000000008
1.3702369999999995
1.3727820000000008
1.3702369999999995
1.3727820000000008
1.3702369999999995
1.3727820000000008
1.3702369999999995
1.3727820000000008
1.3702369999999995
1.3727820000000008
1.3702369999999995
1.3727820000000008
1.3702369999999995
1.3727820000000008
1.3702369999999995
1.3727820000000008
1.3702369999999995
1.3727820000000008
1.3702369999999995
1.3727820000000008
1.3702369999999995
1.3727820000000008
1.3702369999999995
1.3727820000000008
1.3702369999999995
1.3727820000000008
1.3702369999999995
1.3727820000000008
1.3702369999999995
1.3727820000000008
1.3702369999999995
1.3727820000000008
1.3702369999999995
1.3727820000000008
1.3702369999999995
1.3727820000000008
1.3702369999999995
-1.3729560000000003
-1.370063
-1.3729560000000003
-1.370063
-1.3729560000000003
-1.370063
-1.3729560000000003
-1.370063
-1.3729560000000003
-1.370063
-1.3729560000000003
-1.370063
-1.3729560000000003
-1.370063
-1.3729560000000003
-1.370063
-1.3729560000000003
-1.370063
-1.3729560000000003
-1.370063
-1.3729560000000003
-1.370063
-1.3729560000000003
-1.370063
-1.3729560000000003
-1.370063
-1.3729560000000003
-1.370063
-1.3729560000000003
-1.370063
-1.3729560000000003
-1.370063
-1.3729560000000003
-1.370063
-1.3729560000000003
-1.370063
-1.3729560000000003
-1.370063
-1.3729560000000003
-1.370063
-1.3729560000000003
-1.370063
-1.3729560000000003
-1.370063
-1.3729560000000003
-1.370063
-1.3729560000000003
-1.370063
-1.3729560000000003
-1.370063
-1.3729560000000003
-1.370063
-1.3729560000000003
-1.370063
-1.3729560000000003
-1.370063
-1.3729560000000003
-1.370063
-1.3729560000000003
-1.370063
-1.3729560000000003
-1.370063
-1.3729560000000003
-1.370063
-1.3729560000000003
-1.370063
-1.3729560000000003
-1.370063
-1.3729560000000003
-1.370063
-1.3729560000000003
-1.370063
-1.3729560000000003
-1.370063
-1.3729560000000003
-1.370063
-1.3729560000000003
-1.370063
-1.3729560000000003
-1.370063
-1.3729560000000003
-1.370063
-1.3729560000000003
-1.370063
-1.3729560000000003
-1.370063
-1.3729560000000003
-1.370063
-1.3729560000000003
-1.370063
-1.3729560000000003
-1.370063
-1.3729560000000003
-1.370063
-1.3729560000000003
-1.370063
-1.3729560000000003
-1.370063
-1.3729560000000003
-1.370063
-1.3729560000000003
-1.370063
-1.3729560000000003
-1.370063
-1.3729560000000003
-1.370063
-1.3729560000000003
-1.370063
-1.3729560000000003
-1.370063
-1.3729560000000003
-1.370063
-1.3729560000000003
-1.370063
-1.3729560000000003
-1.370063
-1.3729560000000003
-1.370063
-1.3729560000000003
-1.370063
