1.4429599999999994
1.4427050000000001
1.4441989999999993
1.4424740000000007
1.4429599999999994
1.4427050000000001
1.4441989999999993
1.4424740000000007
1.4429599999999994
1.4427050000000001
1.4441989999999993
1.4424740000000007
1.4429599999999994
1.4427050000000001
1.4441989999999993
1.4424740000000007
1.4429599999999994
1.4427050000000001
1.4441989999999993
1.4424740000000007
1.4429599999999994
1.4427050000000001
1.4441989999999993
1.4424740000000007
1.4429599999999994
1.4427050000000001
1.4441989999999993
1.4424740000000007
1.4429599999999994
1.4427050000000001
1.4441989999999993
1.4424740000000007
1.4429599999999994
1.4427050000000001
1.4441989999999993
1.4424740000000007
1.4429599999999994
1.4427050000000001
1.4441989999999993
1.4424740000000007
1.4429599999999994
1.4427050000000001
1.4441989999999993
1.4424740000000007
1.4429599999999994
1.4427050000000001
1.4441989999999993
1.4424740000000007
1.4429599999999994
1.4427050000000001
1.4441989999999993
1.4424740000000007
1.4429599999999994
1.4427050000000001
1.4441989999999993
1.4424740000000007
1.4429599999999994
1.4427050000000001
1.4441989999999993
1.4424740000000007
1.4429599999999994
1.4427050000000001
1.4441989999999993
1.4424740000000007
1.4429599999999994
1.4427050000000001
1.4441989999999993
1.4424740000000007
1.4429599999999994
1.4427050000000001
1.4441989999999993
1.4424740000000007
1.4429599999999994
1.4427050000000001
1.4441989999999993
1.4424740000000007
1.4429599999999994
1.4427050000000001
1.4441989999999993
1.4424740000000007
1.4429599999999994
1.4427050000000001
1.4441989999999993
1.4424740000000007
1.4429599999999994
1.4427050000000001
1.4441989999999993
1.4424740000000007
1.4429599999999994
1.4427050000000001
1.4441989999999993
1.4424740000000007
1.4429599999999994
1.4427050000000001
1.4441989999999993
1.4424740000000007
1.4429599999999994
1.4427050000000001
1.4441989999999993
1.4424740000000007
1.4429599999999994
1.4427050000000001
1.4441989999999993
1.4424740000000007
1.4429599999999994
1.4427050000000001
1.4441989999999993
1.4424740000000007
-1.4428910000000004
-1.4431190000000003
-1.4431409999999998
-1.4431859999999999
-1.4428910000000004
-1.4431190000000003
-1.4431409999999998
-1.4431859999999999
-1.4428910000000004
-1.4431190000000003
-1.4431409999999998
-1.4431859999999999
-1.4428910000000004
-1.4431190000000003
-1.4431409999999998
-1.4431859999999999
-1.4428910000000004
-1.4431190000000003
-1.4431409999999998
-1.4431859999999999
-1.4428910000000004
-1.4431190000000003
-1.4431409999999998
-1.4431859999999999
-1.4428910000000004
-1.4431190000000003
-1.4431409999999998
-1.4431859999999999
-1.4428910000000004
-1.4431190000000003
-1.4431409999999998
-1.4431859999999999
-1.4428910000000004
-1.4431190000000003
-1.4431409999999998
-1.4431859999999999
-1.4428910000000004
-1.4431190000000003
-1.4431409999999998
-1.4431859999999999
-1.4428910000000004
-1.4431190000000003
-1.4431409999999998
-1.4431859999999999
-1.4428910000000004
-1.4431190000000003
-1.4431409999999998
-1.4431859999999999
-1.4428910000000004
-1.4431190000000003
-1.4431409999999998
-1.4431859999999999
-1.4428910000000004
-1.4431190000000003
-1.4431409999999998
-1.4431859999999999
-1.4428910000000004
-1.4431190000000003
-1.4431409999999998
-1.4431859999999999
-1.4428910000000004
-1.4431190000000003
-1.4431409999999998
-1.4431859999999999
-1.4428910000000004
-1.4431190000000003
-1.4431409999999998
-1.4431859999999999
-1.4428910000000004
-1.4431190000000003
-1.4431409999999998
-1.4431859999999999
-1.4428910000000004
-1.4431190000000003
-1.4431409999999998
-1.4431859999999999
-1.4428910000000004
-1.4431190000000003
-1.4431409999999998
-1.4431859999999999
-1.4428910000000004
-1.4431190000000003
-1.4431409999999998
-1.4431859999999999
-1.4428910000000004
-1.4431190000000003
-1.4431409999999998
-1.4431859999999999
-1.4428910000000004
-1.4431190000000003
-1.4431409999999998
-1.4431859999999999
-1.4428910000000004
-1.4431190000000003
-1.4431409999999998
-1.4431859999999999
-1.4428910000000004
-1.4431190000000003
-1.4431409999999998
-1.4431859999999999
-1.4428910000000004
-1.4431190000000003
-1.4431409999999998
-1.4431859999999999
-1.4428910000000004
-1.4431190000000003
-1.4431409999999998
-1.4431859999999999
