1.4229210000000005
1.4186650000000007
1.4220349999999993
1.4209990000000001
1.4229210000000005
1.4186650000000007
1.4220349999999993
1.4209990000000001
1.4229210000000005
1.4186650000000007
1.4220349999999993
1.4209990000000001
1.4229210000000005
1.4186650000000007
1.4220349999999993
1.4209990000000001
1.4229210000000005
1.4186650000000007
1.4220349999999993
1.4209990000000001
1.4229210000000005
1.4186650000000007
1.4220349999999993
1.4209990000000001
1.4229210000000005
1.4186650000000007
1.4220349999999993
1.4209990000000001
1.4229210000000005
1.4186650000000007
1.4220349999999993
1.4209990000000001
1.4229210000000005
1.4186650000000007
1.4220349999999993
1.4209990000000001
1.4229210000000005
1.4186650000000007
1.4220349999999993
1.4209990000000001
1.4229210000000005
1.4186650000000007
1.4220349999999993
1.4209990000000001
1.4229210000000005
1.4186650000000007
1.4220349999999993
1.4209990000000001
1.4229210000000005
1.4186650000000007
1.4220349999999993
1.4209990000000001
1.4229210000000005
1.4186650000000007
1.4220349999999993
1.4209990000000001
1.4229210000000005
1.4186650000000007
1.4220349999999993
1.4209990000000001
1.4229210000000005
1.4186650000000007
1.4220349999999993
1.4209990000000001
1.4229210000000005
1.4186650000000007
1.4220349999999993
1.4209990000000001
1.4229210000000005
1.4186650000000007
1.4220349999999993
1.4209990000000001
1.4229210000000005
1.4186650000000007
1.4220349999999993
1.4209990000000001
1.4229210000000005
1.4186650000000007
1.4220349999999993
1.4209990000000001
1.4229210000000005
1.4186650000000007
1.4220349999999993
1.4209990000000001
1.4229210000000005
1.4186650000000007
1.4220349999999993
1.4209990000000001
1.4229210000000005
1.4186650000000007
1.4220349999999993
1.4209990000000001
1.4229210000000005
1.4186650000000007
1.4220349999999993
1.4209990000000001
1.4229210000000005
1.4186650000000007
1.4220349999999993
1.4209990000000001
1.4229210000000005
1.4186650000000007
1.4220349999999993
1.4209990000000001
1.4229210000000005
1.4186650000000007
1.4220349999999993
1.4209990000000001
1.4229210000000005
1.4186650000000007
1.4220349999999993
1.4209990000000001
1.4229210000000005
1.4186650000000007
1.4220349999999993
1.4209990000000001
1.4229210000000005
1.4186650000000007
1.4220349999999993
1.4209990000000001
1.4229210000000005
1.4186650000000007
1.4220349999999993
1.4209990000000001
1.4229210000000005
1.4186650000000007
1.4220349999999993
1.4209990000000001
1.4229210000000005
1.4186650000000007
1.4220349999999993
1.4209990000000001
1.4229210000000005
1.4186650000000007
1.4220349999999993
1.4209990000000001
1.4229210000000005
1.4186650000000007
1.4220349999999993
1.4209990000000001
1.4229210000000005
1.4186650000000007
1.4220349999999993
1.4209990000000001
1.4229210000000005
1.4186650000000007
1.4220349999999993
1.4209990000000001
1.4229210000000005
1.4186650000000007
1.4220349999999993
1.4209990000000001
1.4229210000000005
1.4186650000000007
1.4220349999999993
1.4209990000000001
1.4229210000000005
1.4186650000000007
1.4220349999999993
1.4209990000000001
1.4229210000000005
1.4186650000000007
1.4220349999999993
1.4209990000000001
1.4229210000000005
1.4186650000000007
1.4220349999999993
1.4209990000000001
1.4229210000000005
1.4186650000000007
1.4220349999999993
1.4209990000000001
1.4229210000000005
1.4186650000000007
1.4220349999999993
1.4209990000000001
1.4229210000000005
1.4186650000000007
1.4220349999999993
1.4209990000000001
1.4229210000000005
1.4186650000000007
1.4220349999999993
1.4209990000000001
1.4229210000000005
1.4186650000000007
1.4220349999999993
1.4209990000000001
1.4229210000000005
1.4186650000000007
1.4220349999999993
1.4209990000000001
-1.4193319999999998
-1.422936
-1.4238799999999996
-1.418476
-1.4193319999999998
-1.422936
-1.4238799999999996
-1.418476
-1.4193319999999998
-1.422936
-1.4238799999999996
-1.418476
-1.4193319999999998
-1.422936
-1.4238799999999996
-1.418476
-1.4193319999999998
-1.422936
-1.4238799999999996
-1.418476
-1.4193319999999998
-1.422936
-1.4238799999999996
-1.418476
-1.4193319999999998
-1.422936
-1.4238799999999996
-1.418476
-1.4193319999999998
-1.422936
-1.4238799999999996
-1.418476
-1.4193319999999998
-1.422936
-1.4238799999999996
-1.418476
-1.4193319999999998
-1.422936
-1.4238799999999996
-1.418476
-1.4193319999999998
-1.422936
-1.4238799999999996
-1.418476
-1.4193319999999998
-1.422936
-1.4238799999999996
-1.418476
-1.4193319999999998
-1.422936
-1.4238799999999996
-1.418476
-1.4193319999999998
-1.422936
-1.4238799999999996
-1.418476
-1.4193319999999998
-1.422936
-1.4238799999999996
-1.418476
-1.4193319999999998
-1.422936
-1.4238799999999996
-1.418476
-1.4193319999999998
-1.422936
-1.4238799999999996
-1.418476
-1.4193319999999998
-1.422936
-1.4238799999999996
-1.418476
-1.4193319999999998
-1.422936
-1.4238799999999996
-1.418476
-1.4193319999999998
-1.422936
-1.4238799999999996
-1.418476
-1.4193319999999998
-1.422936
-1.4238799999999996
-1.418476
-1.4193319999999998
-1.422936
-1.4238799999999996
-1.418476
-1.4193319999999998
-1.422936
-1.4238799999999996
-1.418476
-1.4193319999999998
-1.422936
-1.4238799999999996
-1.418476
-1.4193319999999998
-1.422936
-1.4238799999999996
-1.418476
-1.4193319999999998
-1.422936
-1.4238799999999996
-1.418476
-1.4193319999999998
-1.422936
-1.4238799999999996
-1.418476
-1.4193319999999998
-1.422936
-1.4238799999999996
-1.418476
-1.4193319999999998
-1.422936
-1.4238799999999996
-1.418476
-1.4193319999999998
-1.422936
-1.4238799999999996
-1.418476
-1.4193319999999998
-1.422936
-1.4238799999999996
-1.418476
-1.4193319999999998
-1.422936
-1.4238799999999996
-1.418476
-1.4193319999999998
-1.422936
-1.4238799999999996
-1.418476
-1.4193319999999998
-1.422936
-1.4238799999999996
-1.418476
-1.4193319999999998
-1.422936
-1.4238799999999996
-1.418476
-1.4193319999999998
-1.422936
-1.4238799999999996
-1.418476
-1.4193319999999998
-1.422936
-1.4238799999999996
-1.418476
-1.4193319999999998
-1.422936
-1.4238799999999996
-1.418476
-1.4193319999999998
-1.422936
-1.4238799999999996
-1.418476
-1.4193319999999998
-1.422936
-1.4238799999999996
-1.418476
-1.4193319999999998
-1.422936
-1.4238799999999996
-1.418476
-1.4193319999999998
-1.422936
-1.4238799999999996
-1.418476
-1.4193319999999998
-1.422936
-1.4238799999999996
-1.418476
-1.4193319999999998
-1.422936
-1.4238799999999996
-1.418476
-1.4193319999999998
-1.422936
-1.4238799999999996
-1.418476
-1.4193319999999998
-1.422936
-1.4238799999999996
-1.418476
-1.4193319999999998
-1.422936
-1.4238799999999996
-1.418476
-1.4193319999999998
-1.422936
-1.4238799999999996
-1.418476
