1.3684209999999997
1.3704409999999996
1.3684209999999997
1.3704409999999996
1.3684209999999997
1.3704409999999996
1.3684209999999997
1.3704409999999996
1.3684209999999997
1.3704409999999996
1.3684209999999997
1.3704409999999996
1.3684209999999997
1.3704409999999996
1.3684209999999997
1.3704409999999996
1.3684209999999997
1.3704409999999996
1.3684209999999997
1.3704409999999996
1.3684209999999997
1.3704409999999996
1.3684209999999997
1.3704409999999996
1.3684209999999997
1.3704409999999996
1.3684209999999997
1.3704409999999996
1.3684209999999997
1.3704409999999996
1.3684209999999997
1.3704409999999996
1.3684209999999997
1.3704409999999996
1.3684209999999997
1.3704409999999996
1.3684209999999997
1.3704409999999996
1.3684209999999997
1.3704409999999996
1.3684209999999997
1.3704409999999996
1.3684209999999997
1.3704409999999996
1.3684209999999997
1.3704409999999996
1.3684209999999997
1.3704409999999996
1.3684209999999997
1.3704409999999996
1.3684209999999997
1.3704409999999996
1.3684209999999997
1.3704409999999996
1.3684209999999997
1.3704409999999996
1.3684209999999997
1.3704409999999996
1.3684209999999997
1.3704409999999996
1.3684209999999997
1.3704409999999996
1.3684209999999997
1.3704409999999996
1.3684209999999997
1.3704409999999996
1.3684209999999997
1.3704409999999996
1.3684209999999997
1.3704409999999996
1.3684209999999997
1.3704409999999996
1.3684209999999997
1.3704409999999996
1.3684209999999997
1.3704409999999996
1.3684209999999997
1.3704409999999996
1.3684209999999997
1.3704409999999996
1.3684209999999997
1.3704409999999996
1.3684209999999997
1.3704409999999996
1.3684209999999997
1.3704409999999996
1.3684209999999997
1.3704409999999996
1.3684209999999997
1.3704409999999996
1.3684209999999997
1.3704409999999996
1.3684209999999997
1.3704409999999996
1.3684209999999997
1.3704409999999996
1.3684209999999997
1.3704409999999996
1.3684209999999997
1.3704409999999996
1.3684209999999997
1.3704409999999996
1.3684209999999997
1.3704409999999996
1.3684209999999997
1.3704409999999996
1.3684209999999997
1.3704409999999996
1.3684209999999997
1.3704409999999996
1.3684209999999997
1.3704409999999996
1.3684209999999997
1.3704409999999996
1.3684209999999997
1.3704409999999996
1.3684209999999997
1.3704409999999996
1.3684209999999997
1.3704409999999996
-1.3699570000000003
-1.3689049999999998
-1.3699570000000003
-1.3689049999999998
-1.3699570000000003
-1.3689049999999998
-1.3699570000000003
-1.3689049999999998
-1.3699570000000003
-1.3689049999999998
-1.3699570000000003
-1.3689049999999998
-1.3699570000000003
-1.3689049999999998
-1.3699570000000003
-1.3689049999999998
-1.3699570000000003
-1.3689049999999998
-1.3699570000000003
-1.3689049999999998
-1.3699570000000003
-1.3689049999999998
-1.3699570000000003
-1.3689049999999998
-1.3699570000000003
-1.3689049999999998
-1.3699570000000003
-1.3689049999999998
-1.3699570000000003
-1.3689049999999998
-1.3699570000000003
-1.3689049999999998
-1.3699570000000003
-1.3689049999999998
-1.3699570000000003
-1.3689049999999998
-1.3699570000000003
-1.3689049999999998
-1.3699570000000003
-1.3689049999999998
-1.3699570000000003
-1.3689049999999998
-1.3699570000000003
-1.3689049999999998
-1.3699570000000003
-1.3689049999999998
-1.3699570000000003
-1.3689049999999998
-1.3699570000000003
-1.3689049999999998
-1.3699570000000003
-1.3689049999999998
-1.3699570000000003
-1.3689049999999998
-1.3699570000000003
-1.3689049999999998
-1.3699570000000003
-1.3689049999999998
-1.3699570000000003
-1.3689049999999998
-1.3699570000000003
-1.3689049999999998
-1.3699570000000003
-1.3689049999999998
-1.3699570000000003
-1.3689049999999998
-1.3699570000000003
-1.3689049999999998
-1.3699570000000003
-1.3689049999999998
-1.3699570000000003
-1.3689049999999998
-1.3699570000000003
-1.3689049999999998
-1.3699570000000003
-1.3689049999999998
-1.3699570000000003
-1.3689049999999998
-1.3699570000000003
-1.3689049999999998
-1.3699570000000003
-1.3689049999999998
-1.3699570000000003
-1.3689049999999998
-1.3699570000000003
-1.3689049999999998
-1.3699570000000003
-1.3689049999999998
-1.3699570000000003
-1.3689049999999998
-1.3699570000000003
-1.3689049999999998
-1.3699570000000003
-1.3689049999999998
-1.3699570000000003
-1.3689049999999998
-1.3699570000000003
-1.3689049999999998
-1.3699570000000003
-1.3689049999999998
-1.3699570000000003
-1.3689049999999998
-1.3699570000000003
-1.3689049999999998
-1.3699570000000003
-1.3689049999999998
-1.3699570000000003
-1.3689049999999998
-1.3699570000000003
-1.3689049999999998
-1.3699570000000003
-1.3689049999999998
-1.3699570000000003
-1.3689049999999998
-1.3699570000000003
-1.3689049999999998
-1.3699570000000003
-1.3689049999999998
-1.3699570000000003
-1.3689049999999998
