0.3278130000000008
0.3278130000000008
0.3278130000000008
0.3278130000000008
0.3278130000000008
0.3278130000000008
0.3278130000000008
0.3278130000000008
0.3278130000000008
0.3278130000000008
0.3278130000000008
0.3278130000000008
0.3278130000000008
0.3278130000000008
0.3278130000000008
0.3278130000000008
0.3278130000000008
0.3278130000000008
0.3278130000000008
0.3278130000000008
0.3278130000000008
0.3278130000000008
0.3278130000000008
0.3278130000000008
0.3278130000000008
0.3278130000000008
0.3278130000000008
0.3278130000000008
0.3278130000000008
0.3278130000000008
0.3278130000000008
0.3278130000000008
0.3278130000000008
0.3278130000000008
0.3278130000000008
0.3278130000000008
0.3278130000000008
0.3278130000000008
0.3278130000000008
0.3278130000000008
0.3278130000000008
0.3278130000000008
0.3278130000000008
0.3278130000000008
0.3278130000000008
0.3278130000000008
0.3278130000000008
0.3278130000000008
0.3278130000000008
0.3278130000000008
-0.32781199999999977
-0.32781199999999977
-0.32781199999999977
-0.32781199999999977
-0.32781199999999977
-0.32781199999999977
-0.32781199999999977
-0.32781199999999977
-0.32781199999999977
-0.32781199999999977
-0.32781199999999977
-0.32781199999999977
-0.32781199999999977
-0.32781199999999977
-0.32781199999999977
-0.32781199999999977
-0.32781199999999977
-0.32781199999999977
-0.32781199999999977
-0.32781199999999977
-0.32781199999999977
-0.32781199999999977
-0.32781199999999977
-0.32781199999999977
-0.32781199999999977
-0.32781199999999977
-0.32781199999999977
-0.32781199999999977
-0.32781199999999977
-0.32781199999999977
-0.32781199999999977
-0.32781199999999977
-0.32781199999999977
-0.32781199999999977
-0.32781199999999977
-0.32781199999999977
-0.32781199999999977
-0.32781199999999977
-0.32781199999999977
-0.32781199999999977
-0.32781199999999977
-0.32781199999999977
-0.32781199999999977
-0.32781199999999977
-0.32781199999999977
-0.32781199999999977
-0.32781199999999977
-0.32781199999999977
-0.32781199999999977
-0.32781199999999977
