1.4424709999999994
1.4450859999999999
1.4435819999999993
1.4456640000000007
1.4424709999999994
1.4450859999999999
1.4435819999999993
1.4456640000000007
1.4424709999999994
1.4450859999999999
1.4435819999999993
1.4456640000000007
1.4424709999999994
1.4450859999999999
1.4435819999999993
1.4456640000000007
1.4424709999999994
1.4450859999999999
1.4435819999999993
1.4456640000000007
1.4424709999999994
1.4450859999999999
1.4435819999999993
1.4456640000000007
1.4424709999999994
1.4450859999999999
1.4435819999999993
1.4456640000000007
1.4424709999999994
1.4450859999999999
1.4435819999999993
1.4456640000000007
1.4424709999999994
1.4450859999999999
1.4435819999999993
1.4456640000000007
1.4424709999999994
1.4450859999999999
1.4435819999999993
1.4456640000000007
1.4424709999999994
1.4450859999999999
1.4435819999999993
1.4456640000000007
1.4424709999999994
1.4450859999999999
1.4435819999999993
1.4456640000000007
1.4424709999999994
1.4450859999999999
1.4435819999999993
1.4456640000000007
1.4424709999999994
1.4450859999999999
1.4435819999999993
1.4456640000000007
1.4424709999999994
1.4450859999999999
1.4435819999999993
1.4456640000000007
1.4424709999999994
1.4450859999999999
1.4435819999999993
1.4456640000000007
1.4424709999999994
1.4450859999999999
1.4435819999999993
1.4456640000000007
1.4424709999999994
1.4450859999999999
1.4435819999999993
1.4456640000000007
1.4424709999999994
1.4450859999999999
1.4435819999999993
1.4456640000000007
1.4424709999999994
1.4450859999999999
1.4435819999999993
1.4456640000000007
1.4424709999999994
1.4450859999999999
1.4435819999999993
1.4456640000000007
1.4424709999999994
1.4450859999999999
1.4435819999999993
1.4456640000000007
1.4424709999999994
1.4450859999999999
1.4435819999999993
1.4456640000000007
1.4424709999999994
1.4450859999999999
1.4435819999999993
1.4456640000000007
1.4424709999999994
1.4450859999999999
1.4435819999999993
1.4456640000000007
1.4424709999999994
1.4450859999999999
1.4435819999999993
1.4456640000000007
1.4424709999999994
1.4450859999999999
1.4435819999999993
1.4456640000000007
1.4424709999999994
1.4450859999999999
1.4435819999999993
1.4456640000000007
1.4424709999999994
1.4450859999999999
1.4435819999999993
1.4456640000000007
1.4424709999999994
1.4450859999999999
1.4435819999999993
1.4456640000000007
1.4424709999999994
1.4450859999999999
1.4435819999999993
1.4456640000000007
1.4424709999999994
1.4450859999999999
1.4435819999999993
1.4456640000000007
1.4424709999999994
1.4450859999999999
1.4435819999999993
1.4456640000000007
1.4424709999999994
1.4450859999999999
1.4435819999999993
1.4456640000000007
1.4424709999999994
1.4450859999999999
1.4435819999999993
1.4456640000000007
1.4424709999999994
1.4450859999999999
1.4435819999999993
1.4456640000000007
-1.4444819999999998
-1.4434740000000001
-1.4443640000000002
-1.444483
-1.4444819999999998
-1.4434740000000001
-1.4443640000000002
-1.444483
-1.4444819999999998
-1.4434740000000001
-1.4443640000000002
-1.444483
-1.4444819999999998
-1.4434740000000001
-1.4443640000000002
-1.444483
-1.4444819999999998
-1.4434740000000001
-1.4443640000000002
-1.444483
-1.4444819999999998
-1.4434740000000001
-1.4443640000000002
-1.444483
-1.4444819999999998
-1.4434740000000001
-1.4443640000000002
-1.444483
-1.4444819999999998
-1.4434740000000001
-1.4443640000000002
-1.444483
-1.4444819999999998
-1.4434740000000001
-1.4443640000000002
-1.444483
-1.4444819999999998
-1.4434740000000001
-1.4443640000000002
-1.444483
-1.4444819999999998
-1.4434740000000001
-1.4443640000000002
-1.444483
-1.4444819999999998
-1.4434740000000001
-1.4443640000000002
-1.444483
-1.4444819999999998
-1.4434740000000001
-1.4443640000000002
-1.444483
-1.4444819999999998
-1.4434740000000001
-1.4443640000000002
-1.444483
-1.4444819999999998
-1.4434740000000001
-1.4443640000000002
-1.444483
-1.4444819999999998
-1.4434740000000001
-1.4443640000000002
-1.444483
-1.4444819999999998
-1.4434740000000001
-1.4443640000000002
-1.444483
-1.4444819999999998
-1.4434740000000001
-1.4443640000000002
-1.444483
-1.4444819999999998
-1.4434740000000001
-1.4443640000000002
-1.444483
-1.4444819999999998
-1.4434740000000001
-1.4443640000000002
-1.444483
-1.4444819999999998
-1.4434740000000001
-1.4443640000000002
-1.444483
-1.4444819999999998
-1.4434740000000001
-1.4443640000000002
-1.444483
-1.4444819999999998
-1.4434740000000001
-1.4443640000000002
-1.444483
-1.4444819999999998
-1.4434740000000001
-1.4443640000000002
-1.444483
-1.4444819999999998
-1.4434740000000001
-1.4443640000000002
-1.444483
-1.4444819999999998
-1.4434740000000001
-1.4443640000000002
-1.444483
-1.4444819999999998
-1.4434740000000001
-1.4443640000000002
-1.444483
-1.4444819999999998
-1.4434740000000001
-1.4443640000000002
-1.444483
-1.4444819999999998
-1.4434740000000001
-1.4443640000000002
-1.444483
-1.4444819999999998
-1.4434740000000001
-1.4443640000000002
-1.444483
-1.4444819999999998
-1.4434740000000001
-1.4443640000000002
-1.444483
-1.4444819999999998
-1.4434740000000001
-1.4443640000000002
-1.444483
-1.4444819999999998
-1.4434740000000001
-1.4443640000000002
-1.444483
-1.4444819999999998
-1.4434740000000001
-1.4443640000000002
-1.444483
-1.4444819999999998
-1.4434740000000001
-1.4443640000000002
-1.444483
-1.4444819999999998
-1.4434740000000001
-1.4443640000000002
-1.444483
