1.442933
1.4428730000000005
1.4433749999999996
1.4428470000000004
1.442933
1.4428730000000005
1.4433749999999996
1.4428470000000004
1.442933
1.4428730000000005
1.4433749999999996
1.4428470000000004
1.442933
1.4428730000000005
1.4433749999999996
1.4428470000000004
1.442933
1.4428730000000005
1.4433749999999996
1.4428470000000004
1.442933
1.4428730000000005
1.4433749999999996
1.4428470000000004
1.442933
1.4428730000000005
1.4433749999999996
1.4428470000000004
1.442933
1.4428730000000005
1.4433749999999996
1.4428470000000004
1.442933
1.4428730000000005
1.4433749999999996
1.4428470000000004
1.442933
1.4428730000000005
1.4433749999999996
1.4428470000000004
1.442933
1.4428730000000005
1.4433749999999996
1.4428470000000004
1.442933
1.4428730000000005
1.4433749999999996
1.4428470000000004
1.442933
1.4428730000000005
1.4433749999999996
1.4428470000000004
1.442933
1.4428730000000005
1.4433749999999996
1.4428470000000004
1.442933
1.4428730000000005
1.4433749999999996
1.4428470000000004
1.442933
1.4428730000000005
1.4433749999999996
1.4428470000000004
1.442933
1.4428730000000005
1.4433749999999996
1.4428470000000004
1.442933
1.4428730000000005
1.4433749999999996
1.4428470000000004
1.442933
1.4428730000000005
1.4433749999999996
1.4428470000000004
1.442933
1.4428730000000005
1.4433749999999996
1.4428470000000004
1.442933
1.4428730000000005
1.4433749999999996
1.4428470000000004
1.442933
1.4428730000000005
1.4433749999999996
1.4428470000000004
1.442933
1.4428730000000005
1.4433749999999996
1.4428470000000004
1.442933
1.4428730000000005
1.4433749999999996
1.4428470000000004
1.442933
1.4428730000000005
1.4433749999999996
1.4428470000000004
1.442933
1.4428730000000005
1.4433749999999996
1.4428470000000004
1.442933
1.4428730000000005
1.4433749999999996
1.4428470000000004
-1.4429559999999997
-1.442844
-1.4431649999999996
-1.4430630000000004
-1.4429559999999997
-1.442844
-1.4431649999999996
-1.4430630000000004
-1.4429559999999997
-1.442844
-1.4431649999999996
-1.4430630000000004
-1.4429559999999997
-1.442844
-1.4431649999999996
-1.4430630000000004
-1.4429559999999997
-1.442844
-1.4431649999999996
-1.4430630000000004
-1.4429559999999997
-1.442844
-1.4431649999999996
-1.4430630000000004
-1.4429559999999997
-1.442844
-1.4431649999999996
-1.4430630000000004
-1.4429559999999997
-1.442844
-1.4431649999999996
-1.4430630000000004
-1.4429559999999997
-1.442844
-1.4431649999999996
-1.4430630000000004
-1.4429559999999997
-1.442844
-1.4431649999999996
-1.4430630000000004
-1.4429559999999997
-1.442844
-1.4431649999999996
-1.4430630000000004
-1.4429559999999997
-1.442844
-1.4431649999999996
-1.4430630000000004
-1.4429559999999997
-1.442844
-1.4431649999999996
-1.4430630000000004
-1.4429559999999997
-1.442844
-1.4431649999999996
-1.4430630000000004
-1.4429559999999997
-1.442844
-1.4431649999999996
-1.4430630000000004
-1.4429559999999997
-1.442844
-1.4431649999999996
-1.4430630000000004
-1.4429559999999997
-1.442844
-1.4431649999999996
-1.4430630000000004
-1.4429559999999997
-1.442844
-1.4431649999999996
-1.4430630000000004
-1.4429559999999997
-1.442844
-1.4431649999999996
-1.4430630000000004
-1.4429559999999997
-1.442844
-1.4431649999999996
-1.4430630000000004
-1.4429559999999997
-1.442844
-1.4431649999999996
-1.4430630000000004
-1.4429559999999997
-1.442844
-1.4431649999999996
-1.4430630000000004
-1.4429559999999997
-1.442844
-1.4431649999999996
-1.4430630000000004
-1.4429559999999997
-1.442844
-1.4431649999999996
-1.4430630000000004
-1.4429559999999997
-1.442844
-1.4431649999999996
-1.4430630000000004
-1.4429559999999997
-1.442844
-1.4431649999999996
-1.4430630000000004
-1.4429559999999997
-1.442844
-1.4431649999999996
-1.4430630000000004
