1.4607890000000001
1.4607890000000001
1.4607890000000001
1.4607890000000001
1.4607890000000001
1.4607890000000001
1.4607890000000001
1.4607890000000001
1.4607890000000001
1.4607890000000001
1.4607890000000001
1.4607890000000001
1.4607890000000001
1.4607890000000001
1.4607890000000001
1.4607890000000001
1.4607890000000001
1.4607890000000001
1.4607890000000001
1.4607890000000001
1.4607890000000001
1.4607890000000001
1.4607890000000001
1.4607890000000001
1.4607890000000001
1.4607890000000001
1.4607890000000001
1.4607890000000001
1.4607890000000001
1.4607890000000001
1.4607890000000001
1.4607890000000001
1.4607890000000001
1.4607890000000001
1.4607890000000001
1.4607890000000001
1.4607890000000001
1.4607890000000001
1.4607890000000001
1.4607890000000001
1.4607890000000001
1.4607890000000001
1.4607890000000001
1.4607890000000001
1.4607890000000001
1.4607890000000001
1.4607890000000001
1.4607890000000001
1.4607890000000001
1.4607890000000001
1.4607890000000001
1.4607890000000001
1.4607890000000001
1.4607890000000001
1.4607890000000001
1.4607890000000001
1.4607890000000001
1.4607890000000001
1.4607890000000001
1.4607890000000001
1.4607890000000001
1.4607890000000001
1.4607890000000001
1.4607890000000001
-1.4607910000000004
-1.4607910000000004
-1.4607910000000004
-1.4607910000000004
-1.4607910000000004
-1.4607910000000004
-1.4607910000000004
-1.4607910000000004
-1.4607910000000004
-1.4607910000000004
-1.4607910000000004
-1.4607910000000004
-1.4607910000000004
-1.4607910000000004
-1.4607910000000004
-1.4607910000000004
-1.4607910000000004
-1.4607910000000004
-1.4607910000000004
-1.4607910000000004
-1.4607910000000004
-1.4607910000000004
-1.4607910000000004
-1.4607910000000004
-1.4607910000000004
-1.4607910000000004
-1.4607910000000004
-1.4607910000000004
-1.4607910000000004
-1.4607910000000004
-1.4607910000000004
-1.4607910000000004
-1.4607910000000004
-1.4607910000000004
-1.4607910000000004
-1.4607910000000004
-1.4607910000000004
-1.4607910000000004
-1.4607910000000004
-1.4607910000000004
-1.4607910000000004
-1.4607910000000004
-1.4607910000000004
-1.4607910000000004
-1.4607910000000004
-1.4607910000000004
-1.4607910000000004
-1.4607910000000004
-1.4607910000000004
-1.4607910000000004
-1.4607910000000004
-1.4607910000000004
-1.4607910000000004
-1.4607910000000004
-1.4607910000000004
-1.4607910000000004
-1.4607910000000004
-1.4607910000000004
-1.4607910000000004
-1.4607910000000004
-1.4607910000000004
-1.4607910000000004
-1.4607910000000004
-1.4607910000000004
