1.4368649999999992
1.4360470000000003
1.4387360000000005
1.4390289999999997
1.4368649999999992
1.4360470000000003
1.4387360000000005
1.4390289999999997
1.4368649999999992
1.4360470000000003
1.4387360000000005
1.4390289999999997
1.4368649999999992
1.4360470000000003
1.4387360000000005
1.4390289999999997
1.4368649999999992
1.4360470000000003
1.4387360000000005
1.4390289999999997
1.4368649999999992
1.4360470000000003
1.4387360000000005
1.4390289999999997
1.4368649999999992
1.4360470000000003
1.4387360000000005
1.4390289999999997
1.4368649999999992
1.4360470000000003
1.4387360000000005
1.4390289999999997
1.4368649999999992
1.4360470000000003
1.4387360000000005
1.4390289999999997
1.4368649999999992
1.4360470000000003
1.4387360000000005
1.4390289999999997
1.4368649999999992
1.4360470000000003
1.4387360000000005
1.4390289999999997
1.4368649999999992
1.4360470000000003
1.4387360000000005
1.4390289999999997
1.4368649999999992
1.4360470000000003
1.4387360000000005
1.4390289999999997
1.4368649999999992
1.4360470000000003
1.4387360000000005
1.4390289999999997
1.4368649999999992
1.4360470000000003
1.4387360000000005
1.4390289999999997
1.4368649999999992
1.4360470000000003
1.4387360000000005
1.4390289999999997
1.4368649999999992
1.4360470000000003
1.4387360000000005
1.4390289999999997
1.4368649999999992
1.4360470000000003
1.4387360000000005
1.4390289999999997
1.4368649999999992
1.4360470000000003
1.4387360000000005
1.4390289999999997
1.4368649999999992
1.4360470000000003
1.4387360000000005
1.4390289999999997
1.4368649999999992
1.4360470000000003
1.4387360000000005
1.4390289999999997
1.4368649999999992
1.4360470000000003
1.4387360000000005
1.4390289999999997
1.4368649999999992
1.4360470000000003
1.4387360000000005
1.4390289999999997
1.4368649999999992
1.4360470000000003
1.4387360000000005
1.4390289999999997
1.4368649999999992
1.4360470000000003
1.4387360000000005
1.4390289999999997
1.4368649999999992
1.4360470000000003
1.4387360000000005
1.4390289999999997
1.4368649999999992
1.4360470000000003
1.4387360000000005
1.4390289999999997
-1.4374890000000002
-1.437798
-1.4370010000000004
-1.4383910000000002
-1.4374890000000002
-1.437798
-1.4370010000000004
-1.4383910000000002
-1.4374890000000002
-1.437798
-1.4370010000000004
-1.4383910000000002
-1.4374890000000002
-1.437798
-1.4370010000000004
-1.4383910000000002
-1.4374890000000002
-1.437798
-1.4370010000000004
-1.4383910000000002
-1.4374890000000002
-1.437798
-1.4370010000000004
-1.4383910000000002
-1.4374890000000002
-1.437798
-1.4370010000000004
-1.4383910000000002
-1.4374890000000002
-1.437798
-1.4370010000000004
-1.4383910000000002
-1.4374890000000002
-1.437798
-1.4370010000000004
-1.4383910000000002
-1.4374890000000002
-1.437798
-1.4370010000000004
-1.4383910000000002
-1.4374890000000002
-1.437798
-1.4370010000000004
-1.4383910000000002
-1.4374890000000002
-1.437798
-1.4370010000000004
-1.4383910000000002
-1.4374890000000002
-1.437798
-1.4370010000000004
-1.4383910000000002
-1.4374890000000002
-1.437798
-1.4370010000000004
-1.4383910000000002
-1.4374890000000002
-1.437798
-1.4370010000000004
-1.4383910000000002
-1.4374890000000002
-1.437798
-1.4370010000000004
-1.4383910000000002
-1.4374890000000002
-1.437798
-1.4370010000000004
-1.4383910000000002
-1.4374890000000002
-1.437798
-1.4370010000000004
-1.4383910000000002
-1.4374890000000002
-1.437798
-1.4370010000000004
-1.4383910000000002
-1.4374890000000002
-1.437798
-1.4370010000000004
-1.4383910000000002
-1.4374890000000002
-1.437798
-1.4370010000000004
-1.4383910000000002
-1.4374890000000002
-1.437798
-1.4370010000000004
-1.4383910000000002
-1.4374890000000002
-1.437798
-1.4370010000000004
-1.4383910000000002
-1.4374890000000002
-1.437798
-1.4370010000000004
-1.4383910000000002
-1.4374890000000002
-1.437798
-1.4370010000000004
-1.4383910000000002
-1.4374890000000002
-1.437798
-1.4370010000000004
-1.4383910000000002
-1.4374890000000002
-1.437798
-1.4370010000000004
-1.4383910000000002
