1.4220930000000003
1.4089039999999997
1.4253719999999994
1.4164270000000005
1.4220930000000003
1.4089039999999997
1.4253719999999994
1.4164270000000005
1.4220930000000003
1.4089039999999997
1.4253719999999994
1.4164270000000005
1.4220930000000003
1.4089039999999997
1.4253719999999994
1.4164270000000005
1.4220930000000003
1.4089039999999997
1.4253719999999994
1.4164270000000005
1.4220930000000003
1.4089039999999997
1.4253719999999994
1.4164270000000005
1.4220930000000003
1.4089039999999997
1.4253719999999994
1.4164270000000005
1.4220930000000003
1.4089039999999997
1.4253719999999994
1.4164270000000005
1.4220930000000003
1.4089039999999997
1.4253719999999994
1.4164270000000005
1.4220930000000003
1.4089039999999997
1.4253719999999994
1.4164270000000005
1.4220930000000003
1.4089039999999997
1.4253719999999994
1.4164270000000005
1.4220930000000003
1.4089039999999997
1.4253719999999994
1.4164270000000005
1.4220930000000003
1.4089039999999997
1.4253719999999994
1.4164270000000005
1.4220930000000003
1.4089039999999997
1.4253719999999994
1.4164270000000005
1.4220930000000003
1.4089039999999997
1.4253719999999994
1.4164270000000005
1.4220930000000003
1.4089039999999997
1.4253719999999994
1.4164270000000005
1.4220930000000003
1.4089039999999997
1.4253719999999994
1.4164270000000005
1.4220930000000003
1.4089039999999997
1.4253719999999994
1.4164270000000005
1.4220930000000003
1.4089039999999997
1.4253719999999994
1.4164270000000005
1.4220930000000003
1.4089039999999997
1.4253719999999994
1.4164270000000005
1.4220930000000003
1.4089039999999997
1.4253719999999994
1.4164270000000005
1.4220930000000003
1.4089039999999997
1.4253719999999994
1.4164270000000005
1.4220930000000003
1.4089039999999997
1.4253719999999994
1.4164270000000005
1.4220930000000003
1.4089039999999997
1.4253719999999994
1.4164270000000005
1.4220930000000003
1.4089039999999997
1.4253719999999994
1.4164270000000005
1.4220930000000003
1.4089039999999997
1.4253719999999994
1.4164270000000005
1.4220930000000003
1.4089039999999997
1.4253719999999994
1.4164270000000005
1.4220930000000003
1.4089039999999997
1.4253719999999994
1.4164270000000005
1.4220930000000003
1.4089039999999997
1.4253719999999994
1.4164270000000005
1.4220930000000003
1.4089039999999997
1.4253719999999994
1.4164270000000005
1.4220930000000003
1.4089039999999997
1.4253719999999994
1.4164270000000005
1.4220930000000003
1.4089039999999997
1.4253719999999994
1.4164270000000005
1.4220930000000003
1.4089039999999997
1.4253719999999994
1.4164270000000005
1.4220930000000003
1.4089039999999997
1.4253719999999994
1.4164270000000005
1.4220930000000003
1.4089039999999997
1.4253719999999994
1.4164270000000005
1.4220930000000003
1.4089039999999997
1.4253719999999994
1.4164270000000005
1.4220930000000003
1.4089039999999997
1.4253719999999994
1.4164270000000005
1.4220930000000003
1.4089039999999997
1.4253719999999994
1.4164270000000005
1.4220930000000003
1.4089039999999997
1.4253719999999994
1.4164270000000005
1.4220930000000003
1.4089039999999997
1.4253719999999994
1.4164270000000005
1.4220930000000003
1.4089039999999997
1.4253719999999994
1.4164270000000005
1.4220930000000003
1.4089039999999997
1.4253719999999994
1.4164270000000005
1.4220930000000003
1.4089039999999997
1.4253719999999994
1.4164270000000005
1.4220930000000003
1.4089039999999997
1.4253719999999994
1.4164270000000005
1.4220930000000003
1.4089039999999997
1.4253719999999994
1.4164270000000005
1.4220930000000003
1.4089039999999997
1.4253719999999994
1.4164270000000005
1.4220930000000003
1.4089039999999997
1.4253719999999994
1.4164270000000005
1.4220930000000003
1.4089039999999997
1.4253719999999994
1.4164270000000005
-1.4140129999999997
-1.4246850000000002
-1.4172640000000003
-1.4168320000000003
-1.4140129999999997
-1.4246850000000002
-1.4172640000000003
-1.4168320000000003
-1.4140129999999997
-1.4246850000000002
-1.4172640000000003
-1.4168320000000003
-1.4140129999999997
-1.4246850000000002
-1.4172640000000003
-1.4168320000000003
-1.4140129999999997
-1.4246850000000002
-1.4172640000000003
-1.4168320000000003
-1.4140129999999997
-1.4246850000000002
-1.4172640000000003
-1.4168320000000003
-1.4140129999999997
-1.4246850000000002
-1.4172640000000003
-1.4168320000000003
-1.4140129999999997
-1.4246850000000002
-1.4172640000000003
-1.4168320000000003
-1.4140129999999997
-1.4246850000000002
-1.4172640000000003
-1.4168320000000003
-1.4140129999999997
-1.4246850000000002
-1.4172640000000003
-1.4168320000000003
-1.4140129999999997
-1.4246850000000002
-1.4172640000000003
-1.4168320000000003
-1.4140129999999997
-1.4246850000000002
-1.4172640000000003
-1.4168320000000003
-1.4140129999999997
-1.4246850000000002
-1.4172640000000003
-1.4168320000000003
-1.4140129999999997
-1.4246850000000002
-1.4172640000000003
-1.4168320000000003
-1.4140129999999997
-1.4246850000000002
-1.4172640000000003
-1.4168320000000003
-1.4140129999999997
-1.4246850000000002
-1.4172640000000003
-1.4168320000000003
-1.4140129999999997
-1.4246850000000002
-1.4172640000000003
-1.4168320000000003
-1.4140129999999997
-1.4246850000000002
-1.4172640000000003
-1.4168320000000003
-1.4140129999999997
-1.4246850000000002
-1.4172640000000003
-1.4168320000000003
-1.4140129999999997
-1.4246850000000002
-1.4172640000000003
-1.4168320000000003
-1.4140129999999997
-1.4246850000000002
-1.4172640000000003
-1.4168320000000003
-1.4140129999999997
-1.4246850000000002
-1.4172640000000003
-1.4168320000000003
-1.4140129999999997
-1.4246850000000002
-1.4172640000000003
-1.4168320000000003
-1.4140129999999997
-1.4246850000000002
-1.4172640000000003
-1.4168320000000003
-1.4140129999999997
-1.4246850000000002
-1.4172640000000003
-1.4168320000000003
-1.4140129999999997
-1.4246850000000002
-1.4172640000000003
-1.4168320000000003
-1.4140129999999997
-1.4246850000000002
-1.4172640000000003
-1.4168320000000003
-1.4140129999999997
-1.4246850000000002
-1.4172640000000003
-1.4168320000000003
-1.4140129999999997
-1.4246850000000002
-1.4172640000000003
-1.4168320000000003
-1.4140129999999997
-1.4246850000000002
-1.4172640000000003
-1.4168320000000003
-1.4140129999999997
-1.4246850000000002
-1.4172640000000003
-1.4168320000000003
-1.4140129999999997
-1.4246850000000002
-1.4172640000000003
-1.4168320000000003
-1.4140129999999997
-1.4246850000000002
-1.4172640000000003
-1.4168320000000003
-1.4140129999999997
-1.4246850000000002
-1.4172640000000003
-1.4168320000000003
-1.4140129999999997
-1.4246850000000002
-1.4172640000000003
-1.4168320000000003
-1.4140129999999997
-1.4246850000000002
-1.4172640000000003
-1.4168320000000003
-1.4140129999999997
-1.4246850000000002
-1.4172640000000003
-1.4168320000000003
-1.4140129999999997
-1.4246850000000002
-1.4172640000000003
-1.4168320000000003
-1.4140129999999997
-1.4246850000000002
-1.4172640000000003
-1.4168320000000003
-1.4140129999999997
-1.4246850000000002
-1.4172640000000003
-1.4168320000000003
-1.4140129999999997
-1.4246850000000002
-1.4172640000000003
-1.4168320000000003
-1.4140129999999997
-1.4246850000000002
-1.4172640000000003
-1.4168320000000003
-1.4140129999999997
-1.4246850000000002
-1.4172640000000003
-1.4168320000000003
-1.4140129999999997
-1.4246850000000002
-1.4172640000000003
-1.4168320000000003
-1.4140129999999997
-1.4246850000000002
-1.4172640000000003
-1.4168320000000003
-1.4140129999999997
-1.4246850000000002
-1.4172640000000003
-1.4168320000000003
-1.4140129999999997
-1.4246850000000002
-1.4172640000000003
-1.4168320000000003
-1.4140129999999997
-1.4246850000000002
-1.4172640000000003
-1.4168320000000003
