1.4368560000000006
1.4378949999999993
1.435734
1.4364600000000003
1.4368560000000006
1.4378949999999993
1.435734
1.4364600000000003
1.4368560000000006
1.4378949999999993
1.435734
1.4364600000000003
1.4368560000000006
1.4378949999999993
1.435734
1.4364600000000003
1.4368560000000006
1.4378949999999993
1.435734
1.4364600000000003
1.4368560000000006
1.4378949999999993
1.435734
1.4364600000000003
1.4368560000000006
1.4378949999999993
1.435734
1.4364600000000003
1.4368560000000006
1.4378949999999993
1.435734
1.4364600000000003
1.4368560000000006
1.4378949999999993
1.435734
1.4364600000000003
1.4368560000000006
1.4378949999999993
1.435734
1.4364600000000003
1.4368560000000006
1.4378949999999993
1.435734
1.4364600000000003
1.4368560000000006
1.4378949999999993
1.435734
1.4364600000000003
1.4368560000000006
1.4378949999999993
1.435734
1.4364600000000003
1.4368560000000006
1.4378949999999993
1.435734
1.4364600000000003
1.4368560000000006
1.4378949999999993
1.435734
1.4364600000000003
1.4368560000000006
1.4378949999999993
1.435734
1.4364600000000003
1.4368560000000006
1.4378949999999993
1.435734
1.4364600000000003
1.4368560000000006
1.4378949999999993
1.435734
1.4364600000000003
1.4368560000000006
1.4378949999999993
1.435734
1.4364600000000003
1.4368560000000006
1.4378949999999993
1.435734
1.4364600000000003
1.4368560000000006
1.4378949999999993
1.435734
1.4364600000000003
1.4368560000000006
1.4378949999999993
1.435734
1.4364600000000003
1.4368560000000006
1.4378949999999993
1.435734
1.4364600000000003
1.4368560000000006
1.4378949999999993
1.435734
1.4364600000000003
1.4368560000000006
1.4378949999999993
1.435734
1.4364600000000003
1.4368560000000006
1.4378949999999993
1.435734
1.4364600000000003
1.4368560000000006
1.4378949999999993
1.435734
1.4364600000000003
1.4368560000000006
1.4378949999999993
1.435734
1.4364600000000003
1.4368560000000006
1.4378949999999993
1.435734
1.4364600000000003
1.4368560000000006
1.4378949999999993
1.435734
1.4364600000000003
1.4368560000000006
1.4378949999999993
1.435734
1.4364600000000003
1.4368560000000006
1.4378949999999993
1.435734
1.4364600000000003
1.4368560000000006
1.4378949999999993
1.435734
1.4364600000000003
1.4368560000000006
1.4378949999999993
1.435734
1.4364600000000003
1.4368560000000006
1.4378949999999993
1.435734
1.4364600000000003
1.4368560000000006
1.4378949999999993
1.435734
1.4364600000000003
-1.437169
-1.4377940000000002
-1.4362519999999996
-1.4357300000000004
-1.437169
-1.4377940000000002
-1.4362519999999996
-1.4357300000000004
-1.437169
-1.4377940000000002
-1.4362519999999996
-1.4357300000000004
-1.437169
-1.4377940000000002
-1.4362519999999996
-1.4357300000000004
-1.437169
-1.4377940000000002
-1.4362519999999996
-1.4357300000000004
-1.437169
-1.4377940000000002
-1.4362519999999996
-1.4357300000000004
-1.437169
-1.4377940000000002
-1.4362519999999996
-1.4357300000000004
-1.437169
-1.4377940000000002
-1.4362519999999996
-1.4357300000000004
-1.437169
-1.4377940000000002
-1.4362519999999996
-1.4357300000000004
-1.437169
-1.4377940000000002
-1.4362519999999996
-1.4357300000000004
-1.437169
-1.4377940000000002
-1.4362519999999996
-1.4357300000000004
-1.437169
-1.4377940000000002
-1.4362519999999996
-1.4357300000000004
-1.437169
-1.4377940000000002
-1.4362519999999996
-1.4357300000000004
-1.437169
-1.4377940000000002
-1.4362519999999996
-1.4357300000000004
-1.437169
-1.4377940000000002
-1.4362519999999996
-1.4357300000000004
-1.437169
-1.4377940000000002
-1.4362519999999996
-1.4357300000000004
-1.437169
-1.4377940000000002
-1.4362519999999996
-1.4357300000000004
-1.437169
-1.4377940000000002
-1.4362519999999996
-1.4357300000000004
-1.437169
-1.4377940000000002
-1.4362519999999996
-1.4357300000000004
-1.437169
-1.4377940000000002
-1.4362519999999996
-1.4357300000000004
-1.437169
-1.4377940000000002
-1.4362519999999996
-1.4357300000000004
-1.437169
-1.4377940000000002
-1.4362519999999996
-1.4357300000000004
-1.437169
-1.4377940000000002
-1.4362519999999996
-1.4357300000000004
-1.437169
-1.4377940000000002
-1.4362519999999996
-1.4357300000000004
-1.437169
-1.4377940000000002
-1.4362519999999996
-1.4357300000000004
-1.437169
-1.4377940000000002
-1.4362519999999996
-1.4357300000000004
-1.437169
-1.4377940000000002
-1.4362519999999996
-1.4357300000000004
-1.437169
-1.4377940000000002
-1.4362519999999996
-1.4357300000000004
-1.437169
-1.4377940000000002
-1.4362519999999996
-1.4357300000000004
-1.437169
-1.4377940000000002
-1.4362519999999996
-1.4357300000000004
-1.437169
-1.4377940000000002
-1.4362519999999996
-1.4357300000000004
-1.437169
-1.4377940000000002
-1.4362519999999996
-1.4357300000000004
-1.437169
-1.4377940000000002
-1.4362519999999996
-1.4357300000000004
-1.437169
-1.4377940000000002
-1.4362519999999996
-1.4357300000000004
-1.437169
-1.4377940000000002
-1.4362519999999996
-1.4357300000000004
-1.437169
-1.4377940000000002
-1.4362519999999996
-1.4357300000000004
