1.3103610000000003
1.2783979999999993
1.3103610000000003
1.2783979999999993
1.3103610000000003
1.2783979999999993
1.3103610000000003
1.2783979999999993
1.3103610000000003
1.2783979999999993
1.3103610000000003
1.2783979999999993
1.3103610000000003
1.2783979999999993
1.3103610000000003
1.2783979999999993
1.3103610000000003
1.2783979999999993
1.3103610000000003
1.2783979999999993
1.3103610000000003
1.2783979999999993
1.3103610000000003
1.2783979999999993
1.3103610000000003
1.2783979999999993
1.3103610000000003
1.2783979999999993
1.3103610000000003
1.2783979999999993
1.3103610000000003
1.2783979999999993
1.3103610000000003
1.2783979999999993
1.3103610000000003
1.2783979999999993
1.3103610000000003
1.2783979999999993
1.3103610000000003
1.2783979999999993
1.3103610000000003
1.2783979999999993
1.3103610000000003
1.2783979999999993
1.3103610000000003
1.2783979999999993
1.3103610000000003
1.2783979999999993
1.3103610000000003
1.2783979999999993
1.3103610000000003
1.2783979999999993
1.3103610000000003
1.2783979999999993
1.3103610000000003
1.2783979999999993
1.3103610000000003
1.2783979999999993
1.3103610000000003
1.2783979999999993
1.3103610000000003
1.2783979999999993
1.3103610000000003
1.2783979999999993
1.3103610000000003
1.2783979999999993
1.3103610000000003
1.2783979999999993
1.3103610000000003
1.2783979999999993
1.3103610000000003
1.2783979999999993
1.3103610000000003
1.2783979999999993
1.3103610000000003
1.2783979999999993
1.3103610000000003
1.2783979999999993
1.3103610000000003
1.2783979999999993
1.3103610000000003
1.2783979999999993
1.3103610000000003
1.2783979999999993
1.3103610000000003
1.2783979999999993
1.3103610000000003
1.2783979999999993
1.3103610000000003
1.2783979999999993
-1.2998510000000003
-1.2889090000000003
-1.2998510000000003
-1.2889090000000003
-1.2998510000000003
-1.2889090000000003
-1.2998510000000003
-1.2889090000000003
-1.2998510000000003
-1.2889090000000003
-1.2998510000000003
-1.2889090000000003
-1.2998510000000003
-1.2889090000000003
-1.2998510000000003
-1.2889090000000003
-1.2998510000000003
-1.2889090000000003
-1.2998510000000003
-1.2889090000000003
-1.2998510000000003
-1.2889090000000003
-1.2998510000000003
-1.2889090000000003
-1.2998510000000003
-1.2889090000000003
-1.2998510000000003
-1.2889090000000003
-1.2998510000000003
-1.2889090000000003
-1.2998510000000003
-1.2889090000000003
-1.2998510000000003
-1.2889090000000003
-1.2998510000000003
-1.2889090000000003
-1.2998510000000003
-1.2889090000000003
-1.2998510000000003
-1.2889090000000003
-1.2998510000000003
-1.2889090000000003
-1.2998510000000003
-1.2889090000000003
-1.2998510000000003
-1.2889090000000003
-1.2998510000000003
-1.2889090000000003
-1.2998510000000003
-1.2889090000000003
-1.2998510000000003
-1.2889090000000003
-1.2998510000000003
-1.2889090000000003
-1.2998510000000003
-1.2889090000000003
-1.2998510000000003
-1.2889090000000003
-1.2998510000000003
-1.2889090000000003
-1.2998510000000003
-1.2889090000000003
-1.2998510000000003
-1.2889090000000003
-1.2998510000000003
-1.2889090000000003
-1.2998510000000003
-1.2889090000000003
-1.2998510000000003
-1.2889090000000003
-1.2998510000000003
-1.2889090000000003
-1.2998510000000003
-1.2889090000000003
-1.2998510000000003
-1.2889090000000003
-1.2998510000000003
-1.2889090000000003
-1.2998510000000003
-1.2889090000000003
-1.2998510000000003
-1.2889090000000003
-1.2998510000000003
-1.2889090000000003
-1.2998510000000003
-1.2889090000000003
-1.2998510000000003
-1.2889090000000003
-1.2998510000000003
-1.2889090000000003
