1.4675340000000006
1.4675340000000006
1.4675340000000006
1.4675340000000006
1.4675340000000006
1.4675340000000006
1.4675340000000006
1.4675340000000006
1.4675340000000006
1.4675340000000006
1.4675340000000006
1.4675340000000006
1.4675340000000006
1.4675340000000006
1.4675340000000006
1.4675340000000006
1.4675340000000006
1.4675340000000006
1.4675340000000006
1.4675340000000006
1.4675340000000006
1.4675340000000006
1.4675340000000006
1.4675340000000006
1.4675340000000006
1.4675340000000006
1.4675340000000006
1.4675340000000006
1.4675340000000006
1.4675340000000006
1.4675340000000006
1.4675340000000006
1.4675340000000006
1.4675340000000006
1.4675340000000006
1.4675340000000006
1.4675340000000006
1.4675340000000006
1.4675340000000006
1.4675340000000006
1.4675340000000006
1.4675340000000006
1.4675340000000006
1.4675340000000006
1.4675340000000006
1.4675340000000006
1.4675340000000006
1.4675340000000006
1.4675340000000006
1.4675340000000006
1.4675340000000006
1.4675340000000006
1.4675340000000006
1.4675340000000006
1.4675340000000006
1.4675340000000006
1.4675340000000006
1.4675340000000006
1.4675340000000006
1.4675340000000006
1.4675340000000006
1.4675340000000006
1.4675340000000006
1.4675340000000006
1.4675340000000006
1.4675340000000006
1.4675340000000006
1.4675340000000006
1.4675340000000006
1.4675340000000006
1.4675340000000006
1.4675340000000006
-1.4675330000000004
-1.4675330000000004
-1.4675330000000004
-1.4675330000000004
-1.4675330000000004
-1.4675330000000004
-1.4675330000000004
-1.4675330000000004
-1.4675330000000004
-1.4675330000000004
-1.4675330000000004
-1.4675330000000004
-1.4675330000000004
-1.4675330000000004
-1.4675330000000004
-1.4675330000000004
-1.4675330000000004
-1.4675330000000004
-1.4675330000000004
-1.4675330000000004
-1.4675330000000004
-1.4675330000000004
-1.4675330000000004
-1.4675330000000004
-1.4675330000000004
-1.4675330000000004
-1.4675330000000004
-1.4675330000000004
-1.4675330000000004
-1.4675330000000004
-1.4675330000000004
-1.4675330000000004
-1.4675330000000004
-1.4675330000000004
-1.4675330000000004
-1.4675330000000004
-1.4675330000000004
-1.4675330000000004
-1.4675330000000004
-1.4675330000000004
-1.4675330000000004
-1.4675330000000004
-1.4675330000000004
-1.4675330000000004
-1.4675330000000004
-1.4675330000000004
-1.4675330000000004
-1.4675330000000004
-1.4675330000000004
-1.4675330000000004
-1.4675330000000004
-1.4675330000000004
-1.4675330000000004
-1.4675330000000004
-1.4675330000000004
-1.4675330000000004
-1.4675330000000004
-1.4675330000000004
-1.4675330000000004
-1.4675330000000004
-1.4675330000000004
-1.4675330000000004
-1.4675330000000004
-1.4675330000000004
-1.4675330000000004
-1.4675330000000004
-1.4675330000000004
-1.4675330000000004
-1.4675330000000004
-1.4675330000000004
-1.4675330000000004
-1.4675330000000004
