1.3331400000000002
1.342072
1.3331400000000002
1.342072
1.3331400000000002
1.342072
1.3331400000000002
1.342072
1.3331400000000002
1.342072
1.3331400000000002
1.342072
1.3331400000000002
1.342072
1.3331400000000002
1.342072
1.3331400000000002
1.342072
1.3331400000000002
1.342072
1.3331400000000002
1.342072
1.3331400000000002
1.342072
1.3331400000000002
1.342072
1.3331400000000002
1.342072
1.3331400000000002
1.342072
1.3331400000000002
1.342072
1.3331400000000002
1.342072
1.3331400000000002
1.342072
1.3331400000000002
1.342072
1.3331400000000002
1.342072
1.3331400000000002
1.342072
1.3331400000000002
1.342072
1.3331400000000002
1.342072
1.3331400000000002
1.342072
1.3331400000000002
1.342072
1.3331400000000002
1.342072
1.3331400000000002
1.342072
1.3331400000000002
1.342072
1.3331400000000002
1.342072
1.3331400000000002
1.342072
1.3331400000000002
1.342072
1.3331400000000002
1.342072
1.3331400000000002
1.342072
1.3331400000000002
1.342072
1.3331400000000002
1.342072
1.3331400000000002
1.342072
1.3331400000000002
1.342072
1.3331400000000002
1.342072
1.3331400000000002
1.342072
1.3331400000000002
1.342072
1.3331400000000002
1.342072
1.3331400000000002
1.342072
1.3331400000000002
1.342072
1.3331400000000002
1.342072
1.3331400000000002
1.342072
1.3331400000000002
1.342072
1.3331400000000002
1.342072
1.3331400000000002
1.342072
1.3331400000000002
1.342072
1.3331400000000002
1.342072
1.3331400000000002
1.342072
1.3331400000000002
1.342072
1.3331400000000002
1.342072
1.3331400000000002
1.342072
1.3331400000000002
1.342072
1.3331400000000002
1.342072
1.3331400000000002
1.342072
1.3331400000000002
1.342072
1.3331400000000002
1.342072
1.3331400000000002
1.342072
-1.3405120000000004
-1.3346980000000004
-1.3405120000000004
-1.3346980000000004
-1.3405120000000004
-1.3346980000000004
-1.3405120000000004
-1.3346980000000004
-1.3405120000000004
-1.3346980000000004
-1.3405120000000004
-1.3346980000000004
-1.3405120000000004
-1.3346980000000004
-1.3405120000000004
-1.3346980000000004
-1.3405120000000004
-1.3346980000000004
-1.3405120000000004
-1.3346980000000004
-1.3405120000000004
-1.3346980000000004
-1.3405120000000004
-1.3346980000000004
-1.3405120000000004
-1.3346980000000004
-1.3405120000000004
-1.3346980000000004
-1.3405120000000004
-1.3346980000000004
-1.3405120000000004
-1.3346980000000004
-1.3405120000000004
-1.3346980000000004
-1.3405120000000004
-1.3346980000000004
-1.3405120000000004
-1.3346980000000004
-1.3405120000000004
-1.3346980000000004
-1.3405120000000004
-1.3346980000000004
-1.3405120000000004
-1.3346980000000004
-1.3405120000000004
-1.3346980000000004
-1.3405120000000004
-1.3346980000000004
-1.3405120000000004
-1.3346980000000004
-1.3405120000000004
-1.3346980000000004
-1.3405120000000004
-1.3346980000000004
-1.3405120000000004
-1.3346980000000004
-1.3405120000000004
-1.3346980000000004
-1.3405120000000004
-1.3346980000000004
-1.3405120000000004
-1.3346980000000004
-1.3405120000000004
-1.3346980000000004
-1.3405120000000004
-1.3346980000000004
-1.3405120000000004
-1.3346980000000004
-1.3405120000000004
-1.3346980000000004
-1.3405120000000004
-1.3346980000000004
-1.3405120000000004
-1.3346980000000004
-1.3405120000000004
-1.3346980000000004
-1.3405120000000004
-1.3346980000000004
-1.3405120000000004
-1.3346980000000004
-1.3405120000000004
-1.3346980000000004
-1.3405120000000004
-1.3346980000000004
-1.3405120000000004
-1.3346980000000004
-1.3405120000000004
-1.3346980000000004
-1.3405120000000004
-1.3346980000000004
-1.3405120000000004
-1.3346980000000004
-1.3405120000000004
-1.3346980000000004
-1.3405120000000004
-1.3346980000000004
-1.3405120000000004
-1.3346980000000004
-1.3405120000000004
-1.3346980000000004
-1.3405120000000004
-1.3346980000000004
-1.3405120000000004
-1.3346980000000004
-1.3405120000000004
-1.3346980000000004
-1.3405120000000004
-1.3346980000000004
-1.3405120000000004
-1.3346980000000004
-1.3405120000000004
-1.3346980000000004
-1.3405120000000004
-1.3346980000000004
-1.3405120000000004
-1.3346980000000004
-1.3405120000000004
-1.3346980000000004
-1.3405120000000004
-1.3346980000000004
