1.249815
1.2381700000000002
1.249815
1.2381700000000002
1.249815
1.2381700000000002
1.249815
1.2381700000000002
1.249815
1.2381700000000002
1.249815
1.2381700000000002
1.249815
1.2381700000000002
1.249815
1.2381700000000002
1.249815
1.2381700000000002
1.249815
1.2381700000000002
1.249815
1.2381700000000002
1.249815
1.2381700000000002
1.249815
1.2381700000000002
1.249815
1.2381700000000002
1.249815
1.2381700000000002
1.249815
1.2381700000000002
1.249815
1.2381700000000002
1.249815
1.2381700000000002
1.249815
1.2381700000000002
1.249815
1.2381700000000002
1.249815
1.2381700000000002
1.249815
1.2381700000000002
1.249815
1.2381700000000002
1.249815
1.2381700000000002
1.249815
1.2381700000000002
1.249815
1.2381700000000002
1.249815
1.2381700000000002
1.249815
1.2381700000000002
1.249815
1.2381700000000002
1.249815
1.2381700000000002
1.249815
1.2381700000000002
1.249815
1.2381700000000002
1.249815
1.2381700000000002
1.249815
1.2381700000000002
1.249815
1.2381700000000002
1.249815
1.2381700000000002
1.249815
1.2381700000000002
1.249815
1.2381700000000002
1.249815
1.2381700000000002
1.249815
1.2381700000000002
1.249815
1.2381700000000002
1.249815
1.2381700000000002
1.249815
1.2381700000000002
1.249815
1.2381700000000002
1.249815
1.2381700000000002
1.249815
1.2381700000000002
1.249815
1.2381700000000002
1.249815
1.2381700000000002
1.249815
1.2381700000000002
1.249815
1.2381700000000002
1.249815
1.2381700000000002
1.249815
1.2381700000000002
1.249815
1.2381700000000002
1.249815
1.2381700000000002
-1.2421369999999996
-1.2458479999999996
-1.2421369999999996
-1.2458479999999996
-1.2421369999999996
-1.2458479999999996
-1.2421369999999996
-1.2458479999999996
-1.2421369999999996
-1.2458479999999996
-1.2421369999999996
-1.2458479999999996
-1.2421369999999996
-1.2458479999999996
-1.2421369999999996
-1.2458479999999996
-1.2421369999999996
-1.2458479999999996
-1.2421369999999996
-1.2458479999999996
-1.2421369999999996
-1.2458479999999996
-1.2421369999999996
-1.2458479999999996
-1.2421369999999996
-1.2458479999999996
-1.2421369999999996
-1.2458479999999996
-1.2421369999999996
-1.2458479999999996
-1.2421369999999996
-1.2458479999999996
-1.2421369999999996
-1.2458479999999996
-1.2421369999999996
-1.2458479999999996
-1.2421369999999996
-1.2458479999999996
-1.2421369999999996
-1.2458479999999996
-1.2421369999999996
-1.2458479999999996
-1.2421369999999996
-1.2458479999999996
-1.2421369999999996
-1.2458479999999996
-1.2421369999999996
-1.2458479999999996
-1.2421369999999996
-1.2458479999999996
-1.2421369999999996
-1.2458479999999996
-1.2421369999999996
-1.2458479999999996
-1.2421369999999996
-1.2458479999999996
-1.2421369999999996
-1.2458479999999996
-1.2421369999999996
-1.2458479999999996
-1.2421369999999996
-1.2458479999999996
-1.2421369999999996
-1.2458479999999996
-1.2421369999999996
-1.2458479999999996
-1.2421369999999996
-1.2458479999999996
-1.2421369999999996
-1.2458479999999996
-1.2421369999999996
-1.2458479999999996
-1.2421369999999996
-1.2458479999999996
-1.2421369999999996
-1.2458479999999996
-1.2421369999999996
-1.2458479999999996
-1.2421369999999996
-1.2458479999999996
-1.2421369999999996
-1.2458479999999996
-1.2421369999999996
-1.2458479999999996
-1.2421369999999996
-1.2458479999999996
-1.2421369999999996
-1.2458479999999996
-1.2421369999999996
-1.2458479999999996
-1.2421369999999996
-1.2458479999999996
-1.2421369999999996
-1.2458479999999996
-1.2421369999999996
-1.2458479999999996
-1.2421369999999996
-1.2458479999999996
-1.2421369999999996
-1.2458479999999996
-1.2421369999999996
-1.2458479999999996
-1.2421369999999996
-1.2458479999999996
-1.2421369999999996
-1.2458479999999996
-1.2421369999999996
-1.2458479999999996
