1.1963530000000002
1.1963530000000002
1.1963530000000002
1.1963530000000002
1.1963530000000002
1.1963530000000002
1.1963530000000002
1.1963530000000002
1.1963530000000002
1.1963530000000002
1.1963530000000002
1.1963530000000002
1.1963530000000002
1.1963530000000002
1.1963530000000002
1.1963530000000002
1.1963530000000002
1.1963530000000002
1.1963530000000002
1.1963530000000002
1.1963530000000002
1.1963530000000002
1.1963530000000002
1.1963530000000002
-1.196352
-1.196352
-1.196352
-1.196352
-1.196352
-1.196352
-1.196352
-1.196352
-1.196352
-1.196352
-1.196352
-1.196352
-1.196352
-1.196352
-1.196352
-1.196352
-1.196352
-1.196352
-1.196352
-1.196352
-1.196352
-1.196352
-1.196352
-1.196352
