1.3393979999999992
1.3403220000000005
1.3393979999999992
1.3403220000000005
1.3393979999999992
1.3403220000000005
1.3393979999999992
1.3403220000000005
1.3393979999999992
1.3403220000000005
1.3393979999999992
1.3403220000000005
1.3393979999999992
1.3403220000000005
1.3393979999999992
1.3403220000000005
1.3393979999999992
1.3403220000000005
1.3393979999999992
1.3403220000000005
1.3393979999999992
1.3403220000000005
1.3393979999999992
1.3403220000000005
1.3393979999999992
1.3403220000000005
1.3393979999999992
1.3403220000000005
1.3393979999999992
1.3403220000000005
1.3393979999999992
1.3403220000000005
1.3393979999999992
1.3403220000000005
1.3393979999999992
1.3403220000000005
1.3393979999999992
1.3403220000000005
1.3393979999999992
1.3403220000000005
1.3393979999999992
1.3403220000000005
1.3393979999999992
1.3403220000000005
1.3393979999999992
1.3403220000000005
1.3393979999999992
1.3403220000000005
1.3393979999999992
1.3403220000000005
1.3393979999999992
1.3403220000000005
1.3393979999999992
1.3403220000000005
1.3393979999999992
1.3403220000000005
1.3393979999999992
1.3403220000000005
1.3393979999999992
1.3403220000000005
1.3393979999999992
1.3403220000000005
1.3393979999999992
1.3403220000000005
1.3393979999999992
1.3403220000000005
1.3393979999999992
1.3403220000000005
1.3393979999999992
1.3403220000000005
1.3393979999999992
1.3403220000000005
1.3393979999999992
1.3403220000000005
1.3393979999999992
1.3403220000000005
1.3393979999999992
1.3403220000000005
1.3393979999999992
1.3403220000000005
1.3393979999999992
1.3403220000000005
1.3393979999999992
1.3403220000000005
1.3393979999999992
1.3403220000000005
1.3393979999999992
1.3403220000000005
1.3393979999999992
1.3403220000000005
1.3393979999999992
1.3403220000000005
1.3393979999999992
1.3403220000000005
1.3393979999999992
1.3403220000000005
1.3393979999999992
1.3403220000000005
1.3393979999999992
1.3403220000000005
1.3393979999999992
1.3403220000000005
1.3393979999999992
1.3403220000000005
1.3393979999999992
1.3403220000000005
1.3393979999999992
1.3403220000000005
1.3393979999999992
1.3403220000000005
1.3393979999999992
1.3403220000000005
1.3393979999999992
1.3403220000000005
1.3393979999999992
1.3403220000000005
1.3393979999999992
1.3403220000000005
1.3393979999999992
1.3403220000000005
-1.351051
-1.3286689999999997
-1.351051
-1.3286689999999997
-1.351051
-1.3286689999999997
-1.351051
-1.3286689999999997
-1.351051
-1.3286689999999997
-1.351051
-1.3286689999999997
-1.351051
-1.3286689999999997
-1.351051
-1.3286689999999997
-1.351051
-1.3286689999999997
-1.351051
-1.3286689999999997
-1.351051
-1.3286689999999997
-1.351051
-1.3286689999999997
-1.351051
-1.3286689999999997
-1.351051
-1.3286689999999997
-1.351051
-1.3286689999999997
-1.351051
-1.3286689999999997
-1.351051
-1.3286689999999997
-1.351051
-1.3286689999999997
-1.351051
-1.3286689999999997
-1.351051
-1.3286689999999997
-1.351051
-1.3286689999999997
-1.351051
-1.3286689999999997
-1.351051
-1.3286689999999997
-1.351051
-1.3286689999999997
-1.351051
-1.3286689999999997
-1.351051
-1.3286689999999997
-1.351051
-1.3286689999999997
-1.351051
-1.3286689999999997
-1.351051
-1.3286689999999997
-1.351051
-1.3286689999999997
-1.351051
-1.3286689999999997
-1.351051
-1.3286689999999997
-1.351051
-1.3286689999999997
-1.351051
-1.3286689999999997
-1.351051
-1.3286689999999997
-1.351051
-1.3286689999999997
-1.351051
-1.3286689999999997
-1.351051
-1.3286689999999997
-1.351051
-1.3286689999999997
-1.351051
-1.3286689999999997
-1.351051
-1.3286689999999997
-1.351051
-1.3286689999999997
-1.351051
-1.3286689999999997
-1.351051
-1.3286689999999997
-1.351051
-1.3286689999999997
-1.351051
-1.3286689999999997
-1.351051
-1.3286689999999997
-1.351051
-1.3286689999999997
-1.351051
-1.3286689999999997
-1.351051
-1.3286689999999997
-1.351051
-1.3286689999999997
-1.351051
-1.3286689999999997
-1.351051
-1.3286689999999997
-1.351051
-1.3286689999999997
-1.351051
-1.3286689999999997
-1.351051
-1.3286689999999997
-1.351051
-1.3286689999999997
-1.351051
-1.3286689999999997
-1.351051
-1.3286689999999997
-1.351051
-1.3286689999999997
