1.192145
1.192145
1.192145
1.192145
1.192145
1.192145
1.192145
1.192145
1.192145
1.192145
1.192145
1.192145
1.192145
1.192145
1.192145
1.192145
1.192145
1.192145
1.192145
1.192145
1.192145
1.192145
1.192145
1.192145
1.192145
1.192145
1.192145
-1.1921470000000003
-1.1921470000000003
-1.1921470000000003
-1.1921470000000003
-1.1921470000000003
-1.1921470000000003
-1.1921470000000003
-1.1921470000000003
-1.1921470000000003
-1.1921470000000003
-1.1921470000000003
-1.1921470000000003
-1.1921470000000003
-1.1921470000000003
-1.1921470000000003
-1.1921470000000003
-1.1921470000000003
-1.1921470000000003
-1.1921470000000003
-1.1921470000000003
-1.1921470000000003
-1.1921470000000003
-1.1921470000000003
-1.1921470000000003
-1.1921470000000003
-1.1921470000000003
-1.1921470000000003
