1.4279849999999996
1.4317220000000006
1.4340700000000002
1.4355550000000008
1.4279849999999996
1.4317220000000006
1.4340700000000002
1.4355550000000008
1.4279849999999996
1.4317220000000006
1.4340700000000002
1.4355550000000008
1.4279849999999996
1.4317220000000006
1.4340700000000002
1.4355550000000008
1.4279849999999996
1.4317220000000006
1.4340700000000002
1.4355550000000008
1.4279849999999996
1.4317220000000006
1.4340700000000002
1.4355550000000008
1.4279849999999996
1.4317220000000006
1.4340700000000002
1.4355550000000008
1.4279849999999996
1.4317220000000006
1.4340700000000002
1.4355550000000008
1.4279849999999996
1.4317220000000006
1.4340700000000002
1.4355550000000008
1.4279849999999996
1.4317220000000006
1.4340700000000002
1.4355550000000008
1.4279849999999996
1.4317220000000006
1.4340700000000002
1.4355550000000008
1.4279849999999996
1.4317220000000006
1.4340700000000002
1.4355550000000008
1.4279849999999996
1.4317220000000006
1.4340700000000002
1.4355550000000008
1.4279849999999996
1.4317220000000006
1.4340700000000002
1.4355550000000008
1.4279849999999996
1.4317220000000006
1.4340700000000002
1.4355550000000008
1.4279849999999996
1.4317220000000006
1.4340700000000002
1.4355550000000008
1.4279849999999996
1.4317220000000006
1.4340700000000002
1.4355550000000008
1.4279849999999996
1.4317220000000006
1.4340700000000002
1.4355550000000008
1.4279849999999996
1.4317220000000006
1.4340700000000002
1.4355550000000008
1.4279849999999996
1.4317220000000006
1.4340700000000002
1.4355550000000008
1.4279849999999996
1.4317220000000006
1.4340700000000002
1.4355550000000008
1.4279849999999996
1.4317220000000006
1.4340700000000002
1.4355550000000008
1.4279849999999996
1.4317220000000006
1.4340700000000002
1.4355550000000008
1.4279849999999996
1.4317220000000006
1.4340700000000002
1.4355550000000008
1.4279849999999996
1.4317220000000006
1.4340700000000002
1.4355550000000008
1.4279849999999996
1.4317220000000006
1.4340700000000002
1.4355550000000008
1.4279849999999996
1.4317220000000006
1.4340700000000002
1.4355550000000008
1.4279849999999996
1.4317220000000006
1.4340700000000002
1.4355550000000008
1.4279849999999996
1.4317220000000006
1.4340700000000002
1.4355550000000008
1.4279849999999996
1.4317220000000006
1.4340700000000002
1.4355550000000008
1.4279849999999996
1.4317220000000006
1.4340700000000002
1.4355550000000008
1.4279849999999996
1.4317220000000006
1.4340700000000002
1.4355550000000008
1.4279849999999996
1.4317220000000006
1.4340700000000002
1.4355550000000008
1.4279849999999996
1.4317220000000006
1.4340700000000002
1.4355550000000008
1.4279849999999996
1.4317220000000006
1.4340700000000002
1.4355550000000008
1.4279849999999996
1.4317220000000006
1.4340700000000002
1.4355550000000008
-1.4345910000000002
-1.4248079999999996
-1.4351200000000004
-1.4348130000000001
-1.4345910000000002
-1.4248079999999996
-1.4351200000000004
-1.4348130000000001
-1.4345910000000002
-1.4248079999999996
-1.4351200000000004
-1.4348130000000001
-1.4345910000000002
-1.4248079999999996
-1.4351200000000004
-1.4348130000000001
-1.4345910000000002
-1.4248079999999996
-1.4351200000000004
-1.4348130000000001
-1.4345910000000002
-1.4248079999999996
-1.4351200000000004
-1.4348130000000001
-1.4345910000000002
-1.4248079999999996
-1.4351200000000004
-1.4348130000000001
-1.4345910000000002
-1.4248079999999996
-1.4351200000000004
-1.4348130000000001
-1.4345910000000002
-1.4248079999999996
-1.4351200000000004
-1.4348130000000001
-1.4345910000000002
-1.4248079999999996
-1.4351200000000004
-1.4348130000000001
-1.4345910000000002
-1.4248079999999996
-1.4351200000000004
-1.4348130000000001
-1.4345910000000002
-1.4248079999999996
-1.4351200000000004
-1.4348130000000001
-1.4345910000000002
-1.4248079999999996
-1.4351200000000004
-1.4348130000000001
-1.4345910000000002
-1.4248079999999996
-1.4351200000000004
-1.4348130000000001
-1.4345910000000002
-1.4248079999999996
-1.4351200000000004
-1.4348130000000001
-1.4345910000000002
-1.4248079999999996
-1.4351200000000004
-1.4348130000000001
-1.4345910000000002
-1.4248079999999996
-1.4351200000000004
-1.4348130000000001
-1.4345910000000002
-1.4248079999999996
-1.4351200000000004
-1.4348130000000001
-1.4345910000000002
-1.4248079999999996
-1.4351200000000004
-1.4348130000000001
-1.4345910000000002
-1.4248079999999996
-1.4351200000000004
-1.4348130000000001
-1.4345910000000002
-1.4248079999999996
-1.4351200000000004
-1.4348130000000001
-1.4345910000000002
-1.4248079999999996
-1.4351200000000004
-1.4348130000000001
-1.4345910000000002
-1.4248079999999996
-1.4351200000000004
-1.4348130000000001
-1.4345910000000002
-1.4248079999999996
-1.4351200000000004
-1.4348130000000001
-1.4345910000000002
-1.4248079999999996
-1.4351200000000004
-1.4348130000000001
-1.4345910000000002
-1.4248079999999996
-1.4351200000000004
-1.4348130000000001
-1.4345910000000002
-1.4248079999999996
-1.4351200000000004
-1.4348130000000001
-1.4345910000000002
-1.4248079999999996
-1.4351200000000004
-1.4348130000000001
-1.4345910000000002
-1.4248079999999996
-1.4351200000000004
-1.4348130000000001
-1.4345910000000002
-1.4248079999999996
-1.4351200000000004
-1.4348130000000001
-1.4345910000000002
-1.4248079999999996
-1.4351200000000004
-1.4348130000000001
-1.4345910000000002
-1.4248079999999996
-1.4351200000000004
-1.4348130000000001
-1.4345910000000002
-1.4248079999999996
-1.4351200000000004
-1.4348130000000001
-1.4345910000000002
-1.4248079999999996
-1.4351200000000004
-1.4348130000000001
-1.4345910000000002
-1.4248079999999996
-1.4351200000000004
-1.4348130000000001
-1.4345910000000002
-1.4248079999999996
-1.4351200000000004
-1.4348130000000001
