1.4189760000000007
1.4206710000000005
1.4131250000000009
1.4108549999999997
1.4189760000000007
1.4206710000000005
1.4131250000000009
1.4108549999999997
1.4189760000000007
1.4206710000000005
1.4131250000000009
1.4108549999999997
1.4189760000000007
1.4206710000000005
1.4131250000000009
1.4108549999999997
1.4189760000000007
1.4206710000000005
1.4131250000000009
1.4108549999999997
1.4189760000000007
1.4206710000000005
1.4131250000000009
1.4108549999999997
1.4189760000000007
1.4206710000000005
1.4131250000000009
1.4108549999999997
1.4189760000000007
1.4206710000000005
1.4131250000000009
1.4108549999999997
1.4189760000000007
1.4206710000000005
1.4131250000000009
1.4108549999999997
1.4189760000000007
1.4206710000000005
1.4131250000000009
1.4108549999999997
1.4189760000000007
1.4206710000000005
1.4131250000000009
1.4108549999999997
1.4189760000000007
1.4206710000000005
1.4131250000000009
1.4108549999999997
1.4189760000000007
1.4206710000000005
1.4131250000000009
1.4108549999999997
1.4189760000000007
1.4206710000000005
1.4131250000000009
1.4108549999999997
1.4189760000000007
1.4206710000000005
1.4131250000000009
1.4108549999999997
1.4189760000000007
1.4206710000000005
1.4131250000000009
1.4108549999999997
1.4189760000000007
1.4206710000000005
1.4131250000000009
1.4108549999999997
1.4189760000000007
1.4206710000000005
1.4131250000000009
1.4108549999999997
1.4189760000000007
1.4206710000000005
1.4131250000000009
1.4108549999999997
1.4189760000000007
1.4206710000000005
1.4131250000000009
1.4108549999999997
1.4189760000000007
1.4206710000000005
1.4131250000000009
1.4108549999999997
1.4189760000000007
1.4206710000000005
1.4131250000000009
1.4108549999999997
1.4189760000000007
1.4206710000000005
1.4131250000000009
1.4108549999999997
1.4189760000000007
1.4206710000000005
1.4131250000000009
1.4108549999999997
1.4189760000000007
1.4206710000000005
1.4131250000000009
1.4108549999999997
1.4189760000000007
1.4206710000000005
1.4131250000000009
1.4108549999999997
1.4189760000000007
1.4206710000000005
1.4131250000000009
1.4108549999999997
1.4189760000000007
1.4206710000000005
1.4131250000000009
1.4108549999999997
1.4189760000000007
1.4206710000000005
1.4131250000000009
1.4108549999999997
1.4189760000000007
1.4206710000000005
1.4131250000000009
1.4108549999999997
1.4189760000000007
1.4206710000000005
1.4131250000000009
1.4108549999999997
1.4189760000000007
1.4206710000000005
1.4131250000000009
1.4108549999999997
1.4189760000000007
1.4206710000000005
1.4131250000000009
1.4108549999999997
1.4189760000000007
1.4206710000000005
1.4131250000000009
1.4108549999999997
1.4189760000000007
1.4206710000000005
1.4131250000000009
1.4108549999999997
1.4189760000000007
1.4206710000000005
1.4131250000000009
1.4108549999999997
1.4189760000000007
1.4206710000000005
1.4131250000000009
1.4108549999999997
1.4189760000000007
1.4206710000000005
1.4131250000000009
1.4108549999999997
1.4189760000000007
1.4206710000000005
1.4131250000000009
1.4108549999999997
1.4189760000000007
1.4206710000000005
1.4131250000000009
1.4108549999999997
1.4189760000000007
1.4206710000000005
1.4131250000000009
1.4108549999999997
1.4189760000000007
1.4206710000000005
1.4131250000000009
1.4108549999999997
1.4189760000000007
1.4206710000000005
1.4131250000000009
1.4108549999999997
1.4189760000000007
1.4206710000000005
1.4131250000000009
1.4108549999999997
1.4189760000000007
1.4206710000000005
1.4131250000000009
1.4108549999999997
1.4189760000000007
1.4206710000000005
1.4131250000000009
1.4108549999999997
1.4189760000000007
1.4206710000000005
1.4131250000000009
1.4108549999999997
1.4189760000000007
1.4206710000000005
1.4131250000000009
1.4108549999999997
-1.4158460000000002
-1.4169859999999996
-1.4133339999999999
-1.4174569999999997
-1.4158460000000002
-1.4169859999999996
-1.4133339999999999
-1.4174569999999997
-1.4158460000000002
-1.4169859999999996
-1.4133339999999999
-1.4174569999999997
-1.4158460000000002
-1.4169859999999996
-1.4133339999999999
-1.4174569999999997
-1.4158460000000002
-1.4169859999999996
-1.4133339999999999
-1.4174569999999997
-1.4158460000000002
-1.4169859999999996
-1.4133339999999999
-1.4174569999999997
-1.4158460000000002
-1.4169859999999996
-1.4133339999999999
-1.4174569999999997
-1.4158460000000002
-1.4169859999999996
-1.4133339999999999
-1.4174569999999997
-1.4158460000000002
-1.4169859999999996
-1.4133339999999999
-1.4174569999999997
-1.4158460000000002
-1.4169859999999996
-1.4133339999999999
-1.4174569999999997
-1.4158460000000002
-1.4169859999999996
-1.4133339999999999
-1.4174569999999997
-1.4158460000000002
-1.4169859999999996
-1.4133339999999999
-1.4174569999999997
-1.4158460000000002
-1.4169859999999996
-1.4133339999999999
-1.4174569999999997
-1.4158460000000002
-1.4169859999999996
-1.4133339999999999
-1.4174569999999997
-1.4158460000000002
-1.4169859999999996
-1.4133339999999999
-1.4174569999999997
-1.4158460000000002
-1.4169859999999996
-1.4133339999999999
-1.4174569999999997
-1.4158460000000002
-1.4169859999999996
-1.4133339999999999
-1.4174569999999997
-1.4158460000000002
-1.4169859999999996
-1.4133339999999999
-1.4174569999999997
-1.4158460000000002
-1.4169859999999996
-1.4133339999999999
-1.4174569999999997
-1.4158460000000002
-1.4169859999999996
-1.4133339999999999
-1.4174569999999997
-1.4158460000000002
-1.4169859999999996
-1.4133339999999999
-1.4174569999999997
-1.4158460000000002
-1.4169859999999996
-1.4133339999999999
-1.4174569999999997
-1.4158460000000002
-1.4169859999999996
-1.4133339999999999
-1.4174569999999997
-1.4158460000000002
-1.4169859999999996
-1.4133339999999999
-1.4174569999999997
-1.4158460000000002
-1.4169859999999996
-1.4133339999999999
-1.4174569999999997
-1.4158460000000002
-1.4169859999999996
-1.4133339999999999
-1.4174569999999997
-1.4158460000000002
-1.4169859999999996
-1.4133339999999999
-1.4174569999999997
-1.4158460000000002
-1.4169859999999996
-1.4133339999999999
-1.4174569999999997
-1.4158460000000002
-1.4169859999999996
-1.4133339999999999
-1.4174569999999997
-1.4158460000000002
-1.4169859999999996
-1.4133339999999999
-1.4174569999999997
-1.4158460000000002
-1.4169859999999996
-1.4133339999999999
-1.4174569999999997
-1.4158460000000002
-1.4169859999999996
-1.4133339999999999
-1.4174569999999997
-1.4158460000000002
-1.4169859999999996
-1.4133339999999999
-1.4174569999999997
-1.4158460000000002
-1.4169859999999996
-1.4133339999999999
-1.4174569999999997
-1.4158460000000002
-1.4169859999999996
-1.4133339999999999
-1.4174569999999997
-1.4158460000000002
-1.4169859999999996
-1.4133339999999999
-1.4174569999999997
-1.4158460000000002
-1.4169859999999996
-1.4133339999999999
-1.4174569999999997
-1.4158460000000002
-1.4169859999999996
-1.4133339999999999
-1.4174569999999997
-1.4158460000000002
-1.4169859999999996
-1.4133339999999999
-1.4174569999999997
-1.4158460000000002
-1.4169859999999996
-1.4133339999999999
-1.4174569999999997
-1.4158460000000002
-1.4169859999999996
-1.4133339999999999
-1.4174569999999997
-1.4158460000000002
-1.4169859999999996
-1.4133339999999999
-1.4174569999999997
-1.4158460000000002
-1.4169859999999996
-1.4133339999999999
-1.4174569999999997
-1.4158460000000002
-1.4169859999999996
-1.4133339999999999
-1.4174569999999997
-1.4158460000000002
-1.4169859999999996
-1.4133339999999999
-1.4174569999999997
-1.4158460000000002
-1.4169859999999996
-1.4133339999999999
-1.4174569999999997
-1.4158460000000002
-1.4169859999999996
-1.4133339999999999
-1.4174569999999997
-1.4158460000000002
-1.4169859999999996
-1.4133339999999999
-1.4174569999999997
