1.4395100000000003
1.4410930000000004
1.440759
1.4336950000000002
1.4395100000000003
1.4410930000000004
1.440759
1.4336950000000002
1.4395100000000003
1.4410930000000004
1.440759
1.4336950000000002
1.4395100000000003
1.4410930000000004
1.440759
1.4336950000000002
1.4395100000000003
1.4410930000000004
1.440759
1.4336950000000002
1.4395100000000003
1.4410930000000004
1.440759
1.4336950000000002
1.4395100000000003
1.4410930000000004
1.440759
1.4336950000000002
1.4395100000000003
1.4410930000000004
1.440759
1.4336950000000002
1.4395100000000003
1.4410930000000004
1.440759
1.4336950000000002
1.4395100000000003
1.4410930000000004
1.440759
1.4336950000000002
1.4395100000000003
1.4410930000000004
1.440759
1.4336950000000002
1.4395100000000003
1.4410930000000004
1.440759
1.4336950000000002
1.4395100000000003
1.4410930000000004
1.440759
1.4336950000000002
1.4395100000000003
1.4410930000000004
1.440759
1.4336950000000002
1.4395100000000003
1.4410930000000004
1.440759
1.4336950000000002
1.4395100000000003
1.4410930000000004
1.440759
1.4336950000000002
1.4395100000000003
1.4410930000000004
1.440759
1.4336950000000002
1.4395100000000003
1.4410930000000004
1.440759
1.4336950000000002
1.4395100000000003
1.4410930000000004
1.440759
1.4336950000000002
1.4395100000000003
1.4410930000000004
1.440759
1.4336950000000002
1.4395100000000003
1.4410930000000004
1.440759
1.4336950000000002
1.4395100000000003
1.4410930000000004
1.440759
1.4336950000000002
1.4395100000000003
1.4410930000000004
1.440759
1.4336950000000002
1.4395100000000003
1.4410930000000004
1.440759
1.4336950000000002
1.4395100000000003
1.4410930000000004
1.440759
1.4336950000000002
1.4395100000000003
1.4410930000000004
1.440759
1.4336950000000002
1.4395100000000003
1.4410930000000004
1.440759
1.4336950000000002
-1.438059
-1.4379140000000001
-1.439152
-1.439934
-1.438059
-1.4379140000000001
-1.439152
-1.439934
-1.438059
-1.4379140000000001
-1.439152
-1.439934
-1.438059
-1.4379140000000001
-1.439152
-1.439934
-1.438059
-1.4379140000000001
-1.439152
-1.439934
-1.438059
-1.4379140000000001
-1.439152
-1.439934
-1.438059
-1.4379140000000001
-1.439152
-1.439934
-1.438059
-1.4379140000000001
-1.439152
-1.439934
-1.438059
-1.4379140000000001
-1.439152
-1.439934
-1.438059
-1.4379140000000001
-1.439152
-1.439934
-1.438059
-1.4379140000000001
-1.439152
-1.439934
-1.438059
-1.4379140000000001
-1.439152
-1.439934
-1.438059
-1.4379140000000001
-1.439152
-1.439934
-1.438059
-1.4379140000000001
-1.439152
-1.439934
-1.438059
-1.4379140000000001
-1.439152
-1.439934
-1.438059
-1.4379140000000001
-1.439152
-1.439934
-1.438059
-1.4379140000000001
-1.439152
-1.439934
-1.438059
-1.4379140000000001
-1.439152
-1.439934
-1.438059
-1.4379140000000001
-1.439152
-1.439934
-1.438059
-1.4379140000000001
-1.439152
-1.439934
-1.438059
-1.4379140000000001
-1.439152
-1.439934
-1.438059
-1.4379140000000001
-1.439152
-1.439934
-1.438059
-1.4379140000000001
-1.439152
-1.439934
-1.438059
-1.4379140000000001
-1.439152
-1.439934
-1.438059
-1.4379140000000001
-1.439152
-1.439934
-1.438059
-1.4379140000000001
-1.439152
-1.439934
-1.438059
-1.4379140000000001
-1.439152
-1.439934
