1.3980650000000008
1.3945709999999991
1.3980650000000008
1.3945709999999991
1.3980650000000008
1.3945709999999991
1.3980650000000008
1.3945709999999991
1.3980650000000008
1.3945709999999991
1.3980650000000008
1.3945709999999991
1.3980650000000008
1.3945709999999991
1.3980650000000008
1.3945709999999991
1.3980650000000008
1.3945709999999991
1.3980650000000008
1.3945709999999991
1.3980650000000008
1.3945709999999991
1.3980650000000008
1.3945709999999991
1.3980650000000008
1.3945709999999991
1.3980650000000008
1.3945709999999991
1.3980650000000008
1.3945709999999991
1.3980650000000008
1.3945709999999991
1.3980650000000008
1.3945709999999991
1.3980650000000008
1.3945709999999991
1.3980650000000008
1.3945709999999991
1.3980650000000008
1.3945709999999991
1.3980650000000008
1.3945709999999991
1.3980650000000008
1.3945709999999991
1.3980650000000008
1.3945709999999991
1.3980650000000008
1.3945709999999991
1.3980650000000008
1.3945709999999991
1.3980650000000008
1.3945709999999991
1.3980650000000008
1.3945709999999991
1.3980650000000008
1.3945709999999991
1.3980650000000008
1.3945709999999991
1.3980650000000008
1.3945709999999991
1.3980650000000008
1.3945709999999991
1.3980650000000008
1.3945709999999991
1.3980650000000008
1.3945709999999991
1.3980650000000008
1.3945709999999991
1.3980650000000008
1.3945709999999991
1.3980650000000008
1.3945709999999991
1.3980650000000008
1.3945709999999991
1.3980650000000008
1.3945709999999991
1.3980650000000008
1.3945709999999991
1.3980650000000008
1.3945709999999991
1.3980650000000008
1.3945709999999991
1.3980650000000008
1.3945709999999991
1.3980650000000008
1.3945709999999991
1.3980650000000008
1.3945709999999991
1.3980650000000008
1.3945709999999991
1.3980650000000008
1.3945709999999991
1.3980650000000008
1.3945709999999991
1.3980650000000008
1.3945709999999991
1.3980650000000008
1.3945709999999991
1.3980650000000008
1.3945709999999991
1.3980650000000008
1.3945709999999991
1.3980650000000008
1.3945709999999991
1.3980650000000008
1.3945709999999991
1.3980650000000008
1.3945709999999991
1.3980650000000008
1.3945709999999991
1.3980650000000008
1.3945709999999991
1.3980650000000008
1.3945709999999991
1.3980650000000008
1.3945709999999991
1.3980650000000008
1.3945709999999991
1.3980650000000008
1.3945709999999991
-1.399152
-1.393484
-1.399152
-1.393484
-1.399152
-1.393484
-1.399152
-1.393484
-1.399152
-1.393484
-1.399152
-1.393484
-1.399152
-1.393484
-1.399152
-1.393484
-1.399152
-1.393484
-1.399152
-1.393484
-1.399152
-1.393484
-1.399152
-1.393484
-1.399152
-1.393484
-1.399152
-1.393484
-1.399152
-1.393484
-1.399152
-1.393484
-1.399152
-1.393484
-1.399152
-1.393484
-1.399152
-1.393484
-1.399152
-1.393484
-1.399152
-1.393484
-1.399152
-1.393484
-1.399152
-1.393484
-1.399152
-1.393484
-1.399152
-1.393484
-1.399152
-1.393484
-1.399152
-1.393484
-1.399152
-1.393484
-1.399152
-1.393484
-1.399152
-1.393484
-1.399152
-1.393484
-1.399152
-1.393484
-1.399152
-1.393484
-1.399152
-1.393484
-1.399152
-1.393484
-1.399152
-1.393484
-1.399152
-1.393484
-1.399152
-1.393484
-1.399152
-1.393484
-1.399152
-1.393484
-1.399152
-1.393484
-1.399152
-1.393484
-1.399152
-1.393484
-1.399152
-1.393484
-1.399152
-1.393484
-1.399152
-1.393484
-1.399152
-1.393484
-1.399152
-1.393484
-1.399152
-1.393484
-1.399152
-1.393484
-1.399152
-1.393484
-1.399152
-1.393484
-1.399152
-1.393484
-1.399152
-1.393484
-1.399152
-1.393484
-1.399152
-1.393484
-1.399152
-1.393484
-1.399152
-1.393484
-1.399152
-1.393484
-1.399152
-1.393484
