1.4408200000000004
1.4433740000000004
1.4423860000000008
1.4431999999999992
1.4408200000000004
1.4433740000000004
1.4423860000000008
1.4431999999999992
1.4408200000000004
1.4433740000000004
1.4423860000000008
1.4431999999999992
1.4408200000000004
1.4433740000000004
1.4423860000000008
1.4431999999999992
1.4408200000000004
1.4433740000000004
1.4423860000000008
1.4431999999999992
1.4408200000000004
1.4433740000000004
1.4423860000000008
1.4431999999999992
1.4408200000000004
1.4433740000000004
1.4423860000000008
1.4431999999999992
1.4408200000000004
1.4433740000000004
1.4423860000000008
1.4431999999999992
1.4408200000000004
1.4433740000000004
1.4423860000000008
1.4431999999999992
1.4408200000000004
1.4433740000000004
1.4423860000000008
1.4431999999999992
1.4408200000000004
1.4433740000000004
1.4423860000000008
1.4431999999999992
1.4408200000000004
1.4433740000000004
1.4423860000000008
1.4431999999999992
1.4408200000000004
1.4433740000000004
1.4423860000000008
1.4431999999999992
1.4408200000000004
1.4433740000000004
1.4423860000000008
1.4431999999999992
1.4408200000000004
1.4433740000000004
1.4423860000000008
1.4431999999999992
1.4408200000000004
1.4433740000000004
1.4423860000000008
1.4431999999999992
1.4408200000000004
1.4433740000000004
1.4423860000000008
1.4431999999999992
1.4408200000000004
1.4433740000000004
1.4423860000000008
1.4431999999999992
1.4408200000000004
1.4433740000000004
1.4423860000000008
1.4431999999999992
1.4408200000000004
1.4433740000000004
1.4423860000000008
1.4431999999999992
1.4408200000000004
1.4433740000000004
1.4423860000000008
1.4431999999999992
1.4408200000000004
1.4433740000000004
1.4423860000000008
1.4431999999999992
1.4408200000000004
1.4433740000000004
1.4423860000000008
1.4431999999999992
1.4408200000000004
1.4433740000000004
1.4423860000000008
1.4431999999999992
1.4408200000000004
1.4433740000000004
1.4423860000000008
1.4431999999999992
1.4408200000000004
1.4433740000000004
1.4423860000000008
1.4431999999999992
1.4408200000000004
1.4433740000000004
1.4423860000000008
1.4431999999999992
-1.4427500000000002
-1.4414550000000004
-1.4429189999999998
-1.4426519999999998
-1.4427500000000002
-1.4414550000000004
-1.4429189999999998
-1.4426519999999998
-1.4427500000000002
-1.4414550000000004
-1.4429189999999998
-1.4426519999999998
-1.4427500000000002
-1.4414550000000004
-1.4429189999999998
-1.4426519999999998
-1.4427500000000002
-1.4414550000000004
-1.4429189999999998
-1.4426519999999998
-1.4427500000000002
-1.4414550000000004
-1.4429189999999998
-1.4426519999999998
-1.4427500000000002
-1.4414550000000004
-1.4429189999999998
-1.4426519999999998
-1.4427500000000002
-1.4414550000000004
-1.4429189999999998
-1.4426519999999998
-1.4427500000000002
-1.4414550000000004
-1.4429189999999998
-1.4426519999999998
-1.4427500000000002
-1.4414550000000004
-1.4429189999999998
-1.4426519999999998
-1.4427500000000002
-1.4414550000000004
-1.4429189999999998
-1.4426519999999998
-1.4427500000000002
-1.4414550000000004
-1.4429189999999998
-1.4426519999999998
-1.4427500000000002
-1.4414550000000004
-1.4429189999999998
-1.4426519999999998
-1.4427500000000002
-1.4414550000000004
-1.4429189999999998
-1.4426519999999998
-1.4427500000000002
-1.4414550000000004
-1.4429189999999998
-1.4426519999999998
-1.4427500000000002
-1.4414550000000004
-1.4429189999999998
-1.4426519999999998
-1.4427500000000002
-1.4414550000000004
-1.4429189999999998
-1.4426519999999998
-1.4427500000000002
-1.4414550000000004
-1.4429189999999998
-1.4426519999999998
-1.4427500000000002
-1.4414550000000004
-1.4429189999999998
-1.4426519999999998
-1.4427500000000002
-1.4414550000000004
-1.4429189999999998
-1.4426519999999998
-1.4427500000000002
-1.4414550000000004
-1.4429189999999998
-1.4426519999999998
-1.4427500000000002
-1.4414550000000004
-1.4429189999999998
-1.4426519999999998
-1.4427500000000002
-1.4414550000000004
-1.4429189999999998
-1.4426519999999998
-1.4427500000000002
-1.4414550000000004
-1.4429189999999998
-1.4426519999999998
-1.4427500000000002
-1.4414550000000004
-1.4429189999999998
-1.4426519999999998
-1.4427500000000002
-1.4414550000000004
-1.4429189999999998
-1.4426519999999998
-1.4427500000000002
-1.4414550000000004
-1.4429189999999998
-1.4426519999999998
