1.435855
1.435855
1.435855
1.435855
1.435855
1.435855
1.435855
1.435855
1.435855
1.435855
1.435855
1.435855
1.435855
1.435855
1.435855
1.435855
1.435855
1.435855
1.435855
1.435855
1.435855
1.435855
1.435855
1.435855
1.435855
1.435855
1.435855
1.435855
1.435855
1.435855
1.435855
1.435855
1.435855
1.435855
1.435855
1.435855
1.435855
1.435855
1.435855
1.435855
1.435855
1.435855
1.435855
1.435855
1.435855
1.435855
1.435855
1.435855
1.435855
1.435855
1.435855
1.435855
1.435855
1.435855
1.435855
1.435855
1.435855
1.435855
1.435855
1.435855
1.435855
1.435855
1.435855
1.435855
-1.435854
-1.435854
-1.435854
-1.435854
-1.435854
-1.435854
-1.435854
-1.435854
-1.435854
-1.435854
-1.435854
-1.435854
-1.435854
-1.435854
-1.435854
-1.435854
-1.435854
-1.435854
-1.435854
-1.435854
-1.435854
-1.435854
-1.435854
-1.435854
-1.435854
-1.435854
-1.435854
-1.435854
-1.435854
-1.435854
-1.435854
-1.435854
-1.435854
-1.435854
-1.435854
-1.435854
-1.435854
-1.435854
-1.435854
-1.435854
-1.435854
-1.435854
-1.435854
-1.435854
-1.435854
-1.435854
-1.435854
-1.435854
-1.435854
-1.435854
-1.435854
-1.435854
-1.435854
-1.435854
-1.435854
-1.435854
-1.435854
-1.435854
-1.435854
-1.435854
-1.435854
-1.435854
-1.435854
-1.435854
