1.4355759999999993
1.432226
1.4315660000000001
1.4354320000000005
1.4355759999999993
1.432226
1.4315660000000001
1.4354320000000005
1.4355759999999993
1.432226
1.4315660000000001
1.4354320000000005
1.4355759999999993
1.432226
1.4315660000000001
1.4354320000000005
1.4355759999999993
1.432226
1.4315660000000001
1.4354320000000005
1.4355759999999993
1.432226
1.4315660000000001
1.4354320000000005
1.4355759999999993
1.432226
1.4315660000000001
1.4354320000000005
1.4355759999999993
1.432226
1.4315660000000001
1.4354320000000005
1.4355759999999993
1.432226
1.4315660000000001
1.4354320000000005
1.4355759999999993
1.432226
1.4315660000000001
1.4354320000000005
1.4355759999999993
1.432226
1.4315660000000001
1.4354320000000005
1.4355759999999993
1.432226
1.4315660000000001
1.4354320000000005
1.4355759999999993
1.432226
1.4315660000000001
1.4354320000000005
1.4355759999999993
1.432226
1.4315660000000001
1.4354320000000005
1.4355759999999993
1.432226
1.4315660000000001
1.4354320000000005
1.4355759999999993
1.432226
1.4315660000000001
1.4354320000000005
1.4355759999999993
1.432226
1.4315660000000001
1.4354320000000005
1.4355759999999993
1.432226
1.4315660000000001
1.4354320000000005
1.4355759999999993
1.432226
1.4315660000000001
1.4354320000000005
1.4355759999999993
1.432226
1.4315660000000001
1.4354320000000005
1.4355759999999993
1.432226
1.4315660000000001
1.4354320000000005
1.4355759999999993
1.432226
1.4315660000000001
1.4354320000000005
1.4355759999999993
1.432226
1.4315660000000001
1.4354320000000005
1.4355759999999993
1.432226
1.4315660000000001
1.4354320000000005
1.4355759999999993
1.432226
1.4315660000000001
1.4354320000000005
1.4355759999999993
1.432226
1.4315660000000001
1.4354320000000005
1.4355759999999993
1.432226
1.4315660000000001
1.4354320000000005
1.4355759999999993
1.432226
1.4315660000000001
1.4354320000000005
1.4355759999999993
1.432226
1.4315660000000001
1.4354320000000005
1.4355759999999993
1.432226
1.4315660000000001
1.4354320000000005
1.4355759999999993
1.432226
1.4315660000000001
1.4354320000000005
1.4355759999999993
1.432226
1.4315660000000001
1.4354320000000005
1.4355759999999993
1.432226
1.4315660000000001
1.4354320000000005
1.4355759999999993
1.432226
1.4315660000000001
1.4354320000000005
1.4355759999999993
1.432226
1.4315660000000001
1.4354320000000005
1.4355759999999993
1.432226
1.4315660000000001
1.4354320000000005
-1.4328409999999998
-1.4332279999999997
-1.4346420000000002
-1.4340859999999997
-1.4328409999999998
-1.4332279999999997
-1.4346420000000002
-1.4340859999999997
-1.4328409999999998
-1.4332279999999997
-1.4346420000000002
-1.4340859999999997
-1.4328409999999998
-1.4332279999999997
-1.4346420000000002
-1.4340859999999997
-1.4328409999999998
-1.4332279999999997
-1.4346420000000002
-1.4340859999999997
-1.4328409999999998
-1.4332279999999997
-1.4346420000000002
-1.4340859999999997
-1.4328409999999998
-1.4332279999999997
-1.4346420000000002
-1.4340859999999997
-1.4328409999999998
-1.4332279999999997
-1.4346420000000002
-1.4340859999999997
-1.4328409999999998
-1.4332279999999997
-1.4346420000000002
-1.4340859999999997
-1.4328409999999998
-1.4332279999999997
-1.4346420000000002
-1.4340859999999997
-1.4328409999999998
-1.4332279999999997
-1.4346420000000002
-1.4340859999999997
-1.4328409999999998
-1.4332279999999997
-1.4346420000000002
-1.4340859999999997
-1.4328409999999998
-1.4332279999999997
-1.4346420000000002
-1.4340859999999997
-1.4328409999999998
-1.4332279999999997
-1.4346420000000002
-1.4340859999999997
-1.4328409999999998
-1.4332279999999997
-1.4346420000000002
-1.4340859999999997
-1.4328409999999998
-1.4332279999999997
-1.4346420000000002
-1.4340859999999997
-1.4328409999999998
-1.4332279999999997
-1.4346420000000002
-1.4340859999999997
-1.4328409999999998
-1.4332279999999997
-1.4346420000000002
-1.4340859999999997
-1.4328409999999998
-1.4332279999999997
-1.4346420000000002
-1.4340859999999997
-1.4328409999999998
-1.4332279999999997
-1.4346420000000002
-1.4340859999999997
-1.4328409999999998
-1.4332279999999997
-1.4346420000000002
-1.4340859999999997
-1.4328409999999998
-1.4332279999999997
-1.4346420000000002
-1.4340859999999997
-1.4328409999999998
-1.4332279999999997
-1.4346420000000002
-1.4340859999999997
-1.4328409999999998
-1.4332279999999997
-1.4346420000000002
-1.4340859999999997
-1.4328409999999998
-1.4332279999999997
-1.4346420000000002
-1.4340859999999997
-1.4328409999999998
-1.4332279999999997
-1.4346420000000002
-1.4340859999999997
-1.4328409999999998
-1.4332279999999997
-1.4346420000000002
-1.4340859999999997
-1.4328409999999998
-1.4332279999999997
-1.4346420000000002
-1.4340859999999997
-1.4328409999999998
-1.4332279999999997
-1.4346420000000002
-1.4340859999999997
-1.4328409999999998
-1.4332279999999997
-1.4346420000000002
-1.4340859999999997
-1.4328409999999998
-1.4332279999999997
-1.4346420000000002
-1.4340859999999997
-1.4328409999999998
-1.4332279999999997
-1.4346420000000002
-1.4340859999999997
-1.4328409999999998
-1.4332279999999997
-1.4346420000000002
-1.4340859999999997
-1.4328409999999998
-1.4332279999999997
-1.4346420000000002
-1.4340859999999997
-1.4328409999999998
-1.4332279999999997
-1.4346420000000002
-1.4340859999999997
-1.4328409999999998
-1.4332279999999997
-1.4346420000000002
-1.4340859999999997
