1.3881180000000004
1.3649500000000003
1.3881180000000004
1.3649500000000003
1.3881180000000004
1.3649500000000003
1.3881180000000004
1.3649500000000003
1.3881180000000004
1.3649500000000003
1.3881180000000004
1.3649500000000003
1.3881180000000004
1.3649500000000003
1.3881180000000004
1.3649500000000003
1.3881180000000004
1.3649500000000003
1.3881180000000004
1.3649500000000003
1.3881180000000004
1.3649500000000003
1.3881180000000004
1.3649500000000003
1.3881180000000004
1.3649500000000003
1.3881180000000004
1.3649500000000003
1.3881180000000004
1.3649500000000003
1.3881180000000004
1.3649500000000003
1.3881180000000004
1.3649500000000003
1.3881180000000004
1.3649500000000003
1.3881180000000004
1.3649500000000003
1.3881180000000004
1.3649500000000003
1.3881180000000004
1.3649500000000003
1.3881180000000004
1.3649500000000003
1.3881180000000004
1.3649500000000003
1.3881180000000004
1.3649500000000003
1.3881180000000004
1.3649500000000003
1.3881180000000004
1.3649500000000003
1.3881180000000004
1.3649500000000003
1.3881180000000004
1.3649500000000003
1.3881180000000004
1.3649500000000003
1.3881180000000004
1.3649500000000003
1.3881180000000004
1.3649500000000003
1.3881180000000004
1.3649500000000003
1.3881180000000004
1.3649500000000003
1.3881180000000004
1.3649500000000003
1.3881180000000004
1.3649500000000003
1.3881180000000004
1.3649500000000003
1.3881180000000004
1.3649500000000003
1.3881180000000004
1.3649500000000003
1.3881180000000004
1.3649500000000003
1.3881180000000004
1.3649500000000003
1.3881180000000004
1.3649500000000003
1.3881180000000004
1.3649500000000003
1.3881180000000004
1.3649500000000003
1.3881180000000004
1.3649500000000003
1.3881180000000004
1.3649500000000003
1.3881180000000004
1.3649500000000003
1.3881180000000004
1.3649500000000003
1.3881180000000004
1.3649500000000003
1.3881180000000004
1.3649500000000003
1.3881180000000004
1.3649500000000003
1.3881180000000004
1.3649500000000003
1.3881180000000004
1.3649500000000003
1.3881180000000004
1.3649500000000003
1.3881180000000004
1.3649500000000003
1.3881180000000004
1.3649500000000003
1.3881180000000004
1.3649500000000003
1.3881180000000004
1.3649500000000003
1.3881180000000004
1.3649500000000003
1.3881180000000004
1.3649500000000003
1.3881180000000004
1.3649500000000003
-1.380623
-1.372445
-1.380623
-1.372445
-1.380623
-1.372445
-1.380623
-1.372445
-1.380623
-1.372445
-1.380623
-1.372445
-1.380623
-1.372445
-1.380623
-1.372445
-1.380623
-1.372445
-1.380623
-1.372445
-1.380623
-1.372445
-1.380623
-1.372445
-1.380623
-1.372445
-1.380623
-1.372445
-1.380623
-1.372445
-1.380623
-1.372445
-1.380623
-1.372445
-1.380623
-1.372445
-1.380623
-1.372445
-1.380623
-1.372445
-1.380623
-1.372445
-1.380623
-1.372445
-1.380623
-1.372445
-1.380623
-1.372445
-1.380623
-1.372445
-1.380623
-1.372445
-1.380623
-1.372445
-1.380623
-1.372445
-1.380623
-1.372445
-1.380623
-1.372445
-1.380623
-1.372445
-1.380623
-1.372445
-1.380623
-1.372445
-1.380623
-1.372445
-1.380623
-1.372445
-1.380623
-1.372445
-1.380623
-1.372445
-1.380623
-1.372445
-1.380623
-1.372445
-1.380623
-1.372445
-1.380623
-1.372445
-1.380623
-1.372445
-1.380623
-1.372445
-1.380623
-1.372445
-1.380623
-1.372445
-1.380623
-1.372445
-1.380623
-1.372445
-1.380623
-1.372445
-1.380623
-1.372445
-1.380623
-1.372445
-1.380623
-1.372445
-1.380623
-1.372445
-1.380623
-1.372445
-1.380623
-1.372445
-1.380623
-1.372445
-1.380623
-1.372445
-1.380623
-1.372445
-1.380623
-1.372445
-1.380623
-1.372445
-1.380623
-1.372445
