1.4041490000000003
1.4134659999999997
1.3957929999999994
1.4128240000000005
1.4041490000000003
1.4134659999999997
1.3957929999999994
1.4128240000000005
1.4041490000000003
1.4134659999999997
1.3957929999999994
1.4128240000000005
1.4041490000000003
1.4134659999999997
1.3957929999999994
1.4128240000000005
1.4041490000000003
1.4134659999999997
1.3957929999999994
1.4128240000000005
1.4041490000000003
1.4134659999999997
1.3957929999999994
1.4128240000000005
1.4041490000000003
1.4134659999999997
1.3957929999999994
1.4128240000000005
1.4041490000000003
1.4134659999999997
1.3957929999999994
1.4128240000000005
1.4041490000000003
1.4134659999999997
1.3957929999999994
1.4128240000000005
1.4041490000000003
1.4134659999999997
1.3957929999999994
1.4128240000000005
1.4041490000000003
1.4134659999999997
1.3957929999999994
1.4128240000000005
1.4041490000000003
1.4134659999999997
1.3957929999999994
1.4128240000000005
1.4041490000000003
1.4134659999999997
1.3957929999999994
1.4128240000000005
1.4041490000000003
1.4134659999999997
1.3957929999999994
1.4128240000000005
1.4041490000000003
1.4134659999999997
1.3957929999999994
1.4128240000000005
1.4041490000000003
1.4134659999999997
1.3957929999999994
1.4128240000000005
1.4041490000000003
1.4134659999999997
1.3957929999999994
1.4128240000000005
1.4041490000000003
1.4134659999999997
1.3957929999999994
1.4128240000000005
1.4041490000000003
1.4134659999999997
1.3957929999999994
1.4128240000000005
1.4041490000000003
1.4134659999999997
1.3957929999999994
1.4128240000000005
1.4041490000000003
1.4134659999999997
1.3957929999999994
1.4128240000000005
1.4041490000000003
1.4134659999999997
1.3957929999999994
1.4128240000000005
1.4041490000000003
1.4134659999999997
1.3957929999999994
1.4128240000000005
1.4041490000000003
1.4134659999999997
1.3957929999999994
1.4128240000000005
1.4041490000000003
1.4134659999999997
1.3957929999999994
1.4128240000000005
1.4041490000000003
1.4134659999999997
1.3957929999999994
1.4128240000000005
1.4041490000000003
1.4134659999999997
1.3957929999999994
1.4128240000000005
1.4041490000000003
1.4134659999999997
1.3957929999999994
1.4128240000000005
1.4041490000000003
1.4134659999999997
1.3957929999999994
1.4128240000000005
1.4041490000000003
1.4134659999999997
1.3957929999999994
1.4128240000000005
1.4041490000000003
1.4134659999999997
1.3957929999999994
1.4128240000000005
1.4041490000000003
1.4134659999999997
1.3957929999999994
1.4128240000000005
1.4041490000000003
1.4134659999999997
1.3957929999999994
1.4128240000000005
1.4041490000000003
1.4134659999999997
1.3957929999999994
1.4128240000000005
1.4041490000000003
1.4134659999999997
1.3957929999999994
1.4128240000000005
1.4041490000000003
1.4134659999999997
1.3957929999999994
1.4128240000000005
-1.412357
-1.4010449999999999
-1.4114459999999998
-1.401383
-1.412357
-1.4010449999999999
-1.4114459999999998
-1.401383
-1.412357
-1.4010449999999999
-1.4114459999999998
-1.401383
-1.412357
-1.4010449999999999
-1.4114459999999998
-1.401383
-1.412357
-1.4010449999999999
-1.4114459999999998
-1.401383
-1.412357
-1.4010449999999999
-1.4114459999999998
-1.401383
-1.412357
-1.4010449999999999
-1.4114459999999998
-1.401383
-1.412357
-1.4010449999999999
-1.4114459999999998
-1.401383
-1.412357
-1.4010449999999999
-1.4114459999999998
-1.401383
-1.412357
-1.4010449999999999
-1.4114459999999998
-1.401383
-1.412357
-1.4010449999999999
-1.4114459999999998
-1.401383
-1.412357
-1.4010449999999999
-1.4114459999999998
-1.401383
-1.412357
-1.4010449999999999
-1.4114459999999998
-1.401383
-1.412357
-1.4010449999999999
-1.4114459999999998
-1.401383
-1.412357
-1.4010449999999999
-1.4114459999999998
-1.401383
-1.412357
-1.4010449999999999
-1.4114459999999998
-1.401383
-1.412357
-1.4010449999999999
-1.4114459999999998
-1.401383
-1.412357
-1.4010449999999999
-1.4114459999999998
-1.401383
-1.412357
-1.4010449999999999
-1.4114459999999998
-1.401383
-1.412357
-1.4010449999999999
-1.4114459999999998
-1.401383
-1.412357
-1.4010449999999999
-1.4114459999999998
-1.401383
-1.412357
-1.4010449999999999
-1.4114459999999998
-1.401383
-1.412357
-1.4010449999999999
-1.4114459999999998
-1.401383
-1.412357
-1.4010449999999999
-1.4114459999999998
-1.401383
-1.412357
-1.4010449999999999
-1.4114459999999998
-1.401383
-1.412357
-1.4010449999999999
-1.4114459999999998
-1.401383
-1.412357
-1.4010449999999999
-1.4114459999999998
-1.401383
-1.412357
-1.4010449999999999
-1.4114459999999998
-1.401383
-1.412357
-1.4010449999999999
-1.4114459999999998
-1.401383
-1.412357
-1.4010449999999999
-1.4114459999999998
-1.401383
-1.412357
-1.4010449999999999
-1.4114459999999998
-1.401383
-1.412357
-1.4010449999999999
-1.4114459999999998
-1.401383
-1.412357
-1.4010449999999999
-1.4114459999999998
-1.401383
-1.412357
-1.4010449999999999
-1.4114459999999998
-1.401383
-1.412357
-1.4010449999999999
-1.4114459999999998
-1.401383
-1.412357
-1.4010449999999999
-1.4114459999999998
-1.401383
