1.447737
1.4489280000000004
1.4464430000000004
1.4449570000000005
1.447737
1.4489280000000004
1.4464430000000004
1.4449570000000005
1.447737
1.4489280000000004
1.4464430000000004
1.4449570000000005
1.447737
1.4489280000000004
1.4464430000000004
1.4449570000000005
1.447737
1.4489280000000004
1.4464430000000004
1.4449570000000005
1.447737
1.4489280000000004
1.4464430000000004
1.4449570000000005
1.447737
1.4489280000000004
1.4464430000000004
1.4449570000000005
1.447737
1.4489280000000004
1.4464430000000004
1.4449570000000005
1.447737
1.4489280000000004
1.4464430000000004
1.4449570000000005
1.447737
1.4489280000000004
1.4464430000000004
1.4449570000000005
1.447737
1.4489280000000004
1.4464430000000004
1.4449570000000005
1.447737
1.4489280000000004
1.4464430000000004
1.4449570000000005
1.447737
1.4489280000000004
1.4464430000000004
1.4449570000000005
1.447737
1.4489280000000004
1.4464430000000004
1.4449570000000005
1.447737
1.4489280000000004
1.4464430000000004
1.4449570000000005
1.447737
1.4489280000000004
1.4464430000000004
1.4449570000000005
1.447737
1.4489280000000004
1.4464430000000004
1.4449570000000005
1.447737
1.4489280000000004
1.4464430000000004
1.4449570000000005
1.447737
1.4489280000000004
1.4464430000000004
1.4449570000000005
1.447737
1.4489280000000004
1.4464430000000004
1.4449570000000005
1.447737
1.4489280000000004
1.4464430000000004
1.4449570000000005
1.447737
1.4489280000000004
1.4464430000000004
1.4449570000000005
1.447737
1.4489280000000004
1.4464430000000004
1.4449570000000005
1.447737
1.4489280000000004
1.4464430000000004
1.4449570000000005
1.447737
1.4489280000000004
1.4464430000000004
1.4449570000000005
1.447737
1.4489280000000004
1.4464430000000004
1.4449570000000005
1.447737
1.4489280000000004
1.4464430000000004
1.4449570000000005
-1.4466039999999998
-1.4473159999999998
-1.4472560000000003
-1.4468889999999996
-1.4466039999999998
-1.4473159999999998
-1.4472560000000003
-1.4468889999999996
-1.4466039999999998
-1.4473159999999998
-1.4472560000000003
-1.4468889999999996
-1.4466039999999998
-1.4473159999999998
-1.4472560000000003
-1.4468889999999996
-1.4466039999999998
-1.4473159999999998
-1.4472560000000003
-1.4468889999999996
-1.4466039999999998
-1.4473159999999998
-1.4472560000000003
-1.4468889999999996
-1.4466039999999998
-1.4473159999999998
-1.4472560000000003
-1.4468889999999996
-1.4466039999999998
-1.4473159999999998
-1.4472560000000003
-1.4468889999999996
-1.4466039999999998
-1.4473159999999998
-1.4472560000000003
-1.4468889999999996
-1.4466039999999998
-1.4473159999999998
-1.4472560000000003
-1.4468889999999996
-1.4466039999999998
-1.4473159999999998
-1.4472560000000003
-1.4468889999999996
-1.4466039999999998
-1.4473159999999998
-1.4472560000000003
-1.4468889999999996
-1.4466039999999998
-1.4473159999999998
-1.4472560000000003
-1.4468889999999996
-1.4466039999999998
-1.4473159999999998
-1.4472560000000003
-1.4468889999999996
-1.4466039999999998
-1.4473159999999998
-1.4472560000000003
-1.4468889999999996
-1.4466039999999998
-1.4473159999999998
-1.4472560000000003
-1.4468889999999996
-1.4466039999999998
-1.4473159999999998
-1.4472560000000003
-1.4468889999999996
-1.4466039999999998
-1.4473159999999998
-1.4472560000000003
-1.4468889999999996
-1.4466039999999998
-1.4473159999999998
-1.4472560000000003
-1.4468889999999996
-1.4466039999999998
-1.4473159999999998
-1.4472560000000003
-1.4468889999999996
-1.4466039999999998
-1.4473159999999998
-1.4472560000000003
-1.4468889999999996
-1.4466039999999998
-1.4473159999999998
-1.4472560000000003
-1.4468889999999996
-1.4466039999999998
-1.4473159999999998
-1.4472560000000003
-1.4468889999999996
-1.4466039999999998
-1.4473159999999998
-1.4472560000000003
-1.4468889999999996
-1.4466039999999998
-1.4473159999999998
-1.4472560000000003
-1.4468889999999996
-1.4466039999999998
-1.4473159999999998
-1.4472560000000003
-1.4468889999999996
-1.4466039999999998
-1.4473159999999998
-1.4472560000000003
-1.4468889999999996
