1.0349880000000002
1.0424849999999992
1.0349880000000002
1.0424849999999992
1.0349880000000002
1.0424849999999992
1.0349880000000002
1.0424849999999992
1.0349880000000002
1.0424849999999992
1.0349880000000002
1.0424849999999992
1.0349880000000002
1.0424849999999992
1.0349880000000002
1.0424849999999992
1.0349880000000002
1.0424849999999992
1.0349880000000002
1.0424849999999992
1.0349880000000002
1.0424849999999992
1.0349880000000002
1.0424849999999992
1.0349880000000002
1.0424849999999992
1.0349880000000002
1.0424849999999992
1.0349880000000002
1.0424849999999992
1.0349880000000002
1.0424849999999992
1.0349880000000002
1.0424849999999992
1.0349880000000002
1.0424849999999992
1.0349880000000002
1.0424849999999992
1.0349880000000002
1.0424849999999992
1.0349880000000002
1.0424849999999992
1.0349880000000002
1.0424849999999992
1.0349880000000002
1.0424849999999992
1.0349880000000002
1.0424849999999992
1.0349880000000002
1.0424849999999992
1.0349880000000002
1.0424849999999992
1.0349880000000002
1.0424849999999992
1.0349880000000002
1.0424849999999992
1.0349880000000002
1.0424849999999992
1.0349880000000002
1.0424849999999992
1.0349880000000002
1.0424849999999992
1.0349880000000002
1.0424849999999992
1.0349880000000002
1.0424849999999992
1.0349880000000002
1.0424849999999992
1.0349880000000002
1.0424849999999992
1.0349880000000002
1.0424849999999992
1.0349880000000002
1.0424849999999992
1.0349880000000002
1.0424849999999992
1.0349880000000002
1.0424849999999992
1.0349880000000002
1.0424849999999992
1.0349880000000002
1.0424849999999992
1.0349880000000002
1.0424849999999992
1.0349880000000002
1.0424849999999992
1.0349880000000002
1.0424849999999992
1.0349880000000002
1.0424849999999992
1.0349880000000002
1.0424849999999992
1.0349880000000002
1.0424849999999992
1.0349880000000002
1.0424849999999992
-1.038736
-1.038736
-1.038736
-1.038736
-1.038736
-1.038736
-1.038736
-1.038736
-1.038736
-1.038736
-1.038736
-1.038736
-1.038736
-1.038736
-1.038736
-1.038736
-1.038736
-1.038736
-1.038736
-1.038736
-1.038736
-1.038736
-1.038736
-1.038736
-1.038736
-1.038736
-1.038736
-1.038736
-1.038736
-1.038736
-1.038736
-1.038736
-1.038736
-1.038736
-1.038736
-1.038736
-1.038736
-1.038736
-1.038736
-1.038736
-1.038736
-1.038736
-1.038736
-1.038736
-1.038736
-1.038736
-1.038736
-1.038736
-1.038736
-1.038736
-1.038736
-1.038736
-1.038736
-1.038736
-1.038736
-1.038736
-1.038736
-1.038736
-1.038736
-1.038736
-1.038736
-1.038736
-1.038736
-1.038736
-1.038736
-1.038736
-1.038736
-1.038736
-1.038736
-1.038736
-1.038736
-1.038736
-1.038736
-1.038736
-1.038736
-1.038736
-1.038736
-1.038736
-1.038736
-1.038736
-1.038736
-1.038736
-1.038736
-1.038736
-1.038736
-1.038736
-1.038736
-1.038736
-1.038736
-1.038736
-1.038736
-1.038736
-1.038736
-1.038736
-1.038736
-1.038736
