1.2967130000000004
1.2859990000000003
1.2967130000000004
1.2859990000000003
1.2967130000000004
1.2859990000000003
1.2967130000000004
1.2859990000000003
1.2967130000000004
1.2859990000000003
1.2967130000000004
1.2859990000000003
1.2967130000000004
1.2859990000000003
1.2967130000000004
1.2859990000000003
1.2967130000000004
1.2859990000000003
1.2967130000000004
1.2859990000000003
1.2967130000000004
1.2859990000000003
1.2967130000000004
1.2859990000000003
1.2967130000000004
1.2859990000000003
1.2967130000000004
1.2859990000000003
1.2967130000000004
1.2859990000000003
1.2967130000000004
1.2859990000000003
1.2967130000000004
1.2859990000000003
1.2967130000000004
1.2859990000000003
1.2967130000000004
1.2859990000000003
1.2967130000000004
1.2859990000000003
1.2967130000000004
1.2859990000000003
1.2967130000000004
1.2859990000000003
1.2967130000000004
1.2859990000000003
1.2967130000000004
1.2859990000000003
1.2967130000000004
1.2859990000000003
1.2967130000000004
1.2859990000000003
1.2967130000000004
1.2859990000000003
1.2967130000000004
1.2859990000000003
1.2967130000000004
1.2859990000000003
1.2967130000000004
1.2859990000000003
1.2967130000000004
1.2859990000000003
1.2967130000000004
1.2859990000000003
1.2967130000000004
1.2859990000000003
1.2967130000000004
1.2859990000000003
1.2967130000000004
1.2859990000000003
1.2967130000000004
1.2859990000000003
1.2967130000000004
1.2859990000000003
1.2967130000000004
1.2859990000000003
1.2967130000000004
1.2859990000000003
1.2967130000000004
1.2859990000000003
1.2967130000000004
1.2859990000000003
1.2967130000000004
1.2859990000000003
1.2967130000000004
1.2859990000000003
1.2967130000000004
1.2859990000000003
1.2967130000000004
1.2859990000000003
1.2967130000000004
1.2859990000000003
1.2967130000000004
1.2859990000000003
1.2967130000000004
1.2859990000000003
1.2967130000000004
1.2859990000000003
1.2967130000000004
1.2859990000000003
1.2967130000000004
1.2859990000000003
1.2967130000000004
1.2859990000000003
1.2967130000000004
1.2859990000000003
1.2967130000000004
1.2859990000000003
-1.2939850000000002
-1.288729
-1.2939850000000002
-1.288729
-1.2939850000000002
-1.288729
-1.2939850000000002
-1.288729
-1.2939850000000002
-1.288729
-1.2939850000000002
-1.288729
-1.2939850000000002
-1.288729
-1.2939850000000002
-1.288729
-1.2939850000000002
-1.288729
-1.2939850000000002
-1.288729
-1.2939850000000002
-1.288729
-1.2939850000000002
-1.288729
-1.2939850000000002
-1.288729
-1.2939850000000002
-1.288729
-1.2939850000000002
-1.288729
-1.2939850000000002
-1.288729
-1.2939850000000002
-1.288729
-1.2939850000000002
-1.288729
-1.2939850000000002
-1.288729
-1.2939850000000002
-1.288729
-1.2939850000000002
-1.288729
-1.2939850000000002
-1.288729
-1.2939850000000002
-1.288729
-1.2939850000000002
-1.288729
-1.2939850000000002
-1.288729
-1.2939850000000002
-1.288729
-1.2939850000000002
-1.288729
-1.2939850000000002
-1.288729
-1.2939850000000002
-1.288729
-1.2939850000000002
-1.288729
-1.2939850000000002
-1.288729
-1.2939850000000002
-1.288729
-1.2939850000000002
-1.288729
-1.2939850000000002
-1.288729
-1.2939850000000002
-1.288729
-1.2939850000000002
-1.288729
-1.2939850000000002
-1.288729
-1.2939850000000002
-1.288729
-1.2939850000000002
-1.288729
-1.2939850000000002
-1.288729
-1.2939850000000002
-1.288729
-1.2939850000000002
-1.288729
-1.2939850000000002
-1.288729
-1.2939850000000002
-1.288729
-1.2939850000000002
-1.288729
-1.2939850000000002
-1.288729
-1.2939850000000002
-1.288729
-1.2939850000000002
-1.288729
-1.2939850000000002
-1.288729
-1.2939850000000002
-1.288729
-1.2939850000000002
-1.288729
-1.2939850000000002
-1.288729
-1.2939850000000002
-1.288729
-1.2939850000000002
-1.288729
