1.4003840000000007
1.4141659999999998
1.4107040000000008
1.4125560000000004
1.4003840000000007
1.4141659999999998
1.4107040000000008
1.4125560000000004
1.4003840000000007
1.4141659999999998
1.4107040000000008
1.4125560000000004
1.4003840000000007
1.4141659999999998
1.4107040000000008
1.4125560000000004
1.4003840000000007
1.4141659999999998
1.4107040000000008
1.4125560000000004
1.4003840000000007
1.4141659999999998
1.4107040000000008
1.4125560000000004
1.4003840000000007
1.4141659999999998
1.4107040000000008
1.4125560000000004
1.4003840000000007
1.4141659999999998
1.4107040000000008
1.4125560000000004
1.4003840000000007
1.4141659999999998
1.4107040000000008
1.4125560000000004
1.4003840000000007
1.4141659999999998
1.4107040000000008
1.4125560000000004
1.4003840000000007
1.4141659999999998
1.4107040000000008
1.4125560000000004
1.4003840000000007
1.4141659999999998
1.4107040000000008
1.4125560000000004
1.4003840000000007
1.4141659999999998
1.4107040000000008
1.4125560000000004
1.4003840000000007
1.4141659999999998
1.4107040000000008
1.4125560000000004
1.4003840000000007
1.4141659999999998
1.4107040000000008
1.4125560000000004
1.4003840000000007
1.4141659999999998
1.4107040000000008
1.4125560000000004
1.4003840000000007
1.4141659999999998
1.4107040000000008
1.4125560000000004
1.4003840000000007
1.4141659999999998
1.4107040000000008
1.4125560000000004
1.4003840000000007
1.4141659999999998
1.4107040000000008
1.4125560000000004
1.4003840000000007
1.4141659999999998
1.4107040000000008
1.4125560000000004
1.4003840000000007
1.4141659999999998
1.4107040000000008
1.4125560000000004
1.4003840000000007
1.4141659999999998
1.4107040000000008
1.4125560000000004
1.4003840000000007
1.4141659999999998
1.4107040000000008
1.4125560000000004
1.4003840000000007
1.4141659999999998
1.4107040000000008
1.4125560000000004
1.4003840000000007
1.4141659999999998
1.4107040000000008
1.4125560000000004
1.4003840000000007
1.4141659999999998
1.4107040000000008
1.4125560000000004
1.4003840000000007
1.4141659999999998
1.4107040000000008
1.4125560000000004
1.4003840000000007
1.4141659999999998
1.4107040000000008
1.4125560000000004
1.4003840000000007
1.4141659999999998
1.4107040000000008
1.4125560000000004
1.4003840000000007
1.4141659999999998
1.4107040000000008
1.4125560000000004
1.4003840000000007
1.4141659999999998
1.4107040000000008
1.4125560000000004
1.4003840000000007
1.4141659999999998
1.4107040000000008
1.4125560000000004
1.4003840000000007
1.4141659999999998
1.4107040000000008
1.4125560000000004
1.4003840000000007
1.4141659999999998
1.4107040000000008
1.4125560000000004
1.4003840000000007
1.4141659999999998
1.4107040000000008
1.4125560000000004
1.4003840000000007
1.4141659999999998
1.4107040000000008
1.4125560000000004
1.4003840000000007
1.4141659999999998
1.4107040000000008
1.4125560000000004
1.4003840000000007
1.4141659999999998
1.4107040000000008
1.4125560000000004
1.4003840000000007
1.4141659999999998
1.4107040000000008
1.4125560000000004
1.4003840000000007
1.4141659999999998
1.4107040000000008
1.4125560000000004
1.4003840000000007
1.4141659999999998
1.4107040000000008
1.4125560000000004
1.4003840000000007
1.4141659999999998
1.4107040000000008
1.4125560000000004
1.4003840000000007
1.4141659999999998
1.4107040000000008
1.4125560000000004
1.4003840000000007
1.4141659999999998
1.4107040000000008
1.4125560000000004
1.4003840000000007
1.4141659999999998
1.4107040000000008
1.4125560000000004
1.4003840000000007
1.4141659999999998
1.4107040000000008
1.4125560000000004
1.4003840000000007
1.4141659999999998
1.4107040000000008
1.4125560000000004
1.4003840000000007
1.4141659999999998
1.4107040000000008
1.4125560000000004
-1.4118589999999998
-1.3994239999999998
-1.4131340000000003
-1.413392
-1.4118589999999998
-1.3994239999999998
-1.4131340000000003
-1.413392
-1.4118589999999998
-1.3994239999999998
-1.4131340000000003
-1.413392
-1.4118589999999998
-1.3994239999999998
-1.4131340000000003
-1.413392
-1.4118589999999998
-1.3994239999999998
-1.4131340000000003
-1.413392
-1.4118589999999998
-1.3994239999999998
-1.4131340000000003
-1.413392
-1.4118589999999998
-1.3994239999999998
-1.4131340000000003
-1.413392
-1.4118589999999998
-1.3994239999999998
-1.4131340000000003
-1.413392
-1.4118589999999998
-1.3994239999999998
-1.4131340000000003
-1.413392
-1.4118589999999998
-1.3994239999999998
-1.4131340000000003
-1.413392
-1.4118589999999998
-1.3994239999999998
-1.4131340000000003
-1.413392
-1.4118589999999998
-1.3994239999999998
-1.4131340000000003
-1.413392
-1.4118589999999998
-1.3994239999999998
-1.4131340000000003
-1.413392
-1.4118589999999998
-1.3994239999999998
-1.4131340000000003
-1.413392
-1.4118589999999998
-1.3994239999999998
-1.4131340000000003
-1.413392
-1.4118589999999998
-1.3994239999999998
-1.4131340000000003
-1.413392
-1.4118589999999998
-1.3994239999999998
-1.4131340000000003
-1.413392
-1.4118589999999998
-1.3994239999999998
-1.4131340000000003
-1.413392
-1.4118589999999998
-1.3994239999999998
-1.4131340000000003
-1.413392
-1.4118589999999998
-1.3994239999999998
-1.4131340000000003
-1.413392
-1.4118589999999998
-1.3994239999999998
-1.4131340000000003
-1.413392
-1.4118589999999998
-1.3994239999999998
-1.4131340000000003
-1.413392
-1.4118589999999998
-1.3994239999999998
-1.4131340000000003
-1.413392
-1.4118589999999998
-1.3994239999999998
-1.4131340000000003
-1.413392
-1.4118589999999998
-1.3994239999999998
-1.4131340000000003
-1.413392
-1.4118589999999998
-1.3994239999999998
-1.4131340000000003
-1.413392
-1.4118589999999998
-1.3994239999999998
-1.4131340000000003
-1.413392
-1.4118589999999998
-1.3994239999999998
-1.4131340000000003
-1.413392
-1.4118589999999998
-1.3994239999999998
-1.4131340000000003
-1.413392
-1.4118589999999998
-1.3994239999999998
-1.4131340000000003
-1.413392
-1.4118589999999998
-1.3994239999999998
-1.4131340000000003
-1.413392
-1.4118589999999998
-1.3994239999999998
-1.4131340000000003
-1.413392
-1.4118589999999998
-1.3994239999999998
-1.4131340000000003
-1.413392
-1.4118589999999998
-1.3994239999999998
-1.4131340000000003
-1.413392
-1.4118589999999998
-1.3994239999999998
-1.4131340000000003
-1.413392
-1.4118589999999998
-1.3994239999999998
-1.4131340000000003
-1.413392
-1.4118589999999998
-1.3994239999999998
-1.4131340000000003
-1.413392
-1.4118589999999998
-1.3994239999999998
-1.4131340000000003
-1.413392
-1.4118589999999998
-1.3994239999999998
-1.4131340000000003
-1.413392
-1.4118589999999998
-1.3994239999999998
-1.4131340000000003
-1.413392
-1.4118589999999998
-1.3994239999999998
-1.4131340000000003
-1.413392
-1.4118589999999998
-1.3994239999999998
-1.4131340000000003
-1.413392
-1.4118589999999998
-1.3994239999999998
-1.4131340000000003
-1.413392
-1.4118589999999998
-1.3994239999999998
-1.4131340000000003
-1.413392
-1.4118589999999998
-1.3994239999999998
-1.4131340000000003
-1.413392
-1.4118589999999998
-1.3994239999999998
-1.4131340000000003
-1.413392
-1.4118589999999998
-1.3994239999999998
-1.4131340000000003
-1.413392
-1.4118589999999998
-1.3994239999999998
-1.4131340000000003
-1.413392
