1.3018470000000004
1.3018470000000004
1.3018470000000004
1.3018470000000004
1.3018470000000004
1.3018470000000004
1.3018470000000004
1.3018470000000004
1.3018470000000004
1.3018470000000004
1.3018470000000004
1.3018470000000004
1.3018470000000004
1.3018470000000004
1.3018470000000004
1.3018470000000004
1.3018470000000004
1.3018470000000004
1.3018470000000004
1.3018470000000004
1.3018470000000004
1.3018470000000004
1.3018470000000004
1.3018470000000004
1.3018470000000004
1.3018470000000004
1.3018470000000004
1.3018470000000004
1.3018470000000004
1.3018470000000004
1.3018470000000004
1.3018470000000004
1.3018470000000004
1.3018470000000004
1.3018470000000004
1.3018470000000004
1.3018470000000004
1.3018470000000004
1.3018470000000004
1.3018470000000004
1.3018470000000004
1.3018470000000004
1.3018470000000004
1.3018470000000004
1.3018470000000004
1.3018470000000004
1.3018470000000004
1.3018470000000004
1.3018470000000004
1.3018470000000004
1.3018470000000004
1.3018470000000004
1.3018470000000004
1.3018470000000004
1.3018470000000004
1.3018470000000004
1.3018470000000004
1.3018470000000004
1.3018470000000004
1.3018470000000004
1.3018470000000004
1.3018470000000004
1.3018470000000004
1.3018470000000004
-1.3018470000000004
-1.3018470000000004
-1.3018470000000004
-1.3018470000000004
-1.3018470000000004
-1.3018470000000004
-1.3018470000000004
-1.3018470000000004
-1.3018470000000004
-1.3018470000000004
-1.3018470000000004
-1.3018470000000004
-1.3018470000000004
-1.3018470000000004
-1.3018470000000004
-1.3018470000000004
-1.3018470000000004
-1.3018470000000004
-1.3018470000000004
-1.3018470000000004
-1.3018470000000004
-1.3018470000000004
-1.3018470000000004
-1.3018470000000004
-1.3018470000000004
-1.3018470000000004
-1.3018470000000004
-1.3018470000000004
-1.3018470000000004
-1.3018470000000004
-1.3018470000000004
-1.3018470000000004
-1.3018470000000004
-1.3018470000000004
-1.3018470000000004
-1.3018470000000004
-1.3018470000000004
-1.3018470000000004
-1.3018470000000004
-1.3018470000000004
-1.3018470000000004
-1.3018470000000004
-1.3018470000000004
-1.3018470000000004
-1.3018470000000004
-1.3018470000000004
-1.3018470000000004
-1.3018470000000004
-1.3018470000000004
-1.3018470000000004
-1.3018470000000004
-1.3018470000000004
-1.3018470000000004
-1.3018470000000004
-1.3018470000000004
-1.3018470000000004
-1.3018470000000004
-1.3018470000000004
-1.3018470000000004
-1.3018470000000004
-1.3018470000000004
-1.3018470000000004
-1.3018470000000004
-1.3018470000000004
