1.4402709999999992
1.441979
1.4367059999999992
1.4354370000000003
1.4402709999999992
1.441979
1.4367059999999992
1.4354370000000003
1.4402709999999992
1.441979
1.4367059999999992
1.4354370000000003
1.4402709999999992
1.441979
1.4367059999999992
1.4354370000000003
1.4402709999999992
1.441979
1.4367059999999992
1.4354370000000003
1.4402709999999992
1.441979
1.4367059999999992
1.4354370000000003
1.4402709999999992
1.441979
1.4367059999999992
1.4354370000000003
1.4402709999999992
1.441979
1.4367059999999992
1.4354370000000003
1.4402709999999992
1.441979
1.4367059999999992
1.4354370000000003
1.4402709999999992
1.441979
1.4367059999999992
1.4354370000000003
1.4402709999999992
1.441979
1.4367059999999992
1.4354370000000003
1.4402709999999992
1.441979
1.4367059999999992
1.4354370000000003
1.4402709999999992
1.441979
1.4367059999999992
1.4354370000000003
1.4402709999999992
1.441979
1.4367059999999992
1.4354370000000003
1.4402709999999992
1.441979
1.4367059999999992
1.4354370000000003
1.4402709999999992
1.441979
1.4367059999999992
1.4354370000000003
1.4402709999999992
1.441979
1.4367059999999992
1.4354370000000003
1.4402709999999992
1.441979
1.4367059999999992
1.4354370000000003
1.4402709999999992
1.441979
1.4367059999999992
1.4354370000000003
1.4402709999999992
1.441979
1.4367059999999992
1.4354370000000003
1.4402709999999992
1.441979
1.4367059999999992
1.4354370000000003
1.4402709999999992
1.441979
1.4367059999999992
1.4354370000000003
1.4402709999999992
1.441979
1.4367059999999992
1.4354370000000003
1.4402709999999992
1.441979
1.4367059999999992
1.4354370000000003
1.4402709999999992
1.441979
1.4367059999999992
1.4354370000000003
1.4402709999999992
1.441979
1.4367059999999992
1.4354370000000003
1.4402709999999992
1.441979
1.4367059999999992
1.4354370000000003
1.4402709999999992
1.441979
1.4367059999999992
1.4354370000000003
1.4402709999999992
1.441979
1.4367059999999992
1.4354370000000003
1.4402709999999992
1.441979
1.4367059999999992
1.4354370000000003
1.4402709999999992
1.441979
1.4367059999999992
1.4354370000000003
1.4402709999999992
1.441979
1.4367059999999992
1.4354370000000003
1.4402709999999992
1.441979
1.4367059999999992
1.4354370000000003
1.4402709999999992
1.441979
1.4367059999999992
1.4354370000000003
1.4402709999999992
1.441979
1.4367059999999992
1.4354370000000003
1.4402709999999992
1.441979
1.4367059999999992
1.4354370000000003
-1.438307
-1.436058
-1.441694
-1.4383369999999998
-1.438307
-1.436058
-1.441694
-1.4383369999999998
-1.438307
-1.436058
-1.441694
-1.4383369999999998
-1.438307
-1.436058
-1.441694
-1.4383369999999998
-1.438307
-1.436058
-1.441694
-1.4383369999999998
-1.438307
-1.436058
-1.441694
-1.4383369999999998
-1.438307
-1.436058
-1.441694
-1.4383369999999998
-1.438307
-1.436058
-1.441694
-1.4383369999999998
-1.438307
-1.436058
-1.441694
-1.4383369999999998
-1.438307
-1.436058
-1.441694
-1.4383369999999998
-1.438307
-1.436058
-1.441694
-1.4383369999999998
-1.438307
-1.436058
-1.441694
-1.4383369999999998
-1.438307
-1.436058
-1.441694
-1.4383369999999998
-1.438307
-1.436058
-1.441694
-1.4383369999999998
-1.438307
-1.436058
-1.441694
-1.4383369999999998
-1.438307
-1.436058
-1.441694
-1.4383369999999998
-1.438307
-1.436058
-1.441694
-1.4383369999999998
-1.438307
-1.436058
-1.441694
-1.4383369999999998
-1.438307
-1.436058
-1.441694
-1.4383369999999998
-1.438307
-1.436058
-1.441694
-1.4383369999999998
-1.438307
-1.436058
-1.441694
-1.4383369999999998
-1.438307
-1.436058
-1.441694
-1.4383369999999998
-1.438307
-1.436058
-1.441694
-1.4383369999999998
-1.438307
-1.436058
-1.441694
-1.4383369999999998
-1.438307
-1.436058
-1.441694
-1.4383369999999998
-1.438307
-1.436058
-1.441694
-1.4383369999999998
-1.438307
-1.436058
-1.441694
-1.4383369999999998
-1.438307
-1.436058
-1.441694
-1.4383369999999998
-1.438307
-1.436058
-1.441694
-1.4383369999999998
-1.438307
-1.436058
-1.441694
-1.4383369999999998
-1.438307
-1.436058
-1.441694
-1.4383369999999998
-1.438307
-1.436058
-1.441694
-1.4383369999999998
-1.438307
-1.436058
-1.441694
-1.4383369999999998
-1.438307
-1.436058
-1.441694
-1.4383369999999998
-1.438307
-1.436058
-1.441694
-1.4383369999999998
-1.438307
-1.436058
-1.441694
-1.4383369999999998
