1.3616919999999997
1.3826859999999996
1.3616919999999997
1.3826859999999996
1.3616919999999997
1.3826859999999996
1.3616919999999997
1.3826859999999996
1.3616919999999997
1.3826859999999996
1.3616919999999997
1.3826859999999996
1.3616919999999997
1.3826859999999996
1.3616919999999997
1.3826859999999996
1.3616919999999997
1.3826859999999996
1.3616919999999997
1.3826859999999996
1.3616919999999997
1.3826859999999996
1.3616919999999997
1.3826859999999996
1.3616919999999997
1.3826859999999996
1.3616919999999997
1.3826859999999996
1.3616919999999997
1.3826859999999996
1.3616919999999997
1.3826859999999996
1.3616919999999997
1.3826859999999996
1.3616919999999997
1.3826859999999996
1.3616919999999997
1.3826859999999996
1.3616919999999997
1.3826859999999996
1.3616919999999997
1.3826859999999996
1.3616919999999997
1.3826859999999996
1.3616919999999997
1.3826859999999996
1.3616919999999997
1.3826859999999996
1.3616919999999997
1.3826859999999996
1.3616919999999997
1.3826859999999996
1.3616919999999997
1.3826859999999996
1.3616919999999997
1.3826859999999996
1.3616919999999997
1.3826859999999996
1.3616919999999997
1.3826859999999996
1.3616919999999997
1.3826859999999996
1.3616919999999997
1.3826859999999996
1.3616919999999997
1.3826859999999996
1.3616919999999997
1.3826859999999996
1.3616919999999997
1.3826859999999996
1.3616919999999997
1.3826859999999996
1.3616919999999997
1.3826859999999996
1.3616919999999997
1.3826859999999996
1.3616919999999997
1.3826859999999996
1.3616919999999997
1.3826859999999996
1.3616919999999997
1.3826859999999996
1.3616919999999997
1.3826859999999996
1.3616919999999997
1.3826859999999996
1.3616919999999997
1.3826859999999996
1.3616919999999997
1.3826859999999996
1.3616919999999997
1.3826859999999996
1.3616919999999997
1.3826859999999996
1.3616919999999997
1.3826859999999996
1.3616919999999997
1.3826859999999996
1.3616919999999997
1.3826859999999996
1.3616919999999997
1.3826859999999996
1.3616919999999997
1.3826859999999996
1.3616919999999997
1.3826859999999996
1.3616919999999997
1.3826859999999996
1.3616919999999997
1.3826859999999996
1.3616919999999997
1.3826859999999996
1.3616919999999997
1.3826859999999996
1.3616919999999997
1.3826859999999996
1.3616919999999997
1.3826859999999996
1.3616919999999997
1.3826859999999996
-1.378736
-1.365641
-1.378736
-1.365641
-1.378736
-1.365641
-1.378736
-1.365641
-1.378736
-1.365641
-1.378736
-1.365641
-1.378736
-1.365641
-1.378736
-1.365641
-1.378736
-1.365641
-1.378736
-1.365641
-1.378736
-1.365641
-1.378736
-1.365641
-1.378736
-1.365641
-1.378736
-1.365641
-1.378736
-1.365641
-1.378736
-1.365641
-1.378736
-1.365641
-1.378736
-1.365641
-1.378736
-1.365641
-1.378736
-1.365641
-1.378736
-1.365641
-1.378736
-1.365641
-1.378736
-1.365641
-1.378736
-1.365641
-1.378736
-1.365641
-1.378736
-1.365641
-1.378736
-1.365641
-1.378736
-1.365641
-1.378736
-1.365641
-1.378736
-1.365641
-1.378736
-1.365641
-1.378736
-1.365641
-1.378736
-1.365641
-1.378736
-1.365641
-1.378736
-1.365641
-1.378736
-1.365641
-1.378736
-1.365641
-1.378736
-1.365641
-1.378736
-1.365641
-1.378736
-1.365641
-1.378736
-1.365641
-1.378736
-1.365641
-1.378736
-1.365641
-1.378736
-1.365641
-1.378736
-1.365641
-1.378736
-1.365641
-1.378736
-1.365641
-1.378736
-1.365641
-1.378736
-1.365641
-1.378736
-1.365641
-1.378736
-1.365641
-1.378736
-1.365641
-1.378736
-1.365641
-1.378736
-1.365641
-1.378736
-1.365641
-1.378736
-1.365641
-1.378736
-1.365641
-1.378736
-1.365641
-1.378736
-1.365641
-1.378736
-1.365641
