1.3809620000000002
1.3798709999999996
1.3809620000000002
1.3798709999999996
1.3809620000000002
1.3798709999999996
1.3809620000000002
1.3798709999999996
1.3809620000000002
1.3798709999999996
1.3809620000000002
1.3798709999999996
1.3809620000000002
1.3798709999999996
1.3809620000000002
1.3798709999999996
1.3809620000000002
1.3798709999999996
1.3809620000000002
1.3798709999999996
1.3809620000000002
1.3798709999999996
1.3809620000000002
1.3798709999999996
1.3809620000000002
1.3798709999999996
1.3809620000000002
1.3798709999999996
1.3809620000000002
1.3798709999999996
1.3809620000000002
1.3798709999999996
1.3809620000000002
1.3798709999999996
1.3809620000000002
1.3798709999999996
1.3809620000000002
1.3798709999999996
1.3809620000000002
1.3798709999999996
1.3809620000000002
1.3798709999999996
1.3809620000000002
1.3798709999999996
1.3809620000000002
1.3798709999999996
1.3809620000000002
1.3798709999999996
1.3809620000000002
1.3798709999999996
1.3809620000000002
1.3798709999999996
1.3809620000000002
1.3798709999999996
1.3809620000000002
1.3798709999999996
1.3809620000000002
1.3798709999999996
1.3809620000000002
1.3798709999999996
1.3809620000000002
1.3798709999999996
1.3809620000000002
1.3798709999999996
1.3809620000000002
1.3798709999999996
1.3809620000000002
1.3798709999999996
1.3809620000000002
1.3798709999999996
1.3809620000000002
1.3798709999999996
1.3809620000000002
1.3798709999999996
1.3809620000000002
1.3798709999999996
1.3809620000000002
1.3798709999999996
1.3809620000000002
1.3798709999999996
1.3809620000000002
1.3798709999999996
1.3809620000000002
1.3798709999999996
1.3809620000000002
1.3798709999999996
1.3809620000000002
1.3798709999999996
1.3809620000000002
1.3798709999999996
1.3809620000000002
1.3798709999999996
1.3809620000000002
1.3798709999999996
1.3809620000000002
1.3798709999999996
1.3809620000000002
1.3798709999999996
1.3809620000000002
1.3798709999999996
1.3809620000000002
1.3798709999999996
1.3809620000000002
1.3798709999999996
1.3809620000000002
1.3798709999999996
1.3809620000000002
1.3798709999999996
1.3809620000000002
1.3798709999999996
1.3809620000000002
1.3798709999999996
1.3809620000000002
1.3798709999999996
1.3809620000000002
1.3798709999999996
1.3809620000000002
1.3798709999999996
1.3809620000000002
1.3798709999999996
-1.3796340000000002
-1.3811989999999996
-1.3796340000000002
-1.3811989999999996
-1.3796340000000002
-1.3811989999999996
-1.3796340000000002
-1.3811989999999996
-1.3796340000000002
-1.3811989999999996
-1.3796340000000002
-1.3811989999999996
-1.3796340000000002
-1.3811989999999996
-1.3796340000000002
-1.3811989999999996
-1.3796340000000002
-1.3811989999999996
-1.3796340000000002
-1.3811989999999996
-1.3796340000000002
-1.3811989999999996
-1.3796340000000002
-1.3811989999999996
-1.3796340000000002
-1.3811989999999996
-1.3796340000000002
-1.3811989999999996
-1.3796340000000002
-1.3811989999999996
-1.3796340000000002
-1.3811989999999996
-1.3796340000000002
-1.3811989999999996
-1.3796340000000002
-1.3811989999999996
-1.3796340000000002
-1.3811989999999996
-1.3796340000000002
-1.3811989999999996
-1.3796340000000002
-1.3811989999999996
-1.3796340000000002
-1.3811989999999996
-1.3796340000000002
-1.3811989999999996
-1.3796340000000002
-1.3811989999999996
-1.3796340000000002
-1.3811989999999996
-1.3796340000000002
-1.3811989999999996
-1.3796340000000002
-1.3811989999999996
-1.3796340000000002
-1.3811989999999996
-1.3796340000000002
-1.3811989999999996
-1.3796340000000002
-1.3811989999999996
-1.3796340000000002
-1.3811989999999996
-1.3796340000000002
-1.3811989999999996
-1.3796340000000002
-1.3811989999999996
-1.3796340000000002
-1.3811989999999996
-1.3796340000000002
-1.3811989999999996
-1.3796340000000002
-1.3811989999999996
-1.3796340000000002
-1.3811989999999996
-1.3796340000000002
-1.3811989999999996
-1.3796340000000002
-1.3811989999999996
-1.3796340000000002
-1.3811989999999996
-1.3796340000000002
-1.3811989999999996
-1.3796340000000002
-1.3811989999999996
-1.3796340000000002
-1.3811989999999996
-1.3796340000000002
-1.3811989999999996
-1.3796340000000002
-1.3811989999999996
-1.3796340000000002
-1.3811989999999996
-1.3796340000000002
-1.3811989999999996
-1.3796340000000002
-1.3811989999999996
-1.3796340000000002
-1.3811989999999996
-1.3796340000000002
-1.3811989999999996
-1.3796340000000002
-1.3811989999999996
-1.3796340000000002
-1.3811989999999996
-1.3796340000000002
-1.3811989999999996
-1.3796340000000002
-1.3811989999999996
-1.3796340000000002
-1.3811989999999996
-1.3796340000000002
-1.3811989999999996
-1.3796340000000002
-1.3811989999999996
-1.3796340000000002
-1.3811989999999996
-1.3796340000000002
-1.3811989999999996
-1.3796340000000002
-1.3811989999999996
