1.3591289999999994
1.3591289999999994
1.3591289999999994
1.3591289999999994
1.3591289999999994
1.3591289999999994
1.3591289999999994
1.3591289999999994
1.3591289999999994
1.3591289999999994
1.3591289999999994
1.3591289999999994
1.3591289999999994
1.3591289999999994
1.3591289999999994
1.3591289999999994
1.3591289999999994
1.3591289999999994
1.3591289999999994
1.3591289999999994
1.3591289999999994
1.3591289999999994
1.3591289999999994
1.3591289999999994
1.3591289999999994
1.3591289999999994
1.3591289999999994
1.3591289999999994
1.3591289999999994
1.3591289999999994
1.3591289999999994
1.3591289999999994
1.3591289999999994
1.3591289999999994
1.3591289999999994
1.3591289999999994
1.3591289999999994
1.3591289999999994
1.3591289999999994
1.3591289999999994
1.3591289999999994
1.3591289999999994
1.3591289999999994
1.3591289999999994
1.3591289999999994
1.3591289999999994
1.3591289999999994
1.3591289999999994
1.3591289999999994
1.3591289999999994
1.3591289999999994
1.3591289999999994
1.3591289999999994
1.3591289999999994
-1.3591290000000003
-1.3591290000000003
-1.3591290000000003
-1.3591290000000003
-1.3591290000000003
-1.3591290000000003
-1.3591290000000003
-1.3591290000000003
-1.3591290000000003
-1.3591290000000003
-1.3591290000000003
-1.3591290000000003
-1.3591290000000003
-1.3591290000000003
-1.3591290000000003
-1.3591290000000003
-1.3591290000000003
-1.3591290000000003
-1.3591290000000003
-1.3591290000000003
-1.3591290000000003
-1.3591290000000003
-1.3591290000000003
-1.3591290000000003
-1.3591290000000003
-1.3591290000000003
-1.3591290000000003
-1.3591290000000003
-1.3591290000000003
-1.3591290000000003
-1.3591290000000003
-1.3591290000000003
-1.3591290000000003
-1.3591290000000003
-1.3591290000000003
-1.3591290000000003
-1.3591290000000003
-1.3591290000000003
-1.3591290000000003
-1.3591290000000003
-1.3591290000000003
-1.3591290000000003
-1.3591290000000003
-1.3591290000000003
-1.3591290000000003
-1.3591290000000003
-1.3591290000000003
-1.3591290000000003
-1.3591290000000003
-1.3591290000000003
-1.3591290000000003
-1.3591290000000003
-1.3591290000000003
-1.3591290000000003
