1.4202929999999991
1.4172729999999998
1.4147379999999998
1.4167360000000002
1.4202929999999991
1.4172729999999998
1.4147379999999998
1.4167360000000002
1.4202929999999991
1.4172729999999998
1.4147379999999998
1.4167360000000002
1.4202929999999991
1.4172729999999998
1.4147379999999998
1.4167360000000002
1.4202929999999991
1.4172729999999998
1.4147379999999998
1.4167360000000002
1.4202929999999991
1.4172729999999998
1.4147379999999998
1.4167360000000002
1.4202929999999991
1.4172729999999998
1.4147379999999998
1.4167360000000002
1.4202929999999991
1.4172729999999998
1.4147379999999998
1.4167360000000002
1.4202929999999991
1.4172729999999998
1.4147379999999998
1.4167360000000002
1.4202929999999991
1.4172729999999998
1.4147379999999998
1.4167360000000002
1.4202929999999991
1.4172729999999998
1.4147379999999998
1.4167360000000002
1.4202929999999991
1.4172729999999998
1.4147379999999998
1.4167360000000002
1.4202929999999991
1.4172729999999998
1.4147379999999998
1.4167360000000002
1.4202929999999991
1.4172729999999998
1.4147379999999998
1.4167360000000002
1.4202929999999991
1.4172729999999998
1.4147379999999998
1.4167360000000002
1.4202929999999991
1.4172729999999998
1.4147379999999998
1.4167360000000002
1.4202929999999991
1.4172729999999998
1.4147379999999998
1.4167360000000002
1.4202929999999991
1.4172729999999998
1.4147379999999998
1.4167360000000002
1.4202929999999991
1.4172729999999998
1.4147379999999998
1.4167360000000002
1.4202929999999991
1.4172729999999998
1.4147379999999998
1.4167360000000002
1.4202929999999991
1.4172729999999998
1.4147379999999998
1.4167360000000002
1.4202929999999991
1.4172729999999998
1.4147379999999998
1.4167360000000002
1.4202929999999991
1.4172729999999998
1.4147379999999998
1.4167360000000002
1.4202929999999991
1.4172729999999998
1.4147379999999998
1.4167360000000002
1.4202929999999991
1.4172729999999998
1.4147379999999998
1.4167360000000002
1.4202929999999991
1.4172729999999998
1.4147379999999998
1.4167360000000002
1.4202929999999991
1.4172729999999998
1.4147379999999998
1.4167360000000002
1.4202929999999991
1.4172729999999998
1.4147379999999998
1.4167360000000002
1.4202929999999991
1.4172729999999998
1.4147379999999998
1.4167360000000002
1.4202929999999991
1.4172729999999998
1.4147379999999998
1.4167360000000002
1.4202929999999991
1.4172729999999998
1.4147379999999998
1.4167360000000002
1.4202929999999991
1.4172729999999998
1.4147379999999998
1.4167360000000002
1.4202929999999991
1.4172729999999998
1.4147379999999998
1.4167360000000002
1.4202929999999991
1.4172729999999998
1.4147379999999998
1.4167360000000002
1.4202929999999991
1.4172729999999998
1.4147379999999998
1.4167360000000002
1.4202929999999991
1.4172729999999998
1.4147379999999998
1.4167360000000002
-1.4168649999999996
-1.418705
-1.4181290000000004
-1.4153380000000002
-1.4168649999999996
-1.418705
-1.4181290000000004
-1.4153380000000002
-1.4168649999999996
-1.418705
-1.4181290000000004
-1.4153380000000002
-1.4168649999999996
-1.418705
-1.4181290000000004
-1.4153380000000002
-1.4168649999999996
-1.418705
-1.4181290000000004
-1.4153380000000002
-1.4168649999999996
-1.418705
-1.4181290000000004
-1.4153380000000002
-1.4168649999999996
-1.418705
-1.4181290000000004
-1.4153380000000002
-1.4168649999999996
-1.418705
-1.4181290000000004
-1.4153380000000002
-1.4168649999999996
-1.418705
-1.4181290000000004
-1.4153380000000002
-1.4168649999999996
-1.418705
-1.4181290000000004
-1.4153380000000002
-1.4168649999999996
-1.418705
-1.4181290000000004
-1.4153380000000002
-1.4168649999999996
-1.418705
-1.4181290000000004
-1.4153380000000002
-1.4168649999999996
-1.418705
-1.4181290000000004
-1.4153380000000002
-1.4168649999999996
-1.418705
-1.4181290000000004
-1.4153380000000002
-1.4168649999999996
-1.418705
-1.4181290000000004
-1.4153380000000002
-1.4168649999999996
-1.418705
-1.4181290000000004
-1.4153380000000002
-1.4168649999999996
-1.418705
-1.4181290000000004
-1.4153380000000002
-1.4168649999999996
-1.418705
-1.4181290000000004
-1.4153380000000002
-1.4168649999999996
-1.418705
-1.4181290000000004
-1.4153380000000002
-1.4168649999999996
-1.418705
-1.4181290000000004
-1.4153380000000002
-1.4168649999999996
-1.418705
-1.4181290000000004
-1.4153380000000002
-1.4168649999999996
-1.418705
-1.4181290000000004
-1.4153380000000002
-1.4168649999999996
-1.418705
-1.4181290000000004
-1.4153380000000002
-1.4168649999999996
-1.418705
-1.4181290000000004
-1.4153380000000002
-1.4168649999999996
-1.418705
-1.4181290000000004
-1.4153380000000002
-1.4168649999999996
-1.418705
-1.4181290000000004
-1.4153380000000002
-1.4168649999999996
-1.418705
-1.4181290000000004
-1.4153380000000002
-1.4168649999999996
-1.418705
-1.4181290000000004
-1.4153380000000002
-1.4168649999999996
-1.418705
-1.4181290000000004
-1.4153380000000002
-1.4168649999999996
-1.418705
-1.4181290000000004
-1.4153380000000002
-1.4168649999999996
-1.418705
-1.4181290000000004
-1.4153380000000002
-1.4168649999999996
-1.418705
-1.4181290000000004
-1.4153380000000002
-1.4168649999999996
-1.418705
-1.4181290000000004
-1.4153380000000002
-1.4168649999999996
-1.418705
-1.4181290000000004
-1.4153380000000002
-1.4168649999999996
-1.418705
-1.4181290000000004
-1.4153380000000002
-1.4168649999999996
-1.418705
-1.4181290000000004
-1.4153380000000002
