1.0740789999999993
1.0740789999999993
1.0740789999999993
1.0740789999999993
1.0740789999999993
1.0740789999999993
1.0740789999999993
1.0740789999999993
1.0740789999999993
1.0740789999999993
1.0740789999999993
1.0740789999999993
1.0740789999999993
1.0740789999999993
1.0740789999999993
1.0740789999999993
1.0740789999999993
1.0740789999999993
1.0740789999999993
1.0740789999999993
1.0740789999999993
1.0740789999999993
1.0740789999999993
1.0740789999999993
1.0740789999999993
1.0740789999999993
1.0740789999999993
-1.0740790000000002
-1.0740790000000002
-1.0740790000000002
-1.0740790000000002
-1.0740790000000002
-1.0740790000000002
-1.0740790000000002
-1.0740790000000002
-1.0740790000000002
-1.0740790000000002
-1.0740790000000002
-1.0740790000000002
-1.0740790000000002
-1.0740790000000002
-1.0740790000000002
-1.0740790000000002
-1.0740790000000002
-1.0740790000000002
-1.0740790000000002
-1.0740790000000002
-1.0740790000000002
-1.0740790000000002
-1.0740790000000002
-1.0740790000000002
-1.0740790000000002
-1.0740790000000002
-1.0740790000000002
