1.3950580000000006
1.4122160000000008
1.3950580000000006
1.4122160000000008
1.3950580000000006
1.4122160000000008
1.3950580000000006
1.4122160000000008
1.3950580000000006
1.4122160000000008
1.3950580000000006
1.4122160000000008
1.3950580000000006
1.4122160000000008
1.3950580000000006
1.4122160000000008
1.3950580000000006
1.4122160000000008
1.3950580000000006
1.4122160000000008
1.3950580000000006
1.4122160000000008
1.3950580000000006
1.4122160000000008
1.3950580000000006
1.4122160000000008
1.3950580000000006
1.4122160000000008
1.3950580000000006
1.4122160000000008
1.3950580000000006
1.4122160000000008
1.3950580000000006
1.4122160000000008
1.3950580000000006
1.4122160000000008
1.3950580000000006
1.4122160000000008
1.3950580000000006
1.4122160000000008
1.3950580000000006
1.4122160000000008
1.3950580000000006
1.4122160000000008
1.3950580000000006
1.4122160000000008
1.3950580000000006
1.4122160000000008
1.3950580000000006
1.4122160000000008
1.3950580000000006
1.4122160000000008
1.3950580000000006
1.4122160000000008
1.3950580000000006
1.4122160000000008
1.3950580000000006
1.4122160000000008
1.3950580000000006
1.4122160000000008
1.3950580000000006
1.4122160000000008
1.3950580000000006
1.4122160000000008
1.3950580000000006
1.4122160000000008
1.3950580000000006
1.4122160000000008
1.3950580000000006
1.4122160000000008
1.3950580000000006
1.4122160000000008
1.3950580000000006
1.4122160000000008
1.3950580000000006
1.4122160000000008
1.3950580000000006
1.4122160000000008
1.3950580000000006
1.4122160000000008
1.3950580000000006
1.4122160000000008
1.3950580000000006
1.4122160000000008
1.3950580000000006
1.4122160000000008
1.3950580000000006
1.4122160000000008
1.3950580000000006
1.4122160000000008
-1.4055730000000004
-1.401701
-1.4055730000000004
-1.401701
-1.4055730000000004
-1.401701
-1.4055730000000004
-1.401701
-1.4055730000000004
-1.401701
-1.4055730000000004
-1.401701
-1.4055730000000004
-1.401701
-1.4055730000000004
-1.401701
-1.4055730000000004
-1.401701
-1.4055730000000004
-1.401701
-1.4055730000000004
-1.401701
-1.4055730000000004
-1.401701
-1.4055730000000004
-1.401701
-1.4055730000000004
-1.401701
-1.4055730000000004
-1.401701
-1.4055730000000004
-1.401701
-1.4055730000000004
-1.401701
-1.4055730000000004
-1.401701
-1.4055730000000004
-1.401701
-1.4055730000000004
-1.401701
-1.4055730000000004
-1.401701
-1.4055730000000004
-1.401701
-1.4055730000000004
-1.401701
-1.4055730000000004
-1.401701
-1.4055730000000004
-1.401701
-1.4055730000000004
-1.401701
-1.4055730000000004
-1.401701
-1.4055730000000004
-1.401701
-1.4055730000000004
-1.401701
-1.4055730000000004
-1.401701
-1.4055730000000004
-1.401701
-1.4055730000000004
-1.401701
-1.4055730000000004
-1.401701
-1.4055730000000004
-1.401701
-1.4055730000000004
-1.401701
-1.4055730000000004
-1.401701
-1.4055730000000004
-1.401701
-1.4055730000000004
-1.401701
-1.4055730000000004
-1.401701
-1.4055730000000004
-1.401701
-1.4055730000000004
-1.401701
-1.4055730000000004
-1.401701
-1.4055730000000004
-1.401701
-1.4055730000000004
-1.401701
-1.4055730000000004
-1.401701
