1.4596099999999996
1.4596099999999996
1.4596099999999996
1.4596099999999996
1.4596099999999996
1.4596099999999996
1.4596099999999996
1.4596099999999996
1.4596099999999996
1.4596099999999996
1.4596099999999996
1.4596099999999996
1.4596099999999996
1.4596099999999996
1.4596099999999996
1.4596099999999996
1.4596099999999996
1.4596099999999996
1.4596099999999996
1.4596099999999996
1.4596099999999996
1.4596099999999996
1.4596099999999996
1.4596099999999996
1.4596099999999996
1.4596099999999996
1.4596099999999996
1.4596099999999996
1.4596099999999996
1.4596099999999996
1.4596099999999996
1.4596099999999996
1.4596099999999996
1.4596099999999996
1.4596099999999996
1.4596099999999996
1.4596099999999996
1.4596099999999996
1.4596099999999996
1.4596099999999996
1.4596099999999996
1.4596099999999996
1.4596099999999996
1.4596099999999996
1.4596099999999996
1.4596099999999996
1.4596099999999996
1.4596099999999996
1.4596099999999996
1.4596099999999996
1.4596099999999996
1.4596099999999996
1.4596099999999996
1.4596099999999996
1.4596099999999996
1.4596099999999996
1.4596099999999996
1.4596099999999996
1.4596099999999996
1.4596099999999996
1.4596099999999996
1.4596099999999996
1.4596099999999996
1.4596099999999996
-1.4596109999999998
-1.4596109999999998
-1.4596109999999998
-1.4596109999999998
-1.4596109999999998
-1.4596109999999998
-1.4596109999999998
-1.4596109999999998
-1.4596109999999998
-1.4596109999999998
-1.4596109999999998
-1.4596109999999998
-1.4596109999999998
-1.4596109999999998
-1.4596109999999998
-1.4596109999999998
-1.4596109999999998
-1.4596109999999998
-1.4596109999999998
-1.4596109999999998
-1.4596109999999998
-1.4596109999999998
-1.4596109999999998
-1.4596109999999998
-1.4596109999999998
-1.4596109999999998
-1.4596109999999998
-1.4596109999999998
-1.4596109999999998
-1.4596109999999998
-1.4596109999999998
-1.4596109999999998
-1.4596109999999998
-1.4596109999999998
-1.4596109999999998
-1.4596109999999998
-1.4596109999999998
-1.4596109999999998
-1.4596109999999998
-1.4596109999999998
-1.4596109999999998
-1.4596109999999998
-1.4596109999999998
-1.4596109999999998
-1.4596109999999998
-1.4596109999999998
-1.4596109999999998
-1.4596109999999998
-1.4596109999999998
-1.4596109999999998
-1.4596109999999998
-1.4596109999999998
-1.4596109999999998
-1.4596109999999998
-1.4596109999999998
-1.4596109999999998
-1.4596109999999998
-1.4596109999999998
-1.4596109999999998
-1.4596109999999998
-1.4596109999999998
-1.4596109999999998
-1.4596109999999998
-1.4596109999999998
