1.4382859999999997
1.440538
1.4388850000000009
1.4392189999999996
1.4382859999999997
1.440538
1.4388850000000009
1.4392189999999996
1.4382859999999997
1.440538
1.4388850000000009
1.4392189999999996
1.4382859999999997
1.440538
1.4388850000000009
1.4392189999999996
1.4382859999999997
1.440538
1.4388850000000009
1.4392189999999996
1.4382859999999997
1.440538
1.4388850000000009
1.4392189999999996
1.4382859999999997
1.440538
1.4388850000000009
1.4392189999999996
1.4382859999999997
1.440538
1.4388850000000009
1.4392189999999996
1.4382859999999997
1.440538
1.4388850000000009
1.4392189999999996
1.4382859999999997
1.440538
1.4388850000000009
1.4392189999999996
1.4382859999999997
1.440538
1.4388850000000009
1.4392189999999996
1.4382859999999997
1.440538
1.4388850000000009
1.4392189999999996
1.4382859999999997
1.440538
1.4388850000000009
1.4392189999999996
1.4382859999999997
1.440538
1.4388850000000009
1.4392189999999996
1.4382859999999997
1.440538
1.4388850000000009
1.4392189999999996
1.4382859999999997
1.440538
1.4388850000000009
1.4392189999999996
1.4382859999999997
1.440538
1.4388850000000009
1.4392189999999996
1.4382859999999997
1.440538
1.4388850000000009
1.4392189999999996
1.4382859999999997
1.440538
1.4388850000000009
1.4392189999999996
1.4382859999999997
1.440538
1.4388850000000009
1.4392189999999996
1.4382859999999997
1.440538
1.4388850000000009
1.4392189999999996
1.4382859999999997
1.440538
1.4388850000000009
1.4392189999999996
1.4382859999999997
1.440538
1.4388850000000009
1.4392189999999996
1.4382859999999997
1.440538
1.4388850000000009
1.4392189999999996
1.4382859999999997
1.440538
1.4388850000000009
1.4392189999999996
1.4382859999999997
1.440538
1.4388850000000009
1.4392189999999996
1.4382859999999997
1.440538
1.4388850000000009
1.4392189999999996
1.4382859999999997
1.440538
1.4388850000000009
1.4392189999999996
1.4382859999999997
1.440538
1.4388850000000009
1.4392189999999996
1.4382859999999997
1.440538
1.4388850000000009
1.4392189999999996
1.4382859999999997
1.440538
1.4388850000000009
1.4392189999999996
1.4382859999999997
1.440538
1.4388850000000009
1.4392189999999996
1.4382859999999997
1.440538
1.4388850000000009
1.4392189999999996
1.4382859999999997
1.440538
1.4388850000000009
1.4392189999999996
1.4382859999999997
1.440538
1.4388850000000009
1.4392189999999996
1.4382859999999997
1.440538
1.4388850000000009
1.4392189999999996
-1.439197
-1.438581
-1.4404139999999996
-1.4387340000000002
-1.439197
-1.438581
-1.4404139999999996
-1.4387340000000002
-1.439197
-1.438581
-1.4404139999999996
-1.4387340000000002
-1.439197
-1.438581
-1.4404139999999996
-1.4387340000000002
-1.439197
-1.438581
-1.4404139999999996
-1.4387340000000002
-1.439197
-1.438581
-1.4404139999999996
-1.4387340000000002
-1.439197
-1.438581
-1.4404139999999996
-1.4387340000000002
-1.439197
-1.438581
-1.4404139999999996
-1.4387340000000002
-1.439197
-1.438581
-1.4404139999999996
-1.4387340000000002
-1.439197
-1.438581
-1.4404139999999996
-1.4387340000000002
-1.439197
-1.438581
-1.4404139999999996
-1.4387340000000002
-1.439197
-1.438581
-1.4404139999999996
-1.4387340000000002
-1.439197
-1.438581
-1.4404139999999996
-1.4387340000000002
-1.439197
-1.438581
-1.4404139999999996
-1.4387340000000002
-1.439197
-1.438581
-1.4404139999999996
-1.4387340000000002
-1.439197
-1.438581
-1.4404139999999996
-1.4387340000000002
-1.439197
-1.438581
-1.4404139999999996
-1.4387340000000002
-1.439197
-1.438581
-1.4404139999999996
-1.4387340000000002
-1.439197
-1.438581
-1.4404139999999996
-1.4387340000000002
-1.439197
-1.438581
-1.4404139999999996
-1.4387340000000002
-1.439197
-1.438581
-1.4404139999999996
-1.4387340000000002
-1.439197
-1.438581
-1.4404139999999996
-1.4387340000000002
-1.439197
-1.438581
-1.4404139999999996
-1.4387340000000002
-1.439197
-1.438581
-1.4404139999999996
-1.4387340000000002
-1.439197
-1.438581
-1.4404139999999996
-1.4387340000000002
-1.439197
-1.438581
-1.4404139999999996
-1.4387340000000002
-1.439197
-1.438581
-1.4404139999999996
-1.4387340000000002
-1.439197
-1.438581
-1.4404139999999996
-1.4387340000000002
-1.439197
-1.438581
-1.4404139999999996
-1.4387340000000002
-1.439197
-1.438581
-1.4404139999999996
-1.4387340000000002
-1.439197
-1.438581
-1.4404139999999996
-1.4387340000000002
-1.439197
-1.438581
-1.4404139999999996
-1.4387340000000002
-1.439197
-1.438581
-1.4404139999999996
-1.4387340000000002
-1.439197
-1.438581
-1.4404139999999996
-1.4387340000000002
-1.439197
-1.438581
-1.4404139999999996
-1.4387340000000002
-1.439197
-1.438581
-1.4404139999999996
-1.4387340000000002
