1.3735029999999995
1.3568499999999997
1.3735029999999995
1.3568499999999997
1.3735029999999995
1.3568499999999997
1.3735029999999995
1.3568499999999997
1.3735029999999995
1.3568499999999997
1.3735029999999995
1.3568499999999997
1.3735029999999995
1.3568499999999997
1.3735029999999995
1.3568499999999997
1.3735029999999995
1.3568499999999997
1.3735029999999995
1.3568499999999997
1.3735029999999995
1.3568499999999997
1.3735029999999995
1.3568499999999997
1.3735029999999995
1.3568499999999997
1.3735029999999995
1.3568499999999997
1.3735029999999995
1.3568499999999997
1.3735029999999995
1.3568499999999997
1.3735029999999995
1.3568499999999997
1.3735029999999995
1.3568499999999997
1.3735029999999995
1.3568499999999997
1.3735029999999995
1.3568499999999997
1.3735029999999995
1.3568499999999997
1.3735029999999995
1.3568499999999997
1.3735029999999995
1.3568499999999997
1.3735029999999995
1.3568499999999997
1.3735029999999995
1.3568499999999997
1.3735029999999995
1.3568499999999997
1.3735029999999995
1.3568499999999997
1.3735029999999995
1.3568499999999997
1.3735029999999995
1.3568499999999997
1.3735029999999995
1.3568499999999997
1.3735029999999995
1.3568499999999997
1.3735029999999995
1.3568499999999997
1.3735029999999995
1.3568499999999997
1.3735029999999995
1.3568499999999997
1.3735029999999995
1.3568499999999997
1.3735029999999995
1.3568499999999997
1.3735029999999995
1.3568499999999997
1.3735029999999995
1.3568499999999997
1.3735029999999995
1.3568499999999997
1.3735029999999995
1.3568499999999997
1.3735029999999995
1.3568499999999997
1.3735029999999995
1.3568499999999997
1.3735029999999995
1.3568499999999997
1.3735029999999995
1.3568499999999997
1.3735029999999995
1.3568499999999997
1.3735029999999995
1.3568499999999997
1.3735029999999995
1.3568499999999997
1.3735029999999995
1.3568499999999997
1.3735029999999995
1.3568499999999997
1.3735029999999995
1.3568499999999997
1.3735029999999995
1.3568499999999997
1.3735029999999995
1.3568499999999997
1.3735029999999995
1.3568499999999997
1.3735029999999995
1.3568499999999997
1.3735029999999995
1.3568499999999997
1.3735029999999995
1.3568499999999997
1.3735029999999995
1.3568499999999997
1.3735029999999995
1.3568499999999997
1.3735029999999995
1.3568499999999997
1.3735029999999995
1.3568499999999997
-1.3666470000000004
-1.3637050000000004
-1.3666470000000004
-1.3637050000000004
-1.3666470000000004
-1.3637050000000004
-1.3666470000000004
-1.3637050000000004
-1.3666470000000004
-1.3637050000000004
-1.3666470000000004
-1.3637050000000004
-1.3666470000000004
-1.3637050000000004
-1.3666470000000004
-1.3637050000000004
-1.3666470000000004
-1.3637050000000004
-1.3666470000000004
-1.3637050000000004
-1.3666470000000004
-1.3637050000000004
-1.3666470000000004
-1.3637050000000004
-1.3666470000000004
-1.3637050000000004
-1.3666470000000004
-1.3637050000000004
-1.3666470000000004
-1.3637050000000004
-1.3666470000000004
-1.3637050000000004
-1.3666470000000004
-1.3637050000000004
-1.3666470000000004
-1.3637050000000004
-1.3666470000000004
-1.3637050000000004
-1.3666470000000004
-1.3637050000000004
-1.3666470000000004
-1.3637050000000004
-1.3666470000000004
-1.3637050000000004
-1.3666470000000004
-1.3637050000000004
-1.3666470000000004
-1.3637050000000004
-1.3666470000000004
-1.3637050000000004
-1.3666470000000004
-1.3637050000000004
-1.3666470000000004
-1.3637050000000004
-1.3666470000000004
-1.3637050000000004
-1.3666470000000004
-1.3637050000000004
-1.3666470000000004
-1.3637050000000004
-1.3666470000000004
-1.3637050000000004
-1.3666470000000004
-1.3637050000000004
-1.3666470000000004
-1.3637050000000004
-1.3666470000000004
-1.3637050000000004
-1.3666470000000004
-1.3637050000000004
-1.3666470000000004
-1.3637050000000004
-1.3666470000000004
-1.3637050000000004
-1.3666470000000004
-1.3637050000000004
-1.3666470000000004
-1.3637050000000004
-1.3666470000000004
-1.3637050000000004
-1.3666470000000004
-1.3637050000000004
-1.3666470000000004
-1.3637050000000004
-1.3666470000000004
-1.3637050000000004
-1.3666470000000004
-1.3637050000000004
-1.3666470000000004
-1.3637050000000004
-1.3666470000000004
-1.3637050000000004
-1.3666470000000004
-1.3637050000000004
-1.3666470000000004
-1.3637050000000004
-1.3666470000000004
-1.3637050000000004
-1.3666470000000004
-1.3637050000000004
-1.3666470000000004
-1.3637050000000004
-1.3666470000000004
-1.3637050000000004
-1.3666470000000004
-1.3637050000000004
-1.3666470000000004
-1.3637050000000004
-1.3666470000000004
-1.3637050000000004
-1.3666470000000004
-1.3637050000000004
-1.3666470000000004
-1.3637050000000004
-1.3666470000000004
-1.3637050000000004
-1.3666470000000004
-1.3637050000000004
-1.3666470000000004
-1.3637050000000004
