1.4362469999999998
1.4338259999999998
1.4333329999999993
1.4290120000000002
1.4362469999999998
1.4338259999999998
1.4333329999999993
1.4290120000000002
1.4362469999999998
1.4338259999999998
1.4333329999999993
1.4290120000000002
1.4362469999999998
1.4338259999999998
1.4333329999999993
1.4290120000000002
1.4362469999999998
1.4338259999999998
1.4333329999999993
1.4290120000000002
1.4362469999999998
1.4338259999999998
1.4333329999999993
1.4290120000000002
1.4362469999999998
1.4338259999999998
1.4333329999999993
1.4290120000000002
1.4362469999999998
1.4338259999999998
1.4333329999999993
1.4290120000000002
1.4362469999999998
1.4338259999999998
1.4333329999999993
1.4290120000000002
1.4362469999999998
1.4338259999999998
1.4333329999999993
1.4290120000000002
1.4362469999999998
1.4338259999999998
1.4333329999999993
1.4290120000000002
1.4362469999999998
1.4338259999999998
1.4333329999999993
1.4290120000000002
1.4362469999999998
1.4338259999999998
1.4333329999999993
1.4290120000000002
1.4362469999999998
1.4338259999999998
1.4333329999999993
1.4290120000000002
1.4362469999999998
1.4338259999999998
1.4333329999999993
1.4290120000000002
1.4362469999999998
1.4338259999999998
1.4333329999999993
1.4290120000000002
1.4362469999999998
1.4338259999999998
1.4333329999999993
1.4290120000000002
1.4362469999999998
1.4338259999999998
1.4333329999999993
1.4290120000000002
1.4362469999999998
1.4338259999999998
1.4333329999999993
1.4290120000000002
1.4362469999999998
1.4338259999999998
1.4333329999999993
1.4290120000000002
1.4362469999999998
1.4338259999999998
1.4333329999999993
1.4290120000000002
1.4362469999999998
1.4338259999999998
1.4333329999999993
1.4290120000000002
1.4362469999999998
1.4338259999999998
1.4333329999999993
1.4290120000000002
1.4362469999999998
1.4338259999999998
1.4333329999999993
1.4290120000000002
1.4362469999999998
1.4338259999999998
1.4333329999999993
1.4290120000000002
1.4362469999999998
1.4338259999999998
1.4333329999999993
1.4290120000000002
1.4362469999999998
1.4338259999999998
1.4333329999999993
1.4290120000000002
1.4362469999999998
1.4338259999999998
1.4333329999999993
1.4290120000000002
1.4362469999999998
1.4338259999999998
1.4333329999999993
1.4290120000000002
1.4362469999999998
1.4338259999999998
1.4333329999999993
1.4290120000000002
1.4362469999999998
1.4338259999999998
1.4333329999999993
1.4290120000000002
1.4362469999999998
1.4338259999999998
1.4333329999999993
1.4290120000000002
1.4362469999999998
1.4338259999999998
1.4333329999999993
1.4290120000000002
1.4362469999999998
1.4338259999999998
1.4333329999999993
1.4290120000000002
1.4362469999999998
1.4338259999999998
1.4333329999999993
1.4290120000000002
1.4362469999999998
1.4338259999999998
1.4333329999999993
1.4290120000000002
-1.431305
-1.4341590000000002
-1.435454
-1.4314980000000004
-1.431305
-1.4341590000000002
-1.435454
-1.4314980000000004
-1.431305
-1.4341590000000002
-1.435454
-1.4314980000000004
-1.431305
-1.4341590000000002
-1.435454
-1.4314980000000004
-1.431305
-1.4341590000000002
-1.435454
-1.4314980000000004
-1.431305
-1.4341590000000002
-1.435454
-1.4314980000000004
-1.431305
-1.4341590000000002
-1.435454
-1.4314980000000004
-1.431305
-1.4341590000000002
-1.435454
-1.4314980000000004
-1.431305
-1.4341590000000002
-1.435454
-1.4314980000000004
-1.431305
-1.4341590000000002
-1.435454
-1.4314980000000004
-1.431305
-1.4341590000000002
-1.435454
-1.4314980000000004
-1.431305
-1.4341590000000002
-1.435454
-1.4314980000000004
-1.431305
-1.4341590000000002
-1.435454
-1.4314980000000004
-1.431305
-1.4341590000000002
-1.435454
-1.4314980000000004
-1.431305
-1.4341590000000002
-1.435454
-1.4314980000000004
-1.431305
-1.4341590000000002
-1.435454
-1.4314980000000004
-1.431305
-1.4341590000000002
-1.435454
-1.4314980000000004
-1.431305
-1.4341590000000002
-1.435454
-1.4314980000000004
-1.431305
-1.4341590000000002
-1.435454
-1.4314980000000004
-1.431305
-1.4341590000000002
-1.435454
-1.4314980000000004
-1.431305
-1.4341590000000002
-1.435454
-1.4314980000000004
-1.431305
-1.4341590000000002
-1.435454
-1.4314980000000004
-1.431305
-1.4341590000000002
-1.435454
-1.4314980000000004
-1.431305
-1.4341590000000002
-1.435454
-1.4314980000000004
-1.431305
-1.4341590000000002
-1.435454
-1.4314980000000004
-1.431305
-1.4341590000000002
-1.435454
-1.4314980000000004
-1.431305
-1.4341590000000002
-1.435454
-1.4314980000000004
-1.431305
-1.4341590000000002
-1.435454
-1.4314980000000004
-1.431305
-1.4341590000000002
-1.435454
-1.4314980000000004
-1.431305
-1.4341590000000002
-1.435454
-1.4314980000000004
-1.431305
-1.4341590000000002
-1.435454
-1.4314980000000004
-1.431305
-1.4341590000000002
-1.435454
-1.4314980000000004
-1.431305
-1.4341590000000002
-1.435454
-1.4314980000000004
-1.431305
-1.4341590000000002
-1.435454
-1.4314980000000004
-1.431305
-1.4341590000000002
-1.435454
-1.4314980000000004
-1.431305
-1.4341590000000002
-1.435454
-1.4314980000000004
