1.2739320000000003
1.2739320000000003
1.2739320000000003
1.2739320000000003
1.2739320000000003
1.2739320000000003
1.2739320000000003
1.2739320000000003
1.2739320000000003
1.2739320000000003
1.2739320000000003
1.2739320000000003
1.2739320000000003
1.2739320000000003
1.2739320000000003
1.2739320000000003
1.2739320000000003
1.2739320000000003
1.2739320000000003
1.2739320000000003
1.2739320000000003
1.2739320000000003
1.2739320000000003
1.2739320000000003
1.2739320000000003
1.2739320000000003
1.2739320000000003
1.2739320000000003
1.2739320000000003
1.2739320000000003
1.2739320000000003
1.2739320000000003
1.2739320000000003
1.2739320000000003
1.2739320000000003
1.2739320000000003
1.2739320000000003
1.2739320000000003
1.2739320000000003
1.2739320000000003
1.2739320000000003
1.2739320000000003
1.2739320000000003
1.2739320000000003
1.2739320000000003
1.2739320000000003
1.2739320000000003
1.2739320000000003
1.2739320000000003
1.2739320000000003
1.2739320000000003
1.2739320000000003
1.2739320000000003
1.2739320000000003
-1.2739289999999999
-1.2739289999999999
-1.2739289999999999
-1.2739289999999999
-1.2739289999999999
-1.2739289999999999
-1.2739289999999999
-1.2739289999999999
-1.2739289999999999
-1.2739289999999999
-1.2739289999999999
-1.2739289999999999
-1.2739289999999999
-1.2739289999999999
-1.2739289999999999
-1.2739289999999999
-1.2739289999999999
-1.2739289999999999
-1.2739289999999999
-1.2739289999999999
-1.2739289999999999
-1.2739289999999999
-1.2739289999999999
-1.2739289999999999
-1.2739289999999999
-1.2739289999999999
-1.2739289999999999
-1.2739289999999999
-1.2739289999999999
-1.2739289999999999
-1.2739289999999999
-1.2739289999999999
-1.2739289999999999
-1.2739289999999999
-1.2739289999999999
-1.2739289999999999
-1.2739289999999999
-1.2739289999999999
-1.2739289999999999
-1.2739289999999999
-1.2739289999999999
-1.2739289999999999
-1.2739289999999999
-1.2739289999999999
-1.2739289999999999
-1.2739289999999999
-1.2739289999999999
-1.2739289999999999
-1.2739289999999999
-1.2739289999999999
-1.2739289999999999
-1.2739289999999999
-1.2739289999999999
-1.2739289999999999
