1.424697
1.4050720000000005
1.424697
1.4050720000000005
1.424697
1.4050720000000005
1.424697
1.4050720000000005
1.424697
1.4050720000000005
1.424697
1.4050720000000005
1.424697
1.4050720000000005
1.424697
1.4050720000000005
1.424697
1.4050720000000005
1.424697
1.4050720000000005
1.424697
1.4050720000000005
1.424697
1.4050720000000005
1.424697
1.4050720000000005
1.424697
1.4050720000000005
1.424697
1.4050720000000005
1.424697
1.4050720000000005
1.424697
1.4050720000000005
1.424697
1.4050720000000005
1.424697
1.4050720000000005
1.424697
1.4050720000000005
1.424697
1.4050720000000005
1.424697
1.4050720000000005
1.424697
1.4050720000000005
1.424697
1.4050720000000005
1.424697
1.4050720000000005
1.424697
1.4050720000000005
1.424697
1.4050720000000005
1.424697
1.4050720000000005
1.424697
1.4050720000000005
1.424697
1.4050720000000005
1.424697
1.4050720000000005
1.424697
1.4050720000000005
1.424697
1.4050720000000005
1.424697
1.4050720000000005
1.424697
1.4050720000000005
1.424697
1.4050720000000005
1.424697
1.4050720000000005
1.424697
1.4050720000000005
1.424697
1.4050720000000005
1.424697
1.4050720000000005
1.424697
1.4050720000000005
1.424697
1.4050720000000005
1.424697
1.4050720000000005
1.424697
1.4050720000000005
1.424697
1.4050720000000005
1.424697
1.4050720000000005
1.424697
1.4050720000000005
1.424697
1.4050720000000005
1.424697
1.4050720000000005
1.424697
1.4050720000000005
1.424697
1.4050720000000005
1.424697
1.4050720000000005
1.424697
1.4050720000000005
1.424697
1.4050720000000005
1.424697
1.4050720000000005
1.424697
1.4050720000000005
1.424697
1.4050720000000005
1.424697
1.4050720000000005
1.424697
1.4050720000000005
1.424697
1.4050720000000005
-1.4155249999999997
-1.414244
-1.4155249999999997
-1.414244
-1.4155249999999997
-1.414244
-1.4155249999999997
-1.414244
-1.4155249999999997
-1.414244
-1.4155249999999997
-1.414244
-1.4155249999999997
-1.414244
-1.4155249999999997
-1.414244
-1.4155249999999997
-1.414244
-1.4155249999999997
-1.414244
-1.4155249999999997
-1.414244
-1.4155249999999997
-1.414244
-1.4155249999999997
-1.414244
-1.4155249999999997
-1.414244
-1.4155249999999997
-1.414244
-1.4155249999999997
-1.414244
-1.4155249999999997
-1.414244
-1.4155249999999997
-1.414244
-1.4155249999999997
-1.414244
-1.4155249999999997
-1.414244
-1.4155249999999997
-1.414244
-1.4155249999999997
-1.414244
-1.4155249999999997
-1.414244
-1.4155249999999997
-1.414244
-1.4155249999999997
-1.414244
-1.4155249999999997
-1.414244
-1.4155249999999997
-1.414244
-1.4155249999999997
-1.414244
-1.4155249999999997
-1.414244
-1.4155249999999997
-1.414244
-1.4155249999999997
-1.414244
-1.4155249999999997
-1.414244
-1.4155249999999997
-1.414244
-1.4155249999999997
-1.414244
-1.4155249999999997
-1.414244
-1.4155249999999997
-1.414244
-1.4155249999999997
-1.414244
-1.4155249999999997
-1.414244
-1.4155249999999997
-1.414244
-1.4155249999999997
-1.414244
-1.4155249999999997
-1.414244
-1.4155249999999997
-1.414244
-1.4155249999999997
-1.414244
-1.4155249999999997
-1.414244
-1.4155249999999997
-1.414244
-1.4155249999999997
-1.414244
-1.4155249999999997
-1.414244
-1.4155249999999997
-1.414244
-1.4155249999999997
-1.414244
-1.4155249999999997
-1.414244
-1.4155249999999997
-1.414244
-1.4155249999999997
-1.414244
-1.4155249999999997
-1.414244
-1.4155249999999997
-1.414244
-1.4155249999999997
-1.414244
-1.4155249999999997
-1.414244
-1.4155249999999997
-1.414244
-1.4155249999999997
-1.414244
-1.4155249999999997
-1.414244
-1.4155249999999997
-1.414244
