1.4306269999999994
1.42821
1.4292040000000004
1.4291129999999992
1.4306269999999994
1.42821
1.4292040000000004
1.4291129999999992
1.4306269999999994
1.42821
1.4292040000000004
1.4291129999999992
1.4306269999999994
1.42821
1.4292040000000004
1.4291129999999992
1.4306269999999994
1.42821
1.4292040000000004
1.4291129999999992
1.4306269999999994
1.42821
1.4292040000000004
1.4291129999999992
1.4306269999999994
1.42821
1.4292040000000004
1.4291129999999992
1.4306269999999994
1.42821
1.4292040000000004
1.4291129999999992
1.4306269999999994
1.42821
1.4292040000000004
1.4291129999999992
1.4306269999999994
1.42821
1.4292040000000004
1.4291129999999992
1.4306269999999994
1.42821
1.4292040000000004
1.4291129999999992
1.4306269999999994
1.42821
1.4292040000000004
1.4291129999999992
1.4306269999999994
1.42821
1.4292040000000004
1.4291129999999992
1.4306269999999994
1.42821
1.4292040000000004
1.4291129999999992
1.4306269999999994
1.42821
1.4292040000000004
1.4291129999999992
1.4306269999999994
1.42821
1.4292040000000004
1.4291129999999992
1.4306269999999994
1.42821
1.4292040000000004
1.4291129999999992
1.4306269999999994
1.42821
1.4292040000000004
1.4291129999999992
1.4306269999999994
1.42821
1.4292040000000004
1.4291129999999992
1.4306269999999994
1.42821
1.4292040000000004
1.4291129999999992
1.4306269999999994
1.42821
1.4292040000000004
1.4291129999999992
1.4306269999999994
1.42821
1.4292040000000004
1.4291129999999992
1.4306269999999994
1.42821
1.4292040000000004
1.4291129999999992
1.4306269999999994
1.42821
1.4292040000000004
1.4291129999999992
1.4306269999999994
1.42821
1.4292040000000004
1.4291129999999992
1.4306269999999994
1.42821
1.4292040000000004
1.4291129999999992
1.4306269999999994
1.42821
1.4292040000000004
1.4291129999999992
1.4306269999999994
1.42821
1.4292040000000004
1.4291129999999992
1.4306269999999994
1.42821
1.4292040000000004
1.4291129999999992
1.4306269999999994
1.42821
1.4292040000000004
1.4291129999999992
1.4306269999999994
1.42821
1.4292040000000004
1.4291129999999992
1.4306269999999994
1.42821
1.4292040000000004
1.4291129999999992
1.4306269999999994
1.42821
1.4292040000000004
1.4291129999999992
1.4306269999999994
1.42821
1.4292040000000004
1.4291129999999992
1.4306269999999994
1.42821
1.4292040000000004
1.4291129999999992
1.4306269999999994
1.42821
1.4292040000000004
1.4291129999999992
-1.431063
-1.4259849999999998
-1.4294010000000004
-1.4307040000000004
-1.431063
-1.4259849999999998
-1.4294010000000004
-1.4307040000000004
-1.431063
-1.4259849999999998
-1.4294010000000004
-1.4307040000000004
-1.431063
-1.4259849999999998
-1.4294010000000004
-1.4307040000000004
-1.431063
-1.4259849999999998
-1.4294010000000004
-1.4307040000000004
-1.431063
-1.4259849999999998
-1.4294010000000004
-1.4307040000000004
-1.431063
-1.4259849999999998
-1.4294010000000004
-1.4307040000000004
-1.431063
-1.4259849999999998
-1.4294010000000004
-1.4307040000000004
-1.431063
-1.4259849999999998
-1.4294010000000004
-1.4307040000000004
-1.431063
-1.4259849999999998
-1.4294010000000004
-1.4307040000000004
-1.431063
-1.4259849999999998
-1.4294010000000004
-1.4307040000000004
-1.431063
-1.4259849999999998
-1.4294010000000004
-1.4307040000000004
-1.431063
-1.4259849999999998
-1.4294010000000004
-1.4307040000000004
-1.431063
-1.4259849999999998
-1.4294010000000004
-1.4307040000000004
-1.431063
-1.4259849999999998
-1.4294010000000004
-1.4307040000000004
-1.431063
-1.4259849999999998
-1.4294010000000004
-1.4307040000000004
-1.431063
-1.4259849999999998
-1.4294010000000004
-1.4307040000000004
-1.431063
-1.4259849999999998
-1.4294010000000004
-1.4307040000000004
-1.431063
-1.4259849999999998
-1.4294010000000004
-1.4307040000000004
-1.431063
-1.4259849999999998
-1.4294010000000004
-1.4307040000000004
-1.431063
-1.4259849999999998
-1.4294010000000004
-1.4307040000000004
-1.431063
-1.4259849999999998
-1.4294010000000004
-1.4307040000000004
-1.431063
-1.4259849999999998
-1.4294010000000004
-1.4307040000000004
-1.431063
-1.4259849999999998
-1.4294010000000004
-1.4307040000000004
-1.431063
-1.4259849999999998
-1.4294010000000004
-1.4307040000000004
-1.431063
-1.4259849999999998
-1.4294010000000004
-1.4307040000000004
-1.431063
-1.4259849999999998
-1.4294010000000004
-1.4307040000000004
-1.431063
-1.4259849999999998
-1.4294010000000004
-1.4307040000000004
-1.431063
-1.4259849999999998
-1.4294010000000004
-1.4307040000000004
-1.431063
-1.4259849999999998
-1.4294010000000004
-1.4307040000000004
-1.431063
-1.4259849999999998
-1.4294010000000004
-1.4307040000000004
-1.431063
-1.4259849999999998
-1.4294010000000004
-1.4307040000000004
-1.431063
-1.4259849999999998
-1.4294010000000004
-1.4307040000000004
-1.431063
-1.4259849999999998
-1.4294010000000004
-1.4307040000000004
-1.431063
-1.4259849999999998
-1.4294010000000004
-1.4307040000000004
-1.431063
-1.4259849999999998
-1.4294010000000004
-1.4307040000000004
