1.3212810000000008
1.3212810000000008
1.3212810000000008
1.3212810000000008
1.3212810000000008
1.3212810000000008
1.3212810000000008
1.3212810000000008
1.3212810000000008
1.3212810000000008
1.3212810000000008
1.3212810000000008
1.3212810000000008
1.3212810000000008
1.3212810000000008
1.3212810000000008
1.3212810000000008
1.3212810000000008
1.3212810000000008
1.3212810000000008
1.3212810000000008
1.3212810000000008
1.3212810000000008
1.3212810000000008
1.3212810000000008
1.3212810000000008
1.3212810000000008
1.3212810000000008
1.3212810000000008
1.3212810000000008
1.3212810000000008
1.3212810000000008
1.3212810000000008
1.3212810000000008
1.3212810000000008
1.3212810000000008
1.3212810000000008
1.3212810000000008
1.3212810000000008
1.3212810000000008
1.3212810000000008
1.3212810000000008
1.3212810000000008
1.3212810000000008
1.3212810000000008
1.3212810000000008
1.3212810000000008
1.3212810000000008
1.3212810000000008
1.3212810000000008
1.3212810000000008
1.3212810000000008
1.3212810000000008
1.3212810000000008
1.3212810000000008
1.3212810000000008
1.3212810000000008
1.3212810000000008
1.3212810000000008
1.3212810000000008
1.3212810000000008
1.3212810000000008
1.3212810000000008
1.3212810000000008
-1.3212840000000003
-1.3212840000000003
-1.3212840000000003
-1.3212840000000003
-1.3212840000000003
-1.3212840000000003
-1.3212840000000003
-1.3212840000000003
-1.3212840000000003
-1.3212840000000003
-1.3212840000000003
-1.3212840000000003
-1.3212840000000003
-1.3212840000000003
-1.3212840000000003
-1.3212840000000003
-1.3212840000000003
-1.3212840000000003
-1.3212840000000003
-1.3212840000000003
-1.3212840000000003
-1.3212840000000003
-1.3212840000000003
-1.3212840000000003
-1.3212840000000003
-1.3212840000000003
-1.3212840000000003
-1.3212840000000003
-1.3212840000000003
-1.3212840000000003
-1.3212840000000003
-1.3212840000000003
-1.3212840000000003
-1.3212840000000003
-1.3212840000000003
-1.3212840000000003
-1.3212840000000003
-1.3212840000000003
-1.3212840000000003
-1.3212840000000003
-1.3212840000000003
-1.3212840000000003
-1.3212840000000003
-1.3212840000000003
-1.3212840000000003
-1.3212840000000003
-1.3212840000000003
-1.3212840000000003
-1.3212840000000003
-1.3212840000000003
-1.3212840000000003
-1.3212840000000003
-1.3212840000000003
-1.3212840000000003
-1.3212840000000003
-1.3212840000000003
-1.3212840000000003
-1.3212840000000003
-1.3212840000000003
-1.3212840000000003
-1.3212840000000003
-1.3212840000000003
-1.3212840000000003
-1.3212840000000003
