1.4170599999999993
1.4170599999999993
1.4170599999999993
1.4170599999999993
1.4170599999999993
1.4170599999999993
1.4170599999999993
1.4170599999999993
1.4170599999999993
1.4170599999999993
1.4170599999999993
1.4170599999999993
1.4170599999999993
1.4170599999999993
1.4170599999999993
1.4170599999999993
1.4170599999999993
1.4170599999999993
1.4170599999999993
1.4170599999999993
1.4170599999999993
1.4170599999999993
1.4170599999999993
1.4170599999999993
1.4170599999999993
1.4170599999999993
1.4170599999999993
1.4170599999999993
1.4170599999999993
1.4170599999999993
1.4170599999999993
1.4170599999999993
1.4170599999999993
1.4170599999999993
1.4170599999999993
1.4170599999999993
1.4170599999999993
1.4170599999999993
1.4170599999999993
1.4170599999999993
1.4170599999999993
1.4170599999999993
1.4170599999999993
1.4170599999999993
1.4170599999999993
1.4170599999999993
1.4170599999999993
1.4170599999999993
1.4170599999999993
1.4170599999999993
1.4170599999999993
1.4170599999999993
1.4170599999999993
1.4170599999999993
1.4170599999999993
1.4170599999999993
1.4170599999999993
1.4170599999999993
1.4170599999999993
1.4170599999999993
1.4170599999999993
1.4170599999999993
1.4170599999999993
1.4170599999999993
-1.4170600000000002
-1.4170600000000002
-1.4170600000000002
-1.4170600000000002
-1.4170600000000002
-1.4170600000000002
-1.4170600000000002
-1.4170600000000002
-1.4170600000000002
-1.4170600000000002
-1.4170600000000002
-1.4170600000000002
-1.4170600000000002
-1.4170600000000002
-1.4170600000000002
-1.4170600000000002
-1.4170600000000002
-1.4170600000000002
-1.4170600000000002
-1.4170600000000002
-1.4170600000000002
-1.4170600000000002
-1.4170600000000002
-1.4170600000000002
-1.4170600000000002
-1.4170600000000002
-1.4170600000000002
-1.4170600000000002
-1.4170600000000002
-1.4170600000000002
-1.4170600000000002
-1.4170600000000002
-1.4170600000000002
-1.4170600000000002
-1.4170600000000002
-1.4170600000000002
-1.4170600000000002
-1.4170600000000002
-1.4170600000000002
-1.4170600000000002
-1.4170600000000002
-1.4170600000000002
-1.4170600000000002
-1.4170600000000002
-1.4170600000000002
-1.4170600000000002
-1.4170600000000002
-1.4170600000000002
-1.4170600000000002
-1.4170600000000002
-1.4170600000000002
-1.4170600000000002
-1.4170600000000002
-1.4170600000000002
-1.4170600000000002
-1.4170600000000002
-1.4170600000000002
-1.4170600000000002
-1.4170600000000002
-1.4170600000000002
-1.4170600000000002
-1.4170600000000002
-1.4170600000000002
-1.4170600000000002
