1.3905030000000007
1.3784299999999998
1.3844510000000003
1.4018770000000007
1.3905030000000007
1.3784299999999998
1.3844510000000003
1.4018770000000007
1.3905030000000007
1.3784299999999998
1.3844510000000003
1.4018770000000007
1.3905030000000007
1.3784299999999998
1.3844510000000003
1.4018770000000007
1.3905030000000007
1.3784299999999998
1.3844510000000003
1.4018770000000007
1.3905030000000007
1.3784299999999998
1.3844510000000003
1.4018770000000007
1.3905030000000007
1.3784299999999998
1.3844510000000003
1.4018770000000007
1.3905030000000007
1.3784299999999998
1.3844510000000003
1.4018770000000007
1.3905030000000007
1.3784299999999998
1.3844510000000003
1.4018770000000007
1.3905030000000007
1.3784299999999998
1.3844510000000003
1.4018770000000007
1.3905030000000007
1.3784299999999998
1.3844510000000003
1.4018770000000007
1.3905030000000007
1.3784299999999998
1.3844510000000003
1.4018770000000007
1.3905030000000007
1.3784299999999998
1.3844510000000003
1.4018770000000007
1.3905030000000007
1.3784299999999998
1.3844510000000003
1.4018770000000007
1.3905030000000007
1.3784299999999998
1.3844510000000003
1.4018770000000007
1.3905030000000007
1.3784299999999998
1.3844510000000003
1.4018770000000007
1.3905030000000007
1.3784299999999998
1.3844510000000003
1.4018770000000007
1.3905030000000007
1.3784299999999998
1.3844510000000003
1.4018770000000007
1.3905030000000007
1.3784299999999998
1.3844510000000003
1.4018770000000007
1.3905030000000007
1.3784299999999998
1.3844510000000003
1.4018770000000007
1.3905030000000007
1.3784299999999998
1.3844510000000003
1.4018770000000007
1.3905030000000007
1.3784299999999998
1.3844510000000003
1.4018770000000007
1.3905030000000007
1.3784299999999998
1.3844510000000003
1.4018770000000007
1.3905030000000007
1.3784299999999998
1.3844510000000003
1.4018770000000007
1.3905030000000007
1.3784299999999998
1.3844510000000003
1.4018770000000007
1.3905030000000007
1.3784299999999998
1.3844510000000003
1.4018770000000007
1.3905030000000007
1.3784299999999998
1.3844510000000003
1.4018770000000007
1.3905030000000007
1.3784299999999998
1.3844510000000003
1.4018770000000007
1.3905030000000007
1.3784299999999998
1.3844510000000003
1.4018770000000007
1.3905030000000007
1.3784299999999998
1.3844510000000003
1.4018770000000007
1.3905030000000007
1.3784299999999998
1.3844510000000003
1.4018770000000007
1.3905030000000007
1.3784299999999998
1.3844510000000003
1.4018770000000007
1.3905030000000007
1.3784299999999998
1.3844510000000003
1.4018770000000007
1.3905030000000007
1.3784299999999998
1.3844510000000003
1.4018770000000007
1.3905030000000007
1.3784299999999998
1.3844510000000003
1.4018770000000007
1.3905030000000007
1.3784299999999998
1.3844510000000003
1.4018770000000007
1.3905030000000007
1.3784299999999998
1.3844510000000003
1.4018770000000007
1.3905030000000007
1.3784299999999998
1.3844510000000003
1.4018770000000007
1.3905030000000007
1.3784299999999998
1.3844510000000003
1.4018770000000007
1.3905030000000007
1.3784299999999998
1.3844510000000003
1.4018770000000007
1.3905030000000007
1.3784299999999998
1.3844510000000003
1.4018770000000007
1.3905030000000007
1.3784299999999998
1.3844510000000003
1.4018770000000007
1.3905030000000007
1.3784299999999998
1.3844510000000003
1.4018770000000007
1.3905030000000007
1.3784299999999998
1.3844510000000003
1.4018770000000007
1.3905030000000007
1.3784299999999998
1.3844510000000003
1.4018770000000007
1.3905030000000007
1.3784299999999998
1.3844510000000003
1.4018770000000007
1.3905030000000007
1.3784299999999998
1.3844510000000003
1.4018770000000007
1.3905030000000007
1.3784299999999998
1.3844510000000003
1.4018770000000007
-1.3905770000000004
-1.3870060000000004
-1.38483
-1.392849
-1.3905770000000004
-1.3870060000000004
-1.38483
-1.392849
-1.3905770000000004
-1.3870060000000004
-1.38483
-1.392849
-1.3905770000000004
-1.3870060000000004
-1.38483
-1.392849
-1.3905770000000004
-1.3870060000000004
-1.38483
-1.392849
-1.3905770000000004
-1.3870060000000004
-1.38483
-1.392849
-1.3905770000000004
-1.3870060000000004
-1.38483
-1.392849
-1.3905770000000004
-1.3870060000000004
-1.38483
-1.392849
-1.3905770000000004
-1.3870060000000004
-1.38483
-1.392849
-1.3905770000000004
-1.3870060000000004
-1.38483
-1.392849
-1.3905770000000004
-1.3870060000000004
-1.38483
-1.392849
-1.3905770000000004
-1.3870060000000004
-1.38483
-1.392849
-1.3905770000000004
-1.3870060000000004
-1.38483
-1.392849
-1.3905770000000004
-1.3870060000000004
-1.38483
-1.392849
-1.3905770000000004
-1.3870060000000004
-1.38483
-1.392849
-1.3905770000000004
-1.3870060000000004
-1.38483
-1.392849
-1.3905770000000004
-1.3870060000000004
-1.38483
-1.392849
-1.3905770000000004
-1.3870060000000004
-1.38483
-1.392849
-1.3905770000000004
-1.3870060000000004
-1.38483
-1.392849
-1.3905770000000004
-1.3870060000000004
-1.38483
-1.392849
-1.3905770000000004
-1.3870060000000004
-1.38483
-1.392849
-1.3905770000000004
-1.3870060000000004
-1.38483
-1.392849
-1.3905770000000004
-1.3870060000000004
-1.38483
-1.392849
-1.3905770000000004
-1.3870060000000004
-1.38483
-1.392849
-1.3905770000000004
-1.3870060000000004
-1.38483
-1.392849
-1.3905770000000004
-1.3870060000000004
-1.38483
-1.392849
-1.3905770000000004
-1.3870060000000004
-1.38483
-1.392849
-1.3905770000000004
-1.3870060000000004
-1.38483
-1.392849
-1.3905770000000004
-1.3870060000000004
-1.38483
-1.392849
-1.3905770000000004
-1.3870060000000004
-1.38483
-1.392849
-1.3905770000000004
-1.3870060000000004
-1.38483
-1.392849
-1.3905770000000004
-1.3870060000000004
-1.38483
-1.392849
-1.3905770000000004
-1.3870060000000004
-1.38483
-1.392849
-1.3905770000000004
-1.3870060000000004
-1.38483
-1.392849
-1.3905770000000004
-1.3870060000000004
-1.38483
-1.392849
-1.3905770000000004
-1.3870060000000004
-1.38483
-1.392849
-1.3905770000000004
-1.3870060000000004
-1.38483
-1.392849
-1.3905770000000004
-1.3870060000000004
-1.38483
-1.392849
-1.3905770000000004
-1.3870060000000004
-1.38483
-1.392849
-1.3905770000000004
-1.3870060000000004
-1.38483
-1.392849
-1.3905770000000004
-1.3870060000000004
-1.38483
-1.392849
-1.3905770000000004
-1.3870060000000004
-1.38483
-1.392849
-1.3905770000000004
-1.3870060000000004
-1.38483
-1.392849
-1.3905770000000004
-1.3870060000000004
-1.38483
-1.392849
-1.3905770000000004
-1.3870060000000004
-1.38483
-1.392849
-1.3905770000000004
-1.3870060000000004
-1.38483
-1.392849
-1.3905770000000004
-1.3870060000000004
-1.38483
-1.392849
-1.3905770000000004
-1.3870060000000004
-1.38483
-1.392849
