0.7605090000000008
0.7605090000000008
0.7605090000000008
0.7605090000000008
0.7605090000000008
0.7605090000000008
0.7605090000000008
0.7605090000000008
0.7605090000000008
0.7605090000000008
0.7605090000000008
0.7605090000000008
0.7605090000000008
0.7605090000000008
0.7605090000000008
0.7605090000000008
0.7605090000000008
0.7605090000000008
0.7605090000000008
0.7605090000000008
0.7605090000000008
0.7605090000000008
0.7605090000000008
0.7605090000000008
0.7605090000000008
0.7605090000000008
0.7605090000000008
0.7605090000000008
0.7605090000000008
0.7605090000000008
0.7605090000000008
0.7605090000000008
0.7605090000000008
0.7605090000000008
0.7605090000000008
0.7605090000000008
0.7605090000000008
0.7605090000000008
0.7605090000000008
0.7605090000000008
0.7605090000000008
0.7605090000000008
0.7605090000000008
0.7605090000000008
0.7605090000000008
0.7605090000000008
0.7605090000000008
0.7605090000000008
0.7605090000000008
0.7605090000000008
0.7605090000000008
0.7605090000000008
0.7605090000000008
0.7605090000000008
0.7605090000000008
0.7605090000000008
0.7605090000000008
0.7605090000000008
0.7605090000000008
0.7605090000000008
0.7605090000000008
0.7605090000000008
0.7605090000000008
0.7605090000000008
-0.7605089999999999
-0.7605089999999999
-0.7605089999999999
-0.7605089999999999
-0.7605089999999999
-0.7605089999999999
-0.7605089999999999
-0.7605089999999999
-0.7605089999999999
-0.7605089999999999
-0.7605089999999999
-0.7605089999999999
-0.7605089999999999
-0.7605089999999999
-0.7605089999999999
-0.7605089999999999
-0.7605089999999999
-0.7605089999999999
-0.7605089999999999
-0.7605089999999999
-0.7605089999999999
-0.7605089999999999
-0.7605089999999999
-0.7605089999999999
-0.7605089999999999
-0.7605089999999999
-0.7605089999999999
-0.7605089999999999
-0.7605089999999999
-0.7605089999999999
-0.7605089999999999
-0.7605089999999999
-0.7605089999999999
-0.7605089999999999
-0.7605089999999999
-0.7605089999999999
-0.7605089999999999
-0.7605089999999999
-0.7605089999999999
-0.7605089999999999
-0.7605089999999999
-0.7605089999999999
-0.7605089999999999
-0.7605089999999999
-0.7605089999999999
-0.7605089999999999
-0.7605089999999999
-0.7605089999999999
-0.7605089999999999
-0.7605089999999999
-0.7605089999999999
-0.7605089999999999
-0.7605089999999999
-0.7605089999999999
-0.7605089999999999
-0.7605089999999999
-0.7605089999999999
-0.7605089999999999
-0.7605089999999999
-0.7605089999999999
-0.7605089999999999
-0.7605089999999999
-0.7605089999999999
-0.7605089999999999
