1.343928
1.335044
1.343928
1.335044
1.343928
1.335044
1.343928
1.335044
1.343928
1.335044
1.343928
1.335044
1.343928
1.335044
1.343928
1.335044
1.343928
1.335044
1.343928
1.335044
1.343928
1.335044
1.343928
1.335044
1.343928
1.335044
1.343928
1.335044
1.343928
1.335044
1.343928
1.335044
1.343928
1.335044
1.343928
1.335044
1.343928
1.335044
1.343928
1.335044
1.343928
1.335044
1.343928
1.335044
1.343928
1.335044
1.343928
1.335044
1.343928
1.335044
1.343928
1.335044
1.343928
1.335044
1.343928
1.335044
1.343928
1.335044
1.343928
1.335044
1.343928
1.335044
1.343928
1.335044
1.343928
1.335044
1.343928
1.335044
1.343928
1.335044
1.343928
1.335044
1.343928
1.335044
1.343928
1.335044
1.343928
1.335044
1.343928
1.335044
1.343928
1.335044
1.343928
1.335044
1.343928
1.335044
1.343928
1.335044
1.343928
1.335044
1.343928
1.335044
1.343928
1.335044
1.343928
1.335044
1.343928
1.335044
1.343928
1.335044
1.343928
1.335044
1.343928
1.335044
1.343928
1.335044
1.343928
1.335044
1.343928
1.335044
1.343928
1.335044
1.343928
1.335044
1.343928
1.335044
1.343928
1.335044
1.343928
1.335044
-1.3406450000000003
-1.3383269999999996
-1.3406450000000003
-1.3383269999999996
-1.3406450000000003
-1.3383269999999996
-1.3406450000000003
-1.3383269999999996
-1.3406450000000003
-1.3383269999999996
-1.3406450000000003
-1.3383269999999996
-1.3406450000000003
-1.3383269999999996
-1.3406450000000003
-1.3383269999999996
-1.3406450000000003
-1.3383269999999996
-1.3406450000000003
-1.3383269999999996
-1.3406450000000003
-1.3383269999999996
-1.3406450000000003
-1.3383269999999996
-1.3406450000000003
-1.3383269999999996
-1.3406450000000003
-1.3383269999999996
-1.3406450000000003
-1.3383269999999996
-1.3406450000000003
-1.3383269999999996
-1.3406450000000003
-1.3383269999999996
-1.3406450000000003
-1.3383269999999996
-1.3406450000000003
-1.3383269999999996
-1.3406450000000003
-1.3383269999999996
-1.3406450000000003
-1.3383269999999996
-1.3406450000000003
-1.3383269999999996
-1.3406450000000003
-1.3383269999999996
-1.3406450000000003
-1.3383269999999996
-1.3406450000000003
-1.3383269999999996
-1.3406450000000003
-1.3383269999999996
-1.3406450000000003
-1.3383269999999996
-1.3406450000000003
-1.3383269999999996
-1.3406450000000003
-1.3383269999999996
-1.3406450000000003
-1.3383269999999996
-1.3406450000000003
-1.3383269999999996
-1.3406450000000003
-1.3383269999999996
-1.3406450000000003
-1.3383269999999996
-1.3406450000000003
-1.3383269999999996
-1.3406450000000003
-1.3383269999999996
-1.3406450000000003
-1.3383269999999996
-1.3406450000000003
-1.3383269999999996
-1.3406450000000003
-1.3383269999999996
-1.3406450000000003
-1.3383269999999996
-1.3406450000000003
-1.3383269999999996
-1.3406450000000003
-1.3383269999999996
-1.3406450000000003
-1.3383269999999996
-1.3406450000000003
-1.3383269999999996
-1.3406450000000003
-1.3383269999999996
-1.3406450000000003
-1.3383269999999996
-1.3406450000000003
-1.3383269999999996
-1.3406450000000003
-1.3383269999999996
-1.3406450000000003
-1.3383269999999996
-1.3406450000000003
-1.3383269999999996
-1.3406450000000003
-1.3383269999999996
-1.3406450000000003
-1.3383269999999996
-1.3406450000000003
-1.3383269999999996
-1.3406450000000003
-1.3383269999999996
-1.3406450000000003
-1.3383269999999996
-1.3406450000000003
-1.3383269999999996
-1.3406450000000003
-1.3383269999999996
-1.3406450000000003
-1.3383269999999996
-1.3406450000000003
-1.3383269999999996
-1.3406450000000003
-1.3383269999999996
-1.3406450000000003
-1.3383269999999996
