1.4613130000000005
1.4613130000000005
1.4613130000000005
1.4613130000000005
1.4613130000000005
1.4613130000000005
1.4613130000000005
1.4613130000000005
1.4613130000000005
1.4613130000000005
1.4613130000000005
1.4613130000000005
1.4613130000000005
1.4613130000000005
1.4613130000000005
1.4613130000000005
1.4613130000000005
1.4613130000000005
1.4613130000000005
1.4613130000000005
1.4613130000000005
1.4613130000000005
1.4613130000000005
1.4613130000000005
1.4613130000000005
1.4613130000000005
1.4613130000000005
1.4613130000000005
1.4613130000000005
1.4613130000000005
1.4613130000000005
1.4613130000000005
1.4613130000000005
1.4613130000000005
1.4613130000000005
1.4613130000000005
1.4613130000000005
1.4613130000000005
1.4613130000000005
1.4613130000000005
1.4613130000000005
1.4613130000000005
1.4613130000000005
1.4613130000000005
1.4613130000000005
1.4613130000000005
1.4613130000000005
1.4613130000000005
1.4613130000000005
1.4613130000000005
1.4613130000000005
1.4613130000000005
1.4613130000000005
1.4613130000000005
1.4613130000000005
1.4613130000000005
1.4613130000000005
1.4613130000000005
1.4613130000000005
1.4613130000000005
1.4613130000000005
1.4613130000000005
1.4613130000000005
1.4613130000000005
-1.4613129999999996
-1.4613129999999996
-1.4613129999999996
-1.4613129999999996
-1.4613129999999996
-1.4613129999999996
-1.4613129999999996
-1.4613129999999996
-1.4613129999999996
-1.4613129999999996
-1.4613129999999996
-1.4613129999999996
-1.4613129999999996
-1.4613129999999996
-1.4613129999999996
-1.4613129999999996
-1.4613129999999996
-1.4613129999999996
-1.4613129999999996
-1.4613129999999996
-1.4613129999999996
-1.4613129999999996
-1.4613129999999996
-1.4613129999999996
-1.4613129999999996
-1.4613129999999996
-1.4613129999999996
-1.4613129999999996
-1.4613129999999996
-1.4613129999999996
-1.4613129999999996
-1.4613129999999996
-1.4613129999999996
-1.4613129999999996
-1.4613129999999996
-1.4613129999999996
-1.4613129999999996
-1.4613129999999996
-1.4613129999999996
-1.4613129999999996
-1.4613129999999996
-1.4613129999999996
-1.4613129999999996
-1.4613129999999996
-1.4613129999999996
-1.4613129999999996
-1.4613129999999996
-1.4613129999999996
-1.4613129999999996
-1.4613129999999996
-1.4613129999999996
-1.4613129999999996
-1.4613129999999996
-1.4613129999999996
-1.4613129999999996
-1.4613129999999996
-1.4613129999999996
-1.4613129999999996
-1.4613129999999996
-1.4613129999999996
-1.4613129999999996
-1.4613129999999996
-1.4613129999999996
-1.4613129999999996
