1.4232060000000004
1.421341
1.413653
1.4171499999999995
1.4232060000000004
1.421341
1.413653
1.4171499999999995
1.4232060000000004
1.421341
1.413653
1.4171499999999995
1.4232060000000004
1.421341
1.413653
1.4171499999999995
1.4232060000000004
1.421341
1.413653
1.4171499999999995
1.4232060000000004
1.421341
1.413653
1.4171499999999995
1.4232060000000004
1.421341
1.413653
1.4171499999999995
1.4232060000000004
1.421341
1.413653
1.4171499999999995
1.4232060000000004
1.421341
1.413653
1.4171499999999995
1.4232060000000004
1.421341
1.413653
1.4171499999999995
1.4232060000000004
1.421341
1.413653
1.4171499999999995
1.4232060000000004
1.421341
1.413653
1.4171499999999995
1.4232060000000004
1.421341
1.413653
1.4171499999999995
1.4232060000000004
1.421341
1.413653
1.4171499999999995
1.4232060000000004
1.421341
1.413653
1.4171499999999995
1.4232060000000004
1.421341
1.413653
1.4171499999999995
1.4232060000000004
1.421341
1.413653
1.4171499999999995
1.4232060000000004
1.421341
1.413653
1.4171499999999995
1.4232060000000004
1.421341
1.413653
1.4171499999999995
1.4232060000000004
1.421341
1.413653
1.4171499999999995
1.4232060000000004
1.421341
1.413653
1.4171499999999995
1.4232060000000004
1.421341
1.413653
1.4171499999999995
1.4232060000000004
1.421341
1.413653
1.4171499999999995
1.4232060000000004
1.421341
1.413653
1.4171499999999995
1.4232060000000004
1.421341
1.413653
1.4171499999999995
1.4232060000000004
1.421341
1.413653
1.4171499999999995
1.4232060000000004
1.421341
1.413653
1.4171499999999995
1.4232060000000004
1.421341
1.413653
1.4171499999999995
1.4232060000000004
1.421341
1.413653
1.4171499999999995
1.4232060000000004
1.421341
1.413653
1.4171499999999995
1.4232060000000004
1.421341
1.413653
1.4171499999999995
1.4232060000000004
1.421341
1.413653
1.4171499999999995
1.4232060000000004
1.421341
1.413653
1.4171499999999995
1.4232060000000004
1.421341
1.413653
1.4171499999999995
1.4232060000000004
1.421341
1.413653
1.4171499999999995
1.4232060000000004
1.421341
1.413653
1.4171499999999995
1.4232060000000004
1.421341
1.413653
1.4171499999999995
1.4232060000000004
1.421341
1.413653
1.4171499999999995
1.4232060000000004
1.421341
1.413653
1.4171499999999995
1.4232060000000004
1.421341
1.413653
1.4171499999999995
1.4232060000000004
1.421341
1.413653
1.4171499999999995
1.4232060000000004
1.421341
1.413653
1.4171499999999995
1.4232060000000004
1.421341
1.413653
1.4171499999999995
1.4232060000000004
1.421341
1.413653
1.4171499999999995
1.4232060000000004
1.421341
1.413653
1.4171499999999995
1.4232060000000004
1.421341
1.413653
1.4171499999999995
1.4232060000000004
1.421341
1.413653
1.4171499999999995
1.4232060000000004
1.421341
1.413653
1.4171499999999995
-1.416073
-1.4198110000000002
-1.4227090000000002
-1.4167560000000003
-1.416073
-1.4198110000000002
-1.4227090000000002
-1.4167560000000003
-1.416073
-1.4198110000000002
-1.4227090000000002
-1.4167560000000003
-1.416073
-1.4198110000000002
-1.4227090000000002
-1.4167560000000003
-1.416073
-1.4198110000000002
-1.4227090000000002
-1.4167560000000003
-1.416073
-1.4198110000000002
-1.4227090000000002
-1.4167560000000003
-1.416073
-1.4198110000000002
-1.4227090000000002
-1.4167560000000003
-1.416073
-1.4198110000000002
-1.4227090000000002
-1.4167560000000003
-1.416073
-1.4198110000000002
-1.4227090000000002
-1.4167560000000003
-1.416073
-1.4198110000000002
-1.4227090000000002
-1.4167560000000003
-1.416073
-1.4198110000000002
-1.4227090000000002
-1.4167560000000003
-1.416073
-1.4198110000000002
-1.4227090000000002
-1.4167560000000003
-1.416073
-1.4198110000000002
-1.4227090000000002
-1.4167560000000003
-1.416073
-1.4198110000000002
-1.4227090000000002
-1.4167560000000003
-1.416073
-1.4198110000000002
-1.4227090000000002
-1.4167560000000003
-1.416073
-1.4198110000000002
-1.4227090000000002
-1.4167560000000003
-1.416073
-1.4198110000000002
-1.4227090000000002
-1.4167560000000003
-1.416073
-1.4198110000000002
-1.4227090000000002
-1.4167560000000003
-1.416073
-1.4198110000000002
-1.4227090000000002
-1.4167560000000003
-1.416073
-1.4198110000000002
-1.4227090000000002
-1.4167560000000003
-1.416073
-1.4198110000000002
-1.4227090000000002
-1.4167560000000003
-1.416073
-1.4198110000000002
-1.4227090000000002
-1.4167560000000003
-1.416073
-1.4198110000000002
-1.4227090000000002
-1.4167560000000003
-1.416073
-1.4198110000000002
-1.4227090000000002
-1.4167560000000003
-1.416073
-1.4198110000000002
-1.4227090000000002
-1.4167560000000003
-1.416073
-1.4198110000000002
-1.4227090000000002
-1.4167560000000003
-1.416073
-1.4198110000000002
-1.4227090000000002
-1.4167560000000003
-1.416073
-1.4198110000000002
-1.4227090000000002
-1.4167560000000003
-1.416073
-1.4198110000000002
-1.4227090000000002
-1.4167560000000003
-1.416073
-1.4198110000000002
-1.4227090000000002
-1.4167560000000003
-1.416073
-1.4198110000000002
-1.4227090000000002
-1.4167560000000003
-1.416073
-1.4198110000000002
-1.4227090000000002
-1.4167560000000003
-1.416073
-1.4198110000000002
-1.4227090000000002
-1.4167560000000003
-1.416073
-1.4198110000000002
-1.4227090000000002
-1.4167560000000003
-1.416073
-1.4198110000000002
-1.4227090000000002
-1.4167560000000003
-1.416073
-1.4198110000000002
-1.4227090000000002
-1.4167560000000003
-1.416073
-1.4198110000000002
-1.4227090000000002
-1.4167560000000003
-1.416073
-1.4198110000000002
-1.4227090000000002
-1.4167560000000003
-1.416073
-1.4198110000000002
-1.4227090000000002
-1.4167560000000003
-1.416073
-1.4198110000000002
-1.4227090000000002
-1.4167560000000003
-1.416073
-1.4198110000000002
-1.4227090000000002
-1.4167560000000003
-1.416073
-1.4198110000000002
-1.4227090000000002
-1.4167560000000003
-1.416073
-1.4198110000000002
-1.4227090000000002
-1.4167560000000003
-1.416073
-1.4198110000000002
-1.4227090000000002
-1.4167560000000003
-1.416073
-1.4198110000000002
-1.4227090000000002
-1.4167560000000003
-1.416073
-1.4198110000000002
-1.4227090000000002
-1.4167560000000003
-1.416073
-1.4198110000000002
-1.4227090000000002
-1.4167560000000003
-1.416073
-1.4198110000000002
-1.4227090000000002
-1.4167560000000003
