1.4375440000000008
1.4358939999999993
1.4333080000000002
1.4340589999999995
1.4375440000000008
1.4358939999999993
1.4333080000000002
1.4340589999999995
1.4375440000000008
1.4358939999999993
1.4333080000000002
1.4340589999999995
1.4375440000000008
1.4358939999999993
1.4333080000000002
1.4340589999999995
1.4375440000000008
1.4358939999999993
1.4333080000000002
1.4340589999999995
1.4375440000000008
1.4358939999999993
1.4333080000000002
1.4340589999999995
1.4375440000000008
1.4358939999999993
1.4333080000000002
1.4340589999999995
1.4375440000000008
1.4358939999999993
1.4333080000000002
1.4340589999999995
1.4375440000000008
1.4358939999999993
1.4333080000000002
1.4340589999999995
1.4375440000000008
1.4358939999999993
1.4333080000000002
1.4340589999999995
1.4375440000000008
1.4358939999999993
1.4333080000000002
1.4340589999999995
1.4375440000000008
1.4358939999999993
1.4333080000000002
1.4340589999999995
1.4375440000000008
1.4358939999999993
1.4333080000000002
1.4340589999999995
1.4375440000000008
1.4358939999999993
1.4333080000000002
1.4340589999999995
1.4375440000000008
1.4358939999999993
1.4333080000000002
1.4340589999999995
1.4375440000000008
1.4358939999999993
1.4333080000000002
1.4340589999999995
1.4375440000000008
1.4358939999999993
1.4333080000000002
1.4340589999999995
1.4375440000000008
1.4358939999999993
1.4333080000000002
1.4340589999999995
1.4375440000000008
1.4358939999999993
1.4333080000000002
1.4340589999999995
1.4375440000000008
1.4358939999999993
1.4333080000000002
1.4340589999999995
1.4375440000000008
1.4358939999999993
1.4333080000000002
1.4340589999999995
1.4375440000000008
1.4358939999999993
1.4333080000000002
1.4340589999999995
1.4375440000000008
1.4358939999999993
1.4333080000000002
1.4340589999999995
1.4375440000000008
1.4358939999999993
1.4333080000000002
1.4340589999999995
1.4375440000000008
1.4358939999999993
1.4333080000000002
1.4340589999999995
1.4375440000000008
1.4358939999999993
1.4333080000000002
1.4340589999999995
1.4375440000000008
1.4358939999999993
1.4333080000000002
1.4340589999999995
1.4375440000000008
1.4358939999999993
1.4333080000000002
1.4340589999999995
1.4375440000000008
1.4358939999999993
1.4333080000000002
1.4340589999999995
1.4375440000000008
1.4358939999999993
1.4333080000000002
1.4340589999999995
1.4375440000000008
1.4358939999999993
1.4333080000000002
1.4340589999999995
1.4375440000000008
1.4358939999999993
1.4333080000000002
1.4340589999999995
1.4375440000000008
1.4358939999999993
1.4333080000000002
1.4340589999999995
1.4375440000000008
1.4358939999999993
1.4333080000000002
1.4340589999999995
1.4375440000000008
1.4358939999999993
1.4333080000000002
1.4340589999999995
1.4375440000000008
1.4358939999999993
1.4333080000000002
1.4340589999999995
-1.4349800000000004
-1.435416
-1.4354649999999998
-1.434946
-1.4349800000000004
-1.435416
-1.4354649999999998
-1.434946
-1.4349800000000004
-1.435416
-1.4354649999999998
-1.434946
-1.4349800000000004
-1.435416
-1.4354649999999998
-1.434946
-1.4349800000000004
-1.435416
-1.4354649999999998
-1.434946
-1.4349800000000004
-1.435416
-1.4354649999999998
-1.434946
-1.4349800000000004
-1.435416
-1.4354649999999998
-1.434946
-1.4349800000000004
-1.435416
-1.4354649999999998
-1.434946
-1.4349800000000004
-1.435416
-1.4354649999999998
-1.434946
-1.4349800000000004
-1.435416
-1.4354649999999998
-1.434946
-1.4349800000000004
-1.435416
-1.4354649999999998
-1.434946
-1.4349800000000004
-1.435416
-1.4354649999999998
-1.434946
-1.4349800000000004
-1.435416
-1.4354649999999998
-1.434946
-1.4349800000000004
-1.435416
-1.4354649999999998
-1.434946
-1.4349800000000004
-1.435416
-1.4354649999999998
-1.434946
-1.4349800000000004
-1.435416
-1.4354649999999998
-1.434946
-1.4349800000000004
-1.435416
-1.4354649999999998
-1.434946
-1.4349800000000004
-1.435416
-1.4354649999999998
-1.434946
-1.4349800000000004
-1.435416
-1.4354649999999998
-1.434946
-1.4349800000000004
-1.435416
-1.4354649999999998
-1.434946
-1.4349800000000004
-1.435416
-1.4354649999999998
-1.434946
-1.4349800000000004
-1.435416
-1.4354649999999998
-1.434946
-1.4349800000000004
-1.435416
-1.4354649999999998
-1.434946
-1.4349800000000004
-1.435416
-1.4354649999999998
-1.434946
-1.4349800000000004
-1.435416
-1.4354649999999998
-1.434946
-1.4349800000000004
-1.435416
-1.4354649999999998
-1.434946
-1.4349800000000004
-1.435416
-1.4354649999999998
-1.434946
-1.4349800000000004
-1.435416
-1.4354649999999998
-1.434946
-1.4349800000000004
-1.435416
-1.4354649999999998
-1.434946
-1.4349800000000004
-1.435416
-1.4354649999999998
-1.434946
-1.4349800000000004
-1.435416
-1.4354649999999998
-1.434946
-1.4349800000000004
-1.435416
-1.4354649999999998
-1.434946
-1.4349800000000004
-1.435416
-1.4354649999999998
-1.434946
-1.4349800000000004
-1.435416
-1.4354649999999998
-1.434946
-1.4349800000000004
-1.435416
-1.4354649999999998
-1.434946
-1.4349800000000004
-1.435416
-1.4354649999999998
-1.434946
