1.2662460000000006
1.2662460000000006
1.2662460000000006
1.2662460000000006
1.2662460000000006
1.2662460000000006
1.2662460000000006
1.2662460000000006
1.2662460000000006
1.2662460000000006
1.2662460000000006
1.2662460000000006
1.2662460000000006
1.2662460000000006
1.2662460000000006
1.2662460000000006
1.2662460000000006
1.2662460000000006
1.2662460000000006
1.2662460000000006
1.2662460000000006
1.2662460000000006
1.2662460000000006
1.2662460000000006
1.2662460000000006
1.2662460000000006
1.2662460000000006
1.2662460000000006
1.2662460000000006
1.2662460000000006
1.2662460000000006
1.2662460000000006
1.2662460000000006
1.2662460000000006
1.2662460000000006
1.2662460000000006
1.2662460000000006
1.2662460000000006
1.2662460000000006
1.2662460000000006
1.2662460000000006
1.2662460000000006
1.2662460000000006
1.2662460000000006
1.2662460000000006
1.2662460000000006
1.2662460000000006
1.2662460000000006
1.2662460000000006
1.2662460000000006
1.2662460000000006
1.2662460000000006
1.2662460000000006
1.2662460000000006
-1.2662440000000004
-1.2662440000000004
-1.2662440000000004
-1.2662440000000004
-1.2662440000000004
-1.2662440000000004
-1.2662440000000004
-1.2662440000000004
-1.2662440000000004
-1.2662440000000004
-1.2662440000000004
-1.2662440000000004
-1.2662440000000004
-1.2662440000000004
-1.2662440000000004
-1.2662440000000004
-1.2662440000000004
-1.2662440000000004
-1.2662440000000004
-1.2662440000000004
-1.2662440000000004
-1.2662440000000004
-1.2662440000000004
-1.2662440000000004
-1.2662440000000004
-1.2662440000000004
-1.2662440000000004
-1.2662440000000004
-1.2662440000000004
-1.2662440000000004
-1.2662440000000004
-1.2662440000000004
-1.2662440000000004
-1.2662440000000004
-1.2662440000000004
-1.2662440000000004
-1.2662440000000004
-1.2662440000000004
-1.2662440000000004
-1.2662440000000004
-1.2662440000000004
-1.2662440000000004
-1.2662440000000004
-1.2662440000000004
-1.2662440000000004
-1.2662440000000004
-1.2662440000000004
-1.2662440000000004
-1.2662440000000004
-1.2662440000000004
-1.2662440000000004
-1.2662440000000004
-1.2662440000000004
-1.2662440000000004
