1.3720879999999998
1.3974650000000004
1.3720879999999998
1.3974650000000004
1.3720879999999998
1.3974650000000004
1.3720879999999998
1.3974650000000004
1.3720879999999998
1.3974650000000004
1.3720879999999998
1.3974650000000004
1.3720879999999998
1.3974650000000004
1.3720879999999998
1.3974650000000004
1.3720879999999998
1.3974650000000004
1.3720879999999998
1.3974650000000004
1.3720879999999998
1.3974650000000004
1.3720879999999998
1.3974650000000004
1.3720879999999998
1.3974650000000004
1.3720879999999998
1.3974650000000004
1.3720879999999998
1.3974650000000004
1.3720879999999998
1.3974650000000004
1.3720879999999998
1.3974650000000004
1.3720879999999998
1.3974650000000004
1.3720879999999998
1.3974650000000004
1.3720879999999998
1.3974650000000004
1.3720879999999998
1.3974650000000004
1.3720879999999998
1.3974650000000004
1.3720879999999998
1.3974650000000004
1.3720879999999998
1.3974650000000004
1.3720879999999998
1.3974650000000004
1.3720879999999998
1.3974650000000004
1.3720879999999998
1.3974650000000004
1.3720879999999998
1.3974650000000004
1.3720879999999998
1.3974650000000004
1.3720879999999998
1.3974650000000004
1.3720879999999998
1.3974650000000004
1.3720879999999998
1.3974650000000004
1.3720879999999998
1.3974650000000004
1.3720879999999998
1.3974650000000004
1.3720879999999998
1.3974650000000004
1.3720879999999998
1.3974650000000004
1.3720879999999998
1.3974650000000004
1.3720879999999998
1.3974650000000004
1.3720879999999998
1.3974650000000004
1.3720879999999998
1.3974650000000004
1.3720879999999998
1.3974650000000004
1.3720879999999998
1.3974650000000004
1.3720879999999998
1.3974650000000004
1.3720879999999998
1.3974650000000004
1.3720879999999998
1.3974650000000004
1.3720879999999998
1.3974650000000004
1.3720879999999998
1.3974650000000004
1.3720879999999998
1.3974650000000004
1.3720879999999998
1.3974650000000004
1.3720879999999998
1.3974650000000004
1.3720879999999998
1.3974650000000004
1.3720879999999998
1.3974650000000004
1.3720879999999998
1.3974650000000004
1.3720879999999998
1.3974650000000004
1.3720879999999998
1.3974650000000004
1.3720879999999998
1.3974650000000004
1.3720879999999998
1.3974650000000004
1.3720879999999998
1.3974650000000004
1.3720879999999998
1.3974650000000004
1.3720879999999998
1.3974650000000004
-1.3761919999999996
-1.3933619999999998
-1.3761919999999996
-1.3933619999999998
-1.3761919999999996
-1.3933619999999998
-1.3761919999999996
-1.3933619999999998
-1.3761919999999996
-1.3933619999999998
-1.3761919999999996
-1.3933619999999998
-1.3761919999999996
-1.3933619999999998
-1.3761919999999996
-1.3933619999999998
-1.3761919999999996
-1.3933619999999998
-1.3761919999999996
-1.3933619999999998
-1.3761919999999996
-1.3933619999999998
-1.3761919999999996
-1.3933619999999998
-1.3761919999999996
-1.3933619999999998
-1.3761919999999996
-1.3933619999999998
-1.3761919999999996
-1.3933619999999998
-1.3761919999999996
-1.3933619999999998
-1.3761919999999996
-1.3933619999999998
-1.3761919999999996
-1.3933619999999998
-1.3761919999999996
-1.3933619999999998
-1.3761919999999996
-1.3933619999999998
-1.3761919999999996
-1.3933619999999998
-1.3761919999999996
-1.3933619999999998
-1.3761919999999996
-1.3933619999999998
-1.3761919999999996
-1.3933619999999998
-1.3761919999999996
-1.3933619999999998
-1.3761919999999996
-1.3933619999999998
-1.3761919999999996
-1.3933619999999998
-1.3761919999999996
-1.3933619999999998
-1.3761919999999996
-1.3933619999999998
-1.3761919999999996
-1.3933619999999998
-1.3761919999999996
-1.3933619999999998
-1.3761919999999996
-1.3933619999999998
-1.3761919999999996
-1.3933619999999998
-1.3761919999999996
-1.3933619999999998
-1.3761919999999996
-1.3933619999999998
-1.3761919999999996
-1.3933619999999998
-1.3761919999999996
-1.3933619999999998
-1.3761919999999996
-1.3933619999999998
-1.3761919999999996
-1.3933619999999998
-1.3761919999999996
-1.3933619999999998
-1.3761919999999996
-1.3933619999999998
-1.3761919999999996
-1.3933619999999998
-1.3761919999999996
-1.3933619999999998
-1.3761919999999996
-1.3933619999999998
-1.3761919999999996
-1.3933619999999998
-1.3761919999999996
-1.3933619999999998
-1.3761919999999996
-1.3933619999999998
-1.3761919999999996
-1.3933619999999998
-1.3761919999999996
-1.3933619999999998
-1.3761919999999996
-1.3933619999999998
-1.3761919999999996
-1.3933619999999998
-1.3761919999999996
-1.3933619999999998
-1.3761919999999996
-1.3933619999999998
-1.3761919999999996
-1.3933619999999998
-1.3761919999999996
-1.3933619999999998
-1.3761919999999996
-1.3933619999999998
-1.3761919999999996
-1.3933619999999998
-1.3761919999999996
-1.3933619999999998
-1.3761919999999996
-1.3933619999999998
-1.3761919999999996
-1.3933619999999998
