1.3893450000000005
1.3902330000000003
1.3893450000000005
1.3902330000000003
1.3893450000000005
1.3902330000000003
1.3893450000000005
1.3902330000000003
1.3893450000000005
1.3902330000000003
1.3893450000000005
1.3902330000000003
1.3893450000000005
1.3902330000000003
1.3893450000000005
1.3902330000000003
1.3893450000000005
1.3902330000000003
1.3893450000000005
1.3902330000000003
1.3893450000000005
1.3902330000000003
1.3893450000000005
1.3902330000000003
1.3893450000000005
1.3902330000000003
1.3893450000000005
1.3902330000000003
1.3893450000000005
1.3902330000000003
1.3893450000000005
1.3902330000000003
1.3893450000000005
1.3902330000000003
1.3893450000000005
1.3902330000000003
1.3893450000000005
1.3902330000000003
1.3893450000000005
1.3902330000000003
1.3893450000000005
1.3902330000000003
1.3893450000000005
1.3902330000000003
1.3893450000000005
1.3902330000000003
1.3893450000000005
1.3902330000000003
1.3893450000000005
1.3902330000000003
1.3893450000000005
1.3902330000000003
1.3893450000000005
1.3902330000000003
1.3893450000000005
1.3902330000000003
1.3893450000000005
1.3902330000000003
1.3893450000000005
1.3902330000000003
1.3893450000000005
1.3902330000000003
1.3893450000000005
1.3902330000000003
1.3893450000000005
1.3902330000000003
1.3893450000000005
1.3902330000000003
1.3893450000000005
1.3902330000000003
1.3893450000000005
1.3902330000000003
1.3893450000000005
1.3902330000000003
1.3893450000000005
1.3902330000000003
1.3893450000000005
1.3902330000000003
1.3893450000000005
1.3902330000000003
1.3893450000000005
1.3902330000000003
1.3893450000000005
1.3902330000000003
1.3893450000000005
1.3902330000000003
1.3893450000000005
1.3902330000000003
1.3893450000000005
1.3902330000000003
1.3893450000000005
1.3902330000000003
1.3893450000000005
1.3902330000000003
1.3893450000000005
1.3902330000000003
1.3893450000000005
1.3902330000000003
1.3893450000000005
1.3902330000000003
1.3893450000000005
1.3902330000000003
1.3893450000000005
1.3902330000000003
1.3893450000000005
1.3902330000000003
1.3893450000000005
1.3902330000000003
1.3893450000000005
1.3902330000000003
1.3893450000000005
1.3902330000000003
1.3893450000000005
1.3902330000000003
1.3893450000000005
1.3902330000000003
1.3893450000000005
1.3902330000000003
1.3893450000000005
1.3902330000000003
-1.3888369999999997
-1.39074
-1.3888369999999997
-1.39074
-1.3888369999999997
-1.39074
-1.3888369999999997
-1.39074
-1.3888369999999997
-1.39074
-1.3888369999999997
-1.39074
-1.3888369999999997
-1.39074
-1.3888369999999997
-1.39074
-1.3888369999999997
-1.39074
-1.3888369999999997
-1.39074
-1.3888369999999997
-1.39074
-1.3888369999999997
-1.39074
-1.3888369999999997
-1.39074
-1.3888369999999997
-1.39074
-1.3888369999999997
-1.39074
-1.3888369999999997
-1.39074
-1.3888369999999997
-1.39074
-1.3888369999999997
-1.39074
-1.3888369999999997
-1.39074
-1.3888369999999997
-1.39074
-1.3888369999999997
-1.39074
-1.3888369999999997
-1.39074
-1.3888369999999997
-1.39074
-1.3888369999999997
-1.39074
-1.3888369999999997
-1.39074
-1.3888369999999997
-1.39074
-1.3888369999999997
-1.39074
-1.3888369999999997
-1.39074
-1.3888369999999997
-1.39074
-1.3888369999999997
-1.39074
-1.3888369999999997
-1.39074
-1.3888369999999997
-1.39074
-1.3888369999999997
-1.39074
-1.3888369999999997
-1.39074
-1.3888369999999997
-1.39074
-1.3888369999999997
-1.39074
-1.3888369999999997
-1.39074
-1.3888369999999997
-1.39074
-1.3888369999999997
-1.39074
-1.3888369999999997
-1.39074
-1.3888369999999997
-1.39074
-1.3888369999999997
-1.39074
-1.3888369999999997
-1.39074
-1.3888369999999997
-1.39074
-1.3888369999999997
-1.39074
-1.3888369999999997
-1.39074
-1.3888369999999997
-1.39074
-1.3888369999999997
-1.39074
-1.3888369999999997
-1.39074
-1.3888369999999997
-1.39074
-1.3888369999999997
-1.39074
-1.3888369999999997
-1.39074
-1.3888369999999997
-1.39074
-1.3888369999999997
-1.39074
-1.3888369999999997
-1.39074
-1.3888369999999997
-1.39074
-1.3888369999999997
-1.39074
-1.3888369999999997
-1.39074
-1.3888369999999997
-1.39074
-1.3888369999999997
-1.39074
