1.3707849999999997
1.3466710000000006
1.3707849999999997
1.3466710000000006
1.3707849999999997
1.3466710000000006
1.3707849999999997
1.3466710000000006
1.3707849999999997
1.3466710000000006
1.3707849999999997
1.3466710000000006
1.3707849999999997
1.3466710000000006
1.3707849999999997
1.3466710000000006
1.3707849999999997
1.3466710000000006
1.3707849999999997
1.3466710000000006
1.3707849999999997
1.3466710000000006
1.3707849999999997
1.3466710000000006
1.3707849999999997
1.3466710000000006
1.3707849999999997
1.3466710000000006
1.3707849999999997
1.3466710000000006
1.3707849999999997
1.3466710000000006
1.3707849999999997
1.3466710000000006
1.3707849999999997
1.3466710000000006
1.3707849999999997
1.3466710000000006
1.3707849999999997
1.3466710000000006
1.3707849999999997
1.3466710000000006
1.3707849999999997
1.3466710000000006
1.3707849999999997
1.3466710000000006
1.3707849999999997
1.3466710000000006
1.3707849999999997
1.3466710000000006
1.3707849999999997
1.3466710000000006
1.3707849999999997
1.3466710000000006
1.3707849999999997
1.3466710000000006
1.3707849999999997
1.3466710000000006
1.3707849999999997
1.3466710000000006
1.3707849999999997
1.3466710000000006
1.3707849999999997
1.3466710000000006
1.3707849999999997
1.3466710000000006
1.3707849999999997
1.3466710000000006
1.3707849999999997
1.3466710000000006
1.3707849999999997
1.3466710000000006
-1.3529999999999998
-1.3644550000000004
-1.3529999999999998
-1.3644550000000004
-1.3529999999999998
-1.3644550000000004
-1.3529999999999998
-1.3644550000000004
-1.3529999999999998
-1.3644550000000004
-1.3529999999999998
-1.3644550000000004
-1.3529999999999998
-1.3644550000000004
-1.3529999999999998
-1.3644550000000004
-1.3529999999999998
-1.3644550000000004
-1.3529999999999998
-1.3644550000000004
-1.3529999999999998
-1.3644550000000004
-1.3529999999999998
-1.3644550000000004
-1.3529999999999998
-1.3644550000000004
-1.3529999999999998
-1.3644550000000004
-1.3529999999999998
-1.3644550000000004
-1.3529999999999998
-1.3644550000000004
-1.3529999999999998
-1.3644550000000004
-1.3529999999999998
-1.3644550000000004
-1.3529999999999998
-1.3644550000000004
-1.3529999999999998
-1.3644550000000004
-1.3529999999999998
-1.3644550000000004
-1.3529999999999998
-1.3644550000000004
-1.3529999999999998
-1.3644550000000004
-1.3529999999999998
-1.3644550000000004
-1.3529999999999998
-1.3644550000000004
-1.3529999999999998
-1.3644550000000004
-1.3529999999999998
-1.3644550000000004
-1.3529999999999998
-1.3644550000000004
-1.3529999999999998
-1.3644550000000004
-1.3529999999999998
-1.3644550000000004
-1.3529999999999998
-1.3644550000000004
-1.3529999999999998
-1.3644550000000004
-1.3529999999999998
-1.3644550000000004
-1.3529999999999998
-1.3644550000000004
-1.3529999999999998
-1.3644550000000004
-1.3529999999999998
-1.3644550000000004
