1.2200930000000003
1.2200930000000003
1.2200930000000003
1.2200930000000003
1.2200930000000003
1.2200930000000003
1.2200930000000003
1.2200930000000003
1.2200930000000003
1.2200930000000003
1.2200930000000003
1.2200930000000003
1.2200930000000003
1.2200930000000003
1.2200930000000003
1.2200930000000003
1.2200930000000003
1.2200930000000003
1.2200930000000003
1.2200930000000003
1.2200930000000003
1.2200930000000003
1.2200930000000003
1.2200930000000003
1.2200930000000003
1.2200930000000003
1.2200930000000003
-1.2200959999999998
-1.2200959999999998
-1.2200959999999998
-1.2200959999999998
-1.2200959999999998
-1.2200959999999998
-1.2200959999999998
-1.2200959999999998
-1.2200959999999998
-1.2200959999999998
-1.2200959999999998
-1.2200959999999998
-1.2200959999999998
-1.2200959999999998
-1.2200959999999998
-1.2200959999999998
-1.2200959999999998
-1.2200959999999998
-1.2200959999999998
-1.2200959999999998
-1.2200959999999998
-1.2200959999999998
-1.2200959999999998
-1.2200959999999998
-1.2200959999999998
-1.2200959999999998
-1.2200959999999998
