1.1977329999999995
1.1977329999999995
1.1977329999999995
1.1977329999999995
1.1977329999999995
1.1977329999999995
1.1977329999999995
1.1977329999999995
1.1977329999999995
1.1977329999999995
1.1977329999999995
1.1977329999999995
1.1977329999999995
1.1977329999999995
1.1977329999999995
1.1977329999999995
1.1977329999999995
1.1977329999999995
1.1977329999999995
1.1977329999999995
1.1977329999999995
1.1977329999999995
1.1977329999999995
1.1977329999999995
1.1977329999999995
1.1977329999999995
1.1977329999999995
-1.1977349999999998
-1.1977349999999998
-1.1977349999999998
-1.1977349999999998
-1.1977349999999998
-1.1977349999999998
-1.1977349999999998
-1.1977349999999998
-1.1977349999999998
-1.1977349999999998
-1.1977349999999998
-1.1977349999999998
-1.1977349999999998
-1.1977349999999998
-1.1977349999999998
-1.1977349999999998
-1.1977349999999998
-1.1977349999999998
-1.1977349999999998
-1.1977349999999998
-1.1977349999999998
-1.1977349999999998
-1.1977349999999998
-1.1977349999999998
-1.1977349999999998
-1.1977349999999998
-1.1977349999999998
