1.0954719999999991
1.5235459999999996
1.0487739999999999
1.5102309999999992
1.0954719999999991
1.5235459999999996
1.0487739999999999
1.5102309999999992
1.0954719999999991
1.5235459999999996
1.0487739999999999
1.5102309999999992
1.0954719999999991
1.5235459999999996
1.0487739999999999
1.5102309999999992
1.0954719999999991
1.5235459999999996
1.0487739999999999
1.5102309999999992
1.0954719999999991
1.5235459999999996
1.0487739999999999
1.5102309999999992
1.0954719999999991
1.5235459999999996
1.0487739999999999
1.5102309999999992
1.0954719999999991
1.5235459999999996
1.0487739999999999
1.5102309999999992
1.0954719999999991
1.5235459999999996
1.0487739999999999
1.5102309999999992
1.0954719999999991
1.5235459999999996
1.0487739999999999
1.5102309999999992
1.0954719999999991
1.5235459999999996
1.0487739999999999
1.5102309999999992
1.0954719999999991
1.5235459999999996
1.0487739999999999
1.5102309999999992
1.0954719999999991
1.5235459999999996
1.0487739999999999
1.5102309999999992
1.0954719999999991
1.5235459999999996
1.0487739999999999
1.5102309999999992
1.0954719999999991
1.5235459999999996
1.0487739999999999
1.5102309999999992
1.0954719999999991
1.5235459999999996
1.0487739999999999
1.5102309999999992
1.0954719999999991
1.5235459999999996
1.0487739999999999
1.5102309999999992
1.0954719999999991
1.5235459999999996
1.0487739999999999
1.5102309999999992
1.0954719999999991
1.5235459999999996
1.0487739999999999
1.5102309999999992
1.0954719999999991
1.5235459999999996
1.0487739999999999
1.5102309999999992
1.0954719999999991
1.5235459999999996
1.0487739999999999
1.5102309999999992
1.0954719999999991
1.5235459999999996
1.0487739999999999
1.5102309999999992
1.0954719999999991
1.5235459999999996
1.0487739999999999
1.5102309999999992
1.0954719999999991
1.5235459999999996
1.0487739999999999
1.5102309999999992
1.0954719999999991
1.5235459999999996
1.0487739999999999
1.5102309999999992
1.0954719999999991
1.5235459999999996
1.0487739999999999
1.5102309999999992
1.0954719999999991
1.5235459999999996
1.0487739999999999
1.5102309999999992
1.0954719999999991
1.5235459999999996
1.0487739999999999
1.5102309999999992
1.0954719999999991
1.5235459999999996
1.0487739999999999
1.5102309999999992
1.0954719999999991
1.5235459999999996
1.0487739999999999
1.5102309999999992
1.0954719999999991
1.5235459999999996
1.0487739999999999
1.5102309999999992
1.0954719999999991
1.5235459999999996
1.0487739999999999
1.5102309999999992
1.0954719999999991
1.5235459999999996
1.0487739999999999
1.5102309999999992
1.0954719999999991
1.5235459999999996
1.0487739999999999
1.5102309999999992
1.0954719999999991
1.5235459999999996
1.0487739999999999
1.5102309999999992
1.0954719999999991
1.5235459999999996
1.0487739999999999
1.5102309999999992
1.0954719999999991
1.5235459999999996
1.0487739999999999
1.5102309999999992
1.0954719999999991
1.5235459999999996
1.0487739999999999
1.5102309999999992
1.0954719999999991
1.5235459999999996
1.0487739999999999
1.5102309999999992
1.0954719999999991
1.5235459999999996
1.0487739999999999
1.5102309999999992
1.0954719999999991
1.5235459999999996
1.0487739999999999
1.5102309999999992
1.0954719999999991
1.5235459999999996
1.0487739999999999
1.5102309999999992
1.0954719999999991
1.5235459999999996
1.0487739999999999
1.5102309999999992
1.0954719999999991
1.5235459999999996
1.0487739999999999
1.5102309999999992
1.0954719999999991
1.5235459999999996
1.0487739999999999
1.5102309999999992
-1.2809039999999996
-1.3157290000000001
-1.2402949999999997
-1.341094
-1.2809039999999996
-1.3157290000000001
-1.2402949999999997
-1.341094
-1.2809039999999996
-1.3157290000000001
-1.2402949999999997
-1.341094
-1.2809039999999996
-1.3157290000000001
-1.2402949999999997
-1.341094
-1.2809039999999996
-1.3157290000000001
-1.2402949999999997
-1.341094
-1.2809039999999996
-1.3157290000000001
-1.2402949999999997
-1.341094
-1.2809039999999996
-1.3157290000000001
-1.2402949999999997
-1.341094
-1.2809039999999996
-1.3157290000000001
-1.2402949999999997
-1.341094
-1.2809039999999996
-1.3157290000000001
-1.2402949999999997
-1.341094
-1.2809039999999996
-1.3157290000000001
-1.2402949999999997
-1.341094
-1.2809039999999996
-1.3157290000000001
-1.2402949999999997
-1.341094
-1.2809039999999996
-1.3157290000000001
-1.2402949999999997
-1.341094
-1.2809039999999996
-1.3157290000000001
-1.2402949999999997
-1.341094
-1.2809039999999996
-1.3157290000000001
-1.2402949999999997
-1.341094
-1.2809039999999996
-1.3157290000000001
-1.2402949999999997
-1.341094
-1.2809039999999996
-1.3157290000000001
-1.2402949999999997
-1.341094
-1.2809039999999996
-1.3157290000000001
-1.2402949999999997
-1.341094
-1.2809039999999996
-1.3157290000000001
-1.2402949999999997
-1.341094
-1.2809039999999996
-1.3157290000000001
-1.2402949999999997
-1.341094
-1.2809039999999996
-1.3157290000000001
-1.2402949999999997
-1.341094
-1.2809039999999996
-1.3157290000000001
-1.2402949999999997
-1.341094
-1.2809039999999996
-1.3157290000000001
-1.2402949999999997
-1.341094
-1.2809039999999996
-1.3157290000000001
-1.2402949999999997
-1.341094
-1.2809039999999996
-1.3157290000000001
-1.2402949999999997
-1.341094
-1.2809039999999996
-1.3157290000000001
-1.2402949999999997
-1.341094
-1.2809039999999996
-1.3157290000000001
-1.2402949999999997
-1.341094
-1.2809039999999996
-1.3157290000000001
-1.2402949999999997
-1.341094
-1.2809039999999996
-1.3157290000000001
-1.2402949999999997
-1.341094
-1.2809039999999996
-1.3157290000000001
-1.2402949999999997
-1.341094
-1.2809039999999996
-1.3157290000000001
-1.2402949999999997
-1.341094
-1.2809039999999996
-1.3157290000000001
-1.2402949999999997
-1.341094
-1.2809039999999996
-1.3157290000000001
-1.2402949999999997
-1.341094
-1.2809039999999996
-1.3157290000000001
-1.2402949999999997
-1.341094
-1.2809039999999996
-1.3157290000000001
-1.2402949999999997
-1.341094
-1.2809039999999996
-1.3157290000000001
-1.2402949999999997
-1.341094
-1.2809039999999996
-1.3157290000000001
-1.2402949999999997
-1.341094
-1.2809039999999996
-1.3157290000000001
-1.2402949999999997
-1.341094
-1.2809039999999996
-1.3157290000000001
-1.2402949999999997
-1.341094
-1.2809039999999996
-1.3157290000000001
-1.2402949999999997
-1.341094
-1.2809039999999996
-1.3157290000000001
-1.2402949999999997
-1.341094
-1.2809039999999996
-1.3157290000000001
-1.2402949999999997
-1.341094
-1.2809039999999996
-1.3157290000000001
-1.2402949999999997
-1.341094
-1.2809039999999996
-1.3157290000000001
-1.2402949999999997
-1.341094
-1.2809039999999996
-1.3157290000000001
-1.2402949999999997
-1.341094
-1.2809039999999996
-1.3157290000000001
-1.2402949999999997
-1.341094
