1.3976439999999997
1.3550149999999999
1.3976439999999997
1.3550149999999999
1.3976439999999997
1.3550149999999999
1.3976439999999997
1.3550149999999999
1.3976439999999997
1.3550149999999999
1.3976439999999997
1.3550149999999999
1.3976439999999997
1.3550149999999999
1.3976439999999997
1.3550149999999999
1.3976439999999997
1.3550149999999999
1.3976439999999997
1.3550149999999999
1.3976439999999997
1.3550149999999999
1.3976439999999997
1.3550149999999999
1.3976439999999997
1.3550149999999999
1.3976439999999997
1.3550149999999999
1.3976439999999997
1.3550149999999999
1.3976439999999997
1.3550149999999999
1.3976439999999997
1.3550149999999999
1.3976439999999997
1.3550149999999999
1.3976439999999997
1.3550149999999999
1.3976439999999997
1.3550149999999999
1.3976439999999997
1.3550149999999999
1.3976439999999997
1.3550149999999999
1.3976439999999997
1.3550149999999999
1.3976439999999997
1.3550149999999999
1.3976439999999997
1.3550149999999999
1.3976439999999997
1.3550149999999999
1.3976439999999997
1.3550149999999999
1.3976439999999997
1.3550149999999999
1.3976439999999997
1.3550149999999999
1.3976439999999997
1.3550149999999999
1.3976439999999997
1.3550149999999999
1.3976439999999997
1.3550149999999999
1.3976439999999997
1.3550149999999999
1.3976439999999997
1.3550149999999999
1.3976439999999997
1.3550149999999999
1.3976439999999997
1.3550149999999999
1.3976439999999997
1.3550149999999999
1.3976439999999997
1.3550149999999999
1.3976439999999997
1.3550149999999999
1.3976439999999997
1.3550149999999999
1.3976439999999997
1.3550149999999999
1.3976439999999997
1.3550149999999999
1.3976439999999997
1.3550149999999999
1.3976439999999997
1.3550149999999999
1.3976439999999997
1.3550149999999999
1.3976439999999997
1.3550149999999999
1.3976439999999997
1.3550149999999999
1.3976439999999997
1.3550149999999999
1.3976439999999997
1.3550149999999999
1.3976439999999997
1.3550149999999999
1.3976439999999997
1.3550149999999999
1.3976439999999997
1.3550149999999999
1.3976439999999997
1.3550149999999999
1.3976439999999997
1.3550149999999999
1.3976439999999997
1.3550149999999999
1.3976439999999997
1.3550149999999999
1.3976439999999997
1.3550149999999999
1.3976439999999997
1.3550149999999999
1.3976439999999997
1.3550149999999999
1.3976439999999997
1.3550149999999999
-1.3642310000000002
-1.388427
-1.3642310000000002
-1.388427
-1.3642310000000002
-1.388427
-1.3642310000000002
-1.388427
-1.3642310000000002
-1.388427
-1.3642310000000002
-1.388427
-1.3642310000000002
-1.388427
-1.3642310000000002
-1.388427
-1.3642310000000002
-1.388427
-1.3642310000000002
-1.388427
-1.3642310000000002
-1.388427
-1.3642310000000002
-1.388427
-1.3642310000000002
-1.388427
-1.3642310000000002
-1.388427
-1.3642310000000002
-1.388427
-1.3642310000000002
-1.388427
-1.3642310000000002
-1.388427
-1.3642310000000002
-1.388427
-1.3642310000000002
-1.388427
-1.3642310000000002
-1.388427
-1.3642310000000002
-1.388427
-1.3642310000000002
-1.388427
-1.3642310000000002
-1.388427
-1.3642310000000002
-1.388427
-1.3642310000000002
-1.388427
-1.3642310000000002
-1.388427
-1.3642310000000002
-1.388427
-1.3642310000000002
-1.388427
-1.3642310000000002
-1.388427
-1.3642310000000002
-1.388427
-1.3642310000000002
-1.388427
-1.3642310000000002
-1.388427
-1.3642310000000002
-1.388427
-1.3642310000000002
-1.388427
-1.3642310000000002
-1.388427
-1.3642310000000002
-1.388427
-1.3642310000000002
-1.388427
-1.3642310000000002
-1.388427
-1.3642310000000002
-1.388427
-1.3642310000000002
-1.388427
-1.3642310000000002
-1.388427
-1.3642310000000002
-1.388427
-1.3642310000000002
-1.388427
-1.3642310000000002
-1.388427
-1.3642310000000002
-1.388427
-1.3642310000000002
-1.388427
-1.3642310000000002
-1.388427
-1.3642310000000002
-1.388427
-1.3642310000000002
-1.388427
-1.3642310000000002
-1.388427
-1.3642310000000002
-1.388427
-1.3642310000000002
-1.388427
-1.3642310000000002
-1.388427
-1.3642310000000002
-1.388427
-1.3642310000000002
-1.388427
-1.3642310000000002
-1.388427
-1.3642310000000002
-1.388427
-1.3642310000000002
-1.388427
-1.3642310000000002
-1.388427
-1.3642310000000002
-1.388427
