1.3775139999999997
1.3861899999999991
1.3775139999999997
1.3861899999999991
1.3775139999999997
1.3861899999999991
1.3775139999999997
1.3861899999999991
1.3775139999999997
1.3861899999999991
1.3775139999999997
1.3861899999999991
1.3775139999999997
1.3861899999999991
1.3775139999999997
1.3861899999999991
1.3775139999999997
1.3861899999999991
1.3775139999999997
1.3861899999999991
1.3775139999999997
1.3861899999999991
1.3775139999999997
1.3861899999999991
1.3775139999999997
1.3861899999999991
1.3775139999999997
1.3861899999999991
1.3775139999999997
1.3861899999999991
1.3775139999999997
1.3861899999999991
1.3775139999999997
1.3861899999999991
1.3775139999999997
1.3861899999999991
1.3775139999999997
1.3861899999999991
1.3775139999999997
1.3861899999999991
1.3775139999999997
1.3861899999999991
1.3775139999999997
1.3861899999999991
1.3775139999999997
1.3861899999999991
1.3775139999999997
1.3861899999999991
1.3775139999999997
1.3861899999999991
1.3775139999999997
1.3861899999999991
1.3775139999999997
1.3861899999999991
1.3775139999999997
1.3861899999999991
1.3775139999999997
1.3861899999999991
1.3775139999999997
1.3861899999999991
1.3775139999999997
1.3861899999999991
1.3775139999999997
1.3861899999999991
1.3775139999999997
1.3861899999999991
1.3775139999999997
1.3861899999999991
1.3775139999999997
1.3861899999999991
1.3775139999999997
1.3861899999999991
1.3775139999999997
1.3861899999999991
1.3775139999999997
1.3861899999999991
1.3775139999999997
1.3861899999999991
1.3775139999999997
1.3861899999999991
1.3775139999999997
1.3861899999999991
1.3775139999999997
1.3861899999999991
1.3775139999999997
1.3861899999999991
1.3775139999999997
1.3861899999999991
1.3775139999999997
1.3861899999999991
1.3775139999999997
1.3861899999999991
1.3775139999999997
1.3861899999999991
1.3775139999999997
1.3861899999999991
1.3775139999999997
1.3861899999999991
1.3775139999999997
1.3861899999999991
1.3775139999999997
1.3861899999999991
1.3775139999999997
1.3861899999999991
1.3775139999999997
1.3861899999999991
1.3775139999999997
1.3861899999999991
1.3775139999999997
1.3861899999999991
1.3775139999999997
1.3861899999999991
1.3775139999999997
1.3861899999999991
1.3775139999999997
1.3861899999999991
1.3775139999999997
1.3861899999999991
1.3775139999999997
1.3861899999999991
-1.3768140000000004
-1.3868900000000002
-1.3768140000000004
-1.3868900000000002
-1.3768140000000004
-1.3868900000000002
-1.3768140000000004
-1.3868900000000002
-1.3768140000000004
-1.3868900000000002
-1.3768140000000004
-1.3868900000000002
-1.3768140000000004
-1.3868900000000002
-1.3768140000000004
-1.3868900000000002
-1.3768140000000004
-1.3868900000000002
-1.3768140000000004
-1.3868900000000002
-1.3768140000000004
-1.3868900000000002
-1.3768140000000004
-1.3868900000000002
-1.3768140000000004
-1.3868900000000002
-1.3768140000000004
-1.3868900000000002
-1.3768140000000004
-1.3868900000000002
-1.3768140000000004
-1.3868900000000002
-1.3768140000000004
-1.3868900000000002
-1.3768140000000004
-1.3868900000000002
-1.3768140000000004
-1.3868900000000002
-1.3768140000000004
-1.3868900000000002
-1.3768140000000004
-1.3868900000000002
-1.3768140000000004
-1.3868900000000002
-1.3768140000000004
-1.3868900000000002
-1.3768140000000004
-1.3868900000000002
-1.3768140000000004
-1.3868900000000002
-1.3768140000000004
-1.3868900000000002
-1.3768140000000004
-1.3868900000000002
-1.3768140000000004
-1.3868900000000002
-1.3768140000000004
-1.3868900000000002
-1.3768140000000004
-1.3868900000000002
-1.3768140000000004
-1.3868900000000002
-1.3768140000000004
-1.3868900000000002
-1.3768140000000004
-1.3868900000000002
-1.3768140000000004
-1.3868900000000002
-1.3768140000000004
-1.3868900000000002
-1.3768140000000004
-1.3868900000000002
-1.3768140000000004
-1.3868900000000002
-1.3768140000000004
-1.3868900000000002
-1.3768140000000004
-1.3868900000000002
-1.3768140000000004
-1.3868900000000002
-1.3768140000000004
-1.3868900000000002
-1.3768140000000004
-1.3868900000000002
-1.3768140000000004
-1.3868900000000002
-1.3768140000000004
-1.3868900000000002
-1.3768140000000004
-1.3868900000000002
-1.3768140000000004
-1.3868900000000002
-1.3768140000000004
-1.3868900000000002
-1.3768140000000004
-1.3868900000000002
-1.3768140000000004
-1.3868900000000002
-1.3768140000000004
-1.3868900000000002
-1.3768140000000004
-1.3868900000000002
-1.3768140000000004
-1.3868900000000002
-1.3768140000000004
-1.3868900000000002
-1.3768140000000004
-1.3868900000000002
-1.3768140000000004
-1.3868900000000002
-1.3768140000000004
-1.3868900000000002
-1.3768140000000004
-1.3868900000000002
-1.3768140000000004
-1.3868900000000002
-1.3768140000000004
-1.3868900000000002
-1.3768140000000004
-1.3868900000000002
