1.3836119999999994
1.3210619999999995
1.3836119999999994
1.3210619999999995
1.3836119999999994
1.3210619999999995
1.3836119999999994
1.3210619999999995
1.3836119999999994
1.3210619999999995
1.3836119999999994
1.3210619999999995
1.3836119999999994
1.3210619999999995
1.3836119999999994
1.3210619999999995
1.3836119999999994
1.3210619999999995
1.3836119999999994
1.3210619999999995
1.3836119999999994
1.3210619999999995
1.3836119999999994
1.3210619999999995
1.3836119999999994
1.3210619999999995
1.3836119999999994
1.3210619999999995
1.3836119999999994
1.3210619999999995
1.3836119999999994
1.3210619999999995
1.3836119999999994
1.3210619999999995
1.3836119999999994
1.3210619999999995
1.3836119999999994
1.3210619999999995
1.3836119999999994
1.3210619999999995
1.3836119999999994
1.3210619999999995
1.3836119999999994
1.3210619999999995
1.3836119999999994
1.3210619999999995
1.3836119999999994
1.3210619999999995
1.3836119999999994
1.3210619999999995
1.3836119999999994
1.3210619999999995
1.3836119999999994
1.3210619999999995
1.3836119999999994
1.3210619999999995
1.3836119999999994
1.3210619999999995
1.3836119999999994
1.3210619999999995
1.3836119999999994
1.3210619999999995
1.3836119999999994
1.3210619999999995
1.3836119999999994
1.3210619999999995
1.3836119999999994
1.3210619999999995
1.3836119999999994
1.3210619999999995
1.3836119999999994
1.3210619999999995
1.3836119999999994
1.3210619999999995
1.3836119999999994
1.3210619999999995
1.3836119999999994
1.3210619999999995
1.3836119999999994
1.3210619999999995
1.3836119999999994
1.3210619999999995
1.3836119999999994
1.3210619999999995
1.3836119999999994
1.3210619999999995
1.3836119999999994
1.3210619999999995
1.3836119999999994
1.3210619999999995
1.3836119999999994
1.3210619999999995
1.3836119999999994
1.3210619999999995
1.3836119999999994
1.3210619999999995
1.3836119999999994
1.3210619999999995
1.3836119999999994
1.3210619999999995
1.3836119999999994
1.3210619999999995
1.3836119999999994
1.3210619999999995
1.3836119999999994
1.3210619999999995
1.3836119999999994
1.3210619999999995
1.3836119999999994
1.3210619999999995
1.3836119999999994
1.3210619999999995
1.3836119999999994
1.3210619999999995
1.3836119999999994
1.3210619999999995
1.3836119999999994
1.3210619999999995
1.3836119999999994
1.3210619999999995
-1.3305170000000004
-1.3741580000000004
-1.3305170000000004
-1.3741580000000004
-1.3305170000000004
-1.3741580000000004
-1.3305170000000004
-1.3741580000000004
-1.3305170000000004
-1.3741580000000004
-1.3305170000000004
-1.3741580000000004
-1.3305170000000004
-1.3741580000000004
-1.3305170000000004
-1.3741580000000004
-1.3305170000000004
-1.3741580000000004
-1.3305170000000004
-1.3741580000000004
-1.3305170000000004
-1.3741580000000004
-1.3305170000000004
-1.3741580000000004
-1.3305170000000004
-1.3741580000000004
-1.3305170000000004
-1.3741580000000004
-1.3305170000000004
-1.3741580000000004
-1.3305170000000004
-1.3741580000000004
-1.3305170000000004
-1.3741580000000004
-1.3305170000000004
-1.3741580000000004
-1.3305170000000004
-1.3741580000000004
-1.3305170000000004
-1.3741580000000004
-1.3305170000000004
-1.3741580000000004
-1.3305170000000004
-1.3741580000000004
-1.3305170000000004
-1.3741580000000004
-1.3305170000000004
-1.3741580000000004
-1.3305170000000004
-1.3741580000000004
-1.3305170000000004
-1.3741580000000004
-1.3305170000000004
-1.3741580000000004
-1.3305170000000004
-1.3741580000000004
-1.3305170000000004
-1.3741580000000004
-1.3305170000000004
-1.3741580000000004
-1.3305170000000004
-1.3741580000000004
-1.3305170000000004
-1.3741580000000004
-1.3305170000000004
-1.3741580000000004
-1.3305170000000004
-1.3741580000000004
-1.3305170000000004
-1.3741580000000004
-1.3305170000000004
-1.3741580000000004
-1.3305170000000004
-1.3741580000000004
-1.3305170000000004
-1.3741580000000004
-1.3305170000000004
-1.3741580000000004
-1.3305170000000004
-1.3741580000000004
-1.3305170000000004
-1.3741580000000004
-1.3305170000000004
-1.3741580000000004
-1.3305170000000004
-1.3741580000000004
-1.3305170000000004
-1.3741580000000004
-1.3305170000000004
-1.3741580000000004
-1.3305170000000004
-1.3741580000000004
-1.3305170000000004
-1.3741580000000004
-1.3305170000000004
-1.3741580000000004
-1.3305170000000004
-1.3741580000000004
-1.3305170000000004
-1.3741580000000004
-1.3305170000000004
-1.3741580000000004
-1.3305170000000004
-1.3741580000000004
-1.3305170000000004
-1.3741580000000004
-1.3305170000000004
-1.3741580000000004
-1.3305170000000004
-1.3741580000000004
-1.3305170000000004
-1.3741580000000004
-1.3305170000000004
-1.3741580000000004
-1.3305170000000004
-1.3741580000000004
-1.3305170000000004
-1.3741580000000004
-1.3305170000000004
-1.3741580000000004
