1.3664240000000003
1.3669390000000003
1.3664240000000003
1.3669390000000003
1.3664240000000003
1.3669390000000003
1.3664240000000003
1.3669390000000003
1.3664240000000003
1.3669390000000003
1.3664240000000003
1.3669390000000003
1.3664240000000003
1.3669390000000003
1.3664240000000003
1.3669390000000003
1.3664240000000003
1.3669390000000003
1.3664240000000003
1.3669390000000003
1.3664240000000003
1.3669390000000003
1.3664240000000003
1.3669390000000003
1.3664240000000003
1.3669390000000003
1.3664240000000003
1.3669390000000003
1.3664240000000003
1.3669390000000003
1.3664240000000003
1.3669390000000003
1.3664240000000003
1.3669390000000003
1.3664240000000003
1.3669390000000003
1.3664240000000003
1.3669390000000003
1.3664240000000003
1.3669390000000003
1.3664240000000003
1.3669390000000003
1.3664240000000003
1.3669390000000003
1.3664240000000003
1.3669390000000003
1.3664240000000003
1.3669390000000003
1.3664240000000003
1.3669390000000003
1.3664240000000003
1.3669390000000003
1.3664240000000003
1.3669390000000003
1.3664240000000003
1.3669390000000003
1.3664240000000003
1.3669390000000003
1.3664240000000003
1.3669390000000003
1.3664240000000003
1.3669390000000003
1.3664240000000003
1.3669390000000003
1.3664240000000003
1.3669390000000003
1.3664240000000003
1.3669390000000003
1.3664240000000003
1.3669390000000003
1.3664240000000003
1.3669390000000003
1.3664240000000003
1.3669390000000003
1.3664240000000003
1.3669390000000003
1.3664240000000003
1.3669390000000003
1.3664240000000003
1.3669390000000003
1.3664240000000003
1.3669390000000003
1.3664240000000003
1.3669390000000003
1.3664240000000003
1.3669390000000003
1.3664240000000003
1.3669390000000003
1.3664240000000003
1.3669390000000003
1.3664240000000003
1.3669390000000003
1.3664240000000003
1.3669390000000003
1.3664240000000003
1.3669390000000003
1.3664240000000003
1.3669390000000003
1.3664240000000003
1.3669390000000003
1.3664240000000003
1.3669390000000003
1.3664240000000003
1.3669390000000003
1.3664240000000003
1.3669390000000003
1.3664240000000003
1.3669390000000003
1.3664240000000003
1.3669390000000003
1.3664240000000003
1.3669390000000003
1.3664240000000003
1.3669390000000003
1.3664240000000003
1.3669390000000003
1.3664240000000003
1.3669390000000003
1.3664240000000003
1.3669390000000003
-1.365768
-1.3675930000000003
-1.365768
-1.3675930000000003
-1.365768
-1.3675930000000003
-1.365768
-1.3675930000000003
-1.365768
-1.3675930000000003
-1.365768
-1.3675930000000003
-1.365768
-1.3675930000000003
-1.365768
-1.3675930000000003
-1.365768
-1.3675930000000003
-1.365768
-1.3675930000000003
-1.365768
-1.3675930000000003
-1.365768
-1.3675930000000003
-1.365768
-1.3675930000000003
-1.365768
-1.3675930000000003
-1.365768
-1.3675930000000003
-1.365768
-1.3675930000000003
-1.365768
-1.3675930000000003
-1.365768
-1.3675930000000003
-1.365768
-1.3675930000000003
-1.365768
-1.3675930000000003
-1.365768
-1.3675930000000003
-1.365768
-1.3675930000000003
-1.365768
-1.3675930000000003
-1.365768
-1.3675930000000003
-1.365768
-1.3675930000000003
-1.365768
-1.3675930000000003
-1.365768
-1.3675930000000003
-1.365768
-1.3675930000000003
-1.365768
-1.3675930000000003
-1.365768
-1.3675930000000003
-1.365768
-1.3675930000000003
-1.365768
-1.3675930000000003
-1.365768
-1.3675930000000003
-1.365768
-1.3675930000000003
-1.365768
-1.3675930000000003
-1.365768
-1.3675930000000003
-1.365768
-1.3675930000000003
-1.365768
-1.3675930000000003
-1.365768
-1.3675930000000003
-1.365768
-1.3675930000000003
-1.365768
-1.3675930000000003
-1.365768
-1.3675930000000003
-1.365768
-1.3675930000000003
-1.365768
-1.3675930000000003
-1.365768
-1.3675930000000003
-1.365768
-1.3675930000000003
-1.365768
-1.3675930000000003
-1.365768
-1.3675930000000003
-1.365768
-1.3675930000000003
-1.365768
-1.3675930000000003
-1.365768
-1.3675930000000003
-1.365768
-1.3675930000000003
-1.365768
-1.3675930000000003
-1.365768
-1.3675930000000003
-1.365768
-1.3675930000000003
-1.365768
-1.3675930000000003
-1.365768
-1.3675930000000003
-1.365768
-1.3675930000000003
-1.365768
-1.3675930000000003
-1.365768
-1.3675930000000003
