0.5878209999999999
0.5878209999999999
0.5878209999999999
0.5878209999999999
0.5878209999999999
0.5878209999999999
0.5878209999999999
0.5878209999999999
0.5878209999999999
0.5878209999999999
0.5878209999999999
0.5878209999999999
0.5878209999999999
0.5878209999999999
0.5878209999999999
0.5878209999999999
0.5878209999999999
0.5878209999999999
0.5878209999999999
0.5878209999999999
0.5878209999999999
0.5878209999999999
0.5878209999999999
0.5878209999999999
0.5878209999999999
0.5878209999999999
0.5878209999999999
0.5878209999999999
0.5878209999999999
0.5878209999999999
0.5878209999999999
0.5878209999999999
0.5878209999999999
0.5878209999999999
0.5878209999999999
0.5878209999999999
0.5878209999999999
0.5878209999999999
0.5878209999999999
0.5878209999999999
0.5878209999999999
0.5878209999999999
0.5878209999999999
0.5878209999999999
0.5878209999999999
0.5878209999999999
0.5878209999999999
0.5878209999999999
0.5878209999999999
0.5878209999999999
-0.5878209999999999
-0.5878209999999999
-0.5878209999999999
-0.5878209999999999
-0.5878209999999999
-0.5878209999999999
-0.5878209999999999
-0.5878209999999999
-0.5878209999999999
-0.5878209999999999
-0.5878209999999999
-0.5878209999999999
-0.5878209999999999
-0.5878209999999999
-0.5878209999999999
-0.5878209999999999
-0.5878209999999999
-0.5878209999999999
-0.5878209999999999
-0.5878209999999999
-0.5878209999999999
-0.5878209999999999
-0.5878209999999999
-0.5878209999999999
-0.5878209999999999
-0.5878209999999999
-0.5878209999999999
-0.5878209999999999
-0.5878209999999999
-0.5878209999999999
-0.5878209999999999
-0.5878209999999999
-0.5878209999999999
-0.5878209999999999
-0.5878209999999999
-0.5878209999999999
-0.5878209999999999
-0.5878209999999999
-0.5878209999999999
-0.5878209999999999
-0.5878209999999999
-0.5878209999999999
-0.5878209999999999
-0.5878209999999999
-0.5878209999999999
-0.5878209999999999
-0.5878209999999999
-0.5878209999999999
-0.5878209999999999
-0.5878209999999999
