1.2283880000000007
1.2283880000000007
1.2283880000000007
1.2283880000000007
1.2283880000000007
1.2283880000000007
1.2283880000000007
1.2283880000000007
1.2283880000000007
1.2283880000000007
1.2283880000000007
1.2283880000000007
1.2283880000000007
1.2283880000000007
1.2283880000000007
1.2283880000000007
1.2283880000000007
1.2283880000000007
1.2283880000000007
1.2283880000000007
1.2283880000000007
1.2283880000000007
1.2283880000000007
1.2283880000000007
1.2283880000000007
1.2283880000000007
1.2283880000000007
-1.22839
-1.22839
-1.22839
-1.22839
-1.22839
-1.22839
-1.22839
-1.22839
-1.22839
-1.22839
-1.22839
-1.22839
-1.22839
-1.22839
-1.22839
-1.22839
-1.22839
-1.22839
-1.22839
-1.22839
-1.22839
-1.22839
-1.22839
-1.22839
-1.22839
-1.22839
-1.22839
