1.3105279999999997
1.3121779999999994
1.2692490000000003
1.3156219999999994
1.3105279999999997
1.3121779999999994
1.2692490000000003
1.3156219999999994
1.3105279999999997
1.3121779999999994
1.2692490000000003
1.3156219999999994
1.3105279999999997
1.3121779999999994
1.2692490000000003
1.3156219999999994
1.3105279999999997
1.3121779999999994
1.2692490000000003
1.3156219999999994
1.3105279999999997
1.3121779999999994
1.2692490000000003
1.3156219999999994
1.3105279999999997
1.3121779999999994
1.2692490000000003
1.3156219999999994
1.3105279999999997
1.3121779999999994
1.2692490000000003
1.3156219999999994
1.3105279999999997
1.3121779999999994
1.2692490000000003
1.3156219999999994
1.3105279999999997
1.3121779999999994
1.2692490000000003
1.3156219999999994
1.3105279999999997
1.3121779999999994
1.2692490000000003
1.3156219999999994
1.3105279999999997
1.3121779999999994
1.2692490000000003
1.3156219999999994
1.3105279999999997
1.3121779999999994
1.2692490000000003
1.3156219999999994
1.3105279999999997
1.3121779999999994
1.2692490000000003
1.3156219999999994
1.3105279999999997
1.3121779999999994
1.2692490000000003
1.3156219999999994
1.3105279999999997
1.3121779999999994
1.2692490000000003
1.3156219999999994
1.3105279999999997
1.3121779999999994
1.2692490000000003
1.3156219999999994
1.3105279999999997
1.3121779999999994
1.2692490000000003
1.3156219999999994
1.3105279999999997
1.3121779999999994
1.2692490000000003
1.3156219999999994
1.3105279999999997
1.3121779999999994
1.2692490000000003
1.3156219999999994
1.3105279999999997
1.3121779999999994
1.2692490000000003
1.3156219999999994
1.3105279999999997
1.3121779999999994
1.2692490000000003
1.3156219999999994
1.3105279999999997
1.3121779999999994
1.2692490000000003
1.3156219999999994
1.3105279999999997
1.3121779999999994
1.2692490000000003
1.3156219999999994
1.3105279999999997
1.3121779999999994
1.2692490000000003
1.3156219999999994
1.3105279999999997
1.3121779999999994
1.2692490000000003
1.3156219999999994
1.3105279999999997
1.3121779999999994
1.2692490000000003
1.3156219999999994
1.3105279999999997
1.3121779999999994
1.2692490000000003
1.3156219999999994
1.3105279999999997
1.3121779999999994
1.2692490000000003
1.3156219999999994
1.3105279999999997
1.3121779999999994
1.2692490000000003
1.3156219999999994
1.3105279999999997
1.3121779999999994
1.2692490000000003
1.3156219999999994
1.3105279999999997
1.3121779999999994
1.2692490000000003
1.3156219999999994
1.3105279999999997
1.3121779999999994
1.2692490000000003
1.3156219999999994
1.3105279999999997
1.3121779999999994
1.2692490000000003
1.3156219999999994
1.3105279999999997
1.3121779999999994
1.2692490000000003
1.3156219999999994
1.3105279999999997
1.3121779999999994
1.2692490000000003
1.3156219999999994
-1.2864950000000004
-1.3003460000000002
-1.2987760000000002
-1.3219580000000004
-1.2864950000000004
-1.3003460000000002
-1.2987760000000002
-1.3219580000000004
-1.2864950000000004
-1.3003460000000002
-1.2987760000000002
-1.3219580000000004
-1.2864950000000004
-1.3003460000000002
-1.2987760000000002
-1.3219580000000004
-1.2864950000000004
-1.3003460000000002
-1.2987760000000002
-1.3219580000000004
-1.2864950000000004
-1.3003460000000002
-1.2987760000000002
-1.3219580000000004
-1.2864950000000004
-1.3003460000000002
-1.2987760000000002
-1.3219580000000004
-1.2864950000000004
-1.3003460000000002
-1.2987760000000002
-1.3219580000000004
-1.2864950000000004
-1.3003460000000002
-1.2987760000000002
-1.3219580000000004
-1.2864950000000004
-1.3003460000000002
-1.2987760000000002
-1.3219580000000004
-1.2864950000000004
-1.3003460000000002
-1.2987760000000002
-1.3219580000000004
-1.2864950000000004
-1.3003460000000002
-1.2987760000000002
-1.3219580000000004
-1.2864950000000004
-1.3003460000000002
-1.2987760000000002
-1.3219580000000004
-1.2864950000000004
-1.3003460000000002
-1.2987760000000002
-1.3219580000000004
-1.2864950000000004
-1.3003460000000002
-1.2987760000000002
-1.3219580000000004
-1.2864950000000004
-1.3003460000000002
-1.2987760000000002
-1.3219580000000004
-1.2864950000000004
-1.3003460000000002
-1.2987760000000002
-1.3219580000000004
-1.2864950000000004
-1.3003460000000002
-1.2987760000000002
-1.3219580000000004
-1.2864950000000004
-1.3003460000000002
-1.2987760000000002
-1.3219580000000004
-1.2864950000000004
-1.3003460000000002
-1.2987760000000002
-1.3219580000000004
-1.2864950000000004
-1.3003460000000002
-1.2987760000000002
-1.3219580000000004
-1.2864950000000004
-1.3003460000000002
-1.2987760000000002
-1.3219580000000004
-1.2864950000000004
-1.3003460000000002
-1.2987760000000002
-1.3219580000000004
-1.2864950000000004
-1.3003460000000002
-1.2987760000000002
-1.3219580000000004
-1.2864950000000004
-1.3003460000000002
-1.2987760000000002
-1.3219580000000004
-1.2864950000000004
-1.3003460000000002
-1.2987760000000002
-1.3219580000000004
-1.2864950000000004
-1.3003460000000002
-1.2987760000000002
-1.3219580000000004
-1.2864950000000004
-1.3003460000000002
-1.2987760000000002
-1.3219580000000004
-1.2864950000000004
-1.3003460000000002
-1.2987760000000002
-1.3219580000000004
-1.2864950000000004
-1.3003460000000002
-1.2987760000000002
-1.3219580000000004
-1.2864950000000004
-1.3003460000000002
-1.2987760000000002
-1.3219580000000004
-1.2864950000000004
-1.3003460000000002
-1.2987760000000002
-1.3219580000000004
-1.2864950000000004
-1.3003460000000002
-1.2987760000000002
-1.3219580000000004
-1.2864950000000004
-1.3003460000000002
-1.2987760000000002
-1.3219580000000004
-1.2864950000000004
-1.3003460000000002
-1.2987760000000002
-1.3219580000000004
-1.2864950000000004
-1.3003460000000002
-1.2987760000000002
-1.3219580000000004
