1.438015
1.4369289999999992
1.4307879999999997
1.4356209999999994
1.438015
1.4369289999999992
1.4307879999999997
1.4356209999999994
1.438015
1.4369289999999992
1.4307879999999997
1.4356209999999994
1.438015
1.4369289999999992
1.4307879999999997
1.4356209999999994
1.438015
1.4369289999999992
1.4307879999999997
1.4356209999999994
1.438015
1.4369289999999992
1.4307879999999997
1.4356209999999994
1.438015
1.4369289999999992
1.4307879999999997
1.4356209999999994
1.438015
1.4369289999999992
1.4307879999999997
1.4356209999999994
1.438015
1.4369289999999992
1.4307879999999997
1.4356209999999994
1.438015
1.4369289999999992
1.4307879999999997
1.4356209999999994
1.438015
1.4369289999999992
1.4307879999999997
1.4356209999999994
1.438015
1.4369289999999992
1.4307879999999997
1.4356209999999994
1.438015
1.4369289999999992
1.4307879999999997
1.4356209999999994
1.438015
1.4369289999999992
1.4307879999999997
1.4356209999999994
1.438015
1.4369289999999992
1.4307879999999997
1.4356209999999994
1.438015
1.4369289999999992
1.4307879999999997
1.4356209999999994
1.438015
1.4369289999999992
1.4307879999999997
1.4356209999999994
1.438015
1.4369289999999992
1.4307879999999997
1.4356209999999994
1.438015
1.4369289999999992
1.4307879999999997
1.4356209999999994
1.438015
1.4369289999999992
1.4307879999999997
1.4356209999999994
1.438015
1.4369289999999992
1.4307879999999997
1.4356209999999994
1.438015
1.4369289999999992
1.4307879999999997
1.4356209999999994
1.438015
1.4369289999999992
1.4307879999999997
1.4356209999999994
1.438015
1.4369289999999992
1.4307879999999997
1.4356209999999994
1.438015
1.4369289999999992
1.4307879999999997
1.4356209999999994
1.438015
1.4369289999999992
1.4307879999999997
1.4356209999999994
1.438015
1.4369289999999992
1.4307879999999997
1.4356209999999994
1.438015
1.4369289999999992
1.4307879999999997
1.4356209999999994
1.438015
1.4369289999999992
1.4307879999999997
1.4356209999999994
1.438015
1.4369289999999992
1.4307879999999997
1.4356209999999994
1.438015
1.4369289999999992
1.4307879999999997
1.4356209999999994
1.438015
1.4369289999999992
1.4307879999999997
1.4356209999999994
1.438015
1.4369289999999992
1.4307879999999997
1.4356209999999994
1.438015
1.4369289999999992
1.4307879999999997
1.4356209999999994
1.438015
1.4369289999999992
1.4307879999999997
1.4356209999999994
1.438015
1.4369289999999992
1.4307879999999997
1.4356209999999994
-1.4374459999999996
-1.4355659999999997
-1.4336799999999998
-1.4346620000000003
-1.4374459999999996
-1.4355659999999997
-1.4336799999999998
-1.4346620000000003
-1.4374459999999996
-1.4355659999999997
-1.4336799999999998
-1.4346620000000003
-1.4374459999999996
-1.4355659999999997
-1.4336799999999998
-1.4346620000000003
-1.4374459999999996
-1.4355659999999997
-1.4336799999999998
-1.4346620000000003
-1.4374459999999996
-1.4355659999999997
-1.4336799999999998
-1.4346620000000003
-1.4374459999999996
-1.4355659999999997
-1.4336799999999998
-1.4346620000000003
-1.4374459999999996
-1.4355659999999997
-1.4336799999999998
-1.4346620000000003
-1.4374459999999996
-1.4355659999999997
-1.4336799999999998
-1.4346620000000003
-1.4374459999999996
-1.4355659999999997
-1.4336799999999998
-1.4346620000000003
-1.4374459999999996
-1.4355659999999997
-1.4336799999999998
-1.4346620000000003
-1.4374459999999996
-1.4355659999999997
-1.4336799999999998
-1.4346620000000003
-1.4374459999999996
-1.4355659999999997
-1.4336799999999998
-1.4346620000000003
-1.4374459999999996
-1.4355659999999997
-1.4336799999999998
-1.4346620000000003
-1.4374459999999996
-1.4355659999999997
-1.4336799999999998
-1.4346620000000003
-1.4374459999999996
-1.4355659999999997
-1.4336799999999998
-1.4346620000000003
-1.4374459999999996
-1.4355659999999997
-1.4336799999999998
-1.4346620000000003
-1.4374459999999996
-1.4355659999999997
-1.4336799999999998
-1.4346620000000003
-1.4374459999999996
-1.4355659999999997
-1.4336799999999998
-1.4346620000000003
-1.4374459999999996
-1.4355659999999997
-1.4336799999999998
-1.4346620000000003
-1.4374459999999996
-1.4355659999999997
-1.4336799999999998
-1.4346620000000003
-1.4374459999999996
-1.4355659999999997
-1.4336799999999998
-1.4346620000000003
-1.4374459999999996
-1.4355659999999997
-1.4336799999999998
-1.4346620000000003
-1.4374459999999996
-1.4355659999999997
-1.4336799999999998
-1.4346620000000003
-1.4374459999999996
-1.4355659999999997
-1.4336799999999998
-1.4346620000000003
-1.4374459999999996
-1.4355659999999997
-1.4336799999999998
-1.4346620000000003
-1.4374459999999996
-1.4355659999999997
-1.4336799999999998
-1.4346620000000003
-1.4374459999999996
-1.4355659999999997
-1.4336799999999998
-1.4346620000000003
-1.4374459999999996
-1.4355659999999997
-1.4336799999999998
-1.4346620000000003
-1.4374459999999996
-1.4355659999999997
-1.4336799999999998
-1.4346620000000003
-1.4374459999999996
-1.4355659999999997
-1.4336799999999998
-1.4346620000000003
-1.4374459999999996
-1.4355659999999997
-1.4336799999999998
-1.4346620000000003
-1.4374459999999996
-1.4355659999999997
-1.4336799999999998
-1.4346620000000003
-1.4374459999999996
-1.4355659999999997
-1.4336799999999998
-1.4346620000000003
-1.4374459999999996
-1.4355659999999997
-1.4336799999999998
-1.4346620000000003
-1.4374459999999996
-1.4355659999999997
-1.4336799999999998
-1.4346620000000003
