1.4274269999999998
1.4304199999999998
1.4256089999999997
1.4316110000000002
1.4274269999999998
1.4304199999999998
1.4256089999999997
1.4316110000000002
1.4274269999999998
1.4304199999999998
1.4256089999999997
1.4316110000000002
1.4274269999999998
1.4304199999999998
1.4256089999999997
1.4316110000000002
1.4274269999999998
1.4304199999999998
1.4256089999999997
1.4316110000000002
1.4274269999999998
1.4304199999999998
1.4256089999999997
1.4316110000000002
1.4274269999999998
1.4304199999999998
1.4256089999999997
1.4316110000000002
1.4274269999999998
1.4304199999999998
1.4256089999999997
1.4316110000000002
1.4274269999999998
1.4304199999999998
1.4256089999999997
1.4316110000000002
1.4274269999999998
1.4304199999999998
1.4256089999999997
1.4316110000000002
1.4274269999999998
1.4304199999999998
1.4256089999999997
1.4316110000000002
1.4274269999999998
1.4304199999999998
1.4256089999999997
1.4316110000000002
1.4274269999999998
1.4304199999999998
1.4256089999999997
1.4316110000000002
1.4274269999999998
1.4304199999999998
1.4256089999999997
1.4316110000000002
1.4274269999999998
1.4304199999999998
1.4256089999999997
1.4316110000000002
1.4274269999999998
1.4304199999999998
1.4256089999999997
1.4316110000000002
1.4274269999999998
1.4304199999999998
1.4256089999999997
1.4316110000000002
1.4274269999999998
1.4304199999999998
1.4256089999999997
1.4316110000000002
1.4274269999999998
1.4304199999999998
1.4256089999999997
1.4316110000000002
1.4274269999999998
1.4304199999999998
1.4256089999999997
1.4316110000000002
1.4274269999999998
1.4304199999999998
1.4256089999999997
1.4316110000000002
1.4274269999999998
1.4304199999999998
1.4256089999999997
1.4316110000000002
1.4274269999999998
1.4304199999999998
1.4256089999999997
1.4316110000000002
1.4274269999999998
1.4304199999999998
1.4256089999999997
1.4316110000000002
1.4274269999999998
1.4304199999999998
1.4256089999999997
1.4316110000000002
1.4274269999999998
1.4304199999999998
1.4256089999999997
1.4316110000000002
1.4274269999999998
1.4304199999999998
1.4256089999999997
1.4316110000000002
1.4274269999999998
1.4304199999999998
1.4256089999999997
1.4316110000000002
1.4274269999999998
1.4304199999999998
1.4256089999999997
1.4316110000000002
1.4274269999999998
1.4304199999999998
1.4256089999999997
1.4316110000000002
1.4274269999999998
1.4304199999999998
1.4256089999999997
1.4316110000000002
1.4274269999999998
1.4304199999999998
1.4256089999999997
1.4316110000000002
1.4274269999999998
1.4304199999999998
1.4256089999999997
1.4316110000000002
1.4274269999999998
1.4304199999999998
1.4256089999999997
1.4316110000000002
1.4274269999999998
1.4304199999999998
1.4256089999999997
1.4316110000000002
1.4274269999999998
1.4304199999999998
1.4256089999999997
1.4316110000000002
-1.426151
-1.431197
-1.4272539999999996
-1.430466
-1.426151
-1.431197
-1.4272539999999996
-1.430466
-1.426151
-1.431197
-1.4272539999999996
-1.430466
-1.426151
-1.431197
-1.4272539999999996
-1.430466
-1.426151
-1.431197
-1.4272539999999996
-1.430466
-1.426151
-1.431197
-1.4272539999999996
-1.430466
-1.426151
-1.431197
-1.4272539999999996
-1.430466
-1.426151
-1.431197
-1.4272539999999996
-1.430466
-1.426151
-1.431197
-1.4272539999999996
-1.430466
-1.426151
-1.431197
-1.4272539999999996
-1.430466
-1.426151
-1.431197
-1.4272539999999996
-1.430466
-1.426151
-1.431197
-1.4272539999999996
-1.430466
-1.426151
-1.431197
-1.4272539999999996
-1.430466
-1.426151
-1.431197
-1.4272539999999996
-1.430466
-1.426151
-1.431197
-1.4272539999999996
-1.430466
-1.426151
-1.431197
-1.4272539999999996
-1.430466
-1.426151
-1.431197
-1.4272539999999996
-1.430466
-1.426151
-1.431197
-1.4272539999999996
-1.430466
-1.426151
-1.431197
-1.4272539999999996
-1.430466
-1.426151
-1.431197
-1.4272539999999996
-1.430466
-1.426151
-1.431197
-1.4272539999999996
-1.430466
-1.426151
-1.431197
-1.4272539999999996
-1.430466
-1.426151
-1.431197
-1.4272539999999996
-1.430466
-1.426151
-1.431197
-1.4272539999999996
-1.430466
-1.426151
-1.431197
-1.4272539999999996
-1.430466
-1.426151
-1.431197
-1.4272539999999996
-1.430466
-1.426151
-1.431197
-1.4272539999999996
-1.430466
-1.426151
-1.431197
-1.4272539999999996
-1.430466
-1.426151
-1.431197
-1.4272539999999996
-1.430466
-1.426151
-1.431197
-1.4272539999999996
-1.430466
-1.426151
-1.431197
-1.4272539999999996
-1.430466
-1.426151
-1.431197
-1.4272539999999996
-1.430466
-1.426151
-1.431197
-1.4272539999999996
-1.430466
-1.426151
-1.431197
-1.4272539999999996
-1.430466
-1.426151
-1.431197
-1.4272539999999996
-1.430466
-1.426151
-1.431197
-1.4272539999999996
-1.430466
