1.4396229999999992
1.3652499999999996
1.4396229999999992
1.3652499999999996
1.4396229999999992
1.3652499999999996
1.4396229999999992
1.3652499999999996
1.4396229999999992
1.3652499999999996
1.4396229999999992
1.3652499999999996
1.4396229999999992
1.3652499999999996
1.4396229999999992
1.3652499999999996
1.4396229999999992
1.3652499999999996
1.4396229999999992
1.3652499999999996
1.4396229999999992
1.3652499999999996
1.4396229999999992
1.3652499999999996
1.4396229999999992
1.3652499999999996
1.4396229999999992
1.3652499999999996
1.4396229999999992
1.3652499999999996
1.4396229999999992
1.3652499999999996
1.4396229999999992
1.3652499999999996
1.4396229999999992
1.3652499999999996
1.4396229999999992
1.3652499999999996
1.4396229999999992
1.3652499999999996
1.4396229999999992
1.3652499999999996
1.4396229999999992
1.3652499999999996
1.4396229999999992
1.3652499999999996
1.4396229999999992
1.3652499999999996
1.4396229999999992
1.3652499999999996
1.4396229999999992
1.3652499999999996
1.4396229999999992
1.3652499999999996
1.4396229999999992
1.3652499999999996
1.4396229999999992
1.3652499999999996
1.4396229999999992
1.3652499999999996
1.4396229999999992
1.3652499999999996
1.4396229999999992
1.3652499999999996
1.4396229999999992
1.3652499999999996
1.4396229999999992
1.3652499999999996
1.4396229999999992
1.3652499999999996
1.4396229999999992
1.3652499999999996
1.4396229999999992
1.3652499999999996
1.4396229999999992
1.3652499999999996
1.4396229999999992
1.3652499999999996
1.4396229999999992
1.3652499999999996
1.4396229999999992
1.3652499999999996
1.4396229999999992
1.3652499999999996
1.4396229999999992
1.3652499999999996
1.4396229999999992
1.3652499999999996
1.4396229999999992
1.3652499999999996
1.4396229999999992
1.3652499999999996
1.4396229999999992
1.3652499999999996
1.4396229999999992
1.3652499999999996
-1.3833539999999998
-1.421519
-1.3833539999999998
-1.421519
-1.3833539999999998
-1.421519
-1.3833539999999998
-1.421519
-1.3833539999999998
-1.421519
-1.3833539999999998
-1.421519
-1.3833539999999998
-1.421519
-1.3833539999999998
-1.421519
-1.3833539999999998
-1.421519
-1.3833539999999998
-1.421519
-1.3833539999999998
-1.421519
-1.3833539999999998
-1.421519
-1.3833539999999998
-1.421519
-1.3833539999999998
-1.421519
-1.3833539999999998
-1.421519
-1.3833539999999998
-1.421519
-1.3833539999999998
-1.421519
-1.3833539999999998
-1.421519
-1.3833539999999998
-1.421519
-1.3833539999999998
-1.421519
-1.3833539999999998
-1.421519
-1.3833539999999998
-1.421519
-1.3833539999999998
-1.421519
-1.3833539999999998
-1.421519
-1.3833539999999998
-1.421519
-1.3833539999999998
-1.421519
-1.3833539999999998
-1.421519
-1.3833539999999998
-1.421519
-1.3833539999999998
-1.421519
-1.3833539999999998
-1.421519
-1.3833539999999998
-1.421519
-1.3833539999999998
-1.421519
-1.3833539999999998
-1.421519
-1.3833539999999998
-1.421519
-1.3833539999999998
-1.421519
-1.3833539999999998
-1.421519
-1.3833539999999998
-1.421519
-1.3833539999999998
-1.421519
-1.3833539999999998
-1.421519
-1.3833539999999998
-1.421519
-1.3833539999999998
-1.421519
-1.3833539999999998
-1.421519
-1.3833539999999998
-1.421519
-1.3833539999999998
-1.421519
-1.3833539999999998
-1.421519
-1.3833539999999998
-1.421519
-1.3833539999999998
-1.421519
-1.3833539999999998
-1.421519
